T X
0 0
5.000000e-03 6.903929e-13
1.000000e-02 -1.978929e-11
1.500000e-02 -7.366656e-11
2.000000e-02 -2.180372e-10
2.500000e-02 -3.189425e-10
3.000000e-02 3.425872e-09
3.500000e-02 4.358384e-08
4.000000e-02 3.241256e-07
4.500000e-02 1.865734e-06
5.000000e-02 8.864984e-06
5.500000e-02 3.555769e-05
6.000000e-02 1.215656e-04
6.500000e-02 3.557199e-04
7.000000e-02 8.926709e-04
7.500000e-02 1.922200e-03
8.000000e-02 3.550084e-03
8.500000e-02 5.622444e-03
9.000000e-02 7.660054e-03
9.500000e-02 9.094706e-03
1.000000e-01 9.719055e-03
1.050000e-01 9.864231e-03
1.100000e-01 9.951503e-03
1.150000e-01 9.896392e-03
1.200000e-01 9.253329e-03
1.250000e-01 7.965785e-03
1.300000e-01 6.487911e-03
1.350000e-01 5.011799e-03
1.400000e-01 3.220933e-03
1.450000e-01 1.079337e-03
1.500000e-01 -9.421777e-04
1.550000e-01 -2.718350e-03
1.600000e-01 -4.568879e-03
1.650000e-01 -6.369038e-03
1.700000e-01 -7.710813e-03
1.750000e-01 -8.741325e-03
1.800000e-01 -9.655664e-03
1.850000e-01 -1.009043e-02
1.900000e-01 -9.948248e-03
1.950000e-01 -9.574470e-03
2.000000e-01 -8.863934e-03
2.050000e-01 -7.642569e-03
2.100000e-01 -6.240451e-03
2.150000e-01 -4.672911e-03
2.200000e-01 -2.705943e-03
2.250000e-01 -6.720878e-04
2.300000e-01 1.222018e-03
2.350000e-01 3.191311e-03
2.400000e-01 5.043937e-03
2.450000e-01 6.608249e-03
2.500000e-01 8.033295e-03
2.550000e-01 9.075363e-03
2.600000e-01 9.632556e-03
2.650000e-01 9.998206e-03
2.700000e-01 9.965701e-03
2.750000e-01 9.376670e-03
2.800000e-01 8.521309e-03
2.850000e-01 7.326117e-03
2.900000e-01 5.763078e-03
2.950000e-01 4.062355e-03
3.000000e-01 2.152522e-03
3.050000e-01 1.569224e-04
3.100000e-01 -1.747947e-03
3.150000e-01 -3.718073e-03
3.200000e-01 -5.535293e-03
3.250000e-01 -7.008078e-03
3.300000e-01 -8.311887e-03
3.350000e-01 -9.276027e-03
3.400000e-01 -9.800180e-03
3.450000e-01 -9.993097e-03
3.500000e-01 -9.752066e-03
3.550000e-01 -9.146963e-03
3.600000e-01 -8.207981e-03
3.650000e-01 -6.876649e-03
3.700000e-01 -5.330309e-03
3.750000e-01 -3.542530e-03
3.800000e-01 -1.555309e-03
3.850000e-01 3.955683e-04
3.900000e-01 2.366324e-03
3.950000e-01 4.272926e-03
4.000000e-01 5.945632e-03
4.050000e-01 7.423938e-03
4.100000e-01 8.620493e-03
4.150000e-01 9.457899e-03
4.200000e-01 9.913855e-03
4.250000e-01 9.966782e-03
4.300000e-01 9.636885e-03
4.350000e-01 8.894848e-03
4.400000e-01 7.822285e-03
4.450000e-01 6.456738e-03
4.500000e-01 4.787277e-03
4.550000e-01 2.964334e-03
4.600000e-01 1.029188e-03
4.650000e-01 -9.929471e-04
4.700000e-01 -2.947540e-03
4.750000e-01 -4.764741e-03
4.800000e-01 -6.430438e-03
4.850000e-01 -7.831209e-03
4.900000e-01 -8.880417e-03
4.950000e-01 -9.625342e-03
5.000000e-01 -9.974453e-03
5.050000e-01 -9.891431e-03
5.100000e-01 -9.476172e-03
5.150000e-01 -8.635790e-03
5.200000e-01 -7.439390e-03
5.250000e-01 -6.016571e-03
5.300000e-01 -4.290660e-03
5.350000e-01 -2.382520e-03
5.400000e-01 -4.387345e-04
5.450000e-01 1.564959e-03
5.500000e-01 3.516343e-03
5.550000e-01 5.269173e-03
5.600000e-01 6.863545e-03
5.650000e-01 8.211137e-03
5.700000e-01 9.153770e-03
5.750000e-01 9.797707e-03
5.800000e-01 1.006510e-02
5.850000e-01 9.839585e-03
5.900000e-01 9.286430e-03
5.950000e-01 8.350804e-03
6.000000e-01 7.042992e-03
6.050000e-01 5.509316e-03
6.100000e-01 3.733198e-03
6.150000e-01 1.815669e-03
6.200000e-01 -1.694984e-04
6.250000e-01 -2.160240e-03
6.300000e-01 -4.052458e-03
6.350000e-01 -5.783415e-03
6.400000e-01 -7.277092e-03
6.450000e-01 -8.483823e-03
6.500000e-01 -9.332427e-03
6.550000e-01 -9.838683e-03
6.600000e-01 -9.951193e-03
6.650000e-01 -9.659982e-03
6.700000e-01 -9.025047e-03
6.750000e-01 -7.979513e-03
6.800000e-01 -6.649254e-03
6.850000e-01 -5.043540e-03
6.900000e-01 -3.201283e-03
6.950000e-01 -1.295669e-03
7.000000e-01 7.146972e-04
7.050000e-01 2.670200e-03
7.100000e-01 4.513715e-03
7.150000e-01 6.220887e-03
7.200000e-01 7.639104e-03
7.250000e-01 8.783899e-03
7.300000e-01 9.569296e-03
7.350000e-01 9.954646e-03
7.400000e-01 9.947160e-03
7.450000e-01 9.544406e-03
7.500000e-01 8.768867e-03
7.550000e-01 7.643832e-03
7.600000e-01 6.216777e-03
7.650000e-01 4.524389e-03
7.700000e-01 2.667526e-03
7.750000e-01 6.818885e-04
7.800000e-01 -1.336489e-03
7.850000e-01 -3.272899e-03
7.900000e-01 -5.098715e-03
7.950000e-01 -6.693233e-03
8.000000e-01 -8.022176e-03
8.050000e-01 -9.053431e-03
8.100000e-01 -9.710248e-03
8.150000e-01 -9.986220e-03
8.200000e-01 -9.853975e-03
8.250000e-01 -9.340979e-03
8.300000e-01 -8.451285e-03
8.350000e-01 -7.208523e-03
8.400000e-01 -5.698573e-03
8.450000e-01 -3.969049e-03
8.500000e-01 -2.074785e-03
8.550000e-01 -1.103752e-04
8.600000e-01 1.863058e-03
8.650000e-01 3.799165e-03
8.700000e-01 5.533456e-03
8.750000e-01 7.083453e-03
8.800000e-01 8.360266e-03
8.850000e-01 9.256155e-03
8.900000e-01 9.839709e-03
8.950000e-01 9.988261e-03
9.000000e-01 9.760521e-03
9.050000e-01 9.148130e-03
9.100000e-01 8.150771e-03
9.150000e-01 6.840332e-03
9.200000e-01 5.250670e-03
9.250000e-01 3.451405e-03
9.300000e-01 1.492055e-03
9.350000e-01 -4.881305e-04
9.400000e-01 -2.479005e-03
9.450000e-01 -4.361748e-03
9.500000e-01 -6.050545e-03
9.550000e-01 -7.518296e-03
9.600000e-01 -8.678961e-03
9.650000e-01 -9.472987e-03
9.700000e-01 -9.920207e-03
9.750000e-01 -9.966758e-03
9.800000e-01 -9.583410e-03
9.850000e-01 -8.875153e-03
9.900000e-01 -7.753915e-03
9.950000e-01 -6.357661e-03
1 -4.726968e-03
1.005000e+00 -2.860213e-03
1.010000e+00 -9.250909e-04
1.015000e+00 1.044928e-03
1.020000e+00 3.005993e-03
1.025000e+00 4.839252e-03
1.030000e+00 6.469036e-03
1.035000e+00 7.880531e-03
1.040000e+00 8.924600e-03
1.045000e+00 9.643532e-03
1.050000e+00 9.989939e-03
1.055000e+00 9.893004e-03
1.060000e+00 9.443254e-03
1.065000e+00 8.614427e-03
1.070000e+00 7.440599e-03
1.075000e+00 5.979269e-03
1.080000e+00 4.261965e-03
1.085000e+00 2.369504e-03
1.090000e+00 3.752246e-04
1.095000e+00 -1.766198e-03
1.100000e+00 -3.971662e-03
1.105000e+00 -6.310329e-03
1.110000e+00 -8.830466e-03
1.115000e+00 -1.145829e-02
1.120000e+00 -1.413285e-02
1.125000e+00 -1.660304e-02
1.130000e+00 -1.858884e-02
1.135000e+00 -1.973003e-02
1.140000e+00 -1.984044e-02
1.145000e+00 -1.885962e-02
1.150000e+00 -1.697213e-02
1.155000e+00 -1.446424e-02
1.160000e+00 -1.159722e-02
1.165000e+00 -8.547590e-03
1.170000e+00 -5.225565e-03
1.175000e+00 -1.621853e-03
1.180000e+00 2.298209e-03
1.185000e+00 6.316559e-03
1.190000e+00 1.001660e-02
1.195000e+00 1.319267e-02
1.200000e+00 1.563791e-02
1.205000e+00 1.743594e-02
1.210000e+00 1.875658e-02
1.215000e+00 1.947559e-02
1.220000e+00 1.948030e-02
1.225000e+00 1.854087e-02
1.230000e+00 1.662846e-02
1.235000e+00 1.407477e-02
1.240000e+00 1.116569e-02
1.245000e+00 8.115578e-03
1.250000e+00 5.000901e-03
1.255000e+00 1.807786e-03
1.260000e+00 -1.271112e-03
1.265000e+00 -3.901013e-03
1.270000e+00 -5.837203e-03
1.275000e+00 -7.044279e-03
1.280000e+00 -7.776062e-03
1.285000e+00 -8.306523e-03
1.290000e+00 -8.703721e-03
1.295000e+00 -8.927780e-03
1.300000e+00 -8.948356e-03
1.305000e+00 -8.753975e-03
1.310000e+00 -8.282932e-03
1.315000e+00 -7.412535e-03
1.320000e+00 -5.920905e-03
1.325000e+00 -3.878356e-03
1.330000e+00 -1.686361e-03
1.335000e+00 3.278657e-04
1.340000e+00 2.005830e-03
1.345000e+00 3.539279e-03
1.350000e+00 5.113531e-03
1.355000e+00 6.708701e-03
1.360000e+00 8.168212e-03
1.365000e+00 9.157731e-03
1.370000e+00 9.561745e-03
1.375000e+00 9.599995e-03
1.380000e+00 9.324826e-03
1.385000e+00 8.539760e-03
1.390000e+00 7.332757e-03
1.395000e+00 6.201014e-03
1.400000e+00 5.085587e-03
1.405000e+00 3.309226e-03
1.410000e+00 9.630499e-04
1.415000e+00 -1.107356e-03
1.420000e+00 -2.719911e-03
1.425000e+00 -4.352205e-03
1.430000e+00 -5.906656e-03
1.435000e+00 -7.241292e-03
1.440000e+00 -8.456130e-03
1.445000e+00 -9.286507e-03
1.450000e+00 -9.499300e-03
1.455000e+00 -9.351054e-03
1.460000e+00 -9.024254e-03
1.465000e+00 -8.253553e-03
1.470000e+00 -7.231528e-03
1.475000e+00 -5.980484e-03
1.480000e+00 -4.222419e-03
1.485000e+00 -2.341354e-03
1.490000e+00 -5.519757e-04
1.495000e+00 1.291233e-03
1.500000e+00 3.158944e-03
1.505000e+00 4.881329e-03
1.510000e+00 6.500030e-03
1.515000e+00 7.853343e-03
1.520000e+00 8.684689e-03
1.525000e+00 9.271590e-03
1.530000e+00 9.561450e-03
1.535000e+00 9.416873e-03
1.540000e+00 9.018039e-03
1.545000e+00 8.110986e-03
1.550000e+00 6.675602e-03
1.555000e+00 5.245437e-03
1.560000e+00 3.725960e-03
1.565000e+00 1.877079e-03
1.570000e+00 -9.340421e-05
1.575000e+00 -2.097222e-03
1.580000e+00 -3.942650e-03
1.585000e+00 -5.455301e-03
1.590000e+00 -6.846212e-03
1.595000e+00 -8.105750e-03
1.600000e+00 -8.968785e-03
1.605000e+00 -9.495229e-03
1.610000e+00 -9.520261e-03
1.615000e+00 -9.065692e-03
1.620000e+00 -8.593741e-03
1.625000e+00 -7.726458e-03
1.630000e+00 -6.330844e-03
1.635000e+00 -4.716896e-03
1.640000e+00 -2.919599e-03
1.645000e+00 -1.213202e-03
1.650000e+00 6.293441e-04
1.655000e+00 2.675004e-03
1.660000e+00 4.464070e-03
1.665000e+00 5.927493e-03
1.670000e+00 7.241510e-03
1.675000e+00 8.409892e-03
1.680000e+00 9.219514e-03
1.685000e+00 9.471195e-03
1.690000e+00 9.324238e-03
1.695000e+00 9.082888e-03
1.700000e+00 8.359710e-03
1.705000e+00 7.084154e-03
1.710000e+00 5.714873e-03
1.715000e+00 4.187623e-03
1.720000e+00 2.424546e-03
1.725000e+00 4.933359e-04
1.730000e+00 -1.426856e-03
1.735000e+00 -3.229452e-03
1.740000e+00 -4.968733e-03
1.745000e+00 -6.480586e-03
1.750000e+00 -7.626524e-03
1.755000e+00 -8.553053e-03
1.760000e+00 -9.230957e-03
1.765000e+00 -9.420245e-03
1.770000e+00 -9.164574e-03
1.775000e+00 -8.696578e-03
1.780000e+00 -7.946379e-03
1.785000e+00 -6.623773e-03
1.790000e+00 -5.154396e-03
1.795000e+00 -3.623320e-03
1.800000e+00 -1.766900e-03
1.805000e+00 8.248538e-05
1.810000e+00 1.950980e-03
1.815000e+00 3.775251e-03
1.820000e+00 5.380266e-03
1.825000e+00 6.863591e-03
1.830000e+00 8.045214e-03
1.835000e+00 8.861519e-03
1.840000e+00 9.322485e-03
1.845000e+00 9.369588e-03
1.850000e+00 9.199438e-03
1.855000e+00 8.560691e-03
1.860000e+00 7.433161e-03
1.865000e+00 6.217786e-03
1.870000e+00 4.718908e-03
1.875000e+00 2.916531e-03
1.880000e+00 1.074604e-03
1.885000e+00 -7.866782e-04
1.890000e+00 -2.638151e-03
1.895000e+00 -4.407978e-03
1.900000e+00 -5.933921e-03
1.905000e+00 -7.244848e-03
1.910000e+00 -8.347579e-03
1.915000e+00 -8.997419e-03
1.920000e+00 -9.317122e-03
1.925000e+00 -9.314630e-03
1.930000e+00 -8.894837e-03
1.935000e+00 -8.163095e-03
1.940000e+00 -7.047430e-03
1.945000e+00 -5.681889e-03
1.950000e+00 -4.129000e-03
1.955000e+00 -2.358723e-03
1.960000e+00 -5.181731e-04
1.965000e+00 1.340857e-03
1.970000e+00 3.115817e-03
1.975000e+00 4.842679e-03
1.980000e+00 6.358902e-03
1.985000e+00 7.550286e-03
1.990000e+00 8.568705e-03
1.995000e+00 9.190930e-03
2 9.394156e-03
2.005000e+00 9.267001e-03
2.010000e+00 8.770771e-03
2.015000e+00 7.918062e-03
2.020000e+00 6.705561e-03
2.025000e+00 5.298169e-03
2.030000e+00 3.603696e-03
2.035000e+00 1.759333e-03
2.040000e+00 -5.402419e-05
2.045000e+00 -2.006170e-03
2.050000e+00 -3.792932e-03
2.055000e+00 -5.396916e-03
2.060000e+00 -6.854415e-03
2.065000e+00 -7.969216e-03
2.070000e+00 -8.804165e-03
2.075000e+00 -9.276066e-03
2.080000e+00 -9.413183e-03
2.085000e+00 -9.144821e-03
2.090000e+00 -8.477270e-03
2.095000e+00 -7.523733e-03
2.100000e+00 -6.260556e-03
2.105000e+00 -4.748738e-03
2.110000e+00 -3.037890e-03
2.115000e+00 -1.255416e-03
2.120000e+00 6.191464e-04
2.125000e+00 2.497654e-03
2.130000e+00 4.208258e-03
2.135000e+00 5.831197e-03
2.140000e+00 7.233065e-03
2.145000e+00 8.245802e-03
2.150000e+00 8.986551e-03
2.155000e+00 9.409952e-03
2.160000e+00 9.432941e-03
2.165000e+00 9.065070e-03
2.170000e+00 8.329118e-03
2.175000e+00 7.279419e-03
2.180000e+00 5.944032e-03
2.185000e+00 4.329603e-03
2.190000e+00 2.519803e-03
2.195000e+00 6.508068e-04
2.200000e+00 -1.236752e-03
2.205000e+00 -3.119109e-03
2.210000e+00 -4.863876e-03
2.215000e+00 -6.368540e-03
2.220000e+00 -7.728327e-03
2.225000e+00 -8.760551e-03
2.230000e+00 -9.346506e-03
2.235000e+00 -9.652010e-03
2.240000e+00 -9.486522e-03
2.245000e+00 -8.896486e-03
2.250000e+00 -8.069321e-03
2.255000e+00 -6.841680e-03
2.260000e+00 -5.325388e-03
2.265000e+00 -3.704481e-03
2.270000e+00 -1.960125e-03
2.275000e+00 -1.473126e-04
2.280000e+00 1.477591e-03
2.285000e+00 2.896843e-03
2.290000e+00 4.098274e-03
2.295000e+00 4.707707e-03
2.300000e+00 4.794729e-03
2.305000e+00 4.333342e-03
2.310000e+00 3.208563e-03
2.315000e+00 1.745667e-03
2.320000e+00 3.653660e-05
2.325000e+00 -1.653221e-03
2.330000e+00 -3.043665e-03
2.335000e+00 -4.051284e-03
2.340000e+00 -4.699185e-03
2.345000e+00 -5.041309e-03
2.350000e+00 -5.189833e-03
2.355000e+00 -5.355809e-03
2.360000e+00 -5.488186e-03
2.365000e+00 -5.558493e-03
2.370000e+00 -5.471409e-03
2.375000e+00 -5.035141e-03
2.380000e+00 -4.192487e-03
2.385000e+00 -3.043397e-03
2.390000e+00 -1.698028e-03
2.395000e+00 -3.088304e-04
2.400000e+00 9.067765e-04
2.405000e+00 1.958263e-03
2.410000e+00 2.917919e-03
2.415000e+00 3.768164e-03
2.420000e+00 4.686940e-03
2.425000e+00 5.626133e-03
2.430000e+00 6.437597e-03
2.435000e+00 7.110656e-03
2.440000e+00 7.571961e-03
2.445000e+00 7.977599e-03
2.450000e+00 8.542509e-03
2.455000e+00 9.223802e-03
2.460000e+00 1.004949e-02
2.465000e+00 1.073566e-02
2.470000e+00 1.090423e-02
2.475000e+00 1.053018e-02
2.480000e+00 9.513305e-03
2.485000e+00 8.010851e-03
2.490000e+00 6.169275e-03
2.495000e+00 4.016584e-03
2.500000e+00 1.510960e-03
2.505000e+00 -1.112116e-03
2.510000e+00 -3.581186e-03
2.515000e+00 -5.680548e-03
2.520000e+00 -7.081607e-03
2.525000e+00 -8.169397e-03
2.530000e+00 -9.072734e-03
2.535000e+00 -9.891587e-03
2.540000e+00 -1.073925e-02
2.545000e+00 -1.110061e-02
2.550000e+00 -1.086608e-02
2.555000e+00 -9.970859e-03
2.560000e+00 -8.498113e-03
2.565000e+00 -6.822111e-03
2.570000e+00 -5.006307e-03
2.575000e+00 -3.080994e-03
2.580000e+00 -1.127411e-03
2.585000e+00 9.573276e-04
2.590000e+00 3.052416e-03
2.595000e+00 4.998658e-03
2.600000e+00 6.896947e-03
2.605000e+00 8.547083e-03
2.610000e+00 9.797361e-03
2.615000e+00 1.056751e-02
2.620000e+00 1.077601e-02
2.625000e+00 1.056544e-02
2.630000e+00 1.007120e-02
2.635000e+00 9.401711e-03
2.640000e+00 8.355041e-03
2.645000e+00 6.795274e-03
2.650000e+00 4.753240e-03
2.655000e+00 2.338272e-03
2.660000e+00 7.245622e-05
2.665000e+00 -1.913432e-03
2.670000e+00 -3.747932e-03
2.675000e+00 -5.486216e-03
2.680000e+00 -7.274465e-03
2.685000e+00 -8.902932e-03
2.690000e+00 -1.005585e-02
2.695000e+00 -1.063766e-02
2.700000e+00 -1.062822e-02
2.705000e+00 -1.024029e-02
2.710000e+00 -9.654629e-03
2.715000e+00 -8.797909e-03
2.720000e+00 -7.534002e-03
2.725000e+00 -5.869753e-03
2.730000e+00 -3.963936e-03
2.735000e+00 -1.890782e-03
2.740000e+00 2.062814e-04
2.745000e+00 2.284977e-03
2.750000e+00 4.240532e-03
2.755000e+00 6.001227e-03
2.760000e+00 7.563310e-03
2.765000e+00 8.858315e-03
2.770000e+00 9.894484e-03
2.775000e+00 1.045861e-02
2.780000e+00 1.055519e-02
2.785000e+00 1.016608e-02
2.790000e+00 9.437007e-03
2.795000e+00 8.488832e-03
2.800000e+00 7.165054e-03
2.805000e+00 5.464024e-03
2.810000e+00 3.342048e-03
2.815000e+00 1.258281e-03
2.820000e+00 -6.632149e-04
2.825000e+00 -2.618856e-03
2.830000e+00 -4.593806e-03
2.835000e+00 -6.546147e-03
2.840000e+00 -8.105511e-03
2.845000e+00 -9.166728e-03
2.850000e+00 -9.849287e-03
2.855000e+00 -1.022574e-02
2.860000e+00 -1.039192e-02
2.865000e+00 -1.012143e-02
2.870000e+00 -9.205942e-03
2.875000e+00 -7.887771e-03
2.880000e+00 -6.419454e-03
2.885000e+00 -4.863247e-03
2.890000e+00 -3.072161e-03
2.895000e+00 -9.906597e-04
2.900000e+00 1.270578e-03
2.905000e+00 3.361405e-03
2.910000e+00 4.963430e-03
2.915000e+00 6.499030e-03
2.920000e+00 8.126647e-03
2.925000e+00 9.367077e-03
2.930000e+00 1.002158e-02
2.935000e+00 1.022667e-02
2.940000e+00 1.021937e-02
2.945000e+00 9.874491e-03
2.950000e+00 8.907051e-03
2.955000e+00 7.646062e-03
2.960000e+00 6.272616e-03
2.965000e+00 4.536115e-03
2.970000e+00 2.407989e-03
2.975000e+00 2.910017e-04
2.980000e+00 -1.559045e-03
2.985000e+00 -3.514801e-03
2.990000e+00 -5.547255e-03
2.995000e+00 -7.176258e-03
3 -8.459504e-03
