T X
0 0
5.000000e-03 -1.016831e-09
1.000000e-02 5.719229e-08
1.500000e-02 7.875943e-07
2.000000e-02 6.820695e-06
2.500000e-02 4.154794e-05
3.000000e-02 1.862481e-04
3.500000e-02 6.342801e-04
4.000000e-02 1.672686e-03
4.500000e-02 3.460092e-03
5.000000e-02 5.686890e-03
5.500000e-02 7.603810e-03
6.000000e-02 8.715049e-03
6.500000e-02 9.334874e-03
7.000000e-02 9.959759e-03
7.500000e-02 1.033372e-02
8.000000e-02 9.976919e-03
8.500000e-02 9.169389e-03
9.000000e-02 8.273422e-03
9.500000e-02 6.965453e-03
1.000000e-01 5.194211e-03
1.050000e-01 3.428822e-03
1.100000e-01 1.588064e-03
1.150000e-01 -5.045632e-04
1.200000e-01 -2.449097e-03
1.250000e-01 -4.237192e-03
1.300000e-01 -6.083060e-03
1.350000e-01 -7.647921e-03
1.400000e-01 -8.868908e-03
1.450000e-01 -9.842822e-03
1.500000e-01 -1.025068e-02
1.550000e-01 -1.021439e-02
1.600000e-01 -9.933368e-03
1.650000e-01 -9.189055e-03
1.700000e-01 -8.114056e-03
1.750000e-01 -6.723855e-03
1.800000e-01 -4.921983e-03
1.850000e-01 -3.053851e-03
1.900000e-01 -1.094903e-03
1.950000e-01 1.027406e-03
2.000000e-01 3.044765e-03
2.050000e-01 4.953707e-03
2.100000e-01 6.631389e-03
2.150000e-01 8.023039e-03
2.200000e-01 9.215777e-03
2.250000e-01 9.965394e-03
2.300000e-01 1.029735e-02
2.350000e-01 1.027558e-02
2.400000e-01 9.797406e-03
2.450000e-01 8.943891e-03
2.500000e-01 7.691577e-03
2.550000e-01 6.184629e-03
2.600000e-01 4.477675e-03
2.650000e-01 2.475882e-03
2.700000e-01 4.390701e-04
2.750000e-01 -1.578048e-03
2.800000e-01 -3.597487e-03
2.850000e-01 -5.474022e-03
2.900000e-01 -7.115557e-03
2.950000e-01 -8.435617e-03
3.000000e-01 -9.484284e-03
3.050000e-01 -1.011929e-02
3.100000e-01 -1.029048e-02
3.150000e-01 -1.017025e-02
3.200000e-01 -9.609573e-03
3.250000e-01 -8.614286e-03
3.300000e-01 -7.318647e-03
3.350000e-01 -5.730942e-03
3.400000e-01 -3.893651e-03
3.450000e-01 -1.891769e-03
3.500000e-01 1.432865e-04
3.550000e-01 2.216694e-03
3.600000e-01 4.183049e-03
3.650000e-01 5.936191e-03
3.700000e-01 7.527499e-03
3.750000e-01 8.786714e-03
3.800000e-01 9.688560e-03
3.850000e-01 1.023650e-02
3.900000e-01 1.034945e-02
3.950000e-01 1.003969e-02
4.000000e-01 9.326663e-03
4.050000e-01 8.275838e-03
4.100000e-01 6.871243e-03
4.150000e-01 5.186525e-03
4.200000e-01 3.331437e-03
4.250000e-01 1.317756e-03
4.300000e-01 -7.402725e-04
4.350000e-01 -2.785130e-03
4.400000e-01 -4.725270e-03
4.450000e-01 -6.451255e-03
4.500000e-01 -7.938812e-03
4.550000e-01 -9.091481e-03
4.600000e-01 -9.869305e-03
4.650000e-01 -1.028557e-02
4.700000e-01 -1.029186e-02
4.750000e-01 -9.877891e-03
4.800000e-01 -9.074186e-03
4.850000e-01 -7.907421e-03
4.900000e-01 -6.419801e-03
4.950000e-01 -4.667104e-03
5.000000e-01 -2.736069e-03
5.050000e-01 -6.928515e-04
5.100000e-01 1.354876e-03
5.150000e-01 3.361062e-03
5.200000e-01 5.244149e-03
5.250000e-01 6.882082e-03
5.300000e-01 8.309286e-03
5.350000e-01 9.379929e-03
5.400000e-01 1.005153e-02
5.450000e-01 1.034954e-02
5.500000e-01 1.019970e-02
5.550000e-01 9.670627e-03
5.600000e-01 8.755204e-03
5.650000e-01 7.487339e-03
5.700000e-01 5.922261e-03
5.750000e-01 4.128031e-03
5.800000e-01 2.175277e-03
5.850000e-01 1.082043e-04
5.900000e-01 -1.960791e-03
5.950000e-01 -3.941608e-03
6.000000e-01 -5.752522e-03
6.050000e-01 -7.340563e-03
6.100000e-01 -8.617356e-03
6.150000e-01 -9.553167e-03
6.200000e-01 -1.014596e-02
6.250000e-01 -1.031389e-02
6.300000e-01 -1.007055e-02
6.350000e-01 -9.441682e-03
6.400000e-01 -8.431575e-03
6.450000e-01 -7.072617e-03
6.500000e-01 -5.421466e-03
6.550000e-01 -3.583596e-03
6.600000e-01 -1.578863e-03
6.650000e-01 4.833495e-04
6.700000e-01 2.495776e-03
6.750000e-01 4.464430e-03
6.800000e-01 6.240214e-03
6.850000e-01 7.754459e-03
6.900000e-01 8.979944e-03
6.950000e-01 9.817008e-03
7.000000e-01 1.026682e-02
7.050000e-01 1.031478e-02
7.100000e-01 9.948753e-03
7.150000e-01 9.183993e-03
7.200000e-01 8.063584e-03
7.250000e-01 6.632329e-03
7.300000e-01 4.905265e-03
7.350000e-01 2.998050e-03
7.400000e-01 9.637031e-04
7.450000e-01 -1.120414e-03
7.500000e-01 -3.138477e-03
7.550000e-01 -5.041076e-03
7.600000e-01 -6.721881e-03
7.650000e-01 -8.138158e-03
7.700000e-01 -9.248083e-03
7.750000e-01 -9.987867e-03
7.800000e-01 -1.032672e-02
7.850000e-01 -1.024650e-02
7.900000e-01 -9.761085e-03
7.950000e-01 -8.897942e-03
8.000000e-01 -7.658409e-03
8.050000e-01 -6.110159e-03
8.100000e-01 -4.353566e-03
8.150000e-01 -2.402734e-03
8.200000e-01 -3.667204e-04
8.250000e-01 1.671910e-03
8.300000e-01 3.681429e-03
8.350000e-01 5.538007e-03
8.400000e-01 7.166833e-03
8.450000e-01 8.505960e-03
8.500000e-01 9.506725e-03
8.550000e-01 1.013253e-02
8.600000e-01 1.033938e-02
8.650000e-01 1.014918e-02
8.700000e-01 9.558605e-03
8.750000e-01 8.573376e-03
8.800000e-01 7.267849e-03
8.850000e-01 5.662604e-03
8.900000e-01 3.804195e-03
8.950000e-01 1.804885e-03
9.000000e-01 -2.570876e-04
9.050000e-01 -2.310066e-03
9.100000e-01 -4.264469e-03
9.150000e-01 -6.034262e-03
9.200000e-01 -7.588123e-03
9.250000e-01 -8.838446e-03
9.300000e-01 -9.721073e-03
9.350000e-01 -1.023894e-02
9.400000e-01 -1.033647e-02
9.450000e-01 -1.001646e-02
9.500000e-01 -9.290158e-03
9.550000e-01 -8.200899e-03
9.600000e-01 -6.790981e-03
9.650000e-01 -5.108407e-03
9.700000e-01 -3.239807e-03
9.750000e-01 -1.232754e-03
9.800000e-01 8.296290e-04
9.850000e-01 2.868600e-03
9.900000e-01 4.795916e-03
9.950000e-01 6.524762e-03
1 7.982943e-03
1.005000e+00 9.129804e-03
1.010000e+00 9.912445e-03
1.015000e+00 1.029886e-02
1.020000e+00 1.027950e-02
1.025000e+00 9.850253e-03
1.030000e+00 9.046383e-03
1.035000e+00 7.847802e-03
1.040000e+00 6.357547e-03
1.045000e+00 4.596147e-03
1.050000e+00 2.626817e-03
1.055000e+00 6.142719e-04
1.060000e+00 -1.459428e-03
1.065000e+00 -3.460667e-03
1.070000e+00 -5.314614e-03
1.075000e+00 -6.983319e-03
1.080000e+00 -8.360328e-03
1.085000e+00 -9.413121e-03
1.090000e+00 -1.006751e-02
1.095000e+00 -1.034950e-02
1.100000e+00 -1.019873e-02
1.105000e+00 -9.614036e-03
1.110000e+00 -8.689266e-03
1.115000e+00 -7.389142e-03
1.120000e+00 -5.824361e-03
1.125000e+00 -4.038385e-03
1.130000e+00 -2.120882e-03
1.135000e+00 -2.260077e-04
1.140000e+00 1.536490e-03
1.145000e+00 2.935669e-03
1.150000e+00 3.870076e-03
1.155000e+00 4.220239e-03
1.160000e+00 3.931577e-03
1.165000e+00 3.126586e-03
1.170000e+00 1.987840e-03
1.175000e+00 7.558075e-04
1.180000e+00 -3.509510e-04
1.185000e+00 -1.162585e-03
1.190000e+00 -1.731201e-03
1.195000e+00 -2.171244e-03
1.200000e+00 -2.592000e-03
1.205000e+00 -3.080237e-03
1.210000e+00 -3.490100e-03
1.215000e+00 -3.612010e-03
1.220000e+00 -3.221630e-03
1.225000e+00 -2.179046e-03
1.230000e+00 -5.713455e-04
1.235000e+00 1.431071e-03
1.240000e+00 3.580858e-03
1.245000e+00 5.711266e-03
1.250000e+00 7.751066e-03
1.255000e+00 9.516582e-03
1.260000e+00 1.082673e-02
1.265000e+00 1.145152e-02
1.270000e+00 1.130024e-02
1.275000e+00 1.057878e-02
1.280000e+00 9.577169e-03
1.285000e+00 8.549981e-03
1.290000e+00 7.474223e-03
1.295000e+00 6.123508e-03
1.300000e+00 4.271780e-03
1.305000e+00 1.945784e-03
1.310000e+00 -5.121198e-04
1.315000e+00 -2.800946e-03
1.320000e+00 -4.756478e-03
1.325000e+00 -6.443739e-03
1.330000e+00 -8.046068e-03
1.335000e+00 -9.535019e-03
1.340000e+00 -1.072370e-02
1.345000e+00 -1.140702e-02
1.350000e+00 -1.147472e-02
1.355000e+00 -1.099177e-02
1.360000e+00 -1.007910e-02
1.365000e+00 -8.828129e-03
1.370000e+00 -7.300644e-03
1.375000e+00 -5.520636e-03
1.380000e+00 -3.553695e-03
1.385000e+00 -1.421648e-03
1.390000e+00 8.864915e-04
1.395000e+00 3.222453e-03
1.400000e+00 5.376039e-03
1.405000e+00 7.219312e-03
1.410000e+00 8.727223e-03
1.415000e+00 9.941536e-03
1.420000e+00 1.088912e-02
1.425000e+00 1.142700e-02
1.430000e+00 1.139228e-02
1.435000e+00 1.079143e-02
1.440000e+00 9.788347e-03
1.445000e+00 8.608016e-03
1.450000e+00 7.141304e-03
1.455000e+00 5.129045e-03
1.460000e+00 2.733234e-03
1.465000e+00 4.644029e-04
1.470000e+00 -1.512998e-03
1.475000e+00 -3.614689e-03
1.480000e+00 -5.940804e-03
1.485000e+00 -7.920795e-03
1.490000e+00 -9.263906e-03
1.495000e+00 -1.030094e-02
1.500000e+00 -1.110609e-02
1.505000e+00 -1.143087e-02
1.510000e+00 -1.129984e-02
1.515000e+00 -1.076177e-02
1.520000e+00 -9.669967e-03
1.525000e+00 -8.090499e-03
1.530000e+00 -6.365604e-03
1.535000e+00 -4.517914e-03
1.540000e+00 -2.334574e-03
1.545000e+00 4.065049e-05
1.550000e+00 2.376605e-03
1.555000e+00 4.597131e-03
1.560000e+00 6.530369e-03
1.565000e+00 8.172488e-03
1.570000e+00 9.706422e-03
1.575000e+00 1.089667e-02
1.580000e+00 1.138510e-02
1.585000e+00 1.136631e-02
1.590000e+00 1.111786e-02
1.595000e+00 1.050221e-02
1.600000e+00 9.346154e-03
1.605000e+00 7.677935e-03
1.610000e+00 5.751281e-03
1.615000e+00 3.784511e-03
1.620000e+00 1.589389e-03
1.625000e+00 -8.569834e-04
1.630000e+00 -3.117898e-03
1.635000e+00 -5.093694e-03
1.640000e+00 -7.086871e-03
1.645000e+00 -8.899211e-03
1.650000e+00 -1.009480e-02
1.655000e+00 -1.090539e-02
1.660000e+00 -1.148785e-02
1.665000e+00 -1.153381e-02
1.670000e+00 -1.101022e-02
1.675000e+00 -1.005786e-02
1.680000e+00 -8.788734e-03
1.685000e+00 -7.192402e-03
1.690000e+00 -5.239149e-03
1.695000e+00 -3.100905e-03
1.700000e+00 -8.325831e-04
1.705000e+00 1.534830e-03
1.710000e+00 3.761169e-03
1.715000e+00 5.776348e-03
1.720000e+00 7.715715e-03
1.725000e+00 9.358323e-03
1.730000e+00 1.039689e-02
1.735000e+00 1.112233e-02
1.740000e+00 1.159255e-02
1.745000e+00 1.141867e-02
1.750000e+00 1.075168e-02
1.755000e+00 9.773583e-03
1.760000e+00 8.367671e-03
1.765000e+00 6.595130e-03
1.770000e+00 4.567759e-03
1.775000e+00 2.353276e-03
1.780000e+00 7.656765e-05
1.785000e+00 -2.163972e-03
1.790000e+00 -4.378187e-03
1.795000e+00 -6.465202e-03
1.800000e+00 -8.196898e-03
1.805000e+00 -9.580486e-03
1.810000e+00 -1.072653e-02
1.815000e+00 -1.139497e-02
1.820000e+00 -1.145865e-02
1.825000e+00 -1.122959e-02
1.830000e+00 -1.058317e-02
1.835000e+00 -9.327079e-03
1.840000e+00 -7.855924e-03
1.845000e+00 -6.128767e-03
1.850000e+00 -3.955520e-03
1.855000e+00 -1.697901e-03
1.860000e+00 5.434716e-04
1.865000e+00 2.871801e-03
1.870000e+00 5.080822e-03
1.875000e+00 7.029872e-03
1.880000e+00 8.700550e-03
1.885000e+00 1.003312e-02
1.890000e+00 1.098752e-02
1.895000e+00 1.150011e-02
1.900000e+00 1.152840e-02
1.905000e+00 1.110781e-02
1.910000e+00 1.027960e-02
1.915000e+00 8.977802e-03
1.920000e+00 7.294213e-03
1.925000e+00 5.420242e-03
1.930000e+00 3.270255e-03
1.935000e+00 9.589550e-04
1.940000e+00 -1.271095e-03
1.945000e+00 -3.549780e-03
1.950000e+00 -5.720357e-03
1.955000e+00 -7.522571e-03
1.960000e+00 -9.152035e-03
1.965000e+00 -1.043207e-02
1.970000e+00 -1.113602e-02
1.975000e+00 -1.152565e-02
1.980000e+00 -1.147520e-02
1.985000e+00 -1.084539e-02
1.990000e+00 -9.888179e-03
1.995000e+00 -8.562938e-03
2 -6.816036e-03
2.005000e+00 -4.819291e-03
2.010000e+00 -2.651796e-03
2.015000e+00 -3.367915e-04
2.020000e+00 1.979043e-03
2.025000e+00 4.194611e-03
2.030000e+00 6.256255e-03
2.035000e+00 8.057555e-03
2.040000e+00 9.567609e-03
2.045000e+00 1.067864e-02
2.050000e+00 1.134415e-02
2.055000e+00 1.162691e-02
2.060000e+00 1.140672e-02
2.065000e+00 1.065408e-02
2.070000e+00 9.569631e-03
2.075000e+00 8.063649e-03
2.080000e+00 6.212883e-03
2.085000e+00 4.209322e-03
2.090000e+00 1.934432e-03
2.095000e+00 -3.694637e-04
2.100000e+00 -2.611038e-03
2.105000e+00 -4.858522e-03
2.110000e+00 -6.839945e-03
2.115000e+00 -8.544057e-03
2.120000e+00 -9.967385e-03
2.125000e+00 -1.089266e-02
2.130000e+00 -1.142970e-02
2.135000e+00 -1.158180e-02
2.140000e+00 -1.117101e-02
2.145000e+00 -1.037181e-02
2.150000e+00 -9.207728e-03
2.155000e+00 -7.578103e-03
2.160000e+00 -5.684789e-03
2.165000e+00 -3.599784e-03
2.170000e+00 -1.296263e-03
2.175000e+00 1.028586e-03
2.180000e+00 3.263854e-03
2.185000e+00 5.411488e-03
2.190000e+00 7.360295e-03
2.195000e+00 8.997994e-03
2.200000e+00 1.026754e-02
2.205000e+00 1.115542e-02
2.210000e+00 1.160101e-02
2.215000e+00 1.153373e-02
2.220000e+00 1.104674e-02
2.225000e+00 1.009780e-02
2.230000e+00 8.705336e-03
2.235000e+00 7.057611e-03
2.240000e+00 5.075568e-03
2.245000e+00 2.874799e-03
2.250000e+00 5.999588e-04
2.255000e+00 -1.785166e-03
2.260000e+00 -4.037532e-03
2.265000e+00 -6.137875e-03
2.270000e+00 -8.068352e-03
2.275000e+00 -9.568402e-03
2.280000e+00 -1.070602e-02
2.285000e+00 -1.143896e-02
2.290000e+00 -1.164148e-02
2.295000e+00 -1.142239e-02
2.300000e+00 -1.074501e-02
2.305000e+00 -9.610331e-03
2.310000e+00 -8.175234e-03
2.315000e+00 -6.496609e-03
2.320000e+00 -4.656808e-03
2.325000e+00 -2.817910e-03
2.330000e+00 -1.093684e-03
2.335000e+00 3.636548e-04
2.340000e+00 1.470974e-03
2.345000e+00 2.205998e-03
2.350000e+00 2.463782e-03
2.355000e+00 2.348791e-03
2.360000e+00 1.991706e-03
2.365000e+00 1.475509e-03
2.370000e+00 1.028938e-03
2.375000e+00 7.581314e-04
2.380000e+00 7.232603e-04
2.385000e+00 8.385371e-04
2.390000e+00 1.018130e-03
2.395000e+00 1.253644e-03
2.400000e+00 1.346604e-03
2.405000e+00 1.449839e-03
2.410000e+00 1.744991e-03
2.415000e+00 2.260081e-03
2.420000e+00 3.247548e-03
2.425000e+00 4.574513e-03
2.430000e+00 6.049444e-03
2.435000e+00 7.517388e-03
2.440000e+00 8.564915e-03
2.445000e+00 9.104062e-03
2.450000e+00 9.044302e-03
2.455000e+00 8.356085e-03
2.460000e+00 7.356653e-03
2.465000e+00 6.085988e-03
2.470000e+00 4.610268e-03
2.475000e+00 3.110923e-03
2.480000e+00 1.527438e-03
2.485000e+00 -5.705690e-05
2.490000e+00 -1.558606e-03
2.495000e+00 -3.015664e-03
2.500000e+00 -4.369161e-03
2.505000e+00 -5.643830e-03
2.510000e+00 -6.843950e-03
2.515000e+00 -7.869138e-03
2.520000e+00 -8.627142e-03
2.525000e+00 -8.912204e-03
2.530000e+00 -8.670154e-03
2.535000e+00 -8.058489e-03
2.540000e+00 -7.180946e-03
2.545000e+00 -6.156682e-03
2.550000e+00 -5.002975e-03
2.555000e+00 -3.610848e-03
2.560000e+00 -1.898604e-03
2.565000e+00 4.936937e-05
2.570000e+00 1.988219e-03
2.575000e+00 3.676239e-03
2.580000e+00 5.001899e-03
2.585000e+00 6.056970e-03
2.590000e+00 7.013984e-03
2.595000e+00 7.932365e-03
2.600000e+00 8.701136e-03
2.605000e+00 9.030471e-03
2.610000e+00 8.757576e-03
2.615000e+00 8.021017e-03
2.620000e+00 6.947454e-03
2.625000e+00 5.805408e-03
2.630000e+00 4.614729e-03
2.635000e+00 3.165407e-03
2.640000e+00 1.517994e-03
2.645000e+00 -3.742911e-04
2.650000e+00 -2.273836e-03
2.655000e+00 -3.928871e-03
2.660000e+00 -5.383197e-03
2.665000e+00 -6.530030e-03
2.670000e+00 -7.509163e-03
2.675000e+00 -8.312879e-03
2.680000e+00 -8.763163e-03
2.685000e+00 -8.867326e-03
2.690000e+00 -8.550022e-03
2.695000e+00 -7.889840e-03
2.700000e+00 -6.918611e-03
2.705000e+00 -5.695043e-03
2.710000e+00 -4.267935e-03
2.715000e+00 -2.608721e-03
2.720000e+00 -9.167207e-04
2.725000e+00 8.184237e-04
2.730000e+00 2.574788e-03
2.735000e+00 4.231545e-03
2.740000e+00 5.747634e-03
2.745000e+00 6.990467e-03
2.750000e+00 7.951219e-03
2.755000e+00 8.594432e-03
2.760000e+00 8.887793e-03
2.765000e+00 8.854460e-03
2.770000e+00 8.475102e-03
2.775000e+00 7.755771e-03
2.780000e+00 6.707474e-03
2.785000e+00 5.404761e-03
2.790000e+00 3.879042e-03
2.795000e+00 2.159057e-03
2.800000e+00 3.976086e-04
2.805000e+00 -1.397740e-03
2.810000e+00 -3.128435e-03
2.815000e+00 -4.681292e-03
2.820000e+00 -6.121094e-03
2.825000e+00 -7.330985e-03
2.830000e+00 -8.265744e-03
2.835000e+00 -8.829850e-03
2.840000e+00 -8.991536e-03
2.845000e+00 -8.863093e-03
2.850000e+00 -8.361061e-03
2.855000e+00 -7.558730e-03
2.860000e+00 -6.489577e-03
2.865000e+00 -5.069088e-03
2.870000e+00 -3.397423e-03
2.875000e+00 -1.635404e-03
2.880000e+00 6.479445e-05
2.885000e+00 1.774077e-03
2.890000e+00 3.604282e-03
2.895000e+00 5.342833e-03
2.900000e+00 6.710808e-03
2.905000e+00 7.690386e-03
2.910000e+00 8.441205e-03
2.915000e+00 9.007227e-03
2.920000e+00 9.236818e-03
2.925000e+00 8.971349e-03
2.930000e+00 8.246151e-03
2.935000e+00 7.218372e-03
2.940000e+00 6.039884e-03
2.945000e+00 4.690849e-03
2.950000e+00 3.031969e-03
2.955000e+00 1.100871e-03
2.960000e+00 -8.293376e-04
2.965000e+00 -2.544490e-03
2.970000e+00 -4.086932e-03
2.975000e+00 -5.605685e-03
2.980000e+00 -7.093721e-03
2.985000e+00 -8.237287e-03
2.990000e+00 -8.799886e-03
2.995000e+00 -8.972767e-03
3 -9.050659e-03
