T X
0 0
5.000000e-03 -6.473759e-09
1.000000e-02 8.178043e-09
1.500000e-02 1.428869e-08
2.000000e-02 1.367183e-07
2.500000e-02 1.497871e-06
3.000000e-02 9.994712e-06
3.500000e-02 5.063800e-05
4.000000e-02 2.001802e-04
4.500000e-02 6.327510e-04
5.000000e-02 1.619806e-03
5.500000e-02 3.376650e-03
6.000000e-02 5.760324e-03
6.500000e-02 8.129863e-03
7.000000e-02 9.766342e-03
7.500000e-02 1.058289e-02
8.000000e-02 1.110737e-02
8.500000e-02 1.155330e-02
9.000000e-02 1.146474e-02
9.500000e-02 1.062689e-02
1.000000e-01 9.479819e-03
1.050000e-01 8.182821e-03
1.100000e-01 6.398181e-03
1.150000e-01 4.255763e-03
1.200000e-01 2.152790e-03
1.250000e-01 -5.573931e-05
1.300000e-01 -2.406653e-03
1.350000e-01 -4.513955e-03
1.400000e-01 -6.406219e-03
1.450000e-01 -8.194269e-03
1.500000e-01 -9.605006e-03
1.550000e-01 -1.066057e-02
1.600000e-01 -1.140870e-02
1.650000e-01 -1.155850e-02
1.700000e-01 -1.120043e-02
1.750000e-01 -1.050833e-02
1.800000e-01 -9.344711e-03
1.850000e-01 -7.835661e-03
1.900000e-01 -6.039440e-03
1.950000e-01 -3.861006e-03
2.000000e-01 -1.592437e-03
2.050000e-01 6.319671e-04
2.100000e-01 2.869830e-03
2.150000e-01 4.991608e-03
2.200000e-01 6.993056e-03
2.250000e-01 8.717806e-03
2.300000e-01 9.995060e-03
2.350000e-01 1.094141e-02
2.400000e-01 1.145484e-02
2.450000e-01 1.147961e-02
2.500000e-01 1.104103e-02
2.550000e-01 1.013018e-02
2.600000e-01 8.918240e-03
2.650000e-01 7.316246e-03
2.700000e-01 5.377496e-03
2.750000e-01 3.305892e-03
2.800000e-01 1.034794e-03
2.850000e-01 -1.281625e-03
2.900000e-01 -3.558979e-03
2.950000e-01 -5.683284e-03
3.000000e-01 -7.520712e-03
3.050000e-01 -9.111357e-03
3.100000e-01 -1.027831e-02
3.150000e-01 -1.108420e-02
3.200000e-01 -1.149691e-02
3.250000e-01 -1.138111e-02
3.300000e-01 -1.084574e-02
3.350000e-01 -9.886330e-03
3.400000e-01 -8.524032e-03
3.450000e-01 -6.756411e-03
3.500000e-01 -4.763840e-03
3.550000e-01 -2.613548e-03
3.600000e-01 -2.879687e-04
3.650000e-01 1.954766e-03
3.700000e-01 4.125432e-03
3.750000e-01 6.203848e-03
3.800000e-01 8.006383e-03
3.850000e-01 9.491071e-03
3.900000e-01 1.061500e-02
3.950000e-01 1.129607e-02
4.000000e-01 1.151657e-02
4.050000e-01 1.128711e-02
4.100000e-01 1.057819e-02
4.150000e-01 9.449349e-03
4.200000e-01 8.000225e-03
4.250000e-01 6.226659e-03
4.300000e-01 4.168721e-03
4.350000e-01 1.998003e-03
4.400000e-01 -2.997851e-04
4.450000e-01 -2.640426e-03
4.500000e-01 -4.802612e-03
4.550000e-01 -6.793558e-03
4.600000e-01 -8.503061e-03
4.650000e-01 -9.846091e-03
4.700000e-01 -1.082326e-02
4.750000e-01 -1.136674e-02
4.800000e-01 -1.145926e-02
4.850000e-01 -1.111553e-02
4.900000e-01 -1.035424e-02
4.950000e-01 -9.130187e-03
5.000000e-01 -7.518096e-03
5.050000e-01 -5.630801e-03
5.100000e-01 -3.499141e-03
5.150000e-01 -1.240585e-03
5.200000e-01 1.059377e-03
5.250000e-01 3.285973e-03
5.300000e-01 5.376385e-03
5.350000e-01 7.314175e-03
5.400000e-01 8.937497e-03
5.450000e-01 1.020563e-02
5.500000e-01 1.105789e-02
5.550000e-01 1.146491e-02
5.600000e-01 1.143135e-02
5.650000e-01 1.088343e-02
5.700000e-01 9.945823e-03
5.750000e-01 8.629077e-03
5.800000e-01 6.958632e-03
5.850000e-01 5.050459e-03
5.900000e-01 2.916049e-03
5.950000e-01 6.567278e-04
6.000000e-01 -1.649311e-03
6.050000e-01 -3.915973e-03
6.100000e-01 -6.006291e-03
6.150000e-01 -7.818320e-03
6.200000e-01 -9.334424e-03
6.250000e-01 -1.049463e-02
6.300000e-01 -1.119156e-02
6.350000e-01 -1.146878e-02
6.400000e-01 -1.131628e-02
6.450000e-01 -1.070790e-02
6.500000e-01 -9.687956e-03
6.550000e-01 -8.241590e-03
6.600000e-01 -6.458473e-03
6.650000e-01 -4.430694e-03
6.700000e-01 -2.198825e-03
6.750000e-01 8.394593e-05
6.800000e-01 2.333048e-03
6.850000e-01 4.509597e-03
6.900000e-01 6.508558e-03
6.950000e-01 8.270512e-03
7.000000e-01 9.699791e-03
7.050000e-01 1.073764e-02
7.100000e-01 1.137847e-02
7.150000e-01 1.153238e-02
7.200000e-01 1.119247e-02
7.250000e-01 1.041788e-02
7.300000e-01 9.253019e-03
7.350000e-01 7.709588e-03
7.400000e-01 5.870870e-03
7.450000e-01 3.827257e-03
7.500000e-01 1.600107e-03
7.550000e-01 -6.868636e-04
7.600000e-01 -2.989306e-03
7.650000e-01 -5.169030e-03
7.700000e-01 -7.092986e-03
7.750000e-01 -8.752673e-03
7.800000e-01 -1.005885e-02
7.850000e-01 -1.095886e-02
7.900000e-01 -1.140197e-02
7.950000e-01 -1.142868e-02
8.000000e-01 -1.101339e-02
8.050000e-01 -1.015335e-02
8.100000e-01 -8.893401e-03
8.150000e-01 -7.233739e-03
8.200000e-01 -5.311955e-03
8.250000e-01 -3.153443e-03
8.300000e-01 -8.596243e-04
8.350000e-01 1.405350e-03
8.400000e-01 3.626096e-03
8.450000e-01 5.706334e-03
8.500000e-01 7.578719e-03
8.550000e-01 9.149015e-03
8.600000e-01 1.034211e-02
8.650000e-01 1.116465e-02
8.700000e-01 1.152260e-02
8.750000e-01 1.139756e-02
8.800000e-01 1.080740e-02
8.850000e-01 9.784036e-03
8.900000e-01 8.388997e-03
8.950000e-01 6.657185e-03
9.000000e-01 4.698219e-03
9.050000e-01 2.542295e-03
9.100000e-01 2.572204e-04
9.150000e-01 -2.029562e-03
9.200000e-01 -4.277744e-03
9.250000e-01 -6.315176e-03
9.300000e-01 -8.095786e-03
9.350000e-01 -9.591421e-03
9.400000e-01 -1.063402e-02
9.450000e-01 -1.126571e-02
9.500000e-01 -1.147554e-02
9.550000e-01 -1.123394e-02
9.600000e-01 -1.056125e-02
9.650000e-01 -9.452802e-03
9.700000e-01 -7.971631e-03
9.750000e-01 -6.153621e-03
9.800000e-01 -4.078128e-03
9.850000e-01 -1.821661e-03
9.900000e-01 4.764814e-04
9.950000e-01 2.708876e-03
1 4.875609e-03
1.005000e+00 6.836808e-03
1.010000e+00 8.524744e-03
1.015000e+00 9.895578e-03
1.020000e+00 1.086267e-02
1.025000e+00 1.143143e-02
1.030000e+00 1.151426e-02
1.035000e+00 1.110530e-02
1.040000e+00 1.026988e-02
1.045000e+00 9.012983e-03
1.050000e+00 7.408967e-03
1.055000e+00 5.531870e-03
1.060000e+00 3.453193e-03
1.065000e+00 1.219801e-03
1.070000e+00 -1.084882e-03
1.075000e+00 -3.349330e-03
1.080000e+00 -5.492533e-03
1.085000e+00 -7.390787e-03
1.090000e+00 -9.004679e-03
1.095000e+00 -1.026555e-02
1.100000e+00 -1.106148e-02
1.105000e+00 -1.144052e-02
1.110000e+00 -1.138904e-02
1.115000e+00 -1.088041e-02
1.120000e+00 -9.966340e-03
1.125000e+00 -8.628324e-03
1.130000e+00 -6.945678e-03
1.135000e+00 -4.974643e-03
1.140000e+00 -2.768485e-03
1.145000e+00 -4.924050e-04
1.150000e+00 1.789642e-03
1.155000e+00 4.004282e-03
1.160000e+00 6.056418e-03
1.165000e+00 7.853365e-03
1.170000e+00 9.344676e-03
1.175000e+00 1.050295e-02
1.180000e+00 1.124203e-02
1.185000e+00 1.156207e-02
1.190000e+00 1.143033e-02
1.195000e+00 1.086326e-02
1.200000e+00 9.885771e-03
1.205000e+00 8.438385e-03
1.210000e+00 6.500251e-03
1.215000e+00 3.997393e-03
1.220000e+00 8.662861e-04
1.225000e+00 -2.933541e-03
1.230000e+00 -7.181885e-03
1.235000e+00 -1.153236e-02
1.240000e+00 -1.561446e-02
1.245000e+00 -1.893008e-02
1.250000e+00 -2.124160e-02
1.255000e+00 -2.245530e-02
1.260000e+00 -2.269680e-02
1.265000e+00 -2.223775e-02
1.270000e+00 -2.115326e-02
1.275000e+00 -1.943645e-02
1.280000e+00 -1.690733e-02
1.285000e+00 -1.342485e-02
1.290000e+00 -9.034492e-03
1.295000e+00 -3.877894e-03
1.300000e+00 1.732271e-03
1.305000e+00 7.578794e-03
1.310000e+00 1.360154e-02
1.315000e+00 1.962227e-02
1.320000e+00 2.524046e-02
1.325000e+00 2.989828e-02
1.330000e+00 3.308277e-02
1.335000e+00 3.452523e-02
1.340000e+00 3.434180e-02
1.345000e+00 3.288989e-02
1.350000e+00 3.043139e-02
1.355000e+00 2.705593e-02
1.360000e+00 2.264600e-02
1.365000e+00 1.714267e-02
1.370000e+00 1.080102e-02
1.375000e+00 4.004033e-03
1.380000e+00 -2.860143e-03
1.385000e+00 -9.493211e-03
1.390000e+00 -1.570719e-02
1.395000e+00 -2.133702e-02
1.400000e+00 -2.619911e-02
1.405000e+00 -3.010362e-02
1.410000e+00 -3.289169e-02
1.415000e+00 -3.439894e-02
1.420000e+00 -3.445584e-02
1.425000e+00 -3.298294e-02
1.430000e+00 -3.009281e-02
1.435000e+00 -2.610529e-02
1.440000e+00 -2.124526e-02
1.445000e+00 -1.563048e-02
1.450000e+00 -9.332081e-03
1.455000e+00 -2.424841e-03
1.460000e+00 4.704306e-03
1.465000e+00 1.146765e-02
1.470000e+00 1.742952e-02
1.475000e+00 2.272201e-02
1.480000e+00 2.754541e-02
1.485000e+00 3.136548e-02
1.490000e+00 3.353315e-02
1.495000e+00 3.418200e-02
1.500000e+00 3.381410e-02
1.505000e+00 3.229660e-02
1.510000e+00 2.926990e-02
1.515000e+00 2.495222e-02
1.520000e+00 1.967176e-02
1.525000e+00 1.358187e-02
1.530000e+00 7.039623e-03
1.535000e+00 3.904888e-04
1.540000e+00 -6.331814e-03
1.545000e+00 -1.302559e-02
1.550000e+00 -1.920908e-02
1.555000e+00 -2.451768e-02
1.560000e+00 -2.884311e-02
1.565000e+00 -3.189919e-02
1.570000e+00 -3.369024e-02
1.575000e+00 -3.438631e-02
1.580000e+00 -3.370208e-02
1.585000e+00 -3.141440e-02
1.590000e+00 -2.784717e-02
1.595000e+00 -2.340040e-02
1.600000e+00 -1.809464e-02
1.605000e+00 -1.197237e-02
1.610000e+00 -5.198390e-03
1.615000e+00 1.854447e-03
1.620000e+00 8.537946e-03
1.625000e+00 1.480041e-02
1.630000e+00 2.076775e-02
1.635000e+00 2.587195e-02
1.640000e+00 2.972974e-02
1.645000e+00 3.249968e-02
1.650000e+00 3.413989e-02
1.655000e+00 3.434293e-02
1.660000e+00 3.304886e-02
1.665000e+00 3.046973e-02
1.670000e+00 2.678009e-02
1.675000e+00 2.199954e-02
1.680000e+00 1.621778e-02
1.685000e+00 9.832526e-03
1.690000e+00 3.205691e-03
1.695000e+00 -3.629826e-03
1.700000e+00 -1.037139e-02
1.705000e+00 -1.658322e-02
1.710000e+00 -2.230460e-02
1.715000e+00 -2.719757e-02
1.720000e+00 -3.074739e-02
1.725000e+00 -3.310066e-02
1.730000e+00 -3.429430e-02
1.735000e+00 -3.406357e-02
1.740000e+00 -3.239058e-02
1.745000e+00 -2.945209e-02
1.750000e+00 -2.543321e-02
1.755000e+00 -2.041331e-02
1.760000e+00 -1.450392e-02
1.765000e+00 -7.977501e-03
1.770000e+00 -1.131606e-03
1.775000e+00 5.717974e-03
1.780000e+00 1.228857e-02
1.785000e+00 1.843595e-02
1.790000e+00 2.386972e-02
1.795000e+00 2.818146e-02
1.800000e+00 3.144768e-02
1.805000e+00 3.363648e-02
1.810000e+00 3.433608e-02
1.815000e+00 3.364015e-02
1.820000e+00 3.171067e-02
1.825000e+00 2.844738e-02
1.830000e+00 2.402203e-02
1.835000e+00 1.869055e-02
1.840000e+00 1.259277e-02
1.845000e+00 6.003008e-03
1.850000e+00 -7.821284e-04
1.855000e+00 -7.577667e-03
1.860000e+00 -1.407095e-02
1.865000e+00 -2.001616e-02
1.870000e+00 -2.521687e-02
1.875000e+00 -2.935382e-02
1.880000e+00 -3.228304e-02
1.885000e+00 -3.396624e-02
1.890000e+00 -3.431188e-02
1.895000e+00 -3.319291e-02
1.900000e+00 -3.078636e-02
1.905000e+00 -2.727717e-02
1.910000e+00 -2.258815e-02
1.915000e+00 -1.699810e-02
1.920000e+00 -1.079956e-02
1.925000e+00 -4.063200e-03
1.930000e+00 2.854704e-03
1.935000e+00 9.547323e-03
1.940000e+00 1.591092e-02
1.945000e+00 2.167587e-02
1.950000e+00 2.647525e-02
1.955000e+00 3.024507e-02
1.960000e+00 3.287441e-02
1.965000e+00 3.416228e-02
1.970000e+00 3.409467e-02
1.975000e+00 3.272039e-02
1.980000e+00 2.998127e-02
1.985000e+00 2.598707e-02
1.990000e+00 2.099887e-02
1.995000e+00 1.520124e-02
2 8.798704e-03
2.005000e+00 2.023956e-03
2.010000e+00 -4.799897e-03
2.015000e+00 -1.140535e-02
2.020000e+00 -1.761758e-02
2.025000e+00 -2.312605e-02
2.030000e+00 -2.771256e-02
2.035000e+00 -3.124089e-02
2.040000e+00 -3.344154e-02
2.045000e+00 -3.426828e-02
2.050000e+00 -3.381620e-02
2.055000e+00 -3.196772e-02
2.060000e+00 -2.884331e-02
2.065000e+00 -2.464098e-02
2.070000e+00 -1.941198e-02
2.075000e+00 -1.342504e-02
2.080000e+00 -6.902142e-03
2.085000e+00 -4.040012e-05
2.090000e+00 6.815286e-03
2.095000e+00 1.333810e-02
2.100000e+00 1.934937e-02
2.105000e+00 2.462265e-02
2.110000e+00 2.881477e-02
2.115000e+00 3.189300e-02
2.120000e+00 3.379289e-02
2.125000e+00 3.428275e-02
2.130000e+00 3.342598e-02
2.135000e+00 3.126003e-02
2.140000e+00 2.778828e-02
2.145000e+00 2.319825e-02
2.150000e+00 1.769306e-02
2.155000e+00 1.150455e-02
2.160000e+00 4.842156e-03
2.165000e+00 -1.981886e-03
2.170000e+00 -8.695328e-03
2.175000e+00 -1.512861e-02
2.180000e+00 -2.093056e-02
2.185000e+00 -2.592286e-02
2.190000e+00 -2.993366e-02
2.195000e+00 -3.265799e-02
2.200000e+00 -3.409756e-02
2.205000e+00 -3.419267e-02
2.210000e+00 -3.286881e-02
2.215000e+00 -3.027865e-02
2.220000e+00 -2.650804e-02
2.225000e+00 -2.168360e-02
2.230000e+00 -1.600173e-02
2.235000e+00 -9.651135e-03
2.240000e+00 -2.889529e-03
2.245000e+00 3.951291e-03
2.250000e+00 1.066191e-02
2.255000e+00 1.698552e-02
2.260000e+00 2.253510e-02
2.265000e+00 2.719560e-02
2.270000e+00 3.079997e-02
2.275000e+00 3.315163e-02
2.280000e+00 3.425312e-02
2.285000e+00 3.395557e-02
2.290000e+00 3.228314e-02
2.295000e+00 2.938312e-02
2.300000e+00 2.524953e-02
2.305000e+00 2.007837e-02
2.310000e+00 1.412995e-02
2.315000e+00 7.642078e-03
2.320000e+00 8.714184e-04
2.325000e+00 -5.949360e-03
2.330000e+00 -1.251158e-02
2.335000e+00 -1.860353e-02
2.340000e+00 -2.398503e-02
2.345000e+00 -2.838001e-02
2.350000e+00 -3.166577e-02
2.355000e+00 -3.367968e-02
2.360000e+00 -3.430520e-02
2.365000e+00 -3.359076e-02
2.370000e+00 -3.152959e-02
2.375000e+00 -2.818998e-02
2.380000e+00 -2.381872e-02
2.385000e+00 -1.851804e-02
2.390000e+00 -1.244636e-02
2.395000e+00 -5.894252e-03
2.400000e+00 9.151892e-04
2.405000e+00 7.718890e-03
2.410000e+00 1.422736e-02
2.415000e+00 2.017014e-02
2.420000e+00 2.530798e-02
2.425000e+00 2.941535e-02
2.430000e+00 3.237638e-02
2.435000e+00 3.410215e-02
2.440000e+00 3.447133e-02
2.445000e+00 3.353156e-02
2.450000e+00 3.129315e-02
2.455000e+00 2.768814e-02
2.460000e+00 2.279850e-02
2.465000e+00 1.675033e-02
2.470000e+00 9.582666e-03
2.475000e+00 1.488063e-03
2.480000e+00 -7.123919e-03
2.485000e+00 -1.588150e-02
2.490000e+00 -2.427240e-02
2.495000e+00 -3.175937e-02
2.500000e+00 -3.790653e-02
2.505000e+00 -4.230793e-02
2.510000e+00 -4.483003e-02
2.515000e+00 -4.554719e-02
2.520000e+00 -4.452872e-02
2.525000e+00 -4.189564e-02
2.530000e+00 -3.779398e-02
2.535000e+00 -3.222003e-02
2.540000e+00 -2.518218e-02
2.545000e+00 -1.670805e-02
2.550000e+00 -6.935431e-03
2.555000e+00 3.665572e-03
2.560000e+00 1.456373e-02
2.565000e+00 2.519764e-02
2.570000e+00 3.492334e-02
2.575000e+00 4.329313e-02
2.580000e+00 4.998159e-02
2.585000e+00 5.462538e-02
2.590000e+00 5.697100e-02
2.595000e+00 5.686216e-02
2.600000e+00 5.433518e-02
2.605000e+00 4.970602e-02
2.610000e+00 4.329565e-02
2.615000e+00 3.543342e-02
2.620000e+00 2.639016e-02
2.625000e+00 1.625653e-02
2.630000e+00 5.239786e-03
2.635000e+00 -6.264433e-03
2.640000e+00 -1.761666e-02
2.645000e+00 -2.810051e-02
2.650000e+00 -3.723672e-02
2.655000e+00 -4.476551e-02
2.660000e+00 -5.063224e-02
2.665000e+00 -5.476362e-02
2.670000e+00 -5.694583e-02
2.675000e+00 -5.682962e-02
2.680000e+00 -5.417998e-02
2.685000e+00 -4.911509e-02
2.690000e+00 -4.198267e-02
2.695000e+00 -3.333824e-02
2.700000e+00 -2.362708e-02
2.705000e+00 -1.309990e-02
2.710000e+00 -2.059342e-03
2.715000e+00 9.255653e-03
2.720000e+00 2.042748e-02
2.725000e+00 3.075788e-02
2.730000e+00 3.972741e-02
2.735000e+00 4.699948e-02
2.740000e+00 5.236943e-02
2.745000e+00 5.569776e-02
2.750000e+00 5.683692e-02
2.755000e+00 5.579213e-02
2.760000e+00 5.259119e-02
2.765000e+00 4.722456e-02
2.770000e+00 3.990411e-02
2.775000e+00 3.098918e-02
2.780000e+00 2.078398e-02
2.785000e+00 9.774520e-03
2.790000e+00 -1.550270e-03
2.795000e+00 -1.279902e-02
2.800000e+00 -2.349584e-02
2.805000e+00 -3.329856e-02
2.810000e+00 -4.186845e-02
2.815000e+00 -4.876522e-02
2.820000e+00 -5.365100e-02
2.825000e+00 -5.636940e-02
2.830000e+00 -5.687018e-02
2.835000e+00 -5.510712e-02
2.840000e+00 -5.116375e-02
2.845000e+00 -4.517110e-02
2.850000e+00 -3.730443e-02
2.855000e+00 -2.800033e-02
2.860000e+00 -1.765591e-02
2.865000e+00 -6.586950e-03
2.870000e+00 4.742012e-03
2.875000e+00 1.596935e-02
2.880000e+00 2.664074e-02
2.885000e+00 3.613615e-02
2.890000e+00 4.408128e-02
2.895000e+00 5.023454e-02
2.900000e+00 5.453339e-02
2.905000e+00 5.681354e-02
2.910000e+00 5.669285e-02
2.915000e+00 5.416939e-02
2.920000e+00 4.947133e-02
2.925000e+00 4.290215e-02
2.930000e+00 3.480527e-02
2.935000e+00 2.528184e-02
2.940000e+00 1.451508e-02
2.945000e+00 3.083924e-03
2.950000e+00 -8.321959e-03
2.955000e+00 -1.919822e-02
2.960000e+00 -2.928793e-02
2.965000e+00 -3.840391e-02
2.970000e+00 -4.615244e-02
2.975000e+00 -5.197718e-02
2.980000e+00 -5.554220e-02
2.985000e+00 -5.681393e-02
2.990000e+00 -5.591395e-02
2.995000e+00 -5.302113e-02
3 -4.803299e-02
