T X
0 0
5.000000e-03 -3.752673e-09
1.000000e-02 8.532880e-08
1.500000e-02 1.169715e-06
2.000000e-02 9.974194e-06
2.500000e-02 5.857414e-05
3.000000e-02 2.516683e-04
3.500000e-02 8.180270e-04
4.000000e-02 2.050724e-03
4.500000e-02 4.019084e-03
5.000000e-02 6.252045e-03
5.500000e-02 7.962684e-03
6.000000e-02 8.867994e-03
6.500000e-02 9.464188e-03
7.000000e-02 1.007080e-02
7.500000e-02 1.022372e-02
8.000000e-02 9.659903e-03
8.500000e-02 8.856400e-03
9.000000e-02 7.918106e-03
9.500000e-02 6.446056e-03
1.000000e-01 4.669569e-03
1.050000e-01 2.941383e-03
1.100000e-01 9.833981e-04
1.150000e-01 -1.112969e-03
1.200000e-01 -2.965539e-03
1.250000e-01 -4.789716e-03
1.300000e-01 -6.552993e-03
1.350000e-01 -7.926302e-03
1.400000e-01 -9.073203e-03
1.450000e-01 -9.870721e-03
1.500000e-01 -1.010255e-02
1.550000e-01 -1.007106e-02
1.600000e-01 -9.669875e-03
1.650000e-01 -8.768710e-03
1.700000e-01 -7.606928e-03
1.750000e-01 -6.066614e-03
1.800000e-01 -4.284857e-03
1.850000e-01 -2.484037e-03
1.900000e-01 -4.682818e-04
1.950000e-01 1.590614e-03
2.000000e-01 3.553889e-03
2.050000e-01 5.412754e-03
2.100000e-01 6.968114e-03
2.150000e-01 8.308437e-03
2.200000e-01 9.335895e-03
2.250000e-01 9.902791e-03
2.300000e-01 1.014271e-02
2.350000e-01 9.979632e-03
2.400000e-01 9.429912e-03
2.450000e-01 8.491089e-03
2.500000e-01 7.172267e-03
2.550000e-01 5.633179e-03
2.600000e-01 3.795186e-03
2.650000e-01 1.820287e-03
2.700000e-01 -1.477419e-04
2.750000e-01 -2.170930e-03
2.800000e-01 -4.083287e-03
2.850000e-01 -5.852128e-03
2.900000e-01 -7.398611e-03
2.950000e-01 -8.640118e-03
3.000000e-01 -9.558583e-03
3.050000e-01 -1.003452e-02
3.100000e-01 -1.015812e-02
3.150000e-01 -9.862637e-03
3.200000e-01 -9.133128e-03
3.250000e-01 -8.121667e-03
3.300000e-01 -6.754954e-03
3.350000e-01 -5.112469e-03
3.400000e-01 -3.272401e-03
3.450000e-01 -1.288478e-03
3.500000e-01 7.597153e-04
3.550000e-01 2.780927e-03
3.600000e-01 4.626157e-03
3.650000e-01 6.349228e-03
3.700000e-01 7.801148e-03
3.750000e-01 8.897798e-03
3.800000e-01 9.714953e-03
3.850000e-01 1.011340e-02
3.900000e-01 1.012264e-02
3.950000e-01 9.727547e-03
4.000000e-01 8.905097e-03
4.050000e-01 7.739716e-03
4.100000e-01 6.278652e-03
4.150000e-01 4.565065e-03
4.200000e-01 2.673864e-03
4.250000e-01 7.142048e-04
4.300000e-01 -1.326987e-03
4.350000e-01 -3.316354e-03
4.400000e-01 -5.144546e-03
4.450000e-01 -6.814148e-03
4.500000e-01 -8.186125e-03
4.550000e-01 -9.196709e-03
4.600000e-01 -9.876716e-03
4.650000e-01 -1.013504e-02
4.700000e-01 -9.995156e-03
4.750000e-01 -9.524492e-03
4.800000e-01 -8.612054e-03
4.850000e-01 -7.367267e-03
4.900000e-01 -5.838005e-03
4.950000e-01 -4.036972e-03
5.000000e-01 -2.092731e-03
5.050000e-01 -7.416075e-05
5.100000e-01 1.927509e-03
5.150000e-01 3.861925e-03
5.200000e-01 5.645978e-03
5.250000e-01 7.215733e-03
5.300000e-01 8.488525e-03
5.350000e-01 9.453342e-03
5.400000e-01 1.002822e-02
5.450000e-01 1.016140e-02
5.500000e-01 9.922935e-03
5.550000e-01 9.254745e-03
5.600000e-01 8.251175e-03
5.650000e-01 6.934894e-03
5.700000e-01 5.324476e-03
5.750000e-01 3.525476e-03
5.800000e-01 1.547335e-03
5.850000e-01 -4.822287e-04
5.900000e-01 -2.485542e-03
5.950000e-01 -4.399239e-03
6.000000e-01 -6.122598e-03
6.050000e-01 -7.606638e-03
6.100000e-01 -8.774917e-03
6.150000e-01 -9.610156e-03
6.200000e-01 -1.009145e-02
6.250000e-01 -1.016221e-02
6.300000e-01 -9.809711e-03
6.350000e-01 -9.060193e-03
6.400000e-01 -7.943378e-03
6.450000e-01 -6.496066e-03
6.500000e-01 -4.806838e-03
6.550000e-01 -2.932121e-03
6.600000e-01 -9.540156e-04
6.650000e-01 1.071933e-03
6.700000e-01 3.066645e-03
6.750000e-01 4.926094e-03
6.800000e-01 6.622233e-03
6.850000e-01 8.039544e-03
6.900000e-01 9.127129e-03
6.950000e-01 9.826133e-03
7.000000e-01 1.013124e-02
7.050000e-01 1.007018e-02
7.100000e-01 9.575734e-03
7.150000e-01 8.726001e-03
7.200000e-01 7.543757e-03
7.250000e-01 6.015620e-03
7.300000e-01 4.264938e-03
7.350000e-01 2.339451e-03
7.400000e-01 3.110969e-04
7.450000e-01 -1.687689e-03
7.500000e-01 -3.644756e-03
7.550000e-01 -5.437569e-03
7.600000e-01 -7.005520e-03
7.650000e-01 -8.333843e-03
7.700000e-01 -9.327336e-03
7.750000e-01 -9.960262e-03
7.800000e-01 -1.016187e-02
7.850000e-01 -9.971181e-03
7.900000e-01 -9.378725e-03
7.950000e-01 -8.398951e-03
8.000000e-01 -7.119619e-03
8.050000e-01 -5.540629e-03
8.100000e-01 -3.758145e-03
8.150000e-01 -1.804102e-03
8.200000e-01 2.309985e-04
8.250000e-01 2.246252e-03
8.300000e-01 4.207440e-03
8.350000e-01 5.970178e-03
8.400000e-01 7.483851e-03
8.450000e-01 8.685050e-03
8.500000e-01 9.552546e-03
8.550000e-01 1.006106e-02
8.600000e-01 1.014750e-02
8.650000e-01 9.854171e-03
8.700000e-01 9.150888e-03
8.750000e-01 8.069457e-03
8.800000e-01 6.664723e-03
8.850000e-01 4.994436e-03
8.900000e-01 3.140327e-03
8.950000e-01 1.164607e-03
9.000000e-01 -8.436973e-04
9.050000e-01 -2.817084e-03
9.100000e-01 -4.691917e-03
9.150000e-01 -6.402392e-03
9.200000e-01 -7.852196e-03
9.250000e-01 -8.980228e-03
9.300000e-01 -9.735480e-03
9.350000e-01 -1.011048e-02
9.400000e-01 -1.008139e-02
9.450000e-01 -9.643592e-03
9.500000e-01 -8.862000e-03
9.550000e-01 -7.716275e-03
9.600000e-01 -6.248786e-03
9.650000e-01 -4.530746e-03
9.700000e-01 -2.617352e-03
9.750000e-01 -6.049053e-04
9.800000e-01 1.445750e-03
9.850000e-01 3.423940e-03
9.900000e-01 5.228739e-03
9.950000e-01 6.854264e-03
1 8.213540e-03
1.005000e+00 9.248520e-03
1.010000e+00 9.923241e-03
1.015000e+00 1.017827e-02
1.020000e+00 1.004015e-02
1.025000e+00 9.474543e-03
1.030000e+00 8.528771e-03
1.035000e+00 7.275450e-03
1.040000e+00 5.707580e-03
1.045000e+00 3.946739e-03
1.050000e+00 2.029620e-03
1.055000e+00 8.588404e-06
1.060000e+00 -1.998829e-03
1.065000e+00 -3.961024e-03
1.070000e+00 -5.743891e-03
1.075000e+00 -7.281544e-03
1.080000e+00 -8.567982e-03
1.085000e+00 -9.552836e-03
1.090000e+00 -1.025930e-02
1.095000e+00 -1.073631e-02
1.100000e+00 -1.103712e-02
1.105000e+00 -1.124374e-02
1.110000e+00 -1.140611e-02
1.115000e+00 -1.153725e-02
1.120000e+00 -1.160792e-02
1.125000e+00 -1.146573e-02
1.130000e+00 -1.093228e-02
1.135000e+00 -9.858084e-03
1.140000e+00 -8.118504e-03
1.145000e+00 -5.755378e-03
1.150000e+00 -2.988366e-03
1.155000e+00 -1.051507e-04
1.160000e+00 2.658132e-03
1.165000e+00 5.211501e-03
1.170000e+00 7.625178e-03
1.175000e+00 1.008029e-02
1.180000e+00 1.271003e-02
1.185000e+00 1.544846e-02
1.190000e+00 1.801437e-02
1.195000e+00 2.005600e-02
1.200000e+00 2.130067e-02
1.205000e+00 2.159160e-02
1.210000e+00 2.091542e-02
1.215000e+00 1.933612e-02
1.220000e+00 1.686033e-02
1.225000e+00 1.355621e-02
1.230000e+00 9.601129e-03
1.235000e+00 5.326836e-03
1.240000e+00 1.146205e-03
1.245000e+00 -2.818444e-03
1.250000e+00 -6.594806e-03
1.255000e+00 -1.030489e-02
1.260000e+00 -1.397646e-02
1.265000e+00 -1.722524e-02
1.270000e+00 -1.966195e-02
1.275000e+00 -2.103515e-02
1.280000e+00 -2.139023e-02
1.285000e+00 -2.105997e-02
1.290000e+00 -2.015017e-02
1.295000e+00 -1.855552e-02
1.300000e+00 -1.611388e-02
1.305000e+00 -1.278736e-02
1.310000e+00 -8.814518e-03
1.315000e+00 -4.577229e-03
1.320000e+00 -3.566053e-04
1.325000e+00 3.781057e-03
1.330000e+00 7.809662e-03
1.335000e+00 1.163737e-02
1.340000e+00 1.506261e-02
1.345000e+00 1.788767e-02
1.350000e+00 1.997200e-02
1.355000e+00 2.119844e-02
1.360000e+00 2.152585e-02
1.365000e+00 2.098915e-02
1.370000e+00 1.970320e-02
1.375000e+00 1.772779e-02
1.380000e+00 1.505941e-02
1.385000e+00 1.167451e-02
1.390000e+00 7.702534e-03
1.395000e+00 3.457568e-03
1.400000e+00 -8.004541e-04
1.405000e+00 -4.927697e-03
1.410000e+00 -8.954546e-03
1.415000e+00 -1.277500e-02
1.420000e+00 -1.605602e-02
1.425000e+00 -1.856586e-02
1.430000e+00 -2.023974e-02
1.435000e+00 -2.125128e-02
1.440000e+00 -2.162569e-02
1.445000e+00 -2.099593e-02
1.450000e+00 -1.924960e-02
1.455000e+00 -1.673683e-02
1.460000e+00 -1.389365e-02
1.465000e+00 -1.066528e-02
1.470000e+00 -6.655134e-03
1.475000e+00 -2.160970e-03
1.480000e+00 2.139415e-03
1.485000e+00 6.155098e-03
1.490000e+00 1.010162e-02
1.495000e+00 1.378030e-02
1.500000e+00 1.678220e-02
1.505000e+00 1.910208e-02
1.510000e+00 2.072368e-02
1.515000e+00 2.140424e-02
1.520000e+00 2.124398e-02
1.525000e+00 2.045280e-02
1.530000e+00 1.881619e-02
1.535000e+00 1.617668e-02
1.540000e+00 1.290643e-02
1.545000e+00 9.316934e-03
1.550000e+00 5.364078e-03
1.555000e+00 1.135970e-03
1.560000e+00 -3.184952e-03
1.565000e+00 -7.454140e-03
1.570000e+00 -1.129232e-02
1.575000e+00 -1.455713e-02
1.580000e+00 -1.747935e-02
1.585000e+00 -1.981165e-02
1.590000e+00 -2.106477e-02
1.595000e+00 -2.141460e-02
1.600000e+00 -2.115328e-02
1.605000e+00 -2.005473e-02
1.610000e+00 -1.800878e-02
1.615000e+00 -1.527461e-02
1.620000e+00 -1.202153e-02
1.625000e+00 -8.261289e-03
1.630000e+00 -4.085938e-03
1.635000e+00 2.859525e-04
1.640000e+00 4.498731e-03
1.645000e+00 8.455649e-03
1.650000e+00 1.230984e-02
1.655000e+00 1.564667e-02
1.660000e+00 1.811981e-02
1.665000e+00 2.004802e-02
1.670000e+00 2.130253e-02
1.675000e+00 2.151600e-02
1.680000e+00 2.088387e-02
1.685000e+00 1.951012e-02
1.690000e+00 1.726342e-02
1.695000e+00 1.435741e-02
1.700000e+00 1.098218e-02
1.705000e+00 7.088265e-03
1.710000e+00 2.874383e-03
1.715000e+00 -1.414104e-03
1.720000e+00 -5.612660e-03
1.725000e+00 -9.619900e-03
1.730000e+00 -1.334539e-02
1.735000e+00 -1.642212e-02
1.740000e+00 -1.874096e-02
1.745000e+00 -2.051056e-02
1.750000e+00 -2.144967e-02
1.755000e+00 -2.136514e-02
1.760000e+00 -2.059290e-02
1.765000e+00 -1.901256e-02
1.770000e+00 -1.654188e-02
1.775000e+00 -1.349659e-02
1.780000e+00 -9.854739e-03
1.785000e+00 -5.809565e-03
1.790000e+00 -1.650675e-03
1.795000e+00 2.667188e-03
1.800000e+00 6.901473e-03
1.805000e+00 1.074969e-02
1.810000e+00 1.422026e-02
1.815000e+00 1.720525e-02
1.820000e+00 1.944751e-02
1.825000e+00 2.086090e-02
1.830000e+00 2.148517e-02
1.835000e+00 2.127198e-02
1.840000e+00 2.015217e-02
1.845000e+00 1.826476e-02
1.850000e+00 1.573642e-02
1.855000e+00 1.247188e-02
1.860000e+00 8.691679e-03
1.865000e+00 4.687247e-03
1.870000e+00 3.785379e-04
1.875000e+00 -3.973627e-03
1.880000e+00 -8.041246e-03
1.885000e+00 -1.184947e-02
1.890000e+00 -1.517046e-02
1.895000e+00 -1.785296e-02
1.900000e+00 -1.992625e-02
1.905000e+00 -2.114053e-02
1.910000e+00 -2.151253e-02
1.915000e+00 -2.108285e-02
1.920000e+00 -1.970139e-02
1.925000e+00 -1.759403e-02
1.930000e+00 -1.482144e-02
1.935000e+00 -1.136716e-02
1.940000e+00 -7.532949e-03
1.945000e+00 -3.437068e-03
1.950000e+00 8.596750e-04
1.955000e+00 5.132213e-03
1.960000e+00 9.188131e-03
1.965000e+00 1.289168e-02
1.970000e+00 1.606433e-02
1.975000e+00 1.854976e-02
1.980000e+00 2.034721e-02
1.985000e+00 2.134657e-02
1.990000e+00 2.141010e-02
1.995000e+00 2.071496e-02
2 1.923408e-02
2.005000e+00 1.685521e-02
2.010000e+00 1.387053e-02
2.015000e+00 1.035370e-02
2.020000e+00 6.329820e-03
2.025000e+00 2.138859e-03
2.030000e+00 -2.132120e-03
2.035000e+00 -6.355381e-03
2.040000e+00 -1.027545e-02
2.045000e+00 -1.383445e-02
2.050000e+00 -1.684551e-02
2.055000e+00 -1.918366e-02
2.060000e+00 -2.075439e-02
2.065000e+00 -2.145361e-02
2.070000e+00 -2.133434e-02
2.075000e+00 -2.035466e-02
2.080000e+00 -1.854488e-02
2.085000e+00 -1.602932e-02
2.090000e+00 -1.289468e-02
2.095000e+00 -9.229112e-03
2.100000e+00 -5.164653e-03
2.105000e+00 -9.123146e-04
2.110000e+00 3.398481e-03
2.115000e+00 7.567151e-03
2.120000e+00 1.137635e-02
2.125000e+00 1.479624e-02
2.130000e+00 1.758526e-02
2.135000e+00 1.966480e-02
2.140000e+00 2.103863e-02
2.145000e+00 2.148505e-02
2.150000e+00 2.113420e-02
2.155000e+00 1.993807e-02
2.160000e+00 1.784264e-02
2.165000e+00 1.512311e-02
2.170000e+00 1.176261e-02
2.175000e+00 7.897505e-03
2.180000e+00 3.812596e-03
2.185000e+00 -4.788896e-04
2.190000e+00 -4.769840e-03
2.195000e+00 -8.818851e-03
2.200000e+00 -1.254513e-02
2.205000e+00 -1.575709e-02
2.210000e+00 -1.831690e-02
2.215000e+00 -2.017150e-02
2.220000e+00 -2.129499e-02
2.225000e+00 -2.163554e-02
2.230000e+00 -2.127008e-02
2.235000e+00 -2.029158e-02
2.240000e+00 -1.867625e-02
2.245000e+00 -1.661344e-02
2.250000e+00 -1.422470e-02
2.255000e+00 -1.158605e-02
2.260000e+00 -8.828319e-03
2.265000e+00 -5.997050e-03
2.270000e+00 -3.149457e-03
2.275000e+00 -1.839565e-04
2.280000e+00 2.901623e-03
2.285000e+00 6.115790e-03
2.290000e+00 9.447374e-03
2.295000e+00 1.260311e-02
2.300000e+00 1.549082e-02
2.305000e+00 1.784412e-02
2.310000e+00 1.945035e-02
2.315000e+00 2.040768e-02
2.320000e+00 2.065842e-02
2.325000e+00 2.044021e-02
2.330000e+00 1.989540e-02
2.335000e+00 1.897189e-02
2.340000e+00 1.770753e-02
2.345000e+00 1.586655e-02
2.350000e+00 1.329223e-02
2.355000e+00 9.922646e-03
2.360000e+00 5.770126e-03
2.365000e+00 1.121752e-03
2.370000e+00 -3.657106e-03
2.375000e+00 -8.197262e-03
2.380000e+00 -1.220148e-02
2.385000e+00 -1.548210e-02
2.390000e+00 -1.801749e-02
2.395000e+00 -1.981219e-02
2.400000e+00 -2.088431e-02
2.405000e+00 -2.127301e-02
2.410000e+00 -2.088016e-02
2.415000e+00 -1.973213e-02
2.420000e+00 -1.786738e-02
2.425000e+00 -1.528231e-02
2.430000e+00 -1.208440e-02
2.435000e+00 -8.340070e-03
2.440000e+00 -4.160946e-03
2.445000e+00 2.940886e-04
2.450000e+00 4.708952e-03
2.455000e+00 8.831658e-03
2.460000e+00 1.251069e-02
2.465000e+00 1.556885e-02
2.470000e+00 1.811049e-02
2.475000e+00 2.008575e-02
2.480000e+00 2.135854e-02
2.485000e+00 2.179056e-02
2.490000e+00 2.110175e-02
2.495000e+00 1.940285e-02
2.500000e+00 1.697014e-02
2.505000e+00 1.403553e-02
2.510000e+00 1.078707e-02
2.515000e+00 7.158125e-03
2.520000e+00 3.062391e-03
2.525000e+00 -1.428721e-03
2.530000e+00 -5.983151e-03
2.535000e+00 -1.013464e-02
2.540000e+00 -1.361266e-02
2.545000e+00 -1.640004e-02
2.550000e+00 -1.863519e-02
2.555000e+00 -2.040030e-02
2.560000e+00 -2.151264e-02
2.565000e+00 -2.167712e-02
2.570000e+00 -2.076350e-02
2.575000e+00 -1.884059e-02
2.580000e+00 -1.622057e-02
2.585000e+00 -1.318568e-02
2.590000e+00 -9.727244e-03
2.595000e+00 -5.836430e-03
2.600000e+00 -1.592479e-03
2.605000e+00 2.840391e-03
2.610000e+00 7.129762e-03
2.615000e+00 1.101884e-02
2.620000e+00 1.439502e-02
2.625000e+00 1.721898e-02
2.630000e+00 1.944070e-02
2.635000e+00 2.094074e-02
2.640000e+00 2.156325e-02
2.645000e+00 2.126899e-02
2.650000e+00 2.013301e-02
2.655000e+00 1.818391e-02
2.660000e+00 1.556380e-02
2.665000e+00 1.233877e-02
2.670000e+00 8.561736e-03
2.675000e+00 4.474985e-03
2.680000e+00 1.927489e-04
2.685000e+00 -4.106920e-03
2.690000e+00 -8.207840e-03
2.695000e+00 -1.202869e-02
2.700000e+00 -1.531536e-02
2.705000e+00 -1.797432e-02
2.710000e+00 -1.997723e-02
2.715000e+00 -2.116553e-02
2.720000e+00 -2.154455e-02
2.725000e+00 -2.100788e-02
2.730000e+00 -1.961709e-02
2.735000e+00 -1.750015e-02
2.740000e+00 -1.463941e-02
2.745000e+00 -1.123623e-02
2.750000e+00 -7.388351e-03
2.755000e+00 -3.214741e-03
2.760000e+00 1.080332e-03
2.765000e+00 5.321802e-03
2.770000e+00 9.316265e-03
2.775000e+00 1.300493e-02
2.780000e+00 1.619297e-02
2.785000e+00 1.868740e-02
2.790000e+00 2.040634e-02
2.795000e+00 2.127422e-02
2.800000e+00 2.138948e-02
2.805000e+00 2.069569e-02
2.810000e+00 1.912299e-02
2.815000e+00 1.676468e-02
2.820000e+00 1.364815e-02
2.825000e+00 1.006619e-02
2.830000e+00 6.208490e-03
2.835000e+00 2.028044e-03
2.840000e+00 -2.298498e-03
2.845000e+00 -6.576807e-03
2.850000e+00 -1.053600e-02
2.855000e+00 -1.391401e-02
2.860000e+00 -1.679518e-02
2.865000e+00 -1.919109e-02
2.870000e+00 -2.083785e-02
2.875000e+00 -2.150802e-02
2.880000e+00 -2.117330e-02
2.885000e+00 -2.009727e-02
2.890000e+00 -1.843153e-02
2.895000e+00 -1.602570e-02
2.900000e+00 -1.278881e-02
2.905000e+00 -8.945421e-03
2.910000e+00 -4.892170e-03
2.915000e+00 -7.827725e-04
2.920000e+00 3.403350e-03
2.925000e+00 7.614412e-03
2.930000e+00 1.160880e-02
2.935000e+00 1.499249e-02
2.940000e+00 1.759256e-02
2.945000e+00 1.957718e-02
2.950000e+00 2.101574e-02
2.955000e+00 2.162615e-02
2.960000e+00 2.116200e-02
2.965000e+00 1.973548e-02
2.970000e+00 1.765808e-02
2.975000e+00 1.508229e-02
2.980000e+00 1.181468e-02
2.985000e+00 7.858256e-03
2.990000e+00 3.642663e-03
2.995000e+00 -5.384134e-04
3 -4.671920e-03
