T X
0 0
5.000000e-03 3.792284e-10
1.000000e-02 9.143471e-08
1.500000e-02 1.218066e-06
2.000000e-02 1.017968e-05
2.500000e-02 5.939475e-05
3.000000e-02 2.541483e-04
3.500000e-02 8.232821e-04
4.000000e-02 2.057901e-03
4.500000e-02 4.023198e-03
5.000000e-02 6.248085e-03
5.500000e-02 7.953356e-03
6.000000e-02 8.863496e-03
6.500000e-02 9.476297e-03
7.000000e-02 1.011185e-02
7.500000e-02 1.030061e-02
8.000000e-02 9.757103e-03
8.500000e-02 8.945615e-03
9.000000e-02 7.993079e-03
9.500000e-02 6.516009e-03
1.000000e-01 4.735179e-03
1.050000e-01 3.014271e-03
1.100000e-01 1.078979e-03
1.150000e-01 -1.010552e-03
1.200000e-01 -2.879713e-03
1.250000e-01 -4.745339e-03
1.300000e-01 -6.590830e-03
1.350000e-01 -8.034572e-03
1.400000e-01 -9.193396e-03
1.450000e-01 -9.990834e-03
1.500000e-01 -1.022038e-02
1.550000e-01 -1.018611e-02
1.600000e-01 -9.817985e-03
1.650000e-01 -8.946051e-03
1.700000e-01 -7.782378e-03
1.750000e-01 -6.231345e-03
1.800000e-01 -4.422362e-03
1.850000e-01 -2.580893e-03
1.900000e-01 -5.029952e-04
1.950000e-01 1.606847e-03
2.000000e-01 3.551681e-03
2.050000e-01 5.409271e-03
2.100000e-01 7.021972e-03
2.150000e-01 8.418104e-03
2.200000e-01 9.485569e-03
2.250000e-01 1.007367e-02
2.300000e-01 1.035025e-02
2.350000e-01 1.018852e-02
2.400000e-01 9.575680e-03
2.450000e-01 8.628000e-03
2.500000e-01 7.328756e-03
2.550000e-01 5.778776e-03
2.600000e-01 3.922842e-03
2.650000e-01 1.923920e-03
2.700000e-01 -6.789896e-05
2.750000e-01 -2.167150e-03
2.800000e-01 -4.158724e-03
2.850000e-01 -5.930389e-03
2.900000e-01 -7.491496e-03
2.950000e-01 -8.763325e-03
3.000000e-01 -9.681005e-03
3.050000e-01 -1.017599e-02
3.100000e-01 -1.035314e-02
3.150000e-01 -1.008621e-02
3.200000e-01 -9.335184e-03
3.250000e-01 -8.309971e-03
3.300000e-01 -6.921934e-03
3.350000e-01 -5.223111e-03
3.400000e-01 -3.353733e-03
3.450000e-01 -1.352278e-03
3.500000e-01 7.142383e-04
3.550000e-01 2.750693e-03
3.600000e-01 4.651470e-03
3.650000e-01 6.429035e-03
3.700000e-01 7.918524e-03
3.750000e-01 9.063289e-03
3.800000e-01 9.901549e-03
3.850000e-01 1.028628e-02
3.900000e-01 1.027707e-02
3.950000e-01 9.889601e-03
4.000000e-01 9.088476e-03
4.050000e-01 7.923668e-03
4.100000e-01 6.444973e-03
4.150000e-01 4.730518e-03
4.200000e-01 2.786467e-03
4.250000e-01 7.381632e-04
4.300000e-01 -1.320864e-03
4.350000e-01 -3.339952e-03
4.400000e-01 -5.198825e-03
4.450000e-01 -6.872482e-03
4.500000e-01 -8.266137e-03
4.550000e-01 -9.336265e-03
4.600000e-01 -1.005817e-02
4.650000e-01 -1.034263e-02
4.700000e-01 -1.021955e-02
4.750000e-01 -9.701321e-03
4.800000e-01 -8.777826e-03
4.850000e-01 -7.509994e-03
4.900000e-01 -5.954014e-03
4.950000e-01 -4.164835e-03
5.000000e-01 -2.208523e-03
5.050000e-01 -1.559812e-04
5.100000e-01 1.907765e-03
5.150000e-01 3.899525e-03
5.200000e-01 5.728557e-03
5.250000e-01 7.337959e-03
5.300000e-01 8.618473e-03
5.350000e-01 9.568771e-03
5.400000e-01 1.017601e-02
5.450000e-01 1.032962e-02
5.500000e-01 1.011221e-02
5.550000e-01 9.475420e-03
5.600000e-01 8.446862e-03
5.650000e-01 7.111076e-03
5.700000e-01 5.453169e-03
5.750000e-01 3.594446e-03
5.800000e-01 1.602262e-03
5.850000e-01 -4.357709e-04
5.900000e-01 -2.466279e-03
5.950000e-01 -4.411067e-03
6.000000e-01 -6.175068e-03
6.050000e-01 -7.711913e-03
6.100000e-01 -8.939736e-03
6.150000e-01 -9.799810e-03
6.200000e-01 -1.026107e-02
6.250000e-01 -1.033561e-02
6.300000e-01 -9.975901e-03
6.350000e-01 -9.211913e-03
6.400000e-01 -8.113611e-03
6.450000e-01 -6.675074e-03
6.500000e-01 -4.962058e-03
6.550000e-01 -3.048894e-03
6.600000e-01 -1.013643e-03
6.650000e-01 1.069942e-03
6.700000e-01 3.100786e-03
6.750000e-01 4.976602e-03
6.800000e-01 6.694454e-03
6.850000e-01 8.130829e-03
6.900000e-01 9.230069e-03
6.950000e-01 1.000044e-02
7.000000e-01 1.033479e-02
7.050000e-01 1.026689e-02
7.100000e-01 9.795228e-03
7.150000e-01 8.903585e-03
7.200000e-01 7.674473e-03
7.250000e-01 6.146871e-03
7.300000e-01 4.377947e-03
7.350000e-01 2.432183e-03
7.400000e-01 4.019868e-04
7.450000e-01 -1.652779e-03
7.500000e-01 -3.662979e-03
7.550000e-01 -5.504259e-03
7.600000e-01 -7.136835e-03
7.650000e-01 -8.469215e-03
7.700000e-01 -9.467611e-03
7.750000e-01 -1.010878e-02
7.800000e-01 -1.032558e-02
7.850000e-01 -1.014623e-02
7.900000e-01 -9.569436e-03
7.950000e-01 -8.614937e-03
8.000000e-01 -7.304488e-03
8.050000e-01 -5.683475e-03
8.100000e-01 -3.847929e-03
8.150000e-01 -1.861737e-03
8.200000e-01 2.064132e-04
8.250000e-01 2.243248e-03
8.300000e-01 4.203752e-03
8.350000e-01 6.021050e-03
8.400000e-01 7.565907e-03
8.450000e-01 8.827155e-03
8.500000e-01 9.742046e-03
8.550000e-01 1.024766e-02
8.600000e-01 1.034651e-02
8.650000e-01 1.002220e-02
8.700000e-01 9.307390e-03
8.750000e-01 8.223577e-03
8.800000e-01 6.825494e-03
8.850000e-01 5.162257e-03
8.900000e-01 3.263818e-03
8.950000e-01 1.246457e-03
9.000000e-01 -8.119266e-04
9.050000e-01 -2.853937e-03
9.100000e-01 -4.762747e-03
9.150000e-01 -6.476170e-03
9.200000e-01 -7.945082e-03
9.250000e-01 -9.092163e-03
9.300000e-01 -9.877541e-03
9.350000e-01 -1.029084e-02
9.400000e-01 -1.029536e-02
9.450000e-01 -9.864872e-03
9.500000e-01 -9.054056e-03
9.550000e-01 -7.872852e-03
9.600000e-01 -6.370845e-03
9.650000e-01 -4.633439e-03
9.700000e-01 -2.709285e-03
9.750000e-01 -6.807012e-04
9.800000e-01 1.394407e-03
9.850000e-01 3.411147e-03
9.900000e-01 5.294344e-03
9.950000e-01 6.966577e-03
1 8.351944e-03
1.005000e+00 9.408755e-03
1.010000e+00 1.007299e-02
1.015000e+00 1.033690e-02
1.020000e+00 1.019815e-02
1.025000e+00 9.660894e-03
1.030000e+00 8.735467e-03
1.035000e+00 7.459431e-03
1.040000e+00 5.876208e-03
1.045000e+00 4.058114e-03
1.050000e+00 2.083577e-03
1.055000e+00 4.272268e-05
1.060000e+00 -2.003101e-03
1.065000e+00 -3.979665e-03
1.070000e+00 -5.765085e-03
1.075000e+00 -7.376042e-03
1.080000e+00 -8.698679e-03
1.085000e+00 -9.719856e-03
1.090000e+00 -1.049193e-02
1.095000e+00 -1.095633e-02
1.100000e+00 -1.124510e-02
1.105000e+00 -1.142410e-02
1.110000e+00 -1.156517e-02
1.115000e+00 -1.167743e-02
1.120000e+00 -1.170042e-02
1.125000e+00 -1.153870e-02
1.130000e+00 -1.094849e-02
1.135000e+00 -9.830733e-03
1.140000e+00 -8.065939e-03
1.145000e+00 -5.694272e-03
1.150000e+00 -2.958858e-03
1.155000e+00 -6.814224e-05
1.160000e+00 2.702649e-03
1.165000e+00 5.311283e-03
1.170000e+00 7.791857e-03
1.175000e+00 1.028207e-02
1.180000e+00 1.292736e-02
1.185000e+00 1.558171e-02
1.190000e+00 1.805319e-02
1.195000e+00 2.002795e-02
1.200000e+00 2.123133e-02
1.205000e+00 2.153479e-02
1.210000e+00 2.092223e-02
1.215000e+00 1.939685e-02
1.220000e+00 1.694185e-02
1.225000e+00 1.364404e-02
1.230000e+00 9.653016e-03
1.235000e+00 5.352128e-03
1.240000e+00 1.128705e-03
1.245000e+00 -2.847678e-03
1.250000e+00 -6.601169e-03
1.255000e+00 -1.031087e-02
1.260000e+00 -1.394003e-02
1.265000e+00 -1.719843e-02
1.270000e+00 -1.967686e-02
1.275000e+00 -2.107786e-02
1.280000e+00 -2.149597e-02
1.285000e+00 -2.115718e-02
1.290000e+00 -2.022488e-02
1.295000e+00 -1.865978e-02
1.300000e+00 -1.623048e-02
1.305000e+00 -1.293320e-02
1.310000e+00 -8.978937e-03
1.315000e+00 -4.707935e-03
1.320000e+00 -4.213284e-04
1.325000e+00 3.765397e-03
1.330000e+00 7.795168e-03
1.335000e+00 1.160510e-02
1.340000e+00 1.500246e-02
1.345000e+00 1.783837e-02
1.350000e+00 1.998415e-02
1.355000e+00 2.128230e-02
1.360000e+00 2.169523e-02
1.365000e+00 2.120133e-02
1.370000e+00 1.988644e-02
1.375000e+00 1.788535e-02
1.380000e+00 1.521048e-02
1.385000e+00 1.185615e-02
1.390000e+00 7.920205e-03
1.395000e+00 3.671753e-03
1.400000e+00 -6.069320e-04
1.405000e+00 -4.815038e-03
1.410000e+00 -8.905380e-03
1.415000e+00 -1.274806e-02
1.420000e+00 -1.609997e-02
1.425000e+00 -1.865343e-02
1.430000e+00 -2.036326e-02
1.435000e+00 -2.141777e-02
1.440000e+00 -2.180594e-02
1.445000e+00 -2.123740e-02
1.450000e+00 -1.954619e-02
1.455000e+00 -1.705111e-02
1.460000e+00 -1.419629e-02
1.465000e+00 -1.090544e-02
1.470000e+00 -6.848407e-03
1.475000e+00 -2.334342e-03
1.480000e+00 2.011952e-03
1.485000e+00 6.091545e-03
1.490000e+00 1.008942e-02
1.495000e+00 1.382211e-02
1.500000e+00 1.689954e-02
1.505000e+00 1.931128e-02
1.510000e+00 2.100550e-02
1.515000e+00 2.170469e-02
1.520000e+00 2.153282e-02
1.525000e+00 2.073530e-02
1.530000e+00 1.909278e-02
1.535000e+00 1.645896e-02
1.540000e+00 1.319429e-02
1.545000e+00 9.561647e-03
1.550000e+00 5.557219e-03
1.555000e+00 1.258753e-03
1.560000e+00 -3.164585e-03
1.565000e+00 -7.506730e-03
1.570000e+00 -1.141758e-02
1.575000e+00 -1.472346e-02
1.580000e+00 -1.764424e-02
1.585000e+00 -2.002298e-02
1.590000e+00 -2.137489e-02
1.595000e+00 -2.177750e-02
1.600000e+00 -2.150159e-02
1.605000e+00 -2.039909e-02
1.610000e+00 -1.834485e-02
1.615000e+00 -1.552275e-02
1.620000e+00 -1.217377e-02
1.625000e+00 -8.413461e-03
1.630000e+00 -4.211942e-03
1.635000e+00 2.438510e-04
1.640000e+00 4.501613e-03
1.645000e+00 8.544709e-03
1.650000e+00 1.251284e-02
1.655000e+00 1.591666e-02
1.660000e+00 1.843049e-02
1.665000e+00 2.033988e-02
1.670000e+00 2.159930e-02
1.675000e+00 2.185514e-02
1.680000e+00 2.119225e-02
1.685000e+00 1.979938e-02
1.690000e+00 1.757858e-02
1.695000e+00 1.463500e-02
1.700000e+00 1.115550e-02
1.705000e+00 7.170987e-03
1.710000e+00 2.885905e-03
1.715000e+00 -1.470813e-03
1.720000e+00 -5.712421e-03
1.725000e+00 -9.779113e-03
1.730000e+00 -1.356726e-02
1.735000e+00 -1.666684e-02
1.740000e+00 -1.905981e-02
1.745000e+00 -2.089383e-02
1.750000e+00 -2.183091e-02
1.755000e+00 -2.172362e-02
1.760000e+00 -2.087875e-02
1.765000e+00 -1.928960e-02
1.770000e+00 -1.677903e-02
1.775000e+00 -1.363170e-02
1.780000e+00 -1.001374e-02
1.785000e+00 -5.916305e-03
1.790000e+00 -1.631647e-03
1.795000e+00 2.745327e-03
1.800000e+00 7.078870e-03
1.805000e+00 1.101199e-02
1.810000e+00 1.450629e-02
1.815000e+00 1.750950e-02
1.820000e+00 1.977049e-02
1.825000e+00 2.118271e-02
1.830000e+00 2.184056e-02
1.835000e+00 2.165799e-02
1.840000e+00 2.048422e-02
1.845000e+00 1.855249e-02
1.850000e+00 1.597054e-02
1.855000e+00 1.259124e-02
1.860000e+00 8.729641e-03
1.865000e+00 4.703481e-03
1.870000e+00 3.364197e-04
1.875000e+00 -4.103572e-03
1.880000e+00 -8.194854e-03
1.885000e+00 -1.207373e-02
1.890000e+00 -1.553421e-02
1.895000e+00 -1.825076e-02
1.900000e+00 -2.028594e-02
1.905000e+00 -2.151668e-02
1.910000e+00 -2.186625e-02
1.915000e+00 -2.138102e-02
1.920000e+00 -2.001160e-02
1.925000e+00 -1.785815e-02
1.930000e+00 -1.502924e-02
1.935000e+00 -1.154678e-02
1.940000e+00 -7.597712e-03
1.945000e+00 -3.387464e-03
1.950000e+00 9.897601e-04
1.955000e+00 5.335317e-03
1.960000e+00 9.402218e-03
1.965000e+00 1.313696e-02
1.970000e+00 1.639218e-02
1.975000e+00 1.890361e-02
1.980000e+00 2.073940e-02
1.985000e+00 2.177949e-02
1.990000e+00 2.180411e-02
1.995000e+00 2.106927e-02
2 1.952694e-02
2.005000e+00 1.705086e-02
2.010000e+00 1.402985e-02
2.015000e+00 1.048000e-02
2.020000e+00 6.373564e-03
2.025000e+00 2.122482e-03
2.030000e+00 -2.224490e-03
2.035000e+00 -6.579978e-03
2.040000e+00 -1.058103e-02
2.045000e+00 -1.415740e-02
2.050000e+00 -1.720705e-02
2.055000e+00 -1.955184e-02
2.060000e+00 -2.112206e-02
2.065000e+00 -2.184047e-02
2.070000e+00 -2.170568e-02
2.075000e+00 -2.072932e-02
2.080000e+00 -1.889131e-02
2.085000e+00 -1.627297e-02
2.090000e+00 -1.305134e-02
2.095000e+00 -9.284196e-03
2.100000e+00 -5.145025e-03
2.105000e+00 -8.541281e-04
2.110000e+00 3.534326e-03
2.115000e+00 7.761420e-03
2.120000e+00 1.163995e-02
2.125000e+00 1.513901e-02
2.130000e+00 1.798893e-02
2.135000e+00 2.009143e-02
2.140000e+00 2.146129e-02
2.145000e+00 2.187951e-02
2.150000e+00 2.148226e-02
2.155000e+00 2.025898e-02
2.160000e+00 1.812190e-02
2.165000e+00 1.537100e-02
2.170000e+00 1.195263e-02
2.175000e+00 7.992480e-03
2.180000e+00 3.818464e-03
2.185000e+00 -5.901702e-04
2.190000e+00 -4.993485e-03
2.195000e+00 -9.061807e-03
2.200000e+00 -1.282937e-02
2.205000e+00 -1.611524e-02
2.210000e+00 -1.868446e-02
2.215000e+00 -2.058237e-02
2.220000e+00 -2.172423e-02
2.225000e+00 -2.205121e-02
2.230000e+00 -2.166158e-02
2.235000e+00 -2.060334e-02
2.240000e+00 -1.894276e-02
2.245000e+00 -1.681865e-02
2.250000e+00 -1.437803e-02
2.255000e+00 -1.171104e-02
2.260000e+00 -8.857527e-03
2.265000e+00 -5.926635e-03
2.270000e+00 -2.943759e-03
2.275000e+00 1.570368e-04
2.280000e+00 3.321373e-03
2.285000e+00 6.576824e-03
2.290000e+00 9.858309e-03
2.295000e+00 1.295370e-02
2.300000e+00 1.581066e-02
2.305000e+00 1.814350e-02
2.310000e+00 1.976803e-02
2.315000e+00 2.074459e-02
2.320000e+00 2.096176e-02
2.325000e+00 2.066779e-02
2.330000e+00 2.002897e-02
2.335000e+00 1.894534e-02
2.340000e+00 1.754212e-02
2.345000e+00 1.561882e-02
2.350000e+00 1.293783e-02
2.355000e+00 9.528918e-03
2.360000e+00 5.390126e-03
2.365000e+00 7.772838e-04
2.370000e+00 -3.937514e-03
2.375000e+00 -8.429398e-03
2.380000e+00 -1.237762e-02
2.385000e+00 -1.566501e-02
2.390000e+00 -1.823542e-02
2.395000e+00 -2.000736e-02
2.400000e+00 -2.104893e-02
2.405000e+00 -2.137064e-02
2.410000e+00 -2.086652e-02
2.415000e+00 -1.960232e-02
2.420000e+00 -1.763689e-02
2.425000e+00 -1.500428e-02
2.430000e+00 -1.180054e-02
2.435000e+00 -8.072592e-03
2.440000e+00 -3.931418e-03
2.445000e+00 4.873602e-04
2.450000e+00 4.876775e-03
2.455000e+00 8.971705e-03
2.460000e+00 1.266493e-02
2.465000e+00 1.573086e-02
2.470000e+00 1.823372e-02
2.475000e+00 2.016108e-02
2.480000e+00 2.132786e-02
2.485000e+00 2.167285e-02
2.490000e+00 2.093593e-02
2.495000e+00 1.923973e-02
2.500000e+00 1.685552e-02
2.505000e+00 1.389492e-02
2.510000e+00 1.065486e-02
2.515000e+00 7.005760e-03
2.520000e+00 2.863701e-03
2.525000e+00 -1.521081e-03
2.530000e+00 -6.005212e-03
2.535000e+00 -1.013410e-02
2.540000e+00 -1.358054e-02
2.545000e+00 -1.641087e-02
2.550000e+00 -1.866103e-02
2.555000e+00 -2.040106e-02
2.560000e+00 -2.146729e-02
2.565000e+00 -2.157121e-02
2.570000e+00 -2.065897e-02
2.575000e+00 -1.877580e-02
2.580000e+00 -1.619311e-02
2.585000e+00 -1.318199e-02
2.590000e+00 -9.724076e-03
2.595000e+00 -5.827918e-03
2.600000e+00 -1.581767e-03
2.605000e+00 2.831700e-03
2.610000e+00 7.088744e-03
2.615000e+00 1.097460e-02
2.620000e+00 1.436356e-02
2.625000e+00 1.719642e-02
2.630000e+00 1.942119e-02
2.635000e+00 2.090036e-02
2.640000e+00 2.153514e-02
2.645000e+00 2.128298e-02
2.650000e+00 2.017295e-02
2.655000e+00 1.826335e-02
2.660000e+00 1.564456e-02
2.665000e+00 1.238918e-02
2.670000e+00 8.614802e-03
2.675000e+00 4.545535e-03
2.680000e+00 3.074903e-04
2.685000e+00 -3.969724e-03
2.690000e+00 -8.089037e-03
2.695000e+00 -1.194426e-02
2.700000e+00 -1.529672e-02
2.705000e+00 -1.799328e-02
2.710000e+00 -2.001902e-02
2.715000e+00 -2.120060e-02
2.720000e+00 -2.159825e-02
2.725000e+00 -2.112797e-02
2.730000e+00 -1.976447e-02
2.735000e+00 -1.771331e-02
2.740000e+00 -1.488146e-02
2.745000e+00 -1.144246e-02
2.750000e+00 -7.572539e-03
2.755000e+00 -3.365756e-03
2.760000e+00 9.332643e-04
2.765000e+00 5.208919e-03
2.770000e+00 9.253170e-03
2.775000e+00 1.297980e-02
2.780000e+00 1.621942e-02
2.785000e+00 1.875630e-02
2.790000e+00 2.055888e-02
2.795000e+00 2.149830e-02
2.800000e+00 2.164184e-02
2.805000e+00 2.095220e-02
2.810000e+00 1.938179e-02
2.815000e+00 1.702887e-02
2.820000e+00 1.393304e-02
2.825000e+00 1.035722e-02
2.830000e+00 6.425430e-03
2.835000e+00 2.196730e-03
2.840000e+00 -2.174831e-03
2.845000e+00 -6.513553e-03
2.850000e+00 -1.054472e-02
2.855000e+00 -1.405977e-02
2.860000e+00 -1.697283e-02
2.865000e+00 -1.936658e-02
2.870000e+00 -2.109373e-02
2.875000e+00 -2.181912e-02
2.880000e+00 -2.154134e-02
2.885000e+00 -2.047461e-02
2.890000e+00 -1.878662e-02
2.895000e+00 -1.634785e-02
2.900000e+00 -1.304224e-02
2.905000e+00 -9.192746e-03
2.910000e+00 -5.070417e-03
2.915000e+00 -8.680036e-04
2.920000e+00 3.366429e-03
2.925000e+00 7.657592e-03
2.930000e+00 1.168627e-02
2.935000e+00 1.517878e-02
2.940000e+00 1.790825e-02
2.945000e+00 1.991828e-02
2.950000e+00 2.136039e-02
2.955000e+00 2.197173e-02
2.960000e+00 2.153670e-02
2.965000e+00 2.012114e-02
2.970000e+00 1.801880e-02
2.975000e+00 1.538818e-02
2.980000e+00 1.206643e-02
2.985000e+00 8.074361e-03
2.990000e+00 3.754983e-03
2.995000e+00 -5.469663e-04
3 -4.772370e-03
