T X
0 0
5.000000e-03 -2.100443e-11
1.000000e-02 -4.306724e-12
1.500000e-02 -1.312950e-10
2.000000e-02 -1.228061e-11
2.500000e-02 1.912758e-10
3.000000e-02 1.137261e-09
3.500000e-02 9.292932e-09
4.000000e-02 5.743252e-08
4.500000e-02 3.416934e-07
5.000000e-02 1.803400e-06
5.500000e-02 8.195082e-06
6.000000e-02 3.199121e-05
6.500000e-02 1.074503e-04
7.000000e-02 3.114490e-04
7.500000e-02 7.810801e-04
8.000000e-02 1.696516e-03
8.500000e-02 3.189215e-03
9.000000e-02 5.182522e-03
9.500000e-02 7.285325e-03
1.000000e-01 8.927555e-03
1.050000e-01 9.757067e-03
1.100000e-01 9.945308e-03
1.150000e-01 9.957731e-03
1.200000e-01 9.934245e-03
1.250000e-01 9.492238e-03
1.300000e-01 8.332096e-03
1.350000e-01 6.763915e-03
1.400000e-01 5.234759e-03
1.450000e-01 3.616337e-03
1.500000e-01 1.578658e-03
1.550000e-01 -6.164120e-04
1.600000e-01 -2.498600e-03
1.650000e-01 -4.206612e-03
1.700000e-01 -6.011659e-03
1.750000e-01 -7.595336e-03
1.800000e-01 -8.699636e-03
1.850000e-01 -9.596969e-03
1.900000e-01 -1.025649e-02
1.950000e-01 -1.028291e-02
2.000000e-01 -9.818042e-03
2.050000e-01 -9.148347e-03
2.100000e-01 -8.046627e-03
2.150000e-01 -6.528679e-03
2.200000e-01 -4.936997e-03
2.250000e-01 -3.112000e-03
2.300000e-01 -9.704587e-04
2.350000e-01 1.060358e-03
2.400000e-01 2.976187e-03
2.450000e-01 4.925947e-03
2.500000e-01 6.588870e-03
2.550000e-01 7.964133e-03
2.600000e-01 9.167073e-03
2.650000e-01 9.856095e-03
2.700000e-01 1.010726e-02
2.750000e-01 1.014542e-02
2.800000e-01 9.673807e-03
2.850000e-01 8.770711e-03
2.900000e-01 7.639865e-03
2.950000e-01 6.077902e-03
3.000000e-01 4.292523e-03
3.050000e-01 2.448037e-03
3.100000e-01 3.807033e-04
3.150000e-01 -1.640147e-03
3.200000e-01 -3.565436e-03
3.250000e-01 -5.484908e-03
3.300000e-01 -7.045514e-03
3.350000e-01 -8.321080e-03
3.400000e-01 -9.382723e-03
3.450000e-01 -9.959199e-03
3.500000e-01 -1.019935e-02
3.550000e-01 -1.003814e-02
3.600000e-01 -9.383711e-03
3.650000e-01 -8.474751e-03
3.700000e-01 -7.156845e-03
3.750000e-01 -5.544749e-03
3.800000e-01 -3.820820e-03
3.850000e-01 -1.795633e-03
3.900000e-01 2.439387e-04
3.950000e-01 2.219519e-03
4.000000e-01 4.195594e-03
4.050000e-01 5.910387e-03
4.100000e-01 7.459104e-03
4.150000e-01 8.706309e-03
4.200000e-01 9.548886e-03
4.250000e-01 1.011093e-02
4.300000e-01 1.016210e-02
4.350000e-01 9.842176e-03
4.400000e-01 9.186291e-03
4.450000e-01 8.076874e-03
4.500000e-01 6.730953e-03
4.550000e-01 5.061714e-03
4.600000e-01 3.178578e-03
4.650000e-01 1.222145e-03
4.700000e-01 -8.422345e-04
4.750000e-01 -2.808348e-03
4.800000e-01 -4.701998e-03
4.850000e-01 -6.416340e-03
4.900000e-01 -7.838081e-03
4.950000e-01 -9.012660e-03
5.000000e-01 -9.753878e-03
5.050000e-01 -1.012748e-02
5.100000e-01 -1.012572e-02
5.150000e-01 -9.684149e-03
5.200000e-01 -8.903178e-03
5.250000e-01 -7.722997e-03
5.300000e-01 -6.247221e-03
5.350000e-01 -4.520606e-03
5.400000e-01 -2.610217e-03
5.450000e-01 -6.298308e-04
5.500000e-01 1.423037e-03
5.550000e-01 3.378131e-03
5.600000e-01 5.239895e-03
5.650000e-01 6.883769e-03
5.700000e-01 8.206804e-03
5.750000e-01 9.260232e-03
5.800000e-01 9.897581e-03
5.850000e-01 1.018764e-02
5.900000e-01 1.004520e-02
5.950000e-01 9.486883e-03
6.000000e-01 8.590378e-03
6.050000e-01 7.291476e-03
6.100000e-01 5.772753e-03
6.150000e-01 3.992434e-03
6.200000e-01 2.061620e-03
6.250000e-01 6.253772e-05
6.300000e-01 -1.987364e-03
6.350000e-01 -3.904542e-03
6.400000e-01 -5.709765e-03
6.450000e-01 -7.250819e-03
6.500000e-01 -8.531057e-03
6.550000e-01 -9.493737e-03
6.600000e-01 -1.003443e-02
6.650000e-01 -1.021978e-02
6.700000e-01 -9.944317e-03
6.750000e-01 -9.290923e-03
6.800000e-01 -8.267618e-03
6.850000e-01 -6.917598e-03
6.900000e-01 -5.289908e-03
6.950000e-01 -3.420687e-03
7.000000e-01 -1.444562e-03
7.050000e-01 6.291028e-04
7.100000e-01 2.620075e-03
7.150000e-01 4.525523e-03
7.200000e-01 6.252725e-03
7.250000e-01 7.716805e-03
7.300000e-01 8.917779e-03
7.350000e-01 9.685871e-03
7.400000e-01 1.012081e-02
7.450000e-01 1.012589e-02
7.500000e-01 9.726661e-03
7.550000e-01 8.992654e-03
7.600000e-01 7.858168e-03
7.650000e-01 6.434933e-03
7.700000e-01 4.736480e-03
7.750000e-01 2.851848e-03
7.800000e-01 8.662400e-04
7.850000e-01 -1.148422e-03
7.900000e-01 -3.150356e-03
7.950000e-01 -5.009599e-03
8.000000e-01 -6.690090e-03
8.050000e-01 -8.111586e-03
8.100000e-01 -9.150449e-03
8.150000e-01 -9.886580e-03
8.200000e-01 -1.017965e-02
8.250000e-01 -1.009403e-02
8.300000e-01 -9.617473e-03
8.350000e-01 -8.716799e-03
8.400000e-01 -7.496320e-03
8.450000e-01 -5.949117e-03
8.500000e-01 -4.200417e-03
8.550000e-01 -2.271125e-03
8.600000e-01 -2.575237e-04
8.650000e-01 1.768569e-03
8.700000e-01 3.734613e-03
8.750000e-01 5.538173e-03
8.800000e-01 7.118531e-03
8.850000e-01 8.408715e-03
8.900000e-01 9.382416e-03
8.950000e-01 9.976742e-03
9.000000e-01 1.019134e-02
9.050000e-01 9.973831e-03
9.100000e-01 9.367240e-03
9.150000e-01 8.392439e-03
9.200000e-01 7.077523e-03
9.250000e-01 5.506493e-03
9.300000e-01 3.686068e-03
9.350000e-01 1.722931e-03
9.400000e-01 -3.174477e-04
9.450000e-01 -2.342849e-03
9.500000e-01 -4.259386e-03
9.550000e-01 -6.018163e-03
9.600000e-01 -7.534205e-03
9.650000e-01 -8.759750e-03
9.700000e-01 -9.644671e-03
9.750000e-01 -1.011387e-02
9.800000e-01 -1.018515e-02
9.850000e-01 -9.856358e-03
9.900000e-01 -9.121511e-03
9.950000e-01 -8.054786e-03
1 -6.644028e-03
1.005000e+00 -4.963611e-03
1.010000e+00 -3.089002e-03
1.015000e+00 -1.087396e-03
1.020000e+00 9.301608e-04
1.025000e+00 2.923948e-03
1.030000e+00 4.795242e-03
1.035000e+00 6.489613e-03
1.040000e+00 7.922465e-03
1.045000e+00 9.031972e-03
1.050000e+00 9.789649e-03
1.055000e+00 1.012752e-02
1.060000e+00 1.011065e-02
1.065000e+00 9.676700e-03
1.070000e+00 8.845921e-03
1.075000e+00 7.689874e-03
1.080000e+00 6.176610e-03
1.085000e+00 4.457897e-03
1.090000e+00 2.553123e-03
1.095000e+00 5.372023e-04
1.100000e+00 -1.479801e-03
1.105000e+00 -3.483293e-03
1.110000e+00 -5.316332e-03
1.115000e+00 -6.945637e-03
1.120000e+00 -8.301689e-03
1.125000e+00 -9.299227e-03
1.130000e+00 -9.959964e-03
1.135000e+00 -1.021231e-02
1.140000e+00 -1.005078e-02
1.145000e+00 -9.488578e-03
1.150000e+00 -8.536201e-03
1.155000e+00 -7.255359e-03
1.160000e+00 -5.696958e-03
1.165000e+00 -3.918164e-03
1.170000e+00 -1.967782e-03
1.175000e+00 7.387701e-05
1.180000e+00 2.151927e-03
1.185000e+00 4.174507e-03
1.190000e+00 6.068999e-03
1.195000e+00 7.734849e-03
1.200000e+00 8.976423e-03
1.205000e+00 9.638011e-03
1.210000e+00 9.490779e-03
1.215000e+00 8.423185e-03
1.220000e+00 6.491189e-03
1.225000e+00 3.911596e-03
1.230000e+00 1.033609e-03
1.235000e+00 -1.813453e-03
1.240000e+00 -4.378755e-03
1.245000e+00 -6.626150e-03
1.250000e+00 -8.609251e-03
1.255000e+00 -1.040753e-02
1.260000e+00 -1.198158e-02
1.265000e+00 -1.315517e-02
1.270000e+00 -1.371677e-02
1.275000e+00 -1.355045e-02
1.280000e+00 -1.273640e-02
1.285000e+00 -1.142343e-02
1.290000e+00 -9.802636e-03
1.295000e+00 -7.951816e-03
1.300000e+00 -5.754148e-03
1.305000e+00 -3.122869e-03
1.310000e+00 -3.116742e-04
1.315000e+00 2.352929e-03
1.320000e+00 4.872102e-03
1.325000e+00 7.217053e-03
1.330000e+00 9.140783e-03
1.335000e+00 1.076763e-02
1.340000e+00 1.232446e-02
1.345000e+00 1.336556e-02
1.350000e+00 1.338563e-02
1.355000e+00 1.279716e-02
1.360000e+00 1.219650e-02
1.365000e+00 1.124257e-02
1.370000e+00 9.847680e-03
1.375000e+00 8.431623e-03
1.380000e+00 7.047940e-03
1.385000e+00 5.936302e-03
1.390000e+00 5.189710e-03
1.395000e+00 4.382228e-03
1.400000e+00 3.323618e-03
1.405000e+00 2.194862e-03
1.410000e+00 8.234180e-04
1.415000e+00 -9.652108e-04
1.420000e+00 -2.738249e-03
1.425000e+00 -4.345432e-03
1.430000e+00 -5.681815e-03
1.435000e+00 -6.429479e-03
1.440000e+00 -6.907126e-03
1.445000e+00 -7.310444e-03
1.450000e+00 -7.448769e-03
1.455000e+00 -7.450170e-03
1.460000e+00 -7.147039e-03
1.465000e+00 -6.245616e-03
1.470000e+00 -5.078718e-03
1.475000e+00 -3.811247e-03
1.480000e+00 -2.421711e-03
1.485000e+00 -1.123853e-03
1.490000e+00 1.387597e-04
1.495000e+00 1.434800e-03
1.500000e+00 2.727227e-03
1.505000e+00 4.191650e-03
1.510000e+00 5.533306e-03
1.515000e+00 6.324644e-03
1.520000e+00 6.852298e-03
1.525000e+00 7.199952e-03
1.530000e+00 7.326280e-03
1.535000e+00 7.247739e-03
1.540000e+00 6.728823e-03
1.545000e+00 5.907041e-03
1.550000e+00 4.844446e-03
1.555000e+00 3.576584e-03
1.560000e+00 2.384876e-03
1.565000e+00 1.036944e-03
1.570000e+00 -5.470818e-04
1.575000e+00 -2.052215e-03
1.580000e+00 -3.504761e-03
1.585000e+00 -4.733607e-03
1.590000e+00 -5.569523e-03
1.595000e+00 -6.326131e-03
1.600000e+00 -7.051291e-03
1.605000e+00 -7.545592e-03
1.610000e+00 -7.542766e-03
1.615000e+00 -6.986975e-03
1.620000e+00 -6.294038e-03
1.625000e+00 -5.638510e-03
1.630000e+00 -4.808771e-03
1.635000e+00 -3.457497e-03
1.640000e+00 -1.771057e-03
1.645000e+00 -4.075593e-04
1.650000e+00 8.481317e-04
1.655000e+00 2.387677e-03
1.660000e+00 3.837932e-03
1.665000e+00 4.993019e-03
1.670000e+00 5.925557e-03
1.675000e+00 6.747724e-03
1.680000e+00 7.325943e-03
1.685000e+00 7.407872e-03
1.690000e+00 7.286557e-03
1.695000e+00 7.017324e-03
1.700000e+00 6.350714e-03
1.705000e+00 5.393648e-03
1.710000e+00 4.290418e-03
1.715000e+00 2.997726e-03
1.720000e+00 1.493342e-03
1.725000e+00 3.862371e-05
1.730000e+00 -1.308313e-03
1.735000e+00 -2.830865e-03
1.740000e+00 -4.283422e-03
1.745000e+00 -5.331519e-03
1.750000e+00 -6.229261e-03
1.755000e+00 -6.947261e-03
1.760000e+00 -7.353367e-03
1.765000e+00 -7.540435e-03
1.770000e+00 -7.347034e-03
1.775000e+00 -6.785673e-03
1.780000e+00 -6.021461e-03
1.785000e+00 -5.112558e-03
1.790000e+00 -3.963187e-03
1.795000e+00 -2.502695e-03
1.800000e+00 -1.048180e-03
1.805000e+00 3.439527e-04
1.810000e+00 1.876526e-03
1.815000e+00 3.308414e-03
1.820000e+00 4.498376e-03
1.825000e+00 5.606670e-03
1.830000e+00 6.522766e-03
1.835000e+00 7.100174e-03
1.840000e+00 7.413250e-03
1.845000e+00 7.454292e-03
1.850000e+00 7.184816e-03
1.855000e+00 6.649489e-03
1.860000e+00 5.834365e-03
1.865000e+00 4.766168e-03
1.870000e+00 3.551211e-03
1.875000e+00 2.166969e-03
1.880000e+00 6.482763e-04
1.885000e+00 -8.152731e-04
1.890000e+00 -2.249532e-03
1.895000e+00 -3.698365e-03
1.900000e+00 -4.934596e-03
1.905000e+00 -5.899726e-03
1.910000e+00 -6.743582e-03
1.915000e+00 -7.296424e-03
1.920000e+00 -7.454338e-03
1.925000e+00 -7.409894e-03
1.930000e+00 -7.073783e-03
1.935000e+00 -6.372880e-03
1.940000e+00 -5.483946e-03
1.945000e+00 -4.395032e-03
1.950000e+00 -3.085063e-03
1.955000e+00 -1.663579e-03
1.960000e+00 -2.048917e-04
1.965000e+00 1.274065e-03
1.970000e+00 2.730523e-03
1.975000e+00 4.057417e-03
1.980000e+00 5.222662e-03
1.985000e+00 6.171851e-03
1.990000e+00 6.916715e-03
1.995000e+00 7.377938e-03
2 7.486962e-03
2.005000e+00 7.378753e-03
2.010000e+00 6.936685e-03
2.015000e+00 6.176307e-03
2.020000e+00 5.238812e-03
2.025000e+00 4.060181e-03
2.030000e+00 2.677334e-03
2.035000e+00 1.239337e-03
2.040000e+00 -2.680687e-04
2.045000e+00 -1.804592e-03
2.050000e+00 -3.179936e-03
2.055000e+00 -4.473076e-03
2.060000e+00 -5.619658e-03
2.065000e+00 -6.454723e-03
2.070000e+00 -7.089273e-03
2.075000e+00 -7.451182e-03
2.080000e+00 -7.435851e-03
2.085000e+00 -7.187493e-03
2.090000e+00 -6.675261e-03
2.095000e+00 -5.847913e-03
2.100000e+00 -4.806783e-03
2.105000e+00 -3.599539e-03
2.110000e+00 -2.219653e-03
2.115000e+00 -7.392697e-04
2.120000e+00 7.370453e-04
2.125000e+00 2.183439e-03
2.130000e+00 3.550322e-03
2.135000e+00 4.801599e-03
2.140000e+00 5.830615e-03
2.145000e+00 6.621934e-03
2.150000e+00 7.168462e-03
2.155000e+00 7.403635e-03
2.160000e+00 7.363859e-03
2.165000e+00 7.031200e-03
2.170000e+00 6.392884e-03
2.175000e+00 5.538486e-03
2.180000e+00 4.443549e-03
2.185000e+00 3.130551e-03
2.190000e+00 1.773253e-03
2.195000e+00 3.154977e-04
2.200000e+00 -1.177826e-03
2.205000e+00 -2.582985e-03
2.210000e+00 -3.933023e-03
2.215000e+00 -5.092064e-03
2.220000e+00 -6.020485e-03
2.225000e+00 -6.760950e-03
2.230000e+00 -7.223961e-03
2.235000e+00 -7.364495e-03
2.240000e+00 -7.228627e-03
2.245000e+00 -6.829812e-03
2.250000e+00 -6.133495e-03
2.255000e+00 -5.184447e-03
2.260000e+00 -4.043558e-03
2.265000e+00 -2.766769e-03
2.270000e+00 -1.371756e-03
2.275000e+00 1.350298e-04
2.280000e+00 1.578294e-03
2.285000e+00 2.938973e-03
2.290000e+00 4.237145e-03
2.295000e+00 5.339873e-03
2.300000e+00 6.218248e-03
2.305000e+00 6.866191e-03
2.310000e+00 7.259798e-03
2.315000e+00 7.317782e-03
2.320000e+00 7.104736e-03
2.325000e+00 6.624907e-03
2.330000e+00 5.844385e-03
2.335000e+00 4.886214e-03
2.340000e+00 3.705308e-03
2.345000e+00 2.347349e-03
2.350000e+00 9.420869e-04
2.355000e+00 -5.032660e-04
2.360000e+00 -1.971598e-03
2.365000e+00 -3.306811e-03
2.370000e+00 -4.510538e-03
2.375000e+00 -5.591851e-03
2.380000e+00 -6.404441e-03
2.385000e+00 -6.966606e-03
2.390000e+00 -7.242187e-03
2.395000e+00 -7.232099e-03
2.400000e+00 -6.947278e-03
2.405000e+00 -6.373523e-03
2.410000e+00 -5.585924e-03
2.415000e+00 -4.575640e-03
2.420000e+00 -3.367815e-03
2.425000e+00 -2.078468e-03
2.430000e+00 -7.096939e-04
2.435000e+00 7.192981e-04
2.440000e+00 2.099892e-03
2.445000e+00 3.423131e-03
2.450000e+00 4.642288e-03
2.455000e+00 5.676963e-03
2.460000e+00 6.449955e-03
2.465000e+00 6.982317e-03
2.470000e+00 7.282863e-03
2.475000e+00 7.290885e-03
2.480000e+00 7.075831e-03
2.485000e+00 6.645942e-03
2.490000e+00 5.983900e-03
2.495000e+00 4.992388e-03
2.500000e+00 3.608186e-03
2.505000e+00 1.814443e-03
2.510000e+00 -4.786134e-04
2.515000e+00 -3.222249e-03
2.520000e+00 -6.280909e-03
2.525000e+00 -9.435019e-03
2.530000e+00 -1.238099e-02
2.535000e+00 -1.481625e-02
2.540000e+00 -1.655850e-02
2.545000e+00 -1.746312e-02
2.550000e+00 -1.748735e-02
2.555000e+00 -1.684452e-02
2.560000e+00 -1.571213e-02
2.565000e+00 -1.413235e-02
2.570000e+00 -1.212774e-02
2.575000e+00 -9.632243e-03
2.580000e+00 -6.582093e-03
2.585000e+00 -3.087869e-03
2.590000e+00 6.239822e-04
2.595000e+00 4.284209e-03
2.600000e+00 7.591073e-03
2.605000e+00 1.043174e-02
2.610000e+00 1.283007e-02
2.615000e+00 1.479027e-02
2.620000e+00 1.631744e-02
2.625000e+00 1.725515e-02
2.630000e+00 1.743735e-02
2.635000e+00 1.679280e-02
2.640000e+00 1.536652e-02
2.645000e+00 1.336116e-02
2.650000e+00 1.092401e-02
2.655000e+00 8.191239e-03
2.660000e+00 5.239976e-03
2.665000e+00 2.098271e-03
2.670000e+00 -9.401914e-04
2.675000e+00 -3.630445e-03
2.680000e+00 -5.759917e-03
2.685000e+00 -7.053566e-03
2.690000e+00 -7.631791e-03
2.695000e+00 -7.735098e-03
2.700000e+00 -7.563851e-03
2.705000e+00 -7.255125e-03
2.710000e+00 -6.720851e-03
2.715000e+00 -6.055664e-03
2.720000e+00 -5.227788e-03
2.725000e+00 -4.127984e-03
2.730000e+00 -2.939213e-03
2.735000e+00 -1.479405e-03
2.740000e+00 2.821019e-04
2.745000e+00 2.065264e-03
2.750000e+00 3.790797e-03
2.755000e+00 5.185249e-03
2.760000e+00 6.163496e-03
2.765000e+00 6.867474e-03
2.770000e+00 7.434869e-03
2.775000e+00 7.961396e-03
2.780000e+00 8.224187e-03
2.785000e+00 7.985574e-03
2.790000e+00 7.137342e-03
2.795000e+00 5.865407e-03
2.800000e+00 4.532445e-03
2.805000e+00 3.155392e-03
2.810000e+00 1.709933e-03
2.815000e+00 3.368520e-04
2.820000e+00 -1.090511e-03
2.825000e+00 -2.672324e-03
2.830000e+00 -4.219004e-03
2.835000e+00 -5.478316e-03
2.840000e+00 -6.517979e-03
2.845000e+00 -7.480402e-03
2.850000e+00 -7.988466e-03
2.855000e+00 -7.848797e-03
2.860000e+00 -7.492397e-03
2.865000e+00 -7.326671e-03
2.870000e+00 -6.934453e-03
2.875000e+00 -5.875744e-03
2.880000e+00 -4.438908e-03
2.885000e+00 -2.894263e-03
2.890000e+00 -1.323102e-03
2.895000e+00 1.674748e-04
2.900000e+00 1.589035e-03
2.905000e+00 3.182135e-03
2.910000e+00 4.695660e-03
2.915000e+00 5.794422e-03
2.920000e+00 6.699632e-03
2.925000e+00 7.429927e-03
2.930000e+00 7.791824e-03
2.935000e+00 7.853372e-03
2.940000e+00 7.703555e-03
2.945000e+00 7.219904e-03
2.950000e+00 6.343442e-03
2.955000e+00 5.223571e-03
2.960000e+00 3.985484e-03
2.965000e+00 2.596260e-03
2.970000e+00 1.091163e-03
2.975000e+00 -4.443185e-04
2.980000e+00 -2.042625e-03
2.985000e+00 -3.558565e-03
2.990000e+00 -4.869736e-03
2.995000e+00 -6.107748e-03
3 -6.942316e-03
