T X
0 0
5.000000e-03 4.272813e-08
1.000000e-02 9.750472e-08
1.500000e-02 -1.632806e-07
2.000000e-02 -1.039579e-06
2.500000e-02 -1.727795e-06
3.000000e-02 -5.718840e-07
3.500000e-02 3.441926e-06
4.000000e-02 9.346711e-06
4.500000e-02 1.283371e-05
5.000000e-02 1.301575e-05
5.500000e-02 1.649348e-05
6.000000e-02 2.503011e-05
6.500000e-02 2.257382e-05
7.000000e-02 -2.539132e-05
7.500000e-02 -1.150548e-04
8.000000e-02 -1.318787e-04
8.500000e-02 3.359565e-05
9.000000e-02 2.174735e-04
9.500000e-02 7.791691e-05
1.000000e-01 -3.790019e-04
1.050000e-01 -8.071724e-04
1.100000e-01 -1.083690e-03
1.150000e-01 -1.224751e-03
1.200000e-01 -1.074914e-03
1.250000e-01 -6.102173e-04
1.300000e-01 4.827088e-05
1.350000e-01 8.788823e-04
1.400000e-01 1.776226e-03
1.450000e-01 2.569297e-03
1.500000e-01 3.172945e-03
1.550000e-01 3.518051e-03
1.600000e-01 3.526419e-03
1.650000e-01 3.117950e-03
1.700000e-01 2.296089e-03
1.750000e-01 1.127351e-03
1.800000e-01 -3.574100e-04
1.850000e-01 -2.099374e-03
1.900000e-01 -4.010450e-03
1.950000e-01 -5.967588e-03
2.000000e-01 -7.801394e-03
2.050000e-01 -9.417052e-03
2.100000e-01 -1.073386e-02
2.150000e-01 -1.164930e-02
2.200000e-01 -1.209571e-02
2.250000e-01 -1.197050e-02
2.300000e-01 -1.126821e-02
2.350000e-01 -1.002071e-02
2.400000e-01 -8.168822e-03
2.450000e-01 -5.700762e-03
2.500000e-01 -2.655970e-03
2.550000e-01 8.438400e-04
2.600000e-01 4.677462e-03
2.650000e-01 8.761938e-03
2.700000e-01 1.291478e-02
2.750000e-01 1.698953e-02
2.800000e-01 2.092423e-02
2.850000e-01 2.460068e-02
2.900000e-01 2.789891e-02
2.950000e-01 3.074407e-02
3.000000e-01 3.308104e-02
3.050000e-01 3.487975e-02
3.100000e-01 3.606405e-02
3.150000e-01 3.657391e-02
3.200000e-01 3.646630e-02
3.250000e-01 3.580901e-02
3.300000e-01 3.469542e-02
3.350000e-01 3.323350e-02
3.400000e-01 3.147909e-02
3.450000e-01 2.953465e-02
3.500000e-01 2.755854e-02
3.550000e-01 2.574870e-02
3.600000e-01 2.429140e-02
3.650000e-01 2.331882e-02
3.700000e-01 2.294996e-02
3.750000e-01 2.328457e-02
3.800000e-01 2.440749e-02
3.850000e-01 2.639699e-02
3.900000e-01 2.932916e-02
3.950000e-01 3.321839e-02
4.000000e-01 3.803290e-02
4.050000e-01 4.375346e-02
4.100000e-01 5.029470e-02
4.150000e-01 5.758786e-02
4.200000e-01 6.556440e-02
4.250000e-01 7.409479e-02
4.300000e-01 8.309139e-02
4.350000e-01 9.246853e-02
4.400000e-01 1.021525e-01
4.450000e-01 1.120709e-01
4.500000e-01 1.221248e-01
4.550000e-01 1.322267e-01
4.600000e-01 1.423948e-01
4.650000e-01 1.527272e-01
4.700000e-01 1.632996e-01
4.750000e-01 1.742135e-01
4.800000e-01 1.855877e-01
4.850000e-01 1.975824e-01
4.900000e-01 2.104162e-01
4.950000e-01 2.243656e-01
5.000000e-01 2.397398e-01
5.050000e-01 2.568306e-01
5.100000e-01 2.759545e-01
5.150000e-01 2.975008e-01
5.200000e-01 3.218650e-01
5.250000e-01 3.494034e-01
5.300000e-01 3.805644e-01
5.350000e-01 4.157804e-01
5.400000e-01 4.554112e-01
5.450000e-01 4.998866e-01
5.500000e-01 5.496872e-01
5.550000e-01 6.052921e-01
5.600000e-01 6.671615e-01
5.650000e-01 7.358392e-01
5.700000e-01 8.118674e-01
5.750000e-01 8.957675e-01
5.800000e-01 9.881857e-01
5.850000e-01 1.089808e+00
5.900000e-01 1.201419e+00
5.950000e-01 1.323942e+00
6.000000e-01 1.458350e+00
6.050000e-01 1.605740e+00
6.100000e-01 1.767400e+00
6.150000e-01 1.944805e+00
6.200000e-01 2.139551e+00
6.250000e-01 2.353435e+00
6.300000e-01 2.588516e+00
6.350000e-01 2.847080e+00
6.400000e-01 3.131724e+00
6.450000e-01 3.445296e+00
6.500000e-01 3.790913e+00
6.550000e-01 4.172055e+00
6.600000e-01 4.592564e+00
6.650000e-01 5.056717e+00
6.700000e-01 5.569208e+00
6.750000e-01 6.135152e+00
6.800000e-01 6.760171e+00
6.850000e-01 7.450432e+00
6.900000e-01 8.212784e+00
6.950000e-01 9.054751e+00
7.000000e-01 9.984537e+00
7.050000e-01 1.101115e+01
7.100000e-01 1.214452e+01
7.150000e-01 1.339559e+01
7.200000e-01 1.477640e+01
7.250000e-01 1.630016e+01
7.300000e-01 1.798147e+01
7.350000e-01 1.983648e+01
7.400000e-01 2.188300e+01
7.450000e-01 2.414055e+01
7.500000e-01 2.663068e+01
7.550000e-01 2.937729e+01
7.600000e-01 3.240683e+01
7.650000e-01 3.574844e+01
7.700000e-01 3.943424e+01
7.750000e-01 4.349974e+01
7.800000e-01 4.798414e+01
7.850000e-01 5.293083e+01
7.900000e-01 5.838768e+01
7.950000e-01 6.440750e+01
8.000000e-01 7.104860e+01
8.050000e-01 7.837522e+01
8.100000e-01 8.645837e+01
8.150000e-01 9.537652e+01
8.200000e-01 1.052161e+02
8.250000e-01 1.160724e+02
8.300000e-01 1.280505e+02
8.350000e-01 1.412665e+02
8.400000e-01 1.558484e+02
8.450000e-01 1.719374e+02
8.500000e-01 1.896892e+02
8.550000e-01 2.092754e+02
8.600000e-01 2.308856e+02
8.650000e-01 2.547287e+02
8.700000e-01 2.810354e+02
8.750000e-01 3.100600e+02
8.800000e-01 3.420831e+02
8.850000e-01 3.774142e+02
8.900000e-01 4.163948e+02
8.950000e-01 4.594017e+02
9.000000e-01 5.068506e+02
9.050000e-01 5.592001e+02
9.100000e-01 6.169564e+02
9.150000e-01 6.806779e+02
9.200000e-01 7.509805e+02
9.250000e-01 8.285438e+02
9.300000e-01 9.141179e+02
9.350000e-01 1.008530e+03
9.400000e-01 1.112694e+03
9.450000e-01 1.227616e+03
9.500000e-01 1.354408e+03
9.550000e-01 1.494297e+03
9.600000e-01 1.648634e+03
9.650000e-01 1.818913e+03
9.700000e-01 2.006781e+03
9.750000e-01 2.214054e+03
9.800000e-01 2.442737e+03
9.850000e-01 2.695043e+03
9.900000e-01 2.973410e+03
9.950000e-01 3.280532e+03
1 3.619378e+03
1.005000e+00 3.993226e+03
1.010000e+00 4.405690e+03
1.015000e+00 4.860761e+03
1.020000e+00 5.362838e+03
1.025000e+00 5.916777e+03
1.030000e+00 6.527935e+03
1.035000e+00 7.202222e+03
1.040000e+00 7.946159e+03
1.045000e+00 8.766939e+03
1.050000e+00 9.672501e+03
1.055000e+00 1.067160e+04
1.060000e+00 1.177390e+04
1.065000e+00 1.299006e+04
1.070000e+00 1.433184e+04
1.075000e+00 1.581222e+04
1.080000e+00 1.744551e+04
1.085000e+00 1.924751e+04
1.090000e+00 2.123564e+04
1.095000e+00 2.342912e+04
1.100000e+00 2.584919e+04
1.105000e+00 2.851922e+04
1.110000e+00 3.146506e+04
1.115000e+00 3.471517e+04
1.120000e+00 3.830101e+04
1.125000e+00 4.225724e+04
1.130000e+00 4.662211e+04
1.135000e+00 5.143786e+04
1.140000e+00 5.675103e+04
1.145000e+00 6.261303e+04
1.150000e+00 6.908052e+04
1.155000e+00 7.621607e+04
1.160000e+00 8.408868e+04
1.165000e+00 9.277448e+04
1.170000e+00 1.023575e+05
1.175000e+00 1.129303e+05
1.180000e+00 1.245952e+05
1.185000e+00 1.374651e+05
1.190000e+00 1.516643e+05
1.195000e+00 1.673303e+05
1.200000e+00 1.846144e+05
1.205000e+00 2.036838e+05
1.210000e+00 2.247230e+05
1.215000e+00 2.479354e+05
1.220000e+00 2.735455e+05
1.225000e+00 3.018009e+05
1.230000e+00 3.329749e+05
1.235000e+00 3.673690e+05
1.240000e+00 4.053158e+05
1.245000e+00 4.471823e+05
1.250000e+00 4.933732e+05
1.255000e+00 5.443354e+05
1.260000e+00 6.005617e+05
1.265000e+00 6.625957e+05
1.270000e+00 7.310375e+05
1.275000e+00 8.065488e+05
1.280000e+00 8.898599e+05
1.285000e+00 9.817766e+05
1.290000e+00 1.083188e+06
1.295000e+00 1.195074e+06
1.300000e+00 1.318517e+06
1.305000e+00 1.454711e+06
1.310000e+00 1.604973e+06
1.315000e+00 1.770756e+06
1.320000e+00 1.953664e+06
1.325000e+00 2.155464e+06
1.330000e+00 2.378109e+06
1.335000e+00 2.623752e+06
1.340000e+00 2.894769e+06
1.345000e+00 3.193779e+06
1.350000e+00 3.523675e+06
1.355000e+00 3.887648e+06
1.360000e+00 4.289216e+06
1.365000e+00 4.732264e+06
1.370000e+00 5.221076e+06
1.375000e+00 5.760378e+06
1.380000e+00 6.355387e+06
1.385000e+00 7.011857e+06
1.390000e+00 7.736136e+06
1.395000e+00 8.535228e+06
1.400000e+00 9.416860e+06
1.405000e+00 1.038956e+07
1.410000e+00 1.146273e+07
1.415000e+00 1.264676e+07
1.420000e+00 1.395308e+07
1.425000e+00 1.539435e+07
1.430000e+00 1.698448e+07
1.435000e+00 1.873886e+07
1.440000e+00 2.067447e+07
1.445000e+00 2.281000e+07
1.450000e+00 2.516612e+07
1.455000e+00 2.776562e+07
1.460000e+00 3.063362e+07
1.465000e+00 3.379787e+07
1.470000e+00 3.728897e+07
1.475000e+00 4.114068e+07
1.480000e+00 4.539024e+07
1.485000e+00 5.007875e+07
1.490000e+00 5.525155e+07
1.495000e+00 6.095867e+07
1.500000e+00 6.725530e+07
1.505000e+00 7.420233e+07
1.510000e+00 8.186694e+07
1.515000e+00 9.032326e+07
1.520000e+00 9.965305e+07
1.525000e+00 1.099466e+08
1.530000e+00 1.213033e+08
1.535000e+00 1.338331e+08
1.540000e+00 1.476572e+08
1.545000e+00 1.629092e+08
1.550000e+00 1.797367e+08
1.555000e+00 1.983023e+08
1.560000e+00 2.187856e+08
1.565000e+00 2.413847e+08
1.570000e+00 2.663182e+08
1.575000e+00 2.938271e+08
1.580000e+00 3.241775e+08
1.585000e+00 3.576629e+08
1.590000e+00 3.946071e+08
1.595000e+00 4.353674e+08
1.600000e+00 4.803380e+08
1.605000e+00 5.299537e+08
1.610000e+00 5.846945e+08
1.615000e+00 6.450895e+08
1.620000e+00 7.117230e+08
1.625000e+00 7.852393e+08
1.630000e+00 8.663493e+08
1.635000e+00 9.558375e+08
1.640000e+00 1.054569e+09
1.645000e+00 1.163499e+09
1.650000e+00 1.283681e+09
1.655000e+00 1.416277e+09
1.660000e+00 1.562569e+09
1.665000e+00 1.723972e+09
1.670000e+00 1.902047e+09
1.675000e+00 2.098516e+09
1.680000e+00 2.315279e+09
1.685000e+00 2.554432e+09
1.690000e+00 2.818288e+09
1.695000e+00 3.109398e+09
1.700000e+00 3.430578e+09
1.705000e+00 3.784935e+09
1.710000e+00 4.175893e+09
1.715000e+00 4.607236e+09
1.720000e+00 5.083133e+09
1.725000e+00 5.608187e+09
1.730000e+00 6.187475e+09
1.735000e+00 6.826601e+09
1.740000e+00 7.531743e+09
1.745000e+00 8.309723e+09
1.750000e+00 9.168063e+09
1.755000e+00 1.011506e+10
1.760000e+00 1.115988e+10
1.765000e+00 1.231262e+10
1.770000e+00 1.358444e+10
1.775000e+00 1.498762e+10
1.780000e+00 1.653574e+10
1.785000e+00 1.824377e+10
1.790000e+00 2.012824e+10
1.795000e+00 2.220735e+10
1.800000e+00 2.450122e+10
1.805000e+00 2.703204e+10
1.810000e+00 2.982427e+10
1.815000e+00 3.290492e+10
1.820000e+00 3.630378e+10
1.825000e+00 4.005372e+10
1.830000e+00 4.419101e+10
1.835000e+00 4.875565e+10
1.840000e+00 5.379178e+10
1.845000e+00 5.934812e+10
1.850000e+00 6.547839e+10
1.855000e+00 7.224187e+10
1.860000e+00 7.970398e+10
1.865000e+00 8.793688e+10
1.870000e+00 9.702018e+10
1.875000e+00 1.070417e+11
1.880000e+00 1.180984e+11
1.885000e+00 1.302972e+11
1.890000e+00 1.437561e+11
1.895000e+00 1.586051e+11
1.900000e+00 1.749880e+11
1.905000e+00 1.930631e+11
1.910000e+00 2.130052e+11
1.915000e+00 2.350073e+11
1.920000e+00 2.592820e+11
1.925000e+00 2.860641e+11
1.930000e+00 3.156126e+11
1.935000e+00 3.482133e+11
1.940000e+00 3.841814e+11
1.945000e+00 4.238648e+11
1.950000e+00 4.676473e+11
1.955000e+00 5.159521e+11
1.960000e+00 5.692466e+11
1.965000e+00 6.280460e+11
1.970000e+00 6.929190e+11
1.975000e+00 7.644930e+11
1.980000e+00 8.434601e+11
1.985000e+00 9.305839e+11
1.990000e+00 1.026707e+12
1.995000e+00 1.132759e+12
2 1.249766e+12
2.005000e+00 1.378858e+12
2.010000e+00 1.521285e+12
2.015000e+00 1.678424e+12
2.020000e+00 1.851794e+12
2.025000e+00 2.043072e+12
2.030000e+00 2.254108e+12
2.035000e+00 2.486943e+12
2.040000e+00 2.743827e+12
2.045000e+00 3.027247e+12
2.050000e+00 3.339941e+12
2.055000e+00 3.684935e+12
2.060000e+00 4.065565e+12
2.065000e+00 4.485511e+12
2.070000e+00 4.948834e+12
2.075000e+00 5.460016e+12
2.080000e+00 6.024000e+12
2.085000e+00 6.646239e+12
2.090000e+00 7.332752e+12
2.095000e+00 8.090177e+12
2.100000e+00 8.925839e+12
2.105000e+00 9.847819e+12
2.110000e+00 1.086503e+13
2.115000e+00 1.198732e+13
2.120000e+00 1.322553e+13
2.125000e+00 1.459164e+13
2.130000e+00 1.609886e+13
2.135000e+00 1.776177e+13
2.140000e+00 1.959644e+13
2.145000e+00 2.162062e+13
2.150000e+00 2.385389e+13
2.155000e+00 2.631784e+13
2.160000e+00 2.903630e+13
2.165000e+00 32035558801220
2.170000e+00 3.534462e+13
2.175000e+00 3.899549e+13
2.180000e+00 4.302346e+13
2.185000e+00 4.746750e+13
2.190000e+00 5.237058e+13
2.195000e+00 5.778012e+13
2.200000e+00 6.374842e+13
2.205000e+00 7.033322e+13
2.210000e+00 7.759817e+13
2.215000e+00 8.561355e+13
2.220000e+00 9.445687e+13
2.225000e+00 1.042136e+14
2.230000e+00 1.149782e+14
2.235000e+00 1.268547e+14
2.240000e+00 1.399580e+14
2.245000e+00 1.544147e+14
2.250000e+00 1.703647e+14
2.255000e+00 1.879623e+14
2.260000e+00 2.073775e+14
2.265000e+00 2.287983e+14
2.270000e+00 2.524316e+14
2.275000e+00 2.785061e+14
2.280000e+00 3.072740e+14
2.285000e+00 3.390134e+14
2.290000e+00 3.740312e+14
2.295000e+00 4.126662e+14
2.300000e+00 4.552919e+14
2.305000e+00 5.023205e+14
2.310000e+00 5.542069e+14
2.315000e+00 611452801743471
2.320000e+00 6.746118e+14
2.325000e+00 7.442948e+14
2.330000e+00 8.211755e+14
2.335000e+00 9.059975e+14
2.340000e+00 9.995811e+14
2.345000e+00 1.102831e+15
2.350000e+00 1.216746e+15
2.355000e+00 1.342428e+15
2.360000e+00 1.481092e+15
2.365000e+00 1.634079e+15
2.370000e+00 1.802869e+15
2.375000e+00 1.989093e+15
2.380000e+00 2194553669439914
2.385000e+00 2.421237e+15
2.390000e+00 2.671334e+15
2.395000e+00 2947265568144905
2.400000e+00 3251698651354252
2.405000e+00 3.587578e+15
2.410000e+00 3.958151e+15
2.415000e+00 4367001607002952
2.420000e+00 4818084063552247
2.425000e+00 5315760372097286
2.430000e+00 5864843374639578
2.435000e+00 6470643010211701
2.440000e+00 7139017711112645
2.445000e+00 7876431106351002
2.450000e+00 8690014460545779
2.455000e+00 9587635611228626
2.460000e+00 10577975093623158
2.465000e+00 11670610154897498
2.470000e+00 12876107270833682
2.475000e+00 14206124223877938
2.480000e+00 15673523050009454
2.485000e+00 17292494499172096
2.490000e+00 19078695056101036
2.495000e+00 21049398346263948
2.500000e+00 23223662322322956
2.505000e+00 25622513478191304
2.510000e+00 28269150199759640
2.515000e+00 31189167090875608
2.520000e+00 34410802356344356
2.525000e+00 37965211178513808
2.530000e+00 41886767102694656
2.535000e+00 46213394064838040
2.540000e+00 50986932951135592
2.545000e+00 56253546715270584
2.550000e+00 62064167018751720
2.555000e+00 68474985985362648
2.560000e+00 75547999872176048
2.565000e+00 83351609223009488
2.570000e+00 91961279820948064
2.575000e+00 101460272647904560
2.580000e+00 111940448800046496
2.585000e+00 123503157392927552
2.590000e+00 136260217442058272
2.595000e+00 150334999006843456
2.600000e+00 165863613355481952
2.605000e+00 182996230324942432
2.610000e+00 201898533603922784
2.615000e+00 222753320964307584
2.620000e+00 245762269983590304
2.625000e+00 271147891383324288
2.630000e+00 299155679616333760
2.635000e+00 330056484793678656
2.640000e+00 364149139025856576
2.645000e+00 401763344121409344
2.650000e+00 443262850546035968
2.655000e+00 489048979889347200
2.660000e+00 539564511349061248
2.665000e+00 595297963947202432
2.670000e+00 656788317861344256
2.675000e+00 724630221041434368
2.680000e+00 799479741196292608
2.685000e+00 882060719005944320
2.690000e+00 973171768448844416
2.695000e+00 1073693992231689472
2.700000e+00 1184599503039134464
2.705000e+00 1306960819609264640
2.710000e+00 1441961245600419072
2.715000e+00 1590906322980157184
2.720000e+00 1755236442367100160
2.725000e+00 1936540776060242432
2.730000e+00 2136572659997548544
2.735000e+00 2357266532941183488
2.740000e+00 2600756627873068544
2.745000e+00 2869397628069410816
2.750000e+00 3165787466897458176
2.755000e+00 3492792440261350400
2.760000e+00 3853574881476384768
2.765000e+00 4251623756437435392
2.770000e+00 4690788435056368640
2.775000e+00 5175315903281763328
2.780000e+00 5709891845688892416
2.785000e+00 6299685976533623808
2.790000e+00 6950401987455552512
2.795000e+00 7668332663327265792
2.800000e+00 8460420816276500480
2.805000e+00 9.334326e+18
2.810000e+00 1.029850e+19
2.815000e+00 1.136227e+19
2.820000e+00 1.253592e+19
2.825000e+00 1.383079e+19
2.830000e+00 1.525942e+19
2.835000e+00 1.683562e+19
2.840000e+00 1.857463e+19
2.845000e+00 2.049326e+19
2.850000e+00 2.261008e+19
2.855000e+00 2.494556e+19
2.860000e+00 2.752227e+19
2.865000e+00 3.036514e+19
2.870000e+00 3.350165e+19
2.875000e+00 3.696215e+19
2.880000e+00 4.078010e+19
2.885000e+00 4.499242e+19
2.890000e+00 4.963984e+19
2.895000e+00 5.476730e+19
2.900000e+00 6.042440e+19
2.905000e+00 6.666585e+19
2.910000e+00 7.355199e+19
2.915000e+00 8.114943e+19
2.920000e+00 8.953163e+19
2.925000e+00 9.877965e+19
2.930000e+00 1.089829e+20
2.935000e+00 1.202402e+20
2.940000e+00 1.326602e+20
2.945000e+00 1.463631e+20
2.950000e+00 1.614814e+20
2.955000e+00 1.781614e+20
2.960000e+00 1.965643e+20
2.965000e+00 2.168681e+20
2.970000e+00 2.392691e+20
2.975000e+00 2.639841e+20
2.980000e+00 2.912519e+20
2.985000e+00 3.213363e+20
2.990000e+00 3.545282e+20
2.995000e+00 3.911486e+20
3 4.315517e+20
