T X
0 0
5.000000e-03 6.194073e-07
1.000000e-02 5.231487e-06
1.500000e-02 1.873563e-05
2.000000e-02 3.869375e-05
2.500000e-02 5.794907e-05
3.000000e-02 8.123318e-05
3.500000e-02 1.102481e-04
4.000000e-02 1.194094e-04
4.500000e-02 8.381666e-05
5.000000e-02 1.688924e-06
5.500000e-02 -1.263346e-04
6.000000e-02 -3.112020e-04
6.500000e-02 -5.699019e-04
7.000000e-02 -8.978125e-04
7.500000e-02 -1.270036e-03
8.000000e-02 -1.678098e-03
8.500000e-02 -2.122798e-03
9.000000e-02 -2.605694e-03
9.500000e-02 -3.128177e-03
1.000000e-01 -3.682709e-03
1.050000e-01 -4.257995e-03
1.100000e-01 -4.836615e-03
1.150000e-01 -5.444003e-03
1.200000e-01 -6.122089e-03
1.250000e-01 -6.843028e-03
1.300000e-01 -7.605016e-03
1.350000e-01 -8.445999e-03
1.400000e-01 -9.360817e-03
1.450000e-01 -1.036777e-02
1.500000e-01 -1.150669e-02
1.550000e-01 -1.277207e-02
1.600000e-01 -1.410192e-02
1.650000e-01 -1.549045e-02
1.700000e-01 -1.712165e-02
1.750000e-01 -1.915855e-02
1.800000e-01 -2.149131e-02
1.850000e-01 -2.386873e-02
1.900000e-01 -2.621375e-02
1.950000e-01 -2.869471e-02
2.000000e-01 -3.147379e-02
2.050000e-01 -3.466752e-02
2.100000e-01 -3.846342e-02
2.150000e-01 -4.293462e-02
2.200000e-01 -4.795043e-02
2.250000e-01 -5.344251e-02
2.300000e-01 -5.944200e-02
2.350000e-01 -6.582969e-02
2.400000e-01 -7.251705e-02
2.450000e-01 -7.964242e-02
2.500000e-01 -8.730317e-02
2.550000e-01 -9.562871e-02
2.600000e-01 -1.048777e-01
2.650000e-01 -1.152310e-01
2.700000e-01 -1.269246e-01
2.750000e-01 -1.402085e-01
2.800000e-01 -1.552004e-01
2.850000e-01 -1.720622e-01
2.900000e-01 -1.908601e-01
2.950000e-01 -2.115770e-01
3.000000e-01 -2.343968e-01
3.050000e-01 -2.594615e-01
3.100000e-01 -2.867950e-01
3.150000e-01 -3.165940e-01
3.200000e-01 -3.490924e-01
3.250000e-01 -3.844966e-01
3.300000e-01 -4.231670e-01
3.350000e-01 -4.654942e-01
3.400000e-01 -5.118795e-01
3.450000e-01 -5.628355e-01
3.500000e-01 -6.189675e-01
3.550000e-01 -6.809584e-01
3.600000e-01 -7.494727e-01
3.650000e-01 -8.252278e-01
3.700000e-01 -9.091305e-01
3.750000e-01 -1.002169e+00
3.800000e-01 -1.105271e+00
3.850000e-01 -1.219509e+00
3.900000e-01 -1.346115e+00
3.950000e-01 -1.486175e+00
4.000000e-01 -1.641050e+00
4.050000e-01 -1.812401e+00
4.100000e-01 -2.001858e+00
4.150000e-01 -2.211199e+00
4.200000e-01 -2.442311e+00
4.250000e-01 -2.697419e+00
4.300000e-01 -2.979018e+00
4.350000e-01 -3.289647e+00
4.400000e-01 -3.632134e+00
4.450000e-01 -4.009718e+00
4.500000e-01 -4.426057e+00
4.550000e-01 -4.884939e+00
4.600000e-01 -5.390628e+00
4.650000e-01 -5.948027e+00
4.700000e-01 -6.562280e+00
4.750000e-01 -7.239195e+00
4.800000e-01 -7.985339e+00
4.850000e-01 -8.807921e+00
4.900000e-01 -9.714887e+00
4.950000e-01 -1.071505e+01
5.000000e-01 -1.181818e+01
5.050000e-01 -1.303491e+01
5.100000e-01 -1.437700e+01
5.150000e-01 -1.585757e+01
5.200000e-01 -1.749112e+01
5.250000e-01 -1.929368e+01
5.300000e-01 -2.128279e+01
5.350000e-01 -2.347774e+01
5.400000e-01 -2.589988e+01
5.450000e-01 -2.857278e+01
5.500000e-01 -3.152242e+01
5.550000e-01 -3.477744e+01
5.600000e-01 -3.836937e+01
5.650000e-01 -4.233300e+01
5.700000e-01 -4.670666e+01
5.750000e-01 -5.153265e+01
5.800000e-01 -5.685759e+01
5.850000e-01 -6.273286e+01
5.900000e-01 -6.921522e+01
5.950000e-01 -7.636728e+01
6.000000e-01 -8.425799e+01
6.050000e-01 -9.296361e+01
6.100000e-01 -1.025683e+02
6.150000e-01 -1.131646e+02
6.200000e-01 -1.248548e+02
6.250000e-01 -1.377520e+02
6.300000e-01 -1.519809e+02
6.350000e-01 -1.676790e+02
6.400000e-01 -1.849981e+02
6.450000e-01 -2.041057e+02
6.500000e-01 -2.251866e+02
6.550000e-01 -2.484447e+02
6.600000e-01 -2.741048e+02
6.650000e-01 -3.024152e+02
6.700000e-01 -3.336501e+02
6.750000e-01 -3.681113e+02
6.800000e-01 -4.061323e+02
6.850000e-01 -4.480807e+02
6.900000e-01 -4.943625e+02
6.950000e-01 -5.454254e+02
7.000000e-01 -6.017635e+02
7.050000e-01 -6.639215e+02
7.100000e-01 -7.325006e+02
7.150000e-01 -8.081641e+02
7.200000e-01 -8.916441e+02
7.250000e-01 -9.837476e+02
7.300000e-01 -1.085365e+03
7.350000e-01 -1.197480e+03
7.400000e-01 -1.321176e+03
7.450000e-01 -1.457649e+03
7.500000e-01 -1.608219e+03
7.550000e-01 -1.774342e+03
7.600000e-01 -1.957625e+03
7.650000e-01 -2.159839e+03
7.700000e-01 -2.382940e+03
7.750000e-01 -2.629086e+03
7.800000e-01 -2.900657e+03
7.850000e-01 -3.200278e+03
7.900000e-01 -3.530848e+03
7.950000e-01 -3.895562e+03
8.000000e-01 -4.297949e+03
8.050000e-01 -4.741899e+03
8.100000e-01 -5.231706e+03
8.150000e-01 -5.772107e+03
8.200000e-01 -6.368327e+03
8.250000e-01 -7.026132e+03
8.300000e-01 -7.751884e+03
8.350000e-01 -8.552602e+03
8.400000e-01 -9.436029e+03
8.450000e-01 -1.041071e+04
8.500000e-01 -1.148607e+04
8.550000e-01 -1.267250e+04
8.600000e-01 -1.398149e+04
8.650000e-01 -1.542569e+04
8.700000e-01 -1.701907e+04
8.750000e-01 -1.877703e+04
8.800000e-01 -2.071658e+04
8.850000e-01 -2.285647e+04
8.900000e-01 -2.521740e+04
8.950000e-01 -2.782219e+04
9.000000e-01 -3.069605e+04
9.050000e-01 -3.386676e+04
9.100000e-01 -3.736497e+04
9.150000e-01 -4.122454e+04
9.200000e-01 -4.548277e+04
9.250000e-01 -5.018085e+04
9.300000e-01 -5.536420e+04
9.350000e-01 -6.108297e+04
9.400000e-01 -6.739244e+04
9.450000e-01 -7.435364e+04
9.500000e-01 -8.203388e+04
9.550000e-01 -9.050745e+04
9.600000e-01 -9.985627e+04
9.650000e-01 -1.101708e+05
9.700000e-01 -1.215507e+05
9.750000e-01 -1.341061e+05
9.800000e-01 -1.479584e+05
9.850000e-01 -1.632415e+05
9.900000e-01 -1.801032e+05
9.950000e-01 -1.987067e+05
1 -2.192318e+05
1.005000e+00 -2.418770e+05
1.010000e+00 -2.668613e+05
1.015000e+00 -2.944264e+05
1.020000e+00 -3.248387e+05
1.025000e+00 -3.583924e+05
1.030000e+00 -3.954119e+05
1.035000e+00 -4.362554e+05
1.040000e+00 -4.813177e+05
1.045000e+00 -5.310346e+05
1.050000e+00 -5.858870e+05
1.055000e+00 -6.464053e+05
1.060000e+00 -7.131747e+05
1.065000e+00 -7.868410e+05
1.070000e+00 -8.681165e+05
1.075000e+00 -9.577872e+05
1.080000e+00 -1.056720e+06
1.085000e+00 -1.165873e+06
1.090000e+00 -1.286299e+06
1.095000e+00 -1.419166e+06
1.100000e+00 -1.565756e+06
1.105000e+00 -1.727489e+06
1.110000e+00 -1.905927e+06
1.115000e+00 -2.102796e+06
1.120000e+00 -2.320001e+06
1.125000e+00 -2.559642e+06
1.130000e+00 -2.824036e+06
1.135000e+00 -3.115741e+06
1.140000e+00 -3.437576e+06
1.145000e+00 -3.792655e+06
1.150000e+00 -4.184411e+06
1.155000e+00 -4.616633e+06
1.160000e+00 -5.093501e+06
1.165000e+00 -5.619626e+06
1.170000e+00 -6.200097e+06
1.175000e+00 -6.840526e+06
1.180000e+00 -7.547107e+06
1.185000e+00 -8.326673e+06
1.190000e+00 -9.186764e+06
1.195000e+00 -1.013570e+07
1.200000e+00 -1.118265e+07
1.205000e+00 -1.233774e+07
1.210000e+00 -1.361215e+07
1.215000e+00 -1.501819e+07
1.220000e+00 -1.656947e+07
1.225000e+00 -1.828099e+07
1.230000e+00 -2.016929e+07
1.235000e+00 -2.225265e+07
1.240000e+00 -2.455120e+07
1.245000e+00 -2.708718e+07
1.250000e+00 -2.988511e+07
1.255000e+00 -3.297204e+07
1.260000e+00 -3.637783e+07
1.265000e+00 -4.013542e+07
1.270000e+00 -4.428115e+07
1.275000e+00 -4.885510e+07
1.280000e+00 -5.390151e+07
1.285000e+00 -5.946918e+07
1.290000e+00 -6.561195e+07
1.295000e+00 -7.238923e+07
1.300000e+00 -7.986656e+07
1.305000e+00 -8.811625e+07
1.310000e+00 -9.721808e+07
1.315000e+00 -1.072601e+08
1.320000e+00 -1.183393e+08
1.325000e+00 -1.305630e+08
1.330000e+00 -1.440493e+08
1.335000e+00 -1.589286e+08
1.340000e+00 -1.753449e+08
1.345000e+00 -1.934569e+08
1.350000e+00 -2.134397e+08
1.355000e+00 -2.354866e+08
1.360000e+00 -2.598108e+08
1.365000e+00 -2.866476e+08
1.370000e+00 -3.162564e+08
1.375000e+00 -3.489236e+08
1.380000e+00 -3.849651e+08
1.385000e+00 -4.247294e+08
1.390000e+00 -4.686012e+08
1.395000e+00 -5.170046e+08
1.400000e+00 -5.704078e+08
1.405000e+00 -6.293271e+08
1.410000e+00 -6.943325e+08
1.415000e+00 -7.660524e+08
1.420000e+00 -8.451806e+08
1.425000e+00 -9.324822e+08
1.430000e+00 -1.028801e+09
1.435000e+00 -1.135070e+09
1.440000e+00 -1.252315e+09
1.445000e+00 -1.381671e+09
1.450000e+00 -1.524388e+09
1.455000e+00 -1.681848e+09
1.460000e+00 -1.855571e+09
1.465000e+00 -2.047240e+09
1.470000e+00 -2.258706e+09
1.475000e+00 -2.492016e+09
1.480000e+00 -2.749424e+09
1.485000e+00 -3.033422e+09
1.490000e+00 -3.346754e+09
1.495000e+00 -3.692452e+09
1.500000e+00 -4.073858e+09
1.505000e+00 -4.494660e+09
1.510000e+00 -4.958929e+09
1.515000e+00 -5.471154e+09
1.520000e+00 -6.036288e+09
1.525000e+00 -6.659796e+09
1.530000e+00 -7.347709e+09
1.535000e+00 -8.106679e+09
1.540000e+00 -8.944046e+09
1.545000e+00 -9.867907e+09
1.550000e+00 -1.088720e+10
1.555000e+00 -1.201177e+10
1.560000e+00 -1.325251e+10
1.565000e+00 -1.462141e+10
1.570000e+00 -1.613170e+10
1.575000e+00 -1.779800e+10
1.580000e+00 -1.963641e+10
1.585000e+00 -2.166473e+10
1.590000e+00 -2.390255e+10
1.595000e+00 -2.637152e+10
1.600000e+00 -2.909553e+10
1.605000e+00 -3.210091e+10
1.610000e+00 -3.541672e+10
1.615000e+00 -3.907503e+10
1.620000e+00 -4.311122e+10
1.625000e+00 -4.756433e+10
1.630000e+00 -5.247741e+10
1.635000e+00 -5.789798e+10
1.640000e+00 -6.387846e+10
1.645000e+00 -7.047668e+10
1.650000e+00 -7.775646e+10
1.655000e+00 -8.578819e+10
1.660000e+00 -9.464954e+10
1.665000e+00 -1.044262e+11
1.670000e+00 -1.152128e+11
1.675000e+00 -1.271135e+11
1.680000e+00 -1.402435e+11
1.685000e+00 -1.547297e+11
1.690000e+00 -1.707122e+11
1.695000e+00 -1.883457e+11
1.700000e+00 -2.078005e+11
1.705000e+00 -2.292650e+11
1.710000e+00 -2.529465e+11
1.715000e+00 -2.790742e+11
1.720000e+00 -3.079008e+11
1.725000e+00 -3.397049e+11
1.730000e+00 -3.747942e+11
1.735000e+00 -4.135079e+11
1.740000e+00 -4.562206e+11
1.745000e+00 -5.033451e+11
1.750000e+00 -5.553374e+11
1.755000e+00 -6.127000e+11
1.760000e+00 -6.759879e+11
1.765000e+00 -7.458130e+11
1.770000e+00 -8.228506e+11
1.775000e+00 -9.078456e+11
1.780000e+00 -1.001620e+12
1.785000e+00 -1.105081e+12
1.790000e+00 -1.219228e+12
1.795000e+00 -1.345167e+12
1.800000e+00 -1.484113e+12
1.805000e+00 -1.637413e+12
1.810000e+00 -1.806546e+12
1.815000e+00 -1.993151e+12
1.820000e+00 -2.199030e+12
1.825000e+00 -2.426175e+12
1.830000e+00 -2.676783e+12
1.835000e+00 -2.953277e+12
1.840000e+00 -3.258332e+12
1.845000e+00 -3.594896e+12
1.850000e+00 -3.966225e+12
1.855000e+00 -4.375909e+12
1.860000e+00 -4.827912e+12
1.865000e+00 -5.326604e+12
1.870000e+00 -5.876807e+12
1.875000e+00 -6.483842e+12
1.880000e+00 -7.153580e+12
1.885000e+00 -7.892498e+12
1.890000e+00 -8.707740e+12
1.895000e+00 -9.607193e+12
1.900000e+00 -1.059955e+13
1.905000e+00 -1.169442e+13
1.910000e+00 -1.290237e+13
1.915000e+00 -1.423510e+13
1.920000e+00 -1.570549e+13
1.925000e+00 -1.732777e+13
1.930000e+00 -1.911761e+13
1.935000e+00 -2.109234e+13
1.940000e+00 -2.327103e+13
1.945000e+00 -2.567478e+13
1.950000e+00 -2.832681e+13
1.955000e+00 -3.125279e+13
1.960000e+00 -3.448099e+13
1.965000e+00 -3.804265e+13
1.970000e+00 -4.197221e+13
1.975000e+00 -4.630766e+13
1.980000e+00 -5.109094e+13
1.985000e+00 -5.636829e+13
1.990000e+00 -6.219076e+13
1.995000e+00 -6.861466e+13
2 -7.570210e+13
2.005000e+00 -8.352163e+13
2.010000e+00 -9.214886e+13
2.015000e+00 -1.016672e+14
2.020000e+00 -1.121688e+14
2.025000e+00 -1.237551e+14
2.030000e+00 -136538165680878
2.035000e+00 -1.506417e+14
2.040000e+00 -1.662019e+14
2.045000e+00 -1.833695e+14
2.050000e+00 -2.023104e+14
2.055000e+00 -2.232077e+14
2.060000e+00 -2.462636e+14
2.065000e+00 -2.717010e+14
2.070000e+00 -299765902426817
2.075000e+00 -3.307297e+14
2.080000e+00 -3.648919e+14
2.085000e+00 -4.025829e+14
2.090000e+00 -4.441670e+14
2.095000e+00 -4.900466e+14
2.100000e+00 -5.406651e+14
2.105000e+00 -5.965123e+14
2.110000e+00 -6.581280e+14
2.115000e+00 -7.261083e+14
2.120000e+00 -8.011105e+14
2.125000e+00 -8.838600e+14
2.130000e+00 -9.751569e+14
2.135000e+00 -1.075884e+15
2.140000e+00 -1187015868085262
2.145000e+00 -1.309627e+15
2.150000e+00 -1.444903e+15
2.155000e+00 -1594151482573778
2.160000e+00 -1.758817e+15
2.165000e+00 -1940490984214107
2.170000e+00 -2.140931e+15
2.175000e+00 -2362074935455003
2.180000e+00 -2.606062e+15
2.185000e+00 -2.875251e+15
2.190000e+00 -3.172245e+15
2.195000e+00 -3.499917e+15
2.200000e+00 -3861435419642488
2.205000e+00 -4260296220152705
2.210000e+00 -4700356709880564
2.215000e+00 -5185872544975715
2.220000e+00 -5721538962434265
2.225000e+00 -6312536186558595
2.230000e+00 -6964579524495061
2.235000e+00 -7683974636095853
2.240000e+00 -8477678515471787
2.245000e+00 -9353366769794172
2.250000e+00 -10319507843673704
2.255000e+00 -11385444915217222
2.260000e+00 -12561486252832432
2.265000e+00 -13859004901013112
2.270000e+00 -15290548664662656
2.275000e+00 -16869961453826992
2.280000e+00 -18612517162086944
2.285000e+00 -20535067376690200
2.290000e+00 -22656204342420424
2.295000e+00 -24996440760900872
2.300000e+00 -27578408161825192
2.305000e+00 -30427075760521820
2.310000e+00 -33569991928160848
2.315000e+00 -37037550599723056
2.320000e+00 -40863285200874736
2.325000e+00 -45084192940987576
2.330000e+00 -49741092601413104
2.335000e+00 -54879019266550928
2.340000e+00 -60547659851229904
2.345000e+00 -66801833612562792
2.350000e+00 -73702022257746224
2.355000e+00 -81314954861639296
2.360000e+00 -89714253175418352
2.365000e+00 -98981143579129344
2.370000e+00 -109205242618590640
2.375000e+00 -120485423621635760
2.380000e+00 -132930772885843792
2.385000e+00 -146661644629499648
2.390000e+00 -161810824838322848
2.395000e+00 -178524815411824000
2.400000e+00 -196965250929193312
2.405000e+00 -217310461751362848
2.410000e+00 -239757198597015712
2.415000e+00 -264522535260583360
2.420000e+00 -291845967826943872
2.425000e+00 -321991730683910784
2.430000e+00 -355251351907702464
2.435000e+00 -391946472567664192
2.440000e+00 -432431957106525376
2.445000e+00 -477099325039604224
2.450000e+00 -526380537338145792
2.455000e+00 -580752173722871552
2.460000e+00 -640740041383233792
2.465000e+00 -706924259982317824
2.470000e+00 -779944871648896256
2.475000e+00 -860508030680123136
2.480000e+00 -949392832507416576
2.485000e+00 -1047458847942440960
2.490000e+00 -1155654435797459712
2.495000e+00 -1275025913910525440
2.500000e+00 -1406727678063699200
2.505000e+00 -1552033365536338432
2.510000e+00 -1712348171678838016
2.515000e+00 -1889222439533927424
2.520000e+00 -2084366652216247808
2.525000e+00 -2299667974268113408
2.530000e+00 -2537208502294529536
2.535000e+00 -2799285399720117248
2.540000e+00 -3088433111540344832
2.545000e+00 -3407447874080235008
2.550000e+00 -3759414756773789184
2.555000e+00 -4147737496324120064
2.560000e+00 -4576171412610781184
2.565000e+00 -5048859725637065728
2.570000e+00 -5570373622190731264
2.575000e+00 -6145756462928629760
2.580000e+00 -6780572555174237184
2.585000e+00 -7480960961334539264
2.590000e+00 -8253694868332851200
2.595000e+00 -9106247088821538816
2.600000e+00 -1.004686e+19
2.605000e+00 -1.108464e+19
2.610000e+00 -1.222961e+19
2.615000e+00 -1.349284e+19
2.620000e+00 -1.488657e+19
2.625000e+00 -1.642425e+19
2.630000e+00 -1.812077e+19
2.635000e+00 -1.999252e+19
2.640000e+00 -2.205762e+19
2.645000e+00 -2.433602e+19
2.650000e+00 -2.684978e+19
2.655000e+00 -2.962318e+19
2.660000e+00 -3.268306e+19
2.665000e+00 -3.605900e+19
2.670000e+00 -3.978366e+19
2.675000e+00 -4.389305e+19
2.680000e+00 -4.842691e+19
2.685000e+00 -5.342909e+19
2.690000e+00 -5.894797e+19
2.695000e+00 -6.503690e+19
2.700000e+00 -7.175479e+19
2.705000e+00 -7.916658e+19
2.710000e+00 -8.734397e+19
2.715000e+00 -9.636602e+19
2.720000e+00 -1.063200e+20
2.725000e+00 -1.173022e+20
2.730000e+00 -1.294187e+20
2.735000e+00 -1.427868e+20
2.740000e+00 -1.575357e+20
2.745000e+00 -1.738081e+20
2.750000e+00 -1.917614e+20
2.755000e+00 -2.115690e+20
2.760000e+00 -2.334227e+20
2.765000e+00 -2.575337e+20
2.770000e+00 -2.841353e+20
2.775000e+00 -3.134846e+20
2.780000e+00 -3.458655e+20
2.785000e+00 -3.815911e+20
2.790000e+00 -4.210069e+20
2.795000e+00 -4.644942e+20
2.800000e+00 -5.124734e+20
2.805000e+00 -5.654085e+20
2.810000e+00 -6.238114e+20
2.815000e+00 -6.882470e+20
2.820000e+00 -7.593384e+20
2.825000e+00 -8.377731e+20
2.830000e+00 -9.243095e+20
2.835000e+00 -1.019785e+21
2.840000e+00 -1.125122e+21
2.845000e+00 -1.241339e+21
2.850000e+00 -1.369561e+21
2.855000e+00 -1.511028e+21
2.860000e+00 -1.667107e+21
2.865000e+00 -1.839308e+21
2.870000e+00 -2.029297e+21
2.875000e+00 -2.238910e+21
2.880000e+00 -2.470174e+21
2.885000e+00 -2.725327e+21
2.890000e+00 -3.006835e+21
2.895000e+00 -3.317422e+21
2.900000e+00 -3.660090e+21
2.905000e+00 -4.038153e+21
2.910000e+00 -4.455267e+21
2.915000e+00 -4.915467e+21
2.920000e+00 -5.423202e+21
2.925000e+00 -5.983383e+21
2.930000e+00 -6.601427e+21
2.935000e+00 -7.283311e+21
2.940000e+00 -8.035629e+21
2.945000e+00 -8.865656e+21
2.950000e+00 -9.781420e+21
2.955000e+00 -1.079178e+22
2.960000e+00 -1.190650e+22
2.965000e+00 -1.313636e+22
2.970000e+00 -1.449326e+22
2.975000e+00 -1.599032e+22
2.980000e+00 -1.764201e+22
2.985000e+00 -1.946431e+22
2.990000e+00 -2.147485e+22
2.995000e+00 -2.369306e+22
3 -2.614039e+22
