T X
0 0
5.000000e-03 -6.518004e-09
1.000000e-02 3.163566e-08
1.500000e-02 4.903492e-07
2.000000e-02 4.572064e-06
2.500000e-02 2.916040e-05
3.000000e-02 1.367139e-04
3.500000e-02 4.881302e-04
4.000000e-02 1.353418e-03
4.500000e-02 2.952350e-03
5.000000e-02 5.122219e-03
5.500000e-02 7.197016e-03
6.000000e-02 8.532605e-03
6.500000e-02 9.212169e-03
7.000000e-02 9.780664e-03
7.500000e-02 1.023102e-02
8.000000e-02 1.005284e-02
8.500000e-02 9.299971e-03
9.000000e-02 8.424002e-03
9.500000e-02 7.269210e-03
1.000000e-01 5.593539e-03
1.050000e-01 3.781622e-03
1.100000e-01 1.967068e-03
1.150000e-01 -9.001399e-05
1.200000e-01 -2.113260e-03
1.250000e-01 -3.893293e-03
1.300000e-01 -5.658665e-03
1.350000e-01 -7.227636e-03
1.400000e-01 -8.441895e-03
1.450000e-01 -9.470820e-03
1.500000e-01 -1.006741e-02
1.550000e-01 -1.013850e-02
1.600000e-01 -9.912090e-03
1.650000e-01 -9.239266e-03
1.700000e-01 -8.186449e-03
1.750000e-01 -6.918520e-03
1.800000e-01 -5.258272e-03
1.850000e-01 -3.388353e-03
1.900000e-01 -1.481782e-03
1.950000e-01 5.350705e-04
2.000000e-01 2.522077e-03
2.050000e-01 4.461852e-03
2.100000e-01 6.237724e-03
2.150000e-01 7.649161e-03
2.200000e-01 8.801307e-03
2.250000e-01 9.632012e-03
2.300000e-01 1.005959e-02
2.350000e-01 1.009528e-02
2.400000e-01 9.709722e-03
2.450000e-01 9.013107e-03
2.500000e-01 7.906117e-03
2.550000e-01 6.407819e-03
2.600000e-01 4.744018e-03
2.650000e-01 2.866088e-03
2.700000e-01 8.617470e-04
2.750000e-01 -1.148699e-03
2.800000e-01 -3.114723e-03
2.850000e-01 -4.935245e-03
2.900000e-01 -6.632005e-03
2.950000e-01 -8.031636e-03
3.000000e-01 -9.084537e-03
3.050000e-01 -9.841180e-03
3.100000e-01 -1.013666e-02
3.150000e-01 -1.002014e-02
3.200000e-01 -9.530157e-03
3.250000e-01 -8.671353e-03
3.300000e-01 -7.471986e-03
3.350000e-01 -5.967083e-03
3.400000e-01 -4.252514e-03
3.450000e-01 -2.299680e-03
3.500000e-01 -2.788344e-04
3.550000e-01 1.727339e-03
3.600000e-01 3.705714e-03
3.650000e-01 5.481412e-03
3.700000e-01 7.058810e-03
3.750000e-01 8.360996e-03
3.800000e-01 9.328180e-03
3.850000e-01 9.924652e-03
3.900000e-01 1.014399e-02
3.950000e-01 9.971192e-03
4.000000e-01 9.339576e-03
4.050000e-01 8.365044e-03
4.100000e-01 7.051704e-03
4.150000e-01 5.447887e-03
4.200000e-01 3.661773e-03
4.250000e-01 1.728119e-03
4.300000e-01 -2.918904e-04
4.350000e-01 -2.291039e-03
4.400000e-01 -4.212505e-03
4.450000e-01 -5.991802e-03
4.500000e-01 -7.484709e-03
4.550000e-01 -8.704001e-03
4.600000e-01 -9.570306e-03
4.650000e-01 -1.001258e-02
4.700000e-01 -1.009246e-02
4.750000e-01 -9.797288e-03
4.800000e-01 -9.095983e-03
4.850000e-01 -8.033690e-03
4.900000e-01 -6.645275e-03
4.950000e-01 -4.967198e-03
5.000000e-01 -3.108238e-03
5.050000e-01 -1.104556e-03
5.100000e-01 9.043281e-04
5.150000e-01 2.869910e-03
5.200000e-01 4.753900e-03
5.250000e-01 6.411990e-03
5.300000e-01 7.855231e-03
5.350000e-01 8.992066e-03
5.400000e-01 9.755013e-03
5.450000e-01 1.012693e-02
5.500000e-01 1.007247e-02
5.550000e-01 9.616678e-03
5.600000e-01 8.789795e-03
5.650000e-01 7.632920e-03
5.700000e-01 6.161845e-03
5.750000e-01 4.458086e-03
5.800000e-01 2.564977e-03
5.850000e-01 5.419281e-04
5.900000e-01 -1.482424e-03
5.950000e-01 -3.461428e-03
6.000000e-01 -5.281298e-03
6.050000e-01 -6.890824e-03
6.100000e-01 -8.226141e-03
6.150000e-01 -9.202109e-03
6.200000e-01 -9.873074e-03
6.250000e-01 -1.013444e-02
6.300000e-01 -9.974922e-03
6.350000e-01 -9.425308e-03
6.400000e-01 -8.474529e-03
6.450000e-01 -7.200641e-03
6.500000e-01 -5.630031e-03
6.550000e-01 -3.864854e-03
6.600000e-01 -1.951902e-03
6.650000e-01 4.184695e-05
6.700000e-01 2.036346e-03
6.750000e-01 3.960393e-03
6.800000e-01 5.732160e-03
6.850000e-01 7.298363e-03
6.900000e-01 8.558336e-03
6.950000e-01 9.459702e-03
7.000000e-01 9.974341e-03
7.050000e-01 1.011311e-02
7.100000e-01 9.848964e-03
7.150000e-01 9.190951e-03
7.200000e-01 8.179430e-03
7.250000e-01 6.829626e-03
7.300000e-01 5.197773e-03
7.350000e-01 3.347560e-03
7.400000e-01 1.372876e-03
7.450000e-01 -6.586781e-04
7.500000e-01 -2.650154e-03
7.550000e-01 -4.518366e-03
7.600000e-01 -6.227091e-03
7.650000e-01 -7.684925e-03
7.700000e-01 -8.854095e-03
7.750000e-01 -9.685786e-03
7.800000e-01 -1.009720e-02
7.850000e-01 -1.010977e-02
7.900000e-01 -9.713814e-03
7.950000e-01 -8.912310e-03
8.000000e-01 -7.790071e-03
8.050000e-01 -6.356419e-03
8.100000e-01 -4.663393e-03
8.150000e-01 -2.809685e-03
8.200000e-01 -8.012508e-04
8.250000e-01 1.232417e-03
8.300000e-01 3.204001e-03
8.350000e-01 5.089470e-03
8.400000e-01 6.713694e-03
8.450000e-01 8.060768e-03
8.500000e-01 9.120052e-03
8.550000e-01 9.807394e-03
8.600000e-01 1.011485e-02
8.650000e-01 1.003004e-02
8.700000e-01 9.533922e-03
8.750000e-01 8.650879e-03
8.800000e-01 7.423728e-03
8.850000e-01 5.870453e-03
8.900000e-01 4.121905e-03
8.950000e-01 2.207732e-03
9.000000e-01 1.910948e-04
9.050000e-01 -1.789352e-03
9.100000e-01 -3.740507e-03
9.150000e-01 -5.548038e-03
9.200000e-01 -7.135998e-03
9.250000e-01 -8.449871e-03
9.300000e-01 -9.383089e-03
9.350000e-01 -9.957542e-03
9.400000e-01 -1.013781e-02
9.450000e-01 -9.899090e-03
9.500000e-01 -9.288249e-03
9.550000e-01 -8.318195e-03
9.600000e-01 -7.008134e-03
9.650000e-01 -5.414922e-03
9.700000e-01 -3.597190e-03
9.750000e-01 -1.618856e-03
9.800000e-01 4.093553e-04
9.850000e-01 2.419106e-03
9.900000e-01 4.309497e-03
9.950000e-01 6.025459e-03
1 7.525819e-03
1.005000e+00 8.720878e-03
1.010000e+00 9.584333e-03
1.015000e+00 1.006320e-02
1.020000e+00 1.012962e-02
1.025000e+00 9.786757e-03
1.030000e+00 9.039568e-03
1.035000e+00 7.942290e-03
1.040000e+00 6.543093e-03
1.045000e+00 4.882524e-03
1.050000e+00 3.036775e-03
1.055000e+00 1.069707e-03
1.060000e+00 -9.625982e-04
1.065000e+00 -2.969369e-03
1.070000e+00 -4.851021e-03
1.075000e+00 -6.525802e-03
1.080000e+00 -7.922865e-03
1.085000e+00 -9.019768e-03
1.090000e+00 -9.748700e-03
1.095000e+00 -1.009206e-02
1.100000e+00 -1.006480e-02
1.105000e+00 -9.611407e-03
1.110000e+00 -8.788632e-03
1.115000e+00 -7.599435e-03
1.120000e+00 -6.084808e-03
1.125000e+00 -4.350687e-03
1.130000e+00 -2.430812e-03
1.135000e+00 -4.416775e-04
1.140000e+00 1.556327e-03
1.145000e+00 3.512551e-03
1.150000e+00 5.337117e-03
1.155000e+00 6.975603e-03
1.160000e+00 8.326212e-03
1.165000e+00 9.358698e-03
1.170000e+00 1.000668e-02
1.175000e+00 1.016955e-02
1.180000e+00 9.831318e-03
1.185000e+00 8.872346e-03
1.190000e+00 7.225963e-03
1.195000e+00 4.877962e-03
1.200000e+00 1.819112e-03
1.205000e+00 -1.744038e-03
1.210000e+00 -5.534233e-03
1.215000e+00 -9.185305e-03
1.220000e+00 -1.228990e-02
1.225000e+00 -1.464425e-02
1.230000e+00 -1.618153e-02
1.235000e+00 -1.699601e-02
1.240000e+00 -1.726957e-02
1.245000e+00 -1.707450e-02
1.250000e+00 -1.636126e-02
1.255000e+00 -1.492226e-02
1.260000e+00 -1.254883e-02
1.265000e+00 -9.223238e-03
1.270000e+00 -5.068118e-03
1.275000e+00 -3.590283e-04
1.280000e+00 4.601167e-03
1.285000e+00 9.632722e-03
1.290000e+00 1.455206e-02
1.295000e+00 1.912471e-02
1.300000e+00 2.294755e-02
1.305000e+00 2.557303e-02
1.310000e+00 2.681962e-02
1.315000e+00 2.672834e-02
1.320000e+00 2.563309e-02
1.325000e+00 2.385711e-02
1.330000e+00 2.145334e-02
1.335000e+00 1.831891e-02
1.340000e+00 1.425520e-02
1.345000e+00 9.360208e-03
1.350000e+00 3.988726e-03
1.355000e+00 -1.470677e-03
1.360000e+00 -6.669766e-03
1.365000e+00 -1.152240e-02
1.370000e+00 -1.597850e-02
1.375000e+00 -1.990886e-02
1.380000e+00 -2.315830e-02
1.385000e+00 -2.548054e-02
1.390000e+00 -2.676472e-02
1.395000e+00 -2.694954e-02
1.400000e+00 -2.597680e-02
1.405000e+00 -2.391846e-02
1.410000e+00 -2.090643e-02
1.415000e+00 -1.715460e-02
1.420000e+00 -1.278964e-02
1.425000e+00 -7.944639e-03
1.430000e+00 -2.736850e-03
1.435000e+00 2.743047e-03
1.440000e+00 8.150740e-03
1.445000e+00 1.304011e-02
1.450000e+00 1.719082e-02
1.455000e+00 2.086447e-02
1.460000e+00 2.409636e-02
1.465000e+00 2.620817e-02
1.470000e+00 2.680373e-02
1.475000e+00 2.635535e-02
1.480000e+00 2.530007e-02
1.485000e+00 2.330977e-02
1.490000e+00 2.011397e-02
1.495000e+00 1.607536e-02
1.500000e+00 1.144418e-02
1.505000e+00 6.288315e-03
1.510000e+00 9.890812e-04
1.515000e+00 -4.208578e-03
1.520000e+00 -9.396254e-03
1.525000e+00 -1.434341e-02
1.530000e+00 -1.856591e-02
1.535000e+00 -2.199528e-02
1.540000e+00 -2.458703e-02
1.545000e+00 -2.619181e-02
1.550000e+00 -2.689068e-02
1.555000e+00 -2.658079e-02
1.560000e+00 -2.498466e-02
1.565000e+00 -2.220978e-02
1.570000e+00 -1.874936e-02
1.575000e+00 -1.477706e-02
1.580000e+00 -1.015828e-02
1.585000e+00 -4.972011e-03
1.590000e+00 5.603471e-04
1.595000e+00 5.940911e-03
1.600000e+00 1.083295e-02
1.605000e+00 1.550264e-02
1.610000e+00 1.977236e-02
1.615000e+00 2.298430e-02
1.620000e+00 2.512461e-02
1.625000e+00 2.650884e-02
1.630000e+00 2.690500e-02
1.635000e+00 2.609363e-02
1.640000e+00 2.424883e-02
1.645000e+00 2.147162e-02
1.650000e+00 1.786944e-02
1.655000e+00 1.344586e-02
1.660000e+00 8.419291e-03
1.665000e+00 3.277129e-03
1.670000e+00 -2.012757e-03
1.675000e+00 -7.364210e-03
1.680000e+00 -1.229145e-02
1.685000e+00 -1.677587e-02
1.690000e+00 -2.075723e-02
1.695000e+00 -2.374824e-02
1.700000e+00 -2.570554e-02
1.705000e+00 -2.681341e-02
1.710000e+00 -2.680402e-02
1.715000e+00 -2.560690e-02
1.720000e+00 -2.347621e-02
1.725000e+00 -2.045362e-02
1.730000e+00 -1.665216e-02
1.735000e+00 -1.214764e-02
1.740000e+00 -7.050810e-03
1.745000e+00 -1.708008e-03
1.750000e+00 3.679947e-03
1.755000e+00 8.881680e-03
1.760000e+00 1.374166e-02
1.765000e+00 1.811026e-02
1.770000e+00 2.161780e-02
1.775000e+00 2.428290e-02
1.780000e+00 2.621919e-02
1.785000e+00 2.699888e-02
1.790000e+00 2.653368e-02
1.795000e+00 2.517591e-02
1.800000e+00 2.276711e-02
1.805000e+00 1.933894e-02
1.810000e+00 1.528256e-02
1.815000e+00 1.062831e-02
1.820000e+00 5.516820e-03
1.825000e+00 2.028812e-04
1.830000e+00 -5.160455e-03
1.835000e+00 -1.032333e-02
1.840000e+00 -1.509207e-02
1.845000e+00 -1.926376e-02
1.850000e+00 -2.260328e-02
1.855000e+00 -2.499655e-02
1.860000e+00 -2.642605e-02
1.865000e+00 -2.687928e-02
1.870000e+00 -2.622062e-02
1.875000e+00 -2.450681e-02
1.880000e+00 -2.190355e-02
1.885000e+00 -1.831455e-02
1.890000e+00 -1.395391e-02
1.895000e+00 -9.158294e-03
1.900000e+00 -3.926982e-03
1.905000e+00 1.460381e-03
1.910000e+00 6.680043e-03
1.915000e+00 1.171267e-02
1.920000e+00 1.631187e-02
1.925000e+00 2.022221e-02
1.930000e+00 2.340622e-02
1.935000e+00 2.564543e-02
1.940000e+00 2.676397e-02
1.945000e+00 2.683272e-02
1.950000e+00 2.584792e-02
1.955000e+00 2.381439e-02
1.960000e+00 2.086682e-02
1.965000e+00 1.712981e-02
1.970000e+00 1.267778e-02
1.975000e+00 7.686433e-03
1.980000e+00 2.409035e-03
1.985000e+00 -2.997951e-03
1.990000e+00 -8.289577e-03
1.995000e+00 -1.323361e-02
2 -1.760484e-02
2.005000e+00 -2.121631e-02
2.010000e+00 -2.410006e-02
2.015000e+00 -2.603711e-02
2.020000e+00 -2.686533e-02
2.025000e+00 -2.671895e-02
2.030000e+00 -2.544670e-02
2.035000e+00 -2.308117e-02
2.040000e+00 -1.987149e-02
2.045000e+00 -1.582865e-02
2.050000e+00 -1.117767e-02
2.055000e+00 -6.145634e-03
2.060000e+00 -8.277824e-04
2.065000e+00 4.518497e-03
2.070000e+00 9.686412e-03
2.075000e+00 1.453984e-02
2.080000e+00 1.881977e-02
2.085000e+00 2.225728e-02
2.090000e+00 2.480297e-02
2.095000e+00 2.637791e-02
2.100000e+00 2.687529e-02
2.105000e+00 2.637601e-02
2.110000e+00 2.484026e-02
2.115000e+00 2.225579e-02
2.120000e+00 1.881317e-02
2.125000e+00 1.461095e-02
2.130000e+00 9.790917e-03
2.135000e+00 4.551053e-03
2.140000e+00 -8.304197e-04
2.145000e+00 -6.104005e-03
2.150000e+00 -1.117133e-02
2.155000e+00 -1.577135e-02
2.160000e+00 -1.981307e-02
2.165000e+00 -2.310795e-02
2.170000e+00 -2.538037e-02
2.175000e+00 -2.671359e-02
2.180000e+00 -2.693830e-02
2.185000e+00 -2.602325e-02
2.190000e+00 -2.413838e-02
2.195000e+00 -2.129339e-02
2.200000e+00 -1.761059e-02
2.205000e+00 -1.322504e-02
2.210000e+00 -8.346778e-03
2.215000e+00 -3.091860e-03
2.220000e+00 2.343150e-03
2.225000e+00 7.656186e-03
2.230000e+00 1.267006e-02
2.235000e+00 1.710580e-02
2.240000e+00 2.085871e-02
2.245000e+00 2.381771e-02
2.250000e+00 2.581382e-02
2.255000e+00 2.684037e-02
2.260000e+00 2.678230e-02
2.265000e+00 2.563851e-02
2.270000e+00 2.347039e-02
2.275000e+00 2.033719e-02
2.280000e+00 1.638940e-02
2.285000e+00 1.177641e-02
2.290000e+00 6.761192e-03
2.295000e+00 1.490699e-03
2.300000e+00 -3.854813e-03
2.305000e+00 -9.057563e-03
2.310000e+00 -1.398149e-02
2.315000e+00 -1.829089e-02
2.320000e+00 -2.187085e-02
2.325000e+00 -2.461105e-02
2.330000e+00 -2.626755e-02
2.335000e+00 -2.695132e-02
2.340000e+00 -2.660402e-02
2.345000e+00 -2.515104e-02
2.350000e+00 -2.278077e-02
2.355000e+00 -1.949457e-02
2.360000e+00 -1.537349e-02
2.365000e+00 -1.060032e-02
2.370000e+00 -5.350017e-03
2.375000e+00 9.461438e-05
2.380000e+00 5.491477e-03
2.385000e+00 1.069319e-02
2.390000e+00 1.546012e-02
2.395000e+00 1.957209e-02
2.400000e+00 2.290990e-02
2.405000e+00 2.526728e-02
2.410000e+00 2.650979e-02
2.415000e+00 2.646796e-02
2.420000e+00 2.504707e-02
2.425000e+00 2.229257e-02
2.430000e+00 1.820513e-02
2.435000e+00 1.302261e-02
2.440000e+00 7.022345e-03
2.445000e+00 5.301715e-04
2.450000e+00 -6.001214e-03
2.455000e+00 -1.222601e-02
2.460000e+00 -1.771921e-02
2.465000e+00 -2.228098e-02
2.470000e+00 -2.583167e-02
2.475000e+00 -2.827066e-02
2.480000e+00 -2.968372e-02
2.485000e+00 -2.999511e-02
2.490000e+00 -2.912633e-02
2.495000e+00 -2.695357e-02
2.500000e+00 -2.329179e-02
2.505000e+00 -1.818638e-02
2.510000e+00 -1.176349e-02
2.515000e+00 -4.405653e-03
2.520000e+00 3.308490e-03
2.525000e+00 1.086766e-02
2.530000e+00 1.781483e-02
2.535000e+00 2.388522e-02
2.540000e+00 2.889210e-02
2.545000e+00 3.267723e-02
2.550000e+00 3.518650e-02
2.555000e+00 3.629715e-02
2.560000e+00 3.594373e-02
2.565000e+00 3.419787e-02
2.570000e+00 3.119052e-02
2.575000e+00 2.711416e-02
2.580000e+00 2.205881e-02
2.585000e+00 1.613635e-02
2.590000e+00 9.420017e-03
2.595000e+00 2.014733e-03
2.600000e+00 -5.604922e-03
2.605000e+00 -1.292375e-02
2.610000e+00 -1.951248e-02
2.615000e+00 -2.511118e-02
2.620000e+00 -2.973050e-02
2.625000e+00 -3.333200e-02
2.630000e+00 -3.581938e-02
2.635000e+00 -3.699669e-02
2.640000e+00 -3.654203e-02
2.645000e+00 -3.437033e-02
2.650000e+00 -3.067932e-02
2.655000e+00 -2.582458e-02
2.660000e+00 -2.017852e-02
2.665000e+00 -1.392702e-02
2.670000e+00 -7.155079e-03
2.675000e+00 7.455945e-05
2.680000e+00 7.510472e-03
2.685000e+00 1.470373e-02
2.690000e+00 2.122273e-02
2.695000e+00 2.671586e-02
2.700000e+00 3.109121e-02
2.705000e+00 3.428971e-02
2.710000e+00 3.621649e-02
2.715000e+00 3.677370e-02
2.720000e+00 3.580460e-02
2.725000e+00 3.334436e-02
2.730000e+00 2.954429e-02
2.735000e+00 2.457970e-02
2.740000e+00 1.868865e-02
2.745000e+00 1.205348e-02
2.750000e+00 4.893461e-03
2.755000e+00 -2.459696e-03
2.760000e+00 -9.725866e-03
2.765000e+00 -1.659222e-02
2.770000e+00 -2.275281e-02
2.775000e+00 -2.799276e-02
2.780000e+00 -3.215508e-02
2.785000e+00 -3.508151e-02
2.790000e+00 -3.660370e-02
2.795000e+00 -3.667033e-02
2.800000e+00 -3.526635e-02
2.805000e+00 -3.241643e-02
2.810000e+00 -2.822930e-02
2.815000e+00 -2.292150e-02
2.820000e+00 -1.676846e-02
2.825000e+00 -1.001027e-02
2.830000e+00 -2.840358e-03
2.835000e+00 4.504407e-03
2.840000e+00 1.170497e-02
2.845000e+00 1.848144e-02
2.850000e+00 2.452033e-02
2.855000e+00 2.949948e-02
2.860000e+00 3.319421e-02
2.865000e+00 3.559648e-02
2.870000e+00 3.673670e-02
2.875000e+00 3.643683e-02
2.880000e+00 3.458918e-02
2.885000e+00 3.129936e-02
2.890000e+00 2.682661e-02
2.895000e+00 2.135372e-02
2.900000e+00 1.497396e-02
2.905000e+00 7.912781e-03
2.910000e+00 4.988839e-04
2.915000e+00 -6.845929e-03
2.920000e+00 -1.375271e-02
2.925000e+00 -2.010983e-02
2.930000e+00 -2.585867e-02
2.935000e+00 -3.073116e-02
2.940000e+00 -3.431072e-02
2.945000e+00 -3.632947e-02
2.950000e+00 -3.680300e-02
2.955000e+00 -3.584467e-02
2.960000e+00 -3.367170e-02
2.965000e+00 -3.028932e-02
2.970000e+00 -2.545431e-02
2.975000e+00 -1.941446e-02
2.980000e+00 -1.276640e-02
2.985000e+00 -5.869945e-03
2.990000e+00 1.319564e-03
2.995000e+00 8.853636e-03
3 1.605556e-02
