T X
0 0
5.000000e-03 -1.716449e-09
1.000000e-02 4.310867e-08
1.500000e-02 5.278759e-07
2.000000e-02 4.618184e-06
2.500000e-02 2.934924e-05
3.000000e-02 1.376482e-04
3.500000e-02 4.915024e-04
4.000000e-02 1.362239e-03
4.500000e-02 2.968060e-03
5.000000e-02 5.141283e-03
5.500000e-02 7.211083e-03
6.000000e-02 8.535916e-03
6.500000e-02 9.215495e-03
7.000000e-02 9.811672e-03
7.500000e-02 1.030577e-02
8.000000e-02 1.015066e-02
8.500000e-02 9.387568e-03
9.000000e-02 8.495471e-03
9.500000e-02 7.333397e-03
1.000000e-01 5.647505e-03
1.050000e-01 3.831694e-03
1.100000e-01 2.029945e-03
1.150000e-01 -1.912000e-05
1.200000e-01 -2.043317e-03
1.250000e-01 -3.827382e-03
1.300000e-01 -5.632823e-03
1.350000e-01 -7.277457e-03
1.400000e-01 -8.545068e-03
1.450000e-01 -9.599877e-03
1.500000e-01 -1.020878e-02
1.550000e-01 -1.026602e-02
1.600000e-01 -1.003174e-02
1.650000e-01 -9.387036e-03
1.700000e-01 -8.370880e-03
1.750000e-01 -7.107525e-03
1.800000e-01 -5.406063e-03
1.850000e-01 -3.493722e-03
1.900000e-01 -1.557298e-03
1.950000e-01 5.212744e-04
2.000000e-01 2.548268e-03
2.050000e-01 4.480422e-03
2.100000e-01 6.264346e-03
2.150000e-01 7.707563e-03
2.200000e-01 8.930616e-03
2.250000e-01 9.829455e-03
2.300000e-01 1.026458e-02
2.350000e-01 1.030070e-02
2.400000e-01 9.907955e-03
2.450000e-01 9.177232e-03
2.500000e-01 8.046550e-03
2.550000e-01 6.543906e-03
2.600000e-01 4.892338e-03
2.650000e-01 3.004115e-03
2.700000e-01 9.466195e-04
2.750000e-01 -1.112578e-03
2.800000e-01 -3.136498e-03
2.850000e-01 -5.033281e-03
2.900000e-01 -6.745777e-03
2.950000e-01 -8.134996e-03
3.000000e-01 -9.220845e-03
3.050000e-01 -9.996949e-03
3.100000e-01 -1.030261e-02
3.150000e-01 -1.023421e-02
3.200000e-01 -9.779130e-03
3.250000e-01 -8.893585e-03
3.300000e-01 -7.650067e-03
3.350000e-01 -6.110545e-03
3.400000e-01 -4.354095e-03
3.450000e-01 -2.375117e-03
3.500000e-01 -3.422357e-04
3.550000e-01 1.684586e-03
3.600000e-01 3.711521e-03
3.650000e-01 5.541270e-03
3.700000e-01 7.166518e-03
3.750000e-01 8.533748e-03
3.800000e-01 9.518689e-03
3.850000e-01 1.011349e-02
3.900000e-01 1.033185e-02
3.950000e-01 1.014735e-02
4.000000e-01 9.524355e-03
4.050000e-01 8.562466e-03
4.100000e-01 7.247245e-03
4.150000e-01 5.620792e-03
4.200000e-01 3.808728e-03
4.250000e-01 1.803481e-03
4.300000e-01 -2.742561e-04
4.350000e-01 -2.309484e-03
4.400000e-01 -4.258347e-03
4.450000e-01 -6.046764e-03
4.500000e-01 -7.573338e-03
4.550000e-01 -8.822747e-03
4.600000e-01 -9.745374e-03
4.650000e-01 -1.022909e-02
4.700000e-01 -1.032832e-02
4.750000e-01 -1.002339e-02
4.800000e-01 -9.286968e-03
4.850000e-01 -8.198335e-03
4.900000e-01 -6.786459e-03
4.950000e-01 -5.099437e-03
5.000000e-01 -3.230866e-03
5.050000e-01 -1.221262e-03
5.100000e-01 8.508626e-04
5.150000e-01 2.890417e-03
5.200000e-01 4.818915e-03
5.250000e-01 6.530622e-03
5.300000e-01 7.994593e-03
5.350000e-01 9.133320e-03
5.400000e-01 9.896466e-03
5.450000e-01 1.028759e-02
5.500000e-01 1.028303e-02
5.550000e-01 9.841853e-03
5.600000e-01 9.007411e-03
5.650000e-01 7.845048e-03
5.700000e-01 6.324849e-03
5.750000e-01 4.562118e-03
5.800000e-01 2.630294e-03
5.850000e-01 5.958929e-04
5.900000e-01 -1.446075e-03
5.950000e-01 -3.457859e-03
6.000000e-01 -5.316405e-03
6.050000e-01 -6.985771e-03
6.100000e-01 -8.375529e-03
6.150000e-01 -9.394986e-03
6.200000e-01 -1.007392e-02
6.250000e-01 -1.032474e-02
6.300000e-01 -1.015461e-02
6.350000e-01 -9.607024e-03
6.400000e-01 -8.654092e-03
6.450000e-01 -7.381469e-03
6.500000e-01 -5.819588e-03
6.550000e-01 -4.012223e-03
6.600000e-01 -2.039817e-03
6.650000e-01 1.128364e-05
6.700000e-01 2.053637e-03
6.750000e-01 4.016567e-03
6.800000e-01 5.808878e-03
6.850000e-01 7.382501e-03
6.900000e-01 8.668785e-03
6.950000e-01 9.617469e-03
7.000000e-01 1.017692e-02
7.050000e-01 1.033213e-02
7.100000e-01 1.008285e-02
7.150000e-01 9.400444e-03
7.200000e-01 8.352890e-03
7.250000e-01 6.968213e-03
7.300000e-01 5.310188e-03
7.350000e-01 3.474872e-03
7.400000e-01 1.465232e-03
7.450000e-01 -5.962716e-04
7.500000e-01 -2.637269e-03
7.550000e-01 -4.579872e-03
7.600000e-01 -6.330808e-03
7.650000e-01 -7.843396e-03
7.700000e-01 -9.006993e-03
7.750000e-01 -9.830647e-03
7.800000e-01 -1.026990e-02
7.850000e-01 -1.029433e-02
7.900000e-01 -9.910979e-03
7.950000e-01 -9.141967e-03
8.000000e-01 -8.014628e-03
8.050000e-01 -6.519796e-03
8.100000e-01 -4.798509e-03
8.150000e-01 -2.877928e-03
8.200000e-01 -8.366851e-04
8.250000e-01 1.196767e-03
8.300000e-01 3.222695e-03
8.350000e-01 5.103500e-03
8.400000e-01 6.785431e-03
8.450000e-01 8.215985e-03
8.500000e-01 9.290198e-03
8.550000e-01 1.001819e-02
8.600000e-01 1.033353e-02
8.650000e-01 1.021886e-02
8.700000e-01 9.716297e-03
8.750000e-01 8.818701e-03
8.800000e-01 7.591510e-03
8.850000e-01 6.062570e-03
8.900000e-01 4.268047e-03
8.950000e-01 2.309470e-03
9.000000e-01 2.562044e-04
9.050000e-01 -1.807223e-03
9.100000e-01 -3.800388e-03
9.150000e-01 -5.621564e-03
9.200000e-01 -7.235150e-03
9.250000e-01 -8.558942e-03
9.300000e-01 -9.524738e-03
9.350000e-01 -1.014396e-02
9.400000e-01 -1.034728e-02
9.450000e-01 -1.014192e-02
9.500000e-01 -9.515908e-03
9.550000e-01 -8.504061e-03
9.600000e-01 -7.158045e-03
9.650000e-01 -5.537684e-03
9.700000e-01 -3.707903e-03
9.750000e-01 -1.703251e-03
9.800000e-01 3.394478e-04
9.850000e-01 2.385169e-03
9.900000e-01 4.346837e-03
9.950000e-01 6.128943e-03
1 7.668502e-03
1.005000e+00 8.882049e-03
1.010000e+00 9.764331e-03
1.015000e+00 1.023009e-02
1.020000e+00 1.029568e-02
1.025000e+00 9.985513e-03
1.030000e+00 9.251774e-03
1.035000e+00 8.160720e-03
1.040000e+00 6.734930e-03
1.045000e+00 5.022848e-03
1.050000e+00 3.132808e-03
1.055000e+00 1.107912e-03
1.060000e+00 -9.564309e-04
1.065000e+00 -2.970836e-03
1.070000e+00 -4.876704e-03
1.075000e+00 -6.587851e-03
1.080000e+00 -8.040163e-03
1.085000e+00 -9.180853e-03
1.090000e+00 -9.953971e-03
1.095000e+00 -1.032046e-02
1.100000e+00 -1.026821e-02
1.105000e+00 -9.797285e-03
1.110000e+00 -8.957276e-03
1.115000e+00 -7.765056e-03
1.120000e+00 -6.249900e-03
1.125000e+00 -4.501487e-03
1.130000e+00 -2.562312e-03
1.135000e+00 -5.077081e-04
1.140000e+00 1.550802e-03
1.145000e+00 3.560156e-03
1.150000e+00 5.431367e-03
1.155000e+00 7.071634e-03
1.160000e+00 8.449163e-03
1.165000e+00 9.487893e-03
1.170000e+00 1.013097e-02
1.175000e+00 1.034841e-02
1.180000e+00 1.000948e-02
1.185000e+00 9.019461e-03
1.190000e+00 7.372032e-03
1.195000e+00 4.992490e-03
1.200000e+00 1.944387e-03
1.205000e+00 -1.584405e-03
1.210000e+00 -5.354004e-03
1.215000e+00 -8.963209e-03
1.220000e+00 -1.212175e-02
1.225000e+00 -1.458736e-02
1.230000e+00 -1.622803e-02
1.235000e+00 -1.716366e-02
1.240000e+00 -1.748307e-02
1.245000e+00 -1.725786e-02
1.250000e+00 -1.649232e-02
1.255000e+00 -1.501454e-02
1.260000e+00 -1.267443e-02
1.265000e+00 -9.435169e-03
1.270000e+00 -5.368990e-03
1.275000e+00 -7.291197e-04
1.280000e+00 4.229040e-03
1.285000e+00 9.308931e-03
1.290000e+00 1.429351e-02
1.295000e+00 1.891555e-02
1.300000e+00 2.279242e-02
1.305000e+00 2.552026e-02
1.310000e+00 2.686920e-02
1.315000e+00 2.691639e-02
1.320000e+00 2.592072e-02
1.325000e+00 2.419280e-02
1.330000e+00 2.182519e-02
1.335000e+00 1.867302e-02
1.340000e+00 1.466150e-02
1.345000e+00 9.813789e-03
1.350000e+00 4.427803e-03
1.355000e+00 -1.018076e-03
1.360000e+00 -6.273114e-03
1.365000e+00 -1.119200e-02
1.370000e+00 -1.572344e-02
1.375000e+00 -1.981721e-02
1.380000e+00 -2.319403e-02
1.385000e+00 -2.567649e-02
1.390000e+00 -2.709436e-02
1.395000e+00 -2.729974e-02
1.400000e+00 -2.635481e-02
1.405000e+00 -2.431179e-02
1.410000e+00 -2.132942e-02
1.415000e+00 -1.760903e-02
1.420000e+00 -1.327224e-02
1.425000e+00 -8.446305e-03
1.430000e+00 -3.202664e-03
1.435000e+00 2.384185e-03
1.440000e+00 7.952599e-03
1.445000e+00 1.294821e-02
1.450000e+00 1.718075e-02
1.455000e+00 2.088635e-02
1.460000e+00 2.412250e-02
1.465000e+00 2.634393e-02
1.470000e+00 2.712284e-02
1.475000e+00 2.682952e-02
1.480000e+00 2.580751e-02
1.485000e+00 2.375837e-02
1.490000e+00 2.052121e-02
1.495000e+00 1.645393e-02
1.500000e+00 1.178356e-02
1.505000e+00 6.638141e-03
1.510000e+00 1.356662e-03
1.515000e+00 -3.902246e-03
1.520000e+00 -9.183668e-03
1.525000e+00 -1.425067e-02
1.530000e+00 -1.864601e-02
1.535000e+00 -2.218179e-02
1.540000e+00 -2.479071e-02
1.545000e+00 -2.637477e-02
1.550000e+00 -2.706288e-02
1.555000e+00 -2.683728e-02
1.560000e+00 -2.534770e-02
1.565000e+00 -2.264456e-02
1.570000e+00 -1.919537e-02
1.575000e+00 -1.514524e-02
1.580000e+00 -1.045930e-02
1.585000e+00 -5.207032e-03
1.590000e+00 3.893893e-04
1.595000e+00 5.775588e-03
1.600000e+00 1.068371e-02
1.605000e+00 1.537700e-02
1.610000e+00 1.967518e-02
1.615000e+00 2.300713e-02
1.620000e+00 2.530252e-02
1.625000e+00 2.673012e-02
1.630000e+00 2.712424e-02
1.635000e+00 2.630954e-02
1.640000e+00 2.444247e-02
1.645000e+00 2.170530e-02
1.650000e+00 1.814604e-02
1.655000e+00 1.377836e-02
1.660000e+00 8.803828e-03
1.665000e+00 3.584105e-03
1.670000e+00 -1.775443e-03
1.675000e+00 -7.164704e-03
1.680000e+00 -1.219339e-02
1.685000e+00 -1.670546e-02
1.690000e+00 -2.065434e-02
1.695000e+00 -2.366931e-02
1.700000e+00 -2.567338e-02
1.705000e+00 -2.686904e-02
1.710000e+00 -2.699237e-02
1.715000e+00 -2.585021e-02
1.720000e+00 -2.371807e-02
1.725000e+00 -2.074352e-02
1.730000e+00 -1.690359e-02
1.735000e+00 -1.231967e-02
1.740000e+00 -7.300009e-03
1.745000e+00 -2.052083e-03
1.750000e+00 3.319162e-03
1.755000e+00 8.554450e-03
1.760000e+00 1.349114e-02
1.765000e+00 1.794060e-02
1.770000e+00 2.154363e-02
1.775000e+00 2.428468e-02
1.780000e+00 2.620010e-02
1.785000e+00 2.696826e-02
1.790000e+00 2.657368e-02
1.795000e+00 2.528396e-02
1.800000e+00 2.299597e-02
1.805000e+00 1.968437e-02
1.810000e+00 1.564760e-02
1.815000e+00 1.097707e-02
1.820000e+00 5.814059e-03
1.825000e+00 4.604650e-04
1.830000e+00 -4.875718e-03
1.835000e+00 -1.001379e-02
1.840000e+00 -1.477684e-02
1.845000e+00 -1.894364e-02
1.850000e+00 -2.237252e-02
1.855000e+00 -2.491839e-02
1.860000e+00 -2.644344e-02
1.865000e+00 -2.694805e-02
1.870000e+00 -2.632924e-02
1.875000e+00 -2.463493e-02
1.880000e+00 -2.206008e-02
1.885000e+00 -1.854189e-02
1.890000e+00 -1.426883e-02
1.895000e+00 -9.579269e-03
1.900000e+00 -4.392485e-03
1.905000e+00 1.062241e-03
1.910000e+00 6.327178e-03
1.915000e+00 1.140242e-02
1.920000e+00 1.606903e-02
1.925000e+00 1.998800e-02
1.930000e+00 2.315800e-02
1.935000e+00 2.544425e-02
1.940000e+00 2.666033e-02
1.945000e+00 2.682816e-02
1.950000e+00 2.600029e-02
1.955000e+00 2.407524e-02
1.960000e+00 2.113339e-02
1.965000e+00 1.741673e-02
1.970000e+00 1.297295e-02
1.975000e+00 8.017980e-03
1.980000e+00 2.792112e-03
1.985000e+00 -2.573773e-03
1.990000e+00 -7.800711e-03
1.995000e+00 -1.277938e-02
2 -1.727364e-02
2.005000e+00 -2.098323e-02
2.010000e+00 -2.394460e-02
2.015000e+00 -2.592823e-02
2.020000e+00 -2.679464e-02
2.025000e+00 -2.667881e-02
2.030000e+00 -2.547203e-02
2.035000e+00 -2.324568e-02
2.040000e+00 -2.018207e-02
2.045000e+00 -1.622926e-02
2.050000e+00 -1.159810e-02
2.055000e+00 -6.578024e-03
2.060000e+00 -1.222751e-03
2.065000e+00 4.167730e-03
2.070000e+00 9.299786e-03
2.075000e+00 1.412480e-02
2.080000e+00 1.840161e-02
2.085000e+00 2.188297e-02
2.090000e+00 2.456523e-02
2.095000e+00 2.627197e-02
2.100000e+00 2.687678e-02
2.105000e+00 2.646801e-02
2.110000e+00 2.494493e-02
2.115000e+00 2.238709e-02
2.120000e+00 1.904003e-02
2.125000e+00 1.492203e-02
2.130000e+00 1.018610e-02
2.135000e+00 5.047891e-03
2.140000e+00 -2.928333e-04
2.145000e+00 -5.612620e-03
2.150000e+00 -1.078077e-02
2.155000e+00 -1.544883e-02
2.160000e+00 -1.948066e-02
2.165000e+00 -2.281713e-02
2.170000e+00 -2.512278e-02
2.175000e+00 -2.647047e-02
2.180000e+00 -2.686426e-02
2.185000e+00 -2.608904e-02
2.190000e+00 -2.431065e-02
2.195000e+00 -2.156948e-02
2.200000e+00 -1.789933e-02
2.205000e+00 -1.356989e-02
2.210000e+00 -8.690624e-03
2.215000e+00 -3.451115e-03
2.220000e+00 1.866408e-03
2.225000e+00 7.141020e-03
2.230000e+00 1.215613e-02
2.235000e+00 1.664345e-02
2.240000e+00 2.052526e-02
2.245000e+00 2.358412e-02
2.250000e+00 2.566173e-02
2.255000e+00 2.673592e-02
2.260000e+00 2.667833e-02
2.265000e+00 2.561828e-02
2.270000e+00 2.357743e-02
2.275000e+00 2.053494e-02
2.280000e+00 1.672002e-02
2.285000e+00 1.221969e-02
2.290000e+00 7.216615e-03
2.295000e+00 1.916056e-03
2.300000e+00 -3.456746e-03
2.305000e+00 -8.656666e-03
2.310000e+00 -1.355323e-02
2.315000e+00 -1.785267e-02
2.320000e+00 -2.145423e-02
2.325000e+00 -2.425970e-02
2.330000e+00 -2.606209e-02
2.335000e+00 -2.689663e-02
2.340000e+00 -2.663065e-02
2.345000e+00 -2.523301e-02
2.350000e+00 -2.290988e-02
2.355000e+00 -1.966977e-02
2.360000e+00 -1.560583e-02
2.365000e+00 -1.094525e-02
2.370000e+00 -5.817992e-03
2.375000e+00 -4.148465e-04
2.380000e+00 4.991755e-03
2.385000e+00 1.024278e-02
2.390000e+00 1.508839e-02
2.395000e+00 1.926746e-02
2.400000e+00 2.262218e-02
2.405000e+00 2.493838e-02
2.410000e+00 2.617880e-02
2.415000e+00 2.621022e-02
2.420000e+00 2.490077e-02
2.425000e+00 2.229386e-02
2.430000e+00 1.837954e-02
2.435000e+00 1.334254e-02
2.440000e+00 7.434024e-03
2.445000e+00 1.006469e-03
2.450000e+00 -5.473239e-03
2.455000e+00 -1.164641e-02
2.460000e+00 -1.714810e-02
2.465000e+00 -2.175259e-02
2.470000e+00 -2.536047e-02
2.475000e+00 -2.793633e-02
2.480000e+00 -2.948054e-02
2.485000e+00 -2.986182e-02
2.490000e+00 -2.898625e-02
2.495000e+00 -2.679693e-02
2.500000e+00 -2.319911e-02
2.505000e+00 -1.821637e-02
2.510000e+00 -1.201384e-02
2.515000e+00 -4.940179e-03
2.520000e+00 2.558995e-03
2.525000e+00 1.009081e-02
2.530000e+00 1.714146e-02
2.535000e+00 2.335466e-02
2.540000e+00 2.854768e-02
2.545000e+00 3.243198e-02
2.550000e+00 3.493998e-02
2.555000e+00 3.604777e-02
2.560000e+00 3.573812e-02
2.565000e+00 3.413332e-02
2.570000e+00 3.129652e-02
2.575000e+00 2.734431e-02
2.580000e+00 2.238272e-02
2.585000e+00 1.649090e-02
2.590000e+00 9.781783e-03
2.595000e+00 2.466755e-03
2.600000e+00 -5.038916e-03
2.605000e+00 -1.230219e-02
2.610000e+00 -1.893398e-02
2.615000e+00 -2.468844e-02
2.620000e+00 -2.949626e-02
2.625000e+00 -3.327460e-02
2.630000e+00 -3.584257e-02
2.635000e+00 -3.698196e-02
2.640000e+00 -3.651655e-02
2.645000e+00 -3.440711e-02
2.650000e+00 -3.083088e-02
2.655000e+00 -2.610621e-02
2.660000e+00 -2.056925e-02
2.665000e+00 -1.438056e-02
2.670000e+00 -7.602269e-03
2.675000e+00 -3.295595e-04
2.680000e+00 7.143356e-03
2.685000e+00 1.437931e-02
2.690000e+00 2.097106e-02
2.695000e+00 2.654098e-02
2.700000e+00 3.097299e-02
2.705000e+00 3.420185e-02
2.710000e+00 3.620037e-02
2.715000e+00 3.685481e-02
2.720000e+00 3.594363e-02
2.725000e+00 3.357980e-02
2.730000e+00 2.981525e-02
2.735000e+00 2.479525e-02
2.740000e+00 1.884951e-02
2.745000e+00 1.216476e-02
2.750000e+00 5.067731e-03
2.755000e+00 -2.208469e-03
2.760000e+00 -9.441409e-03
2.765000e+00 -1.629787e-02
2.770000e+00 -2.259303e-02
2.775000e+00 -2.797711e-02
2.780000e+00 -3.218219e-02
2.785000e+00 -3.507356e-02
2.790000e+00 -3.652035e-02
2.795000e+00 -3.654585e-02
2.800000e+00 -3.512826e-02
2.805000e+00 -3.237276e-02
2.810000e+00 -2.833365e-02
2.815000e+00 -2.309374e-02
2.820000e+00 -1.694213e-02
2.825000e+00 -1.010201e-02
2.830000e+00 -2.847798e-03
2.835000e+00 4.512771e-03
2.840000e+00 1.163538e-02
2.845000e+00 1.822829e-02
2.850000e+00 2.415014e-02
2.855000e+00 2.916816e-02
2.860000e+00 3.299861e-02
2.865000e+00 3.547659e-02
2.870000e+00 3.659401e-02
2.875000e+00 3.627772e-02
2.880000e+00 3.439422e-02
2.885000e+00 3.107948e-02
2.890000e+00 2.661821e-02
2.895000e+00 2.124890e-02
2.900000e+00 1.502109e-02
2.905000e+00 8.069358e-03
2.910000e+00 7.511816e-04
2.915000e+00 -6.607562e-03
2.920000e+00 -1.358817e-02
2.925000e+00 -1.993288e-02
2.930000e+00 -2.557695e-02
2.935000e+00 -3.027137e-02
2.940000e+00 -3.376894e-02
2.945000e+00 -3.585762e-02
2.950000e+00 -3.640591e-02
2.955000e+00 -3.555438e-02
2.960000e+00 -3.346767e-02
2.965000e+00 -3.011176e-02
2.970000e+00 -2.534514e-02
2.975000e+00 -1.936315e-02
2.980000e+00 -1.275317e-02
2.985000e+00 -5.949830e-03
2.990000e+00 1.091595e-03
2.995000e+00 8.396418e-03
3 1.544436e-02
