T X
0 0
5.000000e-03 4.744243e-09
1.000000e-02 3.777022e-08
1.500000e-02 5.212287e-07
2.000000e-02 4.774310e-06
2.500000e-02 3.009474e-05
3.000000e-02 1.397563e-04
3.500000e-02 4.952219e-04
4.000000e-02 1.365639e-03
4.500000e-02 2.967164e-03
5.000000e-02 5.134909e-03
5.500000e-02 7.209297e-03
6.000000e-02 8.555609e-03
6.500000e-02 9.250321e-03
7.000000e-02 9.818223e-03
7.500000e-02 1.025803e-02
8.000000e-02 1.008430e-02
8.500000e-02 9.338155e-03
9.000000e-02 8.458359e-03
9.500000e-02 7.314925e-03
1.000000e-01 5.643552e-03
1.050000e-01 3.796981e-03
1.100000e-01 1.967767e-03
1.150000e-01 -7.198836e-05
1.200000e-01 -2.115309e-03
1.250000e-01 -3.920343e-03
1.300000e-01 -5.676499e-03
1.350000e-01 -7.255659e-03
1.400000e-01 -8.473169e-03
1.450000e-01 -9.486312e-03
1.500000e-01 -1.010567e-02
1.550000e-01 -1.018197e-02
1.600000e-01 -9.935951e-03
1.650000e-01 -9.279716e-03
1.700000e-01 -8.221395e-03
1.750000e-01 -6.944165e-03
1.800000e-01 -5.303108e-03
1.850000e-01 -3.411334e-03
1.900000e-01 -1.485074e-03
1.950000e-01 5.294650e-04
2.000000e-01 2.519343e-03
2.050000e-01 4.458022e-03
2.100000e-01 6.259168e-03
2.150000e-01 7.683967e-03
2.200000e-01 8.834976e-03
2.250000e-01 9.673003e-03
2.300000e-01 1.008941e-02
2.350000e-01 1.014606e-02
2.400000e-01 9.759723e-03
2.450000e-01 9.031425e-03
2.500000e-01 7.947112e-03
2.550000e-01 6.441689e-03
2.600000e-01 4.759579e-03
2.650000e-01 2.892948e-03
2.700000e-01 8.730258e-04
2.750000e-01 -1.153144e-03
2.800000e-01 -3.121856e-03
2.850000e-01 -4.942945e-03
2.900000e-01 -6.648806e-03
2.950000e-01 -8.062808e-03
3.000000e-01 -9.114104e-03
3.050000e-01 -9.871199e-03
3.100000e-01 -1.018163e-02
3.150000e-01 -1.006052e-02
3.200000e-01 -9.560839e-03
3.250000e-01 -8.717440e-03
3.300000e-01 -7.519072e-03
3.350000e-01 -5.990451e-03
3.400000e-01 -4.264957e-03
3.450000e-01 -2.328320e-03
3.500000e-01 -2.968148e-04
3.550000e-01 1.733753e-03
3.600000e-01 3.712518e-03
3.650000e-01 5.505000e-03
3.700000e-01 7.079751e-03
3.750000e-01 8.383071e-03
3.800000e-01 9.366685e-03
3.850000e-01 9.967727e-03
3.900000e-01 1.018543e-02
3.950000e-01 9.999731e-03
4.000000e-01 9.378451e-03
4.050000e-01 8.403087e-03
4.100000e-01 7.087970e-03
4.150000e-01 5.481091e-03
4.200000e-01 3.677288e-03
4.250000e-01 1.737508e-03
4.300000e-01 -2.782113e-04
4.350000e-01 -2.283426e-03
4.400000e-01 -4.227720e-03
4.450000e-01 -6.002302e-03
4.500000e-01 -7.515272e-03
4.550000e-01 -8.738772e-03
4.600000e-01 -9.585076e-03
4.650000e-01 -1.006347e-02
4.700000e-01 -1.014614e-02
4.750000e-01 -9.829043e-03
4.800000e-01 -9.136160e-03
4.850000e-01 -8.068067e-03
4.900000e-01 -6.673572e-03
4.950000e-01 -5.004933e-03
5.000000e-01 -3.124092e-03
5.050000e-01 -1.111314e-03
5.100000e-01 8.987346e-04
5.150000e-01 2.876968e-03
5.200000e-01 4.754534e-03
5.250000e-01 6.440192e-03
5.300000e-01 7.881225e-03
5.350000e-01 9.014192e-03
5.400000e-01 9.801133e-03
5.450000e-01 1.015729e-02
5.500000e-01 1.010647e-02
5.550000e-01 9.664768e-03
5.600000e-01 8.836874e-03
5.650000e-01 7.664453e-03
5.700000e-01 6.183824e-03
5.750000e-01 4.489271e-03
5.800000e-01 2.587417e-03
5.850000e-01 5.521014e-04
5.900000e-01 -1.481540e-03
5.950000e-01 -3.469392e-03
6.000000e-01 -5.297616e-03
6.050000e-01 -6.907557e-03
6.100000e-01 -8.247345e-03
6.150000e-01 -9.249819e-03
6.200000e-01 -9.911418e-03
6.250000e-01 -1.016618e-02
6.300000e-01 -1.001512e-02
6.350000e-01 -9.460857e-03
6.400000e-01 -8.517723e-03
6.450000e-01 -7.237119e-03
6.500000e-01 -5.657928e-03
6.550000e-01 -3.881710e-03
6.600000e-01 -1.967821e-03
6.650000e-01 2.764638e-05
6.700000e-01 2.034360e-03
6.750000e-01 3.973318e-03
6.800000e-01 5.750029e-03
6.850000e-01 7.318135e-03
6.900000e-01 8.585653e-03
6.950000e-01 9.484604e-03
7.000000e-01 1.002690e-02
7.050000e-01 1.015763e-02
7.100000e-01 9.879756e-03
7.150000e-01 9.233542e-03
7.200000e-01 8.214572e-03
7.250000e-01 6.864663e-03
7.300000e-01 5.229941e-03
7.350000e-01 3.366316e-03
7.400000e-01 1.374978e-03
7.450000e-01 -6.428378e-04
7.500000e-01 -2.646901e-03
7.550000e-01 -4.543097e-03
7.600000e-01 -6.238433e-03
7.650000e-01 -7.708983e-03
7.700000e-01 -8.891966e-03
7.750000e-01 -9.716702e-03
7.800000e-01 -1.012930e-02
7.850000e-01 -1.015040e-02
7.900000e-01 -9.762863e-03
7.950000e-01 -8.951743e-03
8.000000e-01 -7.819417e-03
8.050000e-01 -6.384798e-03
8.100000e-01 -4.698153e-03
8.150000e-01 -2.827989e-03
8.200000e-01 -8.108158e-04
8.250000e-01 1.227428e-03
8.300000e-01 3.219224e-03
8.350000e-01 5.089722e-03
8.400000e-01 6.729356e-03
8.450000e-01 8.098487e-03
8.500000e-01 9.153051e-03
8.550000e-01 9.847023e-03
8.600000e-01 1.014995e-02
8.650000e-01 1.006366e-02
8.700000e-01 9.582712e-03
8.750000e-01 8.691394e-03
8.800000e-01 7.451986e-03
8.850000e-01 5.904244e-03
8.900000e-01 4.137778e-03
8.950000e-01 2.230589e-03
9.000000e-01 2.068572e-04
9.050000e-01 -1.798710e-03
9.100000e-01 -3.742978e-03
9.150000e-01 -5.571110e-03
9.200000e-01 -7.153156e-03
9.250000e-01 -8.462204e-03
9.300000e-01 -9.433166e-03
9.350000e-01 -9.996495e-03
9.400000e-01 -1.017360e-02
9.450000e-01 -9.942162e-03
9.500000e-01 -9.319698e-03
9.550000e-01 -8.365317e-03
9.600000e-01 -7.045550e-03
9.650000e-01 -5.436052e-03
9.700000e-01 -3.615135e-03
9.750000e-01 -1.637154e-03
9.800000e-01 3.976295e-04
9.850000e-01 2.422965e-03
9.900000e-01 4.321206e-03
9.950000e-01 6.043853e-03
1 7.548817e-03
1.005000e+00 8.755325e-03
1.010000e+00 9.613109e-03
1.015000e+00 1.009814e-02
1.020000e+00 1.017949e-02
1.025000e+00 9.822915e-03
1.030000e+00 9.078004e-03
1.035000e+00 7.979176e-03
1.040000e+00 6.571782e-03
1.045000e+00 4.917337e-03
1.050000e+00 3.055758e-03
1.055000e+00 1.075501e-03
1.060000e+00 -9.575326e-04
1.065000e+00 -2.972097e-03
1.070000e+00 -4.858690e-03
1.075000e+00 -6.540318e-03
1.080000e+00 -7.958979e-03
1.085000e+00 -9.051976e-03
1.090000e+00 -9.781786e-03
1.095000e+00 -1.013118e-02
1.100000e+00 -1.009837e-02
1.105000e+00 -9.666832e-03
1.110000e+00 -8.822600e-03
1.115000e+00 -7.625120e-03
1.120000e+00 -6.123117e-03
1.125000e+00 -4.370254e-03
1.130000e+00 -2.455622e-03
1.135000e+00 -4.536827e-04
1.140000e+00 1.562974e-03
1.145000e+00 3.518425e-03
1.150000e+00 5.353599e-03
1.155000e+00 6.987600e-03
1.160000e+00 8.353025e-03
1.165000e+00 9.400439e-03
1.170000e+00 1.004111e-02
1.175000e+00 1.020545e-02
1.180000e+00 9.858545e-03
1.185000e+00 8.912677e-03
1.190000e+00 7.265427e-03
1.195000e+00 4.893308e-03
1.200000e+00 1.831762e-03
1.205000e+00 -1.733791e-03
1.210000e+00 -5.533665e-03
1.215000e+00 -9.198689e-03
1.220000e+00 -1.232507e-02
1.225000e+00 -1.469355e-02
1.230000e+00 -1.624497e-02
1.235000e+00 -1.707218e-02
1.240000e+00 -1.733477e-02
1.245000e+00 -1.714480e-02
1.250000e+00 -1.642437e-02
1.255000e+00 -1.496502e-02
1.260000e+00 -1.259584e-02
1.265000e+00 -9.249340e-03
1.270000e+00 -5.089144e-03
1.275000e+00 -3.821663e-04
1.280000e+00 4.609477e-03
1.285000e+00 9.656748e-03
1.290000e+00 1.459494e-02
1.295000e+00 1.917501e-02
1.300000e+00 2.300628e-02
1.305000e+00 2.565592e-02
1.310000e+00 2.690806e-02
1.315000e+00 2.683349e-02
1.320000e+00 2.573965e-02
1.325000e+00 2.394947e-02
1.330000e+00 2.154849e-02
1.335000e+00 1.840848e-02
1.340000e+00 1.432213e-02
1.345000e+00 9.402749e-03
1.350000e+00 4.005893e-03
1.355000e+00 -1.479090e-03
1.360000e+00 -6.699333e-03
1.365000e+00 -1.156426e-02
1.370000e+00 -1.602787e-02
1.375000e+00 -1.996973e-02
1.380000e+00 -2.321713e-02
1.385000e+00 -2.555308e-02
1.390000e+00 -2.684676e-02
1.395000e+00 -2.703835e-02
1.400000e+00 -2.608724e-02
1.405000e+00 -2.399696e-02
1.410000e+00 -2.098840e-02
1.415000e+00 -1.724599e-02
1.420000e+00 -1.286097e-02
1.425000e+00 -8.003826e-03
1.430000e+00 -2.751306e-03
1.435000e+00 2.739769e-03
1.440000e+00 8.170014e-03
1.445000e+00 1.308881e-02
1.450000e+00 1.724647e-02
1.455000e+00 2.094114e-02
1.460000e+00 2.418345e-02
1.465000e+00 2.629591e-02
1.470000e+00 2.690568e-02
1.475000e+00 2.646125e-02
1.480000e+00 2.539262e-02
1.485000e+00 2.338686e-02
1.490000e+00 2.018247e-02
1.495000e+00 1.614256e-02
1.500000e+00 1.148716e-02
1.505000e+00 6.326837e-03
1.510000e+00 1.021670e-03
1.515000e+00 -4.212069e-03
1.520000e+00 -9.422108e-03
1.525000e+00 -1.438355e-02
1.530000e+00 -1.862237e-02
1.535000e+00 -2.205439e-02
1.540000e+00 -2.466668e-02
1.545000e+00 -2.629900e-02
1.550000e+00 -2.699592e-02
1.555000e+00 -2.667074e-02
1.560000e+00 -2.506521e-02
1.565000e+00 -2.231533e-02
1.570000e+00 -1.885195e-02
1.575000e+00 -1.483297e-02
1.580000e+00 -1.019538e-02
1.585000e+00 -4.998032e-03
1.590000e+00 5.430797e-04
1.595000e+00 5.946245e-03
1.600000e+00 1.088118e-02
1.605000e+00 1.555588e-02
1.610000e+00 1.983999e-02
1.615000e+00 2.305694e-02
1.620000e+00 2.519063e-02
1.625000e+00 2.659461e-02
1.630000e+00 2.701673e-02
1.635000e+00 2.620599e-02
1.640000e+00 2.430333e-02
1.645000e+00 2.153903e-02
1.650000e+00 1.798557e-02
1.655000e+00 1.352134e-02
1.660000e+00 8.448691e-03
1.665000e+00 3.285483e-03
1.670000e+00 -2.005353e-03
1.675000e+00 -7.361278e-03
1.680000e+00 -1.232875e-02
1.685000e+00 -1.683048e-02
1.690000e+00 -2.081937e-02
1.695000e+00 -2.383283e-02
1.700000e+00 -2.580495e-02
1.705000e+00 -2.690302e-02
1.710000e+00 -2.690412e-02
1.715000e+00 -2.572362e-02
1.720000e+00 -2.355956e-02
1.725000e+00 -2.052038e-02
1.730000e+00 -1.670440e-02
1.735000e+00 -1.219602e-02
1.740000e+00 -7.101025e-03
1.745000e+00 -1.727829e-03
1.750000e+00 3.683578e-03
1.755000e+00 8.906182e-03
1.760000e+00 1.377887e-02
1.765000e+00 1.815245e-02
1.770000e+00 2.168151e-02
1.775000e+00 2.437961e-02
1.780000e+00 2.631446e-02
1.785000e+00 2.707994e-02
1.790000e+00 2.662728e-02
1.795000e+00 2.526890e-02
1.800000e+00 2.287013e-02
1.805000e+00 1.943479e-02
1.810000e+00 1.532683e-02
1.815000e+00 1.066735e-02
1.820000e+00 5.558485e-03
1.825000e+00 2.164271e-04
1.830000e+00 -5.172754e-03
1.835000e+00 -1.035693e-02
1.840000e+00 -1.514098e-02
1.845000e+00 -1.932502e-02
1.850000e+00 -2.266625e-02
1.855000e+00 -2.507160e-02
1.860000e+00 -2.653073e-02
1.865000e+00 -2.699018e-02
1.870000e+00 -2.629667e-02
1.875000e+00 -2.456642e-02
1.880000e+00 -2.199783e-02
1.885000e+00 -1.842066e-02
1.890000e+00 -1.400432e-02
1.895000e+00 -9.180577e-03
1.900000e+00 -3.962981e-03
1.905000e+00 1.444013e-03
1.910000e+00 6.689899e-03
1.915000e+00 1.175231e-02
1.920000e+00 1.636654e-02
1.925000e+00 2.028581e-02
1.930000e+00 2.347985e-02
1.935000e+00 2.571468e-02
1.940000e+00 2.686824e-02
1.945000e+00 2.693846e-02
1.950000e+00 2.593652e-02
1.955000e+00 2.391203e-02
1.960000e+00 2.093183e-02
1.965000e+00 1.719269e-02
1.970000e+00 1.274414e-02
1.975000e+00 7.719024e-03
1.980000e+00 2.429396e-03
1.985000e+00 -3.004572e-03
1.990000e+00 -8.316436e-03
1.995000e+00 -1.325106e-02
2 -1.765164e-02
2.005000e+00 -2.129876e-02
2.010000e+00 -2.418644e-02
2.015000e+00 -2.611692e-02
2.020000e+00 -2.693626e-02
2.025000e+00 -2.681025e-02
2.030000e+00 -2.555529e-02
2.035000e+00 -2.317106e-02
2.040000e+00 -1.994480e-02
2.045000e+00 -1.589034e-02
2.050000e+00 -1.122874e-02
2.055000e+00 -6.185357e-03
2.060000e+00 -8.426683e-04
2.065000e+00 4.521675e-03
2.070000e+00 9.727805e-03
2.075000e+00 1.459040e-02
2.080000e+00 1.885233e-02
2.085000e+00 2.232600e-02
2.090000e+00 2.489428e-02
2.095000e+00 2.648334e-02
2.100000e+00 2.697261e-02
2.105000e+00 2.643074e-02
2.110000e+00 2.491932e-02
2.115000e+00 2.236932e-02
2.120000e+00 1.888879e-02
2.125000e+00 1.464898e-02
2.130000e+00 9.826462e-03
2.135000e+00 4.599704e-03
2.140000e+00 -8.053463e-04
2.145000e+00 -6.123760e-03
2.150000e+00 -1.120277e-02
2.155000e+00 -1.583231e-02
2.160000e+00 -1.987194e-02
2.165000e+00 -2.315959e-02
2.170000e+00 -2.547032e-02
2.175000e+00 -2.681750e-02
2.180000e+00 -2.703755e-02
2.185000e+00 -2.610089e-02
2.190000e+00 -2.422272e-02
2.195000e+00 -2.137713e-02
2.200000e+00 -1.767257e-02
2.205000e+00 -1.328839e-02
2.210000e+00 -8.375681e-03
2.215000e+00 -3.106737e-03
2.220000e+00 2.335652e-03
2.225000e+00 7.665466e-03
2.230000e+00 1.268313e-02
2.235000e+00 1.716824e-02
2.240000e+00 2.094236e-02
2.245000e+00 2.389074e-02
2.250000e+00 2.588981e-02
2.255000e+00 2.691552e-02
2.260000e+00 2.689171e-02
2.265000e+00 2.574367e-02
2.270000e+00 2.352989e-02
2.275000e+00 2.040712e-02
2.280000e+00 1.645868e-02
2.285000e+00 1.182766e-02
2.290000e+00 6.803499e-03
2.295000e+00 1.503097e-03
2.300000e+00 -3.868993e-03
2.305000e+00 -9.076558e-03
2.310000e+00 -1.399961e-02
2.315000e+00 -1.833156e-02
2.320000e+00 -2.194578e-02
2.325000e+00 -2.469710e-02
2.330000e+00 -2.636997e-02
2.335000e+00 -2.703149e-02
2.340000e+00 -2.666874e-02
2.345000e+00 -2.527011e-02
2.350000e+00 -2.287596e-02
2.355000e+00 -1.954462e-02
2.360000e+00 -1.541353e-02
2.365000e+00 -1.064630e-02
2.370000e+00 -5.401903e-03
2.375000e+00 8.313634e-05
2.380000e+00 5.500531e-03
2.385000e+00 1.073049e-02
2.390000e+00 1.550935e-02
2.395000e+00 1.959541e-02
2.400000e+00 2.297504e-02
2.405000e+00 2.536579e-02
2.410000e+00 2.658453e-02
2.415000e+00 2.654590e-02
2.420000e+00 2.511696e-02
2.425000e+00 2.236311e-02
2.430000e+00 1.828370e-02
2.435000e+00 1.306794e-02
2.440000e+00 7.052640e-03
2.445000e+00 5.405580e-04
2.450000e+00 -6.028481e-03
2.455000e+00 -1.224550e-02
2.460000e+00 -1.776414e-02
2.465000e+00 -2.235871e-02
2.470000e+00 -2.592056e-02
2.475000e+00 -2.838577e-02
2.480000e+00 -2.975727e-02
2.485000e+00 -3.006780e-02
2.490000e+00 -2.922882e-02
2.495000e+00 -2.702116e-02
2.500000e+00 -2.333781e-02
2.505000e+00 -1.821521e-02
2.510000e+00 -1.179043e-02
2.515000e+00 -4.431622e-03
2.520000e+00 3.311029e-03
2.525000e+00 1.089044e-02
2.530000e+00 1.787248e-02
2.535000e+00 2.396663e-02
2.540000e+00 2.897055e-02
2.545000e+00 3.276369e-02
2.550000e+00 3.528830e-02
2.555000e+00 3.642482e-02
2.560000e+00 3.606733e-02
2.565000e+00 3.429682e-02
2.570000e+00 3.128527e-02
2.575000e+00 2.719765e-02
2.580000e+00 2.214671e-02
2.585000e+00 1.617442e-02
2.590000e+00 9.394212e-03
2.595000e+00 2.007536e-03
2.600000e+00 -5.628097e-03
2.605000e+00 -1.295603e-02
2.610000e+00 -1.956328e-02
2.615000e+00 -2.519969e-02
2.620000e+00 -2.979802e-02
2.625000e+00 -3.341008e-02
2.630000e+00 -3.590759e-02
2.635000e+00 -3.711396e-02
2.640000e+00 -3.667999e-02
2.645000e+00 -3.447316e-02
2.650000e+00 -3.078568e-02
2.655000e+00 -2.591342e-02
2.660000e+00 -2.024466e-02
2.665000e+00 -1.397745e-02
2.670000e+00 -7.149340e-03
2.675000e+00 9.013544e-05
2.680000e+00 7.551003e-03
2.685000e+00 1.478187e-02
2.690000e+00 2.127494e-02
2.695000e+00 2.679766e-02
2.700000e+00 3.119391e-02
2.705000e+00 3.438521e-02
2.710000e+00 3.631720e-02
2.715000e+00 3.685801e-02
2.720000e+00 3.592066e-02
2.725000e+00 3.347167e-02
2.730000e+00 2.961812e-02
2.735000e+00 2.463306e-02
2.740000e+00 1.873968e-02
2.745000e+00 1.208926e-02
2.750000e+00 4.926383e-03
2.755000e+00 -2.461712e-03
2.760000e+00 -9.754323e-03
2.765000e+00 -1.664927e-02
2.770000e+00 -2.284195e-02
2.775000e+00 -2.808462e-02
2.780000e+00 -3.226371e-02
2.785000e+00 -3.519618e-02
2.790000e+00 -3.672159e-02
2.795000e+00 -3.677009e-02
2.800000e+00 -3.535364e-02
2.805000e+00 -3.251678e-02
2.810000e+00 -2.833331e-02
2.815000e+00 -2.299541e-02
2.820000e+00 -1.679800e-02
2.825000e+00 -1.001129e-02
2.830000e+00 -2.835637e-03
2.835000e+00 4.503583e-03
2.840000e+00 1.175223e-02
2.845000e+00 1.855145e-02
2.850000e+00 2.459899e-02
2.855000e+00 2.957548e-02
2.860000e+00 3.326945e-02
2.865000e+00 3.572579e-02
2.870000e+00 3.685932e-02
2.875000e+00 3.654781e-02
2.880000e+00 3.468186e-02
2.885000e+00 3.138122e-02
2.890000e+00 2.692329e-02
2.895000e+00 2.141241e-02
2.900000e+00 1.501734e-02
2.905000e+00 7.930902e-03
2.910000e+00 4.779359e-04
2.915000e+00 -6.879597e-03
2.920000e+00 -1.380656e-02
2.925000e+00 -2.017374e-02
2.930000e+00 -2.594552e-02
2.935000e+00 -3.083487e-02
2.940000e+00 -3.440435e-02
2.945000e+00 -3.642334e-02
2.950000e+00 -3.691724e-02
2.955000e+00 -3.596593e-02
2.960000e+00 -3.376640e-02
2.965000e+00 -3.036024e-02
2.970000e+00 -2.550809e-02
2.975000e+00 -1.945559e-02
2.980000e+00 -1.280518e-02
2.985000e+00 -5.892858e-03
2.990000e+00 1.330502e-03
2.995000e+00 8.888627e-03
3 1.610807e-02
