T X
0 0
2.000000e-03 1.039213e-10
4.000000e-03 6.161751e-11
6.000000e-03 -2.480822e-10
8.000000e-03 -5.520410e-10
1.000000e-02 -8.926442e-10
1.200000e-02 -1.109850e-09
1.400000e-02 -1.327742e-09
1.600000e-02 -1.422738e-09
1.800000e-02 -1.330714e-09
2.000000e-02 -9.806583e-10
2.200000e-02 -2.252093e-09
2.400000e-02 -2.794632e-09
2.600000e-02 -5.416682e-09
2.800000e-02 -4.776788e-09
3.000000e-02 -1.145544e-09
3.200000e-02 1.722585e-09
3.400000e-02 1.021095e-08
3.600000e-02 9.792372e-09
3.800000e-02 1.677054e-08
4.000000e-02 3.616026e-08
4.200000e-02 4.387519e-08
4.400000e-02 4.765060e-08
4.600000e-02 5.577077e-08
4.800000e-02 7.448494e-08
5.000000e-02 4.768689e-08
5.200000e-02 -1.800663e-08
5.400000e-02 -9.194973e-08
5.600000e-02 -1.848707e-07
5.800000e-02 -1.579893e-07
6.000000e-02 7.518726e-09
6.200000e-02 1.529446e-07
6.400000e-02 5.121048e-08
6.600000e-02 -3.040117e-07
6.800000e-02 -3.867899e-07
7.000000e-02 5.901890e-07
7.200000e-02 2.604186e-06
7.400000e-02 4.514736e-06
7.600000e-02 5.596200e-06
7.800000e-02 6.955167e-06
8.000000e-02 1.533533e-05
8.200000e-02 4.623823e-05
8.400000e-02 1.245029e-04
8.600000e-02 2.905874e-04
8.800000e-02 6.097889e-04
9.000000e-02 1.168429e-03
9.200000e-02 2.041893e-03
9.400000e-02 3.231816e-03
9.600000e-02 4.614190e-03
9.800000e-02 5.974268e-03
1.000000e-01 7.135587e-03
1.020000e-01 8.077734e-03
1.040000e-01 8.929427e-03
1.060000e-01 9.837559e-03
1.080000e-01 1.080846e-02
1.100000e-01 1.169473e-02
1.120000e-01 1.239498e-02
1.140000e-01 1.299293e-02
1.160000e-01 1.360568e-02
1.180000e-01 1.418867e-02
1.200000e-01 1.462797e-02
1.220000e-01 1.493937e-02
1.240000e-01 1.520734e-02
1.260000e-01 1.539678e-02
1.280000e-01 1.542614e-02
1.300000e-01 1.535301e-02
1.320000e-01 1.524102e-02
1.340000e-01 1.500321e-02
1.360000e-01 1.462282e-02
1.380000e-01 1.420167e-02
1.400000e-01 1.369928e-02
1.420000e-01 1.305160e-02
1.440000e-01 1.233881e-02
1.460000e-01 1.157341e-02
1.480000e-01 1.071523e-02
1.500000e-01 9.796690e-03
1.520000e-01 8.811722e-03
1.540000e-01 7.767641e-03
1.560000e-01 6.706636e-03
1.580000e-01 5.583890e-03
1.600000e-01 4.404928e-03
1.620000e-01 3.228640e-03
1.640000e-01 2.012536e-03
1.660000e-01 7.729115e-04
1.680000e-01 -4.268175e-04
1.700000e-01 -1.608635e-03
1.720000e-01 -2.741806e-03
1.740000e-01 -3.806167e-03
1.760000e-01 -4.871150e-03
1.780000e-01 -5.967146e-03
1.800000e-01 -7.072731e-03
1.820000e-01 -8.149746e-03
1.840000e-01 -9.193013e-03
1.860000e-01 -1.017943e-02
1.880000e-01 -1.101574e-02
1.900000e-01 -1.171173e-02
1.920000e-01 -1.237141e-02
1.940000e-01 -1.301289e-02
1.960000e-01 -1.359635e-02
1.980000e-01 -1.409562e-02
2.000000e-01 -1.449837e-02
2.020000e-01 -1.480554e-02
2.040000e-01 -1.502908e-02
2.060000e-01 -1.518043e-02
2.080000e-01 -1.522841e-02
2.100000e-01 -1.512267e-02
2.120000e-01 -1.489480e-02
2.140000e-01 -1.462234e-02
2.160000e-01 -1.429693e-02
2.180000e-01 -1.384904e-02
2.200000e-01 -1.326308e-02
2.220000e-01 -1.259608e-02
2.240000e-01 -1.190017e-02
2.260000e-01 -1.116139e-02
2.280000e-01 -1.033293e-02
2.300000e-01 -9.409840e-03
2.320000e-01 -8.426419e-03
2.340000e-01 -7.409930e-03
2.360000e-01 -6.357518e-03
2.380000e-01 -5.234861e-03
2.400000e-01 -4.064836e-03
2.420000e-01 -2.906949e-03
2.440000e-01 -1.725128e-03
2.460000e-01 -4.854943e-04
2.480000e-01 7.509213e-04
2.500000e-01 1.947893e-03
2.520000e-01 3.133413e-03
2.540000e-01 4.317857e-03
2.560000e-01 5.464684e-03
2.580000e-01 6.544121e-03
2.600000e-01 7.582149e-03
2.620000e-01 8.589670e-03
2.640000e-01 9.519114e-03
2.660000e-01 1.039302e-02
2.680000e-01 1.125828e-02
2.700000e-01 1.204748e-02
2.720000e-01 1.272230e-02
2.740000e-01 1.332448e-02
2.760000e-01 1.384646e-02
2.780000e-01 1.425528e-02
2.800000e-01 1.457756e-02
2.820000e-01 1.484896e-02
2.840000e-01 1.502214e-02
2.860000e-01 1.506705e-02
2.880000e-01 1.501983e-02
2.900000e-01 1.488255e-02
2.920000e-01 1.465143e-02
2.940000e-01 1.432661e-02
2.960000e-01 1.388896e-02
2.980000e-01 1.335259e-02
3.000000e-01 1.275082e-02
3.020000e-01 1.208446e-02
3.040000e-01 1.133047e-02
3.060000e-01 1.049757e-02
3.080000e-01 9.622613e-03
3.100000e-01 8.694281e-03
3.120000e-01 7.683320e-03
3.140000e-01 6.623994e-03
3.160000e-01 5.552973e-03
3.180000e-01 4.440238e-03
3.200000e-01 3.263859e-03
3.220000e-01 2.068732e-03
3.240000e-01 8.873555e-04
3.260000e-01 -2.983281e-04
3.280000e-01 -1.492834e-03
3.300000e-01 -2.692241e-03
3.320000e-01 -3.881541e-03
3.340000e-01 -5.036690e-03
3.360000e-01 -6.153550e-03
3.380000e-01 -7.222652e-03
3.400000e-01 -8.250003e-03
3.420000e-01 -9.229383e-03
3.440000e-01 -1.011544e-02
3.460000e-01 -1.093195e-02
3.480000e-01 -1.171947e-02
3.500000e-01 -1.242326e-02
3.520000e-01 -1.302536e-02
3.540000e-01 -1.356176e-02
3.560000e-01 -1.402607e-02
3.580000e-01 -1.439902e-02
3.600000e-01 -1.467733e-02
3.620000e-01 -1.485806e-02
3.640000e-01 -1.495141e-02
3.660000e-01 -1.496447e-02
3.680000e-01 -1.485904e-02
3.700000e-01 -1.464467e-02
3.720000e-01 -1.436012e-02
3.740000e-01 -1.398544e-02
3.760000e-01 -1.350627e-02
3.780000e-01 -1.293720e-02
3.800000e-01 -1.228180e-02
3.820000e-01 -1.153791e-02
3.840000e-01 -1.073467e-02
3.860000e-01 -9.880923e-03
3.880000e-01 -8.939374e-03
3.900000e-01 -7.931957e-03
3.920000e-01 -6.899864e-03
3.940000e-01 -5.818467e-03
3.960000e-01 -4.687139e-03
3.980000e-01 -3.539429e-03
4.000000e-01 -2.384022e-03
4.020000e-01 -1.210075e-03
4.040000e-01 -8.461246e-06
4.060000e-01 1.199927e-03
4.080000e-01 2.381554e-03
4.100000e-01 3.550296e-03
4.120000e-01 4.714978e-03
4.140000e-01 5.832270e-03
4.160000e-01 6.900313e-03
4.180000e-01 7.947750e-03
4.200000e-01 8.967420e-03
4.220000e-01 9.904744e-03
4.240000e-01 1.076046e-02
4.260000e-01 1.156713e-02
4.280000e-01 1.227526e-02
4.300000e-01 1.291062e-02
4.320000e-01 1.349106e-02
4.340000e-01 1.395044e-02
4.360000e-01 1.432003e-02
4.380000e-01 1.463218e-02
4.400000e-01 1.484411e-02
4.420000e-01 1.493529e-02
4.440000e-01 1.492845e-02
4.460000e-01 1.484993e-02
4.480000e-01 1.466940e-02
4.500000e-01 1.437439e-02
4.520000e-01 1.401686e-02
4.540000e-01 1.357975e-02
4.560000e-01 1.303056e-02
4.580000e-01 1.240293e-02
4.600000e-01 1.171903e-02
4.620000e-01 1.093915e-02
4.640000e-01 1.005597e-02
4.660000e-01 9.145407e-03
4.680000e-01 8.208497e-03
4.700000e-01 7.185642e-03
4.720000e-01 6.092377e-03
4.740000e-01 4.994970e-03
4.760000e-01 3.890135e-03
4.780000e-01 2.722367e-03
4.800000e-01 1.507806e-03
4.820000e-01 3.309109e-04
4.840000e-01 -8.062518e-04
4.860000e-01 -2.010319e-03
4.880000e-01 -3.237536e-03
4.900000e-01 -4.365059e-03
4.920000e-01 -5.434076e-03
4.940000e-01 -6.525068e-03
4.960000e-01 -7.627739e-03
4.980000e-01 -8.628516e-03
5.000000e-01 -9.502160e-03
