T X
0 0
2.000000e-03 -2.131596e-09
4.000000e-03 -4.500013e-09
6.000000e-03 1.136140e-08
8.000000e-03 5.545631e-08
1.000000e-02 1.039057e-07
1.200000e-02 1.233658e-07
1.400000e-02 1.653489e-07
1.600000e-02 2.218558e-07
1.800000e-02 3.281513e-07
2.000000e-02 5.393276e-07
2.200000e-02 6.389269e-07
2.400000e-02 6.524825e-07
2.600000e-02 4.757995e-07
2.800000e-02 -5.122393e-07
3.000000e-02 -1.448751e-06
3.200000e-02 -3.754362e-07
3.400000e-02 2.737396e-06
3.600000e-02 9.459887e-06
3.800000e-02 2.868878e-05
4.000000e-02 8.137360e-05
4.200000e-02 2.162017e-04
4.400000e-02 5.245575e-04
4.600000e-02 1.126285e-03
4.800000e-02 2.110931e-03
5.000000e-02 3.443771e-03
5.200000e-02 4.925460e-03
5.400000e-02 6.306303e-03
5.600000e-02 7.481721e-03
5.800000e-02 8.551038e-03
6.000000e-02 9.644854e-03
6.200000e-02 1.073879e-02
6.400000e-02 1.171563e-02
6.600000e-02 1.255953e-02
6.800000e-02 1.335578e-02
7.000000e-02 1.410840e-02
7.200000e-02 1.474035e-02
7.400000e-02 1.525870e-02
7.600000e-02 1.570836e-02
7.800000e-02 1.605992e-02
8.000000e-02 1.629720e-02
8.200000e-02 1.644765e-02
8.400000e-02 1.649578e-02
8.600000e-02 1.641261e-02
8.800000e-02 1.621377e-02
9.000000e-02 1.592390e-02
9.200000e-02 1.553812e-02
9.400000e-02 1.505149e-02
9.600000e-02 1.447818e-02
9.800000e-02 1.380661e-02
1.000000e-01 1.302441e-02
1.020000e-01 1.216490e-02
1.040000e-01 1.124688e-02
1.060000e-01 1.025474e-02
1.080000e-01 9.192612e-03
1.100000e-01 8.068210e-03
1.120000e-01 6.873287e-03
1.140000e-01 5.634131e-03
1.160000e-01 4.396306e-03
1.180000e-01 3.161228e-03
1.200000e-01 1.916400e-03
1.220000e-01 6.772063e-04
1.240000e-01 -5.494157e-04
1.260000e-01 -1.772741e-03
1.280000e-01 -2.989793e-03
1.300000e-01 -4.207486e-03
1.320000e-01 -5.460041e-03
1.340000e-01 -6.759056e-03
1.360000e-01 -8.050975e-03
1.380000e-01 -9.257421e-03
1.400000e-01 -1.034363e-02
1.420000e-01 -1.131861e-02
1.440000e-01 -1.221563e-02
1.460000e-01 -1.308235e-02
1.480000e-01 -1.391553e-02
1.500000e-01 -1.465802e-02
1.520000e-01 -1.526907e-02
1.540000e-01 -1.573358e-02
1.560000e-01 -1.608216e-02
1.580000e-01 -1.638329e-02
1.600000e-01 -1.662845e-02
1.620000e-01 -1.673327e-02
1.640000e-01 -1.667698e-02
1.660000e-01 -1.652258e-02
1.680000e-01 -1.630181e-02
1.700000e-01 -1.597661e-02
1.720000e-01 -1.552936e-02
1.740000e-01 -1.498737e-02
1.760000e-01 -1.436605e-02
1.780000e-01 -1.365755e-02
1.800000e-01 -1.284971e-02
1.820000e-01 -1.195176e-02
1.840000e-01 -1.098080e-02
1.860000e-01 -9.935473e-03
1.880000e-01 -8.822701e-03
1.900000e-01 -7.649972e-03
1.920000e-01 -6.417627e-03
1.940000e-01 -5.146541e-03
1.960000e-01 -3.854001e-03
1.980000e-01 -2.537038e-03
2.000000e-01 -1.193031e-03
2.020000e-01 1.658689e-04
2.040000e-01 1.510321e-03
2.060000e-01 2.818821e-03
2.080000e-01 4.097256e-03
2.100000e-01 5.362263e-03
2.120000e-01 6.609941e-03
2.140000e-01 7.812934e-03
2.160000e-01 8.958393e-03
2.180000e-01 1.006022e-02
2.200000e-01 1.111657e-02
2.220000e-01 1.209757e-02
2.240000e-01 1.299070e-02
2.260000e-01 1.379230e-02
2.280000e-01 1.449572e-02
2.300000e-01 1.511713e-02
2.320000e-01 1.566034e-02
2.340000e-01 1.609911e-02
2.360000e-01 1.643290e-02
2.380000e-01 1.667805e-02
2.400000e-01 1.679910e-02
2.420000e-01 1.677487e-02
2.440000e-01 1.666293e-02
2.460000e-01 1.648020e-02
2.480000e-01 1.617265e-02
2.500000e-01 1.573969e-02
2.520000e-01 1.522223e-02
2.540000e-01 1.460336e-02
2.560000e-01 1.386930e-02
2.580000e-01 1.306516e-02
2.600000e-01 1.220200e-02
2.620000e-01 1.125605e-02
2.640000e-01 1.023360e-02
2.660000e-01 9.145132e-03
2.680000e-01 7.993205e-03
2.700000e-01 6.791977e-03
2.720000e-01 5.551638e-03
2.740000e-01 4.271488e-03
2.760000e-01 2.956392e-03
2.780000e-01 1.619174e-03
2.800000e-01 2.671932e-04
2.820000e-01 -1.089252e-03
2.840000e-01 -2.424550e-03
2.860000e-01 -3.734929e-03
2.880000e-01 -5.037481e-03
2.900000e-01 -6.314518e-03
2.920000e-01 -7.536722e-03
2.940000e-01 -8.712174e-03
2.960000e-01 -9.842885e-03
2.980000e-01 -1.090218e-02
3.000000e-01 -1.188640e-02
3.020000e-01 -1.281147e-02
3.040000e-01 -1.365594e-02
3.060000e-01 -1.438108e-02
3.080000e-01 -1.500237e-02
3.100000e-01 -1.555277e-02
3.120000e-01 -1.601503e-02
3.140000e-01 -1.636309e-02
3.160000e-01 -1.660503e-02
3.180000e-01 -1.675107e-02
3.200000e-01 -1.679393e-02
3.220000e-01 -1.673045e-02
3.240000e-01 -1.655824e-02
3.260000e-01 -1.627337e-02
3.280000e-01 -1.588483e-02
3.300000e-01 -1.539618e-02
3.320000e-01 -1.480248e-02
3.340000e-01 -1.411851e-02
3.360000e-01 -1.336024e-02
3.380000e-01 -1.251324e-02
3.400000e-01 -1.156504e-02
3.420000e-01 -1.053141e-02
3.440000e-01 -9.435356e-03
3.460000e-01 -8.297129e-03
3.480000e-01 -7.118182e-03
3.500000e-01 -5.885272e-03
3.520000e-01 -4.603830e-03
3.540000e-01 -3.288174e-03
3.560000e-01 -1.950695e-03
3.580000e-01 -6.045098e-04
3.600000e-01 7.340362e-04
3.620000e-01 2.055370e-03
3.640000e-01 3.370790e-03
3.660000e-01 4.684009e-03
3.680000e-01 5.966939e-03
3.700000e-01 7.186935e-03
3.720000e-01 8.355511e-03
3.740000e-01 9.493568e-03
3.760000e-01 1.057363e-02
3.780000e-01 1.158723e-02
3.800000e-01 1.254799e-02
3.820000e-01 1.341579e-02
3.840000e-01 1.417004e-02
3.860000e-01 1.484808e-02
3.880000e-01 1.545080e-02
3.900000e-01 1.594247e-02
3.920000e-01 1.631599e-02
3.940000e-01 1.658816e-02
3.960000e-01 1.675935e-02
3.980000e-01 1.681570e-02
4.000000e-01 1.676255e-02
4.020000e-01 1.661285e-02
4.040000e-01 1.636449e-02
4.060000e-01 1.600413e-02
4.080000e-01 1.553081e-02
4.100000e-01 1.495697e-02
4.120000e-01 1.429235e-02
4.140000e-01 1.354947e-02
4.160000e-01 1.272446e-02
4.180000e-01 1.180644e-02
4.200000e-01 1.080629e-02
4.220000e-01 9.743612e-03
4.240000e-01 8.629329e-03
4.260000e-01 7.465008e-03
4.280000e-01 6.244569e-03
4.300000e-01 4.967447e-03
4.320000e-01 3.663187e-03
4.340000e-01 2.349066e-03
4.360000e-01 1.008682e-03
4.380000e-01 -3.510119e-04
4.400000e-01 -1.702148e-03
4.420000e-01 -3.043129e-03
4.440000e-01 -4.374612e-03
4.460000e-01 -5.663540e-03
4.480000e-01 -6.894703e-03
4.500000e-01 -8.080987e-03
4.520000e-01 -9.222894e-03
4.540000e-01 -1.031551e-02
4.560000e-01 -1.134825e-02
4.580000e-01 -1.230642e-02
4.600000e-01 -1.317378e-02
4.620000e-01 -1.394934e-02
4.640000e-01 -1.465539e-02
4.660000e-01 -1.527667e-02
4.680000e-01 -1.577763e-02
4.700000e-01 -1.617138e-02
4.720000e-01 -1.647815e-02
4.740000e-01 -1.668497e-02
4.760000e-01 -1.678056e-02
4.780000e-01 -1.677316e-02
4.800000e-01 -1.666743e-02
4.820000e-01 -1.645417e-02
4.840000e-01 -1.612651e-02
4.860000e-01 -1.568742e-02
4.880000e-01 -1.514923e-02
4.900000e-01 -1.452146e-02
4.920000e-01 -1.379800e-02
4.940000e-01 -1.297849e-02
4.960000e-01 -1.207227e-02
4.980000e-01 -1.108707e-02
5.000000e-01 -1.003346e-02
