T X
0 0
5.000000e-03 -1.356947e-11
1.000000e-02 2.889171e-12
1.500000e-02 -5.626725e-11
2.000000e-02 -1.230452e-10
2.500000e-02 3.598004e-10
3.000000e-02 3.838812e-09
3.500000e-02 2.969655e-08
4.000000e-02 1.872592e-07
4.500000e-02 1.043764e-06
5.000000e-02 5.050968e-06
5.500000e-02 2.099779e-05
6.000000e-02 7.493650e-05
6.500000e-02 2.299660e-04
7.000000e-02 6.080099e-04
7.500000e-02 1.386492e-03
8.000000e-02 2.726831e-03
8.500000e-02 4.622155e-03
9.000000e-02 6.756725e-03
9.500000e-02 8.569619e-03
1.000000e-01 9.612351e-03
1.050000e-01 9.928318e-03
1.100000e-01 9.964479e-03
1.150000e-01 9.978853e-03
1.200000e-01 9.681207e-03
1.250000e-01 8.698491e-03
1.300000e-01 7.211438e-03
1.350000e-01 5.685120e-03
1.400000e-01 4.111646e-03
1.450000e-01 2.161292e-03
1.500000e-01 -1.713668e-05
1.550000e-01 -1.956149e-03
1.600000e-01 -3.696778e-03
1.650000e-01 -5.532551e-03
1.700000e-01 -7.228350e-03
1.750000e-01 -8.463024e-03
1.800000e-01 -9.444121e-03
1.850000e-01 -1.022874e-02
1.900000e-01 -1.042196e-02
1.950000e-01 -1.004306e-02
2.000000e-01 -9.436506e-03
2.050000e-01 -8.481924e-03
2.100000e-01 -7.077285e-03
2.150000e-01 -5.507032e-03
2.200000e-01 -3.727996e-03
2.250000e-01 -1.613271e-03
2.300000e-01 4.754076e-04
2.350000e-01 2.411805e-03
2.400000e-01 4.383890e-03
2.450000e-01 6.180844e-03
2.500000e-01 7.659595e-03
2.550000e-01 8.935807e-03
2.600000e-01 9.807236e-03
2.650000e-01 1.021650e-02
2.700000e-01 1.035231e-02
2.750000e-01 1.001345e-02
2.800000e-01 9.174802e-03
2.850000e-01 8.117374e-03
2.900000e-01 6.712925e-03
2.950000e-01 4.960540e-03
3.000000e-01 3.110082e-03
3.050000e-01 1.080710e-03
3.100000e-01 -1.022231e-03
3.150000e-01 -3.007404e-03
3.200000e-01 -4.971401e-03
3.250000e-01 -6.694133e-03
3.300000e-01 -8.050205e-03
3.350000e-01 -9.221626e-03
3.400000e-01 -9.988206e-03
3.450000e-01 -1.028642e-02
3.500000e-01 -1.028266e-02
3.550000e-01 -9.822729e-03
3.600000e-01 -8.963317e-03
3.650000e-01 -7.780109e-03
3.700000e-01 -6.208834e-03
3.750000e-01 -4.456210e-03
3.800000e-01 -2.507940e-03
3.850000e-01 -4.105105e-04
3.900000e-01 1.571706e-03
3.950000e-01 3.582392e-03
4.000000e-01 5.491967e-03
4.050000e-01 7.063071e-03
4.100000e-01 8.459762e-03
4.150000e-01 9.498920e-03
4.200000e-01 1.011086e-02
4.250000e-01 1.038811e-02
4.300000e-01 1.016568e-02
4.350000e-01 9.596828e-03
4.400000e-01 8.652769e-03
4.450000e-01 7.288746e-03
4.500000e-01 5.753062e-03
4.550000e-01 3.903181e-03
4.600000e-01 1.900951e-03
4.650000e-01 -9.598948e-05
4.700000e-01 -2.227217e-03
4.750000e-01 -4.168411e-03
4.800000e-01 -5.942719e-03
4.850000e-01 -7.561599e-03
4.900000e-01 -8.774307e-03
4.950000e-01 -9.708151e-03
5.000000e-01 -1.022840e-02
5.050000e-01 -1.033279e-02
5.100000e-01 -1.007111e-02
5.150000e-01 -9.334298e-03
5.200000e-01 -8.306045e-03
5.250000e-01 -6.890337e-03
5.300000e-01 -5.196713e-03
5.350000e-01 -3.363224e-03
5.400000e-01 -1.290941e-03
5.450000e-01 7.380745e-04
5.500000e-01 2.775078e-03
5.550000e-01 4.744702e-03
5.600000e-01 6.426309e-03
5.650000e-01 7.943464e-03
5.700000e-01 9.100686e-03
5.750000e-01 9.891798e-03
5.800000e-01 1.032182e-02
5.850000e-01 1.030454e-02
5.900000e-01 9.926764e-03
5.950000e-01 9.101673e-03
6.000000e-01 7.955176e-03
6.050000e-01 6.471982e-03
6.100000e-01 4.696264e-03
6.150000e-01 2.792626e-03
6.200000e-01 6.952932e-04
6.250000e-01 -1.355008e-03
6.300000e-01 -3.372763e-03
6.350000e-01 -5.288361e-03
6.400000e-01 -6.912855e-03
6.450000e-01 -8.347286e-03
6.500000e-01 -9.385902e-03
6.550000e-01 -1.006515e-02
6.600000e-01 -1.037110e-02
6.650000e-01 -1.021374e-02
6.700000e-01 -9.685733e-03
6.750000e-01 -8.734973e-03
6.800000e-01 -7.477586e-03
6.850000e-01 -5.894020e-03
6.900000e-01 -4.098745e-03
6.950000e-01 -2.165092e-03
7.000000e-01 -9.391866e-05
7.050000e-01 1.915537e-03
7.100000e-01 3.918991e-03
7.150000e-01 5.732771e-03
7.200000e-01 7.323943e-03
7.250000e-01 8.660140e-03
7.300000e-01 9.577413e-03
7.350000e-01 1.019149e-02
7.400000e-01 1.033992e-02
7.450000e-01 1.008727e-02
7.500000e-01 9.470439e-03
7.550000e-01 8.433622e-03
7.600000e-01 7.093796e-03
7.650000e-01 5.440124e-03
7.700000e-01 3.595187e-03
7.750000e-01 1.571810e-03
7.800000e-01 -4.949344e-04
7.850000e-01 -2.532725e-03
7.900000e-01 -4.502410e-03
7.950000e-01 -6.235372e-03
8.000000e-01 -7.774117e-03
8.050000e-01 -8.958821e-03
8.100000e-01 -9.809887e-03
8.150000e-01 -1.030172e-02
8.200000e-01 -1.031670e-02
8.250000e-01 -9.990478e-03
8.300000e-01 -9.220808e-03
8.350000e-01 -8.064211e-03
8.400000e-01 -6.631655e-03
8.450000e-01 -4.900537e-03
8.500000e-01 -2.981691e-03
8.550000e-01 -9.681552e-04
8.600000e-01 1.099437e-03
8.650000e-01 3.118926e-03
8.700000e-01 5.010975e-03
8.750000e-01 6.723736e-03
8.800000e-01 8.142297e-03
8.850000e-01 9.269599e-03
8.900000e-01 9.998772e-03
8.950000e-01 1.032715e-02
9.000000e-01 1.027176e-02
9.050000e-01 9.754509e-03
9.100000e-01 8.911963e-03
9.150000e-01 7.679999e-03
9.200000e-01 6.139465e-03
9.250000e-01 4.393466e-03
9.300000e-01 2.418061e-03
9.350000e-01 3.781193e-04
9.400000e-01 -1.681770e-03
9.450000e-01 -3.695024e-03
9.500000e-01 -5.549089e-03
9.550000e-01 -7.167565e-03
9.600000e-01 -8.516988e-03
9.650000e-01 -9.524397e-03
9.700000e-01 -1.013344e-02
9.750000e-01 -1.036588e-02
9.800000e-01 -1.016936e-02
9.850000e-01 -9.564712e-03
9.900000e-01 -8.592995e-03
9.950000e-01 -7.268311e-03
1 -5.647396e-03
1.005000e+00 -3.814610e-03
1.010000e+00 -1.817840e-03
1.015000e+00 2.495187e-04
1.020000e+00 2.290671e-03
1.025000e+00 4.266264e-03
1.030000e+00 6.041502e-03
1.035000e+00 7.585731e-03
1.040000e+00 8.848492e-03
1.045000e+00 9.724061e-03
1.050000e+00 1.023674e-02
1.055000e+00 1.034492e-02
1.060000e+00 1.002979e-02
1.065000e+00 9.320005e-03
1.070000e+00 8.236026e-03
1.075000e+00 6.826357e-03
1.080000e+00 5.131042e-03
1.085000e+00 3.247518e-03
1.090000e+00 1.234490e-03
1.095000e+00 -8.457820e-04
1.100000e+00 -2.865966e-03
1.105000e+00 -4.785952e-03
1.110000e+00 -6.513869e-03
1.115000e+00 -7.956336e-03
1.120000e+00 -9.095826e-03
1.125000e+00 -9.845039e-03
1.130000e+00 -1.022420e-02
1.135000e+00 -1.027734e-02
1.140000e+00 -1.005375e-02
1.145000e+00 -9.742131e-03
1.150000e+00 -9.428160e-03
1.155000e+00 -9.206629e-03
1.160000e+00 -9.128593e-03
1.165000e+00 -9.019375e-03
1.170000e+00 -8.730688e-03
1.175000e+00 -8.048138e-03
1.180000e+00 -6.794962e-03
1.185000e+00 -5.071344e-03
1.190000e+00 -3.006222e-03
1.195000e+00 -8.797034e-04
1.200000e+00 1.050853e-03
1.205000e+00 2.801808e-03
1.210000e+00 4.375083e-03
1.215000e+00 5.906472e-03
1.220000e+00 7.425068e-03
1.225000e+00 8.730513e-03
1.230000e+00 9.654557e-03
1.235000e+00 9.998560e-03
1.240000e+00 9.809665e-03
1.245000e+00 9.229738e-03
1.250000e+00 8.392215e-03
1.255000e+00 7.369909e-03
1.260000e+00 6.024331e-03
1.265000e+00 4.337229e-03
1.270000e+00 2.365214e-03
1.275000e+00 3.232888e-04
1.280000e+00 -1.579466e-03
1.285000e+00 -3.282897e-03
1.290000e+00 -4.803507e-03
1.295000e+00 -6.136319e-03
1.300000e+00 -7.048273e-03
1.305000e+00 -7.298377e-03
1.310000e+00 -6.693543e-03
1.315000e+00 -5.332890e-03
1.320000e+00 -3.462804e-03
1.325000e+00 -1.316969e-03
1.330000e+00 9.056282e-04
1.335000e+00 3.166302e-03
1.340000e+00 5.217977e-03
1.345000e+00 6.805327e-03
1.350000e+00 7.858482e-03
1.355000e+00 8.490961e-03
1.360000e+00 8.954277e-03
1.365000e+00 9.320138e-03
1.370000e+00 9.550125e-03
1.375000e+00 9.459845e-03
1.380000e+00 8.768069e-03
1.385000e+00 7.434034e-03
1.390000e+00 5.865454e-03
1.395000e+00 4.336062e-03
1.400000e+00 2.486675e-03
1.405000e+00 3.576125e-04
1.410000e+00 -1.505914e-03
1.415000e+00 -3.136833e-03
1.420000e+00 -5.091991e-03
1.425000e+00 -7.204644e-03
1.430000e+00 -8.658508e-03
1.435000e+00 -9.430064e-03
1.440000e+00 -9.874447e-03
1.445000e+00 -9.963278e-03
1.450000e+00 -9.778440e-03
1.455000e+00 -9.406702e-03
1.460000e+00 -8.523983e-03
1.465000e+00 -7.125142e-03
1.470000e+00 -5.566336e-03
1.475000e+00 -3.737995e-03
1.480000e+00 -1.691572e-03
1.485000e+00 2.378493e-04
1.490000e+00 2.149567e-03
1.495000e+00 4.126598e-03
1.500000e+00 5.889826e-03
1.505000e+00 7.399948e-03
1.510000e+00 8.704967e-03
1.515000e+00 9.510705e-03
1.520000e+00 9.957056e-03
1.525000e+00 1.018306e-02
1.530000e+00 9.885799e-03
1.535000e+00 9.180841e-03
1.540000e+00 8.111592e-03
1.545000e+00 6.604041e-03
1.550000e+00 4.993825e-03
1.555000e+00 3.339071e-03
1.560000e+00 1.355403e-03
1.565000e+00 -8.025648e-04
1.570000e+00 -2.873450e-03
1.575000e+00 -4.788215e-03
1.580000e+00 -6.352810e-03
1.585000e+00 -7.707163e-03
1.590000e+00 -8.951376e-03
1.595000e+00 -9.838753e-03
1.600000e+00 -1.029532e-02
1.605000e+00 -1.022243e-02
1.610000e+00 -9.640707e-03
1.615000e+00 -8.836157e-03
1.620000e+00 -7.827900e-03
1.625000e+00 -6.394836e-03
1.630000e+00 -4.622622e-03
1.635000e+00 -2.623279e-03
1.640000e+00 -5.712588e-04
1.645000e+00 1.310883e-03
1.650000e+00 3.256474e-03
1.655000e+00 5.254409e-03
1.660000e+00 6.994430e-03
1.665000e+00 8.350659e-03
1.670000e+00 9.220947e-03
1.675000e+00 9.843432e-03
1.680000e+00 1.033627e-02
1.685000e+00 1.021507e-02
1.690000e+00 9.553578e-03
1.695000e+00 8.688130e-03
1.700000e+00 7.505691e-03
1.705000e+00 5.984658e-03
1.710000e+00 4.041625e-03
1.715000e+00 2.002252e-03
1.720000e+00 1.811237e-04
1.725000e+00 -1.891510e-03
1.730000e+00 -4.022268e-03
1.735000e+00 -5.746531e-03
1.740000e+00 -7.266464e-03
1.745000e+00 -8.593628e-03
1.750000e+00 -9.635120e-03
1.755000e+00 -1.024439e-02
1.760000e+00 -1.033700e-02
1.765000e+00 -1.012195e-02
1.770000e+00 -9.462394e-03
1.775000e+00 -8.360371e-03
1.780000e+00 -7.103861e-03
1.785000e+00 -5.495965e-03
1.790000e+00 -3.541583e-03
1.795000e+00 -1.526711e-03
1.800000e+00 4.255764e-04
1.805000e+00 2.428741e-03
1.810000e+00 4.558253e-03
1.815000e+00 6.333014e-03
1.820000e+00 7.725446e-03
1.825000e+00 8.996574e-03
1.830000e+00 9.887498e-03
1.835000e+00 1.032236e-02
1.840000e+00 1.035940e-02
1.845000e+00 9.995577e-03
1.850000e+00 9.253037e-03
1.855000e+00 8.140060e-03
1.860000e+00 6.702297e-03
1.865000e+00 4.920548e-03
1.870000e+00 3.011154e-03
1.875000e+00 1.067658e-03
1.880000e+00 -1.081208e-03
1.885000e+00 -3.137739e-03
1.890000e+00 -4.950095e-03
1.895000e+00 -6.647032e-03
1.900000e+00 -8.129312e-03
1.905000e+00 -9.253972e-03
1.910000e+00 -9.946468e-03
1.915000e+00 -1.033105e-02
1.920000e+00 -1.032655e-02
1.925000e+00 -9.798572e-03
1.930000e+00 -8.971769e-03
1.935000e+00 -7.820516e-03
1.940000e+00 -6.226015e-03
1.945000e+00 -4.455192e-03
1.950000e+00 -2.560961e-03
1.955000e+00 -4.876379e-04
1.960000e+00 1.580648e-03
1.965000e+00 3.610058e-03
1.970000e+00 5.474254e-03
1.975000e+00 7.074483e-03
1.980000e+00 8.480235e-03
1.985000e+00 9.531744e-03
1.990000e+00 1.011994e-02
1.995000e+00 1.034436e-02
2 1.024411e-02
2.005000e+00 9.648854e-03
2.010000e+00 8.614458e-03
2.015000e+00 7.375573e-03
2.020000e+00 5.772845e-03
2.025000e+00 3.869398e-03
2.030000e+00 1.967818e-03
2.035000e+00 -8.015612e-05
2.040000e+00 -2.209677e-03
2.045000e+00 -4.119309e-03
2.050000e+00 -5.932279e-03
2.055000e+00 -7.580727e-03
2.060000e+00 -8.802124e-03
2.065000e+00 -9.662627e-03
2.070000e+00 -1.024209e-02
2.075000e+00 -1.036847e-02
2.080000e+00 -1.001906e-02
2.085000e+00 -9.367271e-03
2.090000e+00 -8.304971e-03
2.095000e+00 -6.862398e-03
2.100000e+00 -5.256380e-03
2.105000e+00 -3.380441e-03
2.110000e+00 -1.315971e-03
2.115000e+00 7.098644e-04
2.120000e+00 2.777107e-03
2.125000e+00 4.709769e-03
2.130000e+00 6.411116e-03
2.135000e+00 7.933513e-03
2.140000e+00 9.034732e-03
2.145000e+00 9.829138e-03
2.150000e+00 1.030768e-02
2.155000e+00 1.028700e-02
2.160000e+00 9.896319e-03
2.165000e+00 9.101308e-03
2.170000e+00 7.917179e-03
2.175000e+00 6.411205e-03
2.180000e+00 4.667659e-03
2.185000e+00 2.752624e-03
2.190000e+00 7.053042e-04
2.195000e+00 -1.319668e-03
2.200000e+00 -3.342287e-03
2.205000e+00 -5.231016e-03
2.210000e+00 -6.864938e-03
2.215000e+00 -8.329750e-03
2.220000e+00 -9.367858e-03
2.225000e+00 -1.000936e-02
2.230000e+00 -1.037516e-02
2.235000e+00 -1.019475e-02
2.240000e+00 -9.644536e-03
2.245000e+00 -8.776989e-03
2.250000e+00 -7.452490e-03
2.255000e+00 -5.890791e-03
2.260000e+00 -4.142207e-03
2.265000e+00 -2.168257e-03
2.270000e+00 -1.002962e-04
2.275000e+00 1.925191e-03
2.280000e+00 3.926169e-03
2.285000e+00 5.780302e-03
2.290000e+00 7.325258e-03
2.295000e+00 8.587088e-03
2.300000e+00 9.492102e-03
2.305000e+00 1.004318e-02
2.310000e+00 1.017778e-02
2.315000e+00 9.905871e-03
2.320000e+00 9.300227e-03
2.325000e+00 8.259845e-03
2.330000e+00 6.927656e-03
2.335000e+00 5.387621e-03
2.340000e+00 3.568768e-03
2.345000e+00 1.652769e-03
2.350000e+00 -2.937314e-04
2.355000e+00 -2.328405e-03
2.360000e+00 -4.275816e-03
2.365000e+00 -6.135145e-03
2.370000e+00 -7.974745e-03
2.375000e+00 -9.706473e-03
2.380000e+00 -1.138903e-02
2.385000e+00 -1.305743e-02
2.390000e+00 -1.457221e-02
2.395000e+00 -1.591727e-02
2.400000e+00 -1.687508e-02
2.405000e+00 -1.719202e-02
2.410000e+00 -1.683740e-02
2.415000e+00 -1.556270e-02
2.420000e+00 -1.345485e-02
2.425000e+00 -1.069873e-02
2.430000e+00 -7.410078e-03
2.435000e+00 -3.957854e-03
2.440000e+00 -5.148845e-04
2.445000e+00 2.784515e-03
2.450000e+00 5.914326e-03
2.455000e+00 8.875417e-03
2.460000e+00 1.162523e-02
2.465000e+00 1.409977e-02
2.470000e+00 1.605900e-02
2.475000e+00 1.733341e-02
2.480000e+00 1.774827e-02
2.485000e+00 1.728619e-02
2.490000e+00 1.606692e-02
2.495000e+00 1.426909e-02
2.500000e+00 1.205682e-02
2.505000e+00 9.492359e-03
2.510000e+00 6.624924e-03
2.515000e+00 3.418571e-03
2.520000e+00 8.312460e-05
2.525000e+00 -3.142335e-03
2.530000e+00 -6.009802e-03
2.535000e+00 -8.120974e-03
2.540000e+00 -9.503962e-03
2.545000e+00 -1.020311e-02
2.550000e+00 -1.018602e-02
2.555000e+00 -9.665914e-03
2.560000e+00 -8.617313e-03
2.565000e+00 -7.034973e-03
2.570000e+00 -5.208530e-03
2.575000e+00 -3.297951e-03
2.580000e+00 -1.509781e-03
2.585000e+00 5.667419e-06
2.590000e+00 1.478534e-03
2.595000e+00 3.027281e-03
2.600000e+00 4.757132e-03
2.605000e+00 6.599622e-03
2.610000e+00 8.179154e-03
2.615000e+00 9.347292e-03
2.620000e+00 9.932689e-03
2.625000e+00 9.970942e-03
2.630000e+00 9.676676e-03
2.635000e+00 8.973783e-03
2.640000e+00 7.938104e-03
2.645000e+00 6.579899e-03
2.650000e+00 4.899340e-03
2.655000e+00 3.130508e-03
2.660000e+00 1.256457e-03
2.665000e+00 -7.245585e-04
2.670000e+00 -2.727469e-03
2.675000e+00 -4.701268e-03
2.680000e+00 -6.462366e-03
2.685000e+00 -7.771016e-03
2.690000e+00 -8.625362e-03
2.695000e+00 -9.211409e-03
2.700000e+00 -9.585438e-03
2.705000e+00 -9.776390e-03
2.710000e+00 -9.625917e-03
2.715000e+00 -8.882188e-03
2.720000e+00 -7.579824e-03
2.725000e+00 -5.951959e-03
2.730000e+00 -4.207563e-03
2.735000e+00 -2.483240e-03
2.740000e+00 -7.489132e-04
2.745000e+00 1.148265e-03
2.750000e+00 3.120502e-03
2.755000e+00 5.068445e-03
2.760000e+00 6.810151e-03
2.765000e+00 8.088020e-03
2.770000e+00 9.016814e-03
2.775000e+00 9.625259e-03
2.780000e+00 9.863613e-03
2.785000e+00 9.803560e-03
2.790000e+00 9.344265e-03
2.795000e+00 8.513742e-03
2.800000e+00 7.356538e-03
2.805000e+00 5.763850e-03
2.810000e+00 3.920140e-03
2.815000e+00 2.011738e-03
2.820000e+00 6.528383e-05
2.825000e+00 -1.895743e-03
2.830000e+00 -3.798463e-03
2.835000e+00 -5.525570e-03
2.840000e+00 -7.173028e-03
2.845000e+00 -8.533886e-03
2.850000e+00 -9.382737e-03
2.855000e+00 -9.869432e-03
2.860000e+00 -1.002346e-02
2.865000e+00 -9.864686e-03
2.870000e+00 -9.312560e-03
2.875000e+00 -8.249678e-03
2.880000e+00 -6.810496e-03
2.885000e+00 -5.206352e-03
2.890000e+00 -3.483854e-03
2.895000e+00 -1.641855e-03
2.900000e+00 4.111160e-04
2.905000e+00 2.563987e-03
2.910000e+00 4.494409e-03
2.915000e+00 6.176173e-03
2.920000e+00 7.549441e-03
2.925000e+00 8.636000e-03
2.930000e+00 9.586552e-03
2.935000e+00 1.026285e-02
2.940000e+00 1.029826e-02
2.945000e+00 9.692624e-03
2.950000e+00 8.866870e-03
2.955000e+00 7.949480e-03
2.960000e+00 6.702552e-03
2.965000e+00 4.879671e-03
2.970000e+00 2.823883e-03
2.975000e+00 9.972457e-04
2.980000e+00 -9.066138e-04
2.985000e+00 -3.063309e-03
2.990000e+00 -5.028472e-03
2.995000e+00 -6.587526e-03
3 -7.946650e-03
