T X
0 0
5.000000e-03 -6.917896e-12
1.000000e-02 -9.553636e-12
1.500000e-02 -4.616338e-11
2.000000e-02 -1.208750e-10
2.500000e-02 -4.113292e-10
3.000000e-02 7.274966e-10
3.500000e-02 1.843945e-08
4.000000e-02 1.554270e-07
4.500000e-02 9.495720e-07
5.000000e-02 4.736087e-06
5.500000e-02 1.994870e-05
6.000000e-02 7.187264e-05
6.500000e-02 2.224583e-04
7.000000e-02 5.927115e-04
7.500000e-02 1.360427e-03
8.000000e-02 2.689058e-03
8.500000e-02 4.573543e-03
9.000000e-02 6.696860e-03
9.500000e-02 8.495761e-03
1.000000e-01 9.527192e-03
1.050000e-01 9.849669e-03
1.100000e-01 9.915221e-03
1.150000e-01 9.957353e-03
1.200000e-01 9.657201e-03
1.250000e-01 8.659581e-03
1.300000e-01 7.192975e-03
1.350000e-01 5.715415e-03
1.400000e-01 4.153659e-03
1.450000e-01 2.167968e-03
1.500000e-01 -2.430190e-05
1.550000e-01 -1.942903e-03
1.600000e-01 -3.691226e-03
1.650000e-01 -5.540492e-03
1.700000e-01 -7.163066e-03
1.750000e-01 -8.269696e-03
1.800000e-01 -9.172591e-03
1.850000e-01 -9.922287e-03
1.900000e-01 -1.010021e-02
1.950000e-01 -9.769826e-03
2.000000e-01 -9.228460e-03
2.050000e-01 -8.268382e-03
2.100000e-01 -6.854508e-03
2.150000e-01 -5.345740e-03
2.200000e-01 -3.651450e-03
2.250000e-01 -1.628659e-03
2.300000e-01 3.707724e-04
2.350000e-01 2.282162e-03
2.400000e-01 4.230963e-03
2.450000e-01 5.921212e-03
2.500000e-01 7.316949e-03
2.550000e-01 8.599869e-03
2.600000e-01 9.471379e-03
2.650000e-01 9.846011e-03
2.700000e-01 9.959320e-03
2.750000e-01 9.645333e-03
2.800000e-01 8.877651e-03
2.850000e-01 7.861850e-03
2.900000e-01 6.484699e-03
2.950000e-01 4.825898e-03
3.000000e-01 3.066791e-03
3.050000e-01 1.087105e-03
3.100000e-01 -9.506811e-04
3.150000e-01 -2.854251e-03
3.200000e-01 -4.724556e-03
3.250000e-01 -6.394827e-03
3.300000e-01 -7.740837e-03
3.350000e-01 -8.836358e-03
3.400000e-01 -9.552935e-03
3.450000e-01 -9.893756e-03
3.500000e-01 -9.891490e-03
3.550000e-01 -9.438301e-03
3.600000e-01 -8.643197e-03
3.650000e-01 -7.514607e-03
3.700000e-01 -6.001451e-03
3.750000e-01 -4.295078e-03
3.800000e-01 -2.437698e-03
3.850000e-01 -4.609992e-04
3.900000e-01 1.497809e-03
3.950000e-01 3.419103e-03
4.000000e-01 5.204540e-03
4.050000e-01 6.776831e-03
4.100000e-01 8.100921e-03
4.150000e-01 9.093575e-03
4.200000e-01 9.740984e-03
4.250000e-01 9.962255e-03
4.300000e-01 9.780264e-03
4.350000e-01 9.252931e-03
4.400000e-01 8.305546e-03
4.450000e-01 7.056108e-03
4.500000e-01 5.553632e-03
4.550000e-01 3.782029e-03
4.600000e-01 1.890354e-03
4.650000e-01 -8.255087e-05
4.700000e-01 -2.069963e-03
4.750000e-01 -3.974834e-03
4.800000e-01 -5.709310e-03
4.850000e-01 -7.198872e-03
4.900000e-01 -8.453894e-03
4.950000e-01 -9.320549e-03
5.000000e-01 -9.796973e-03
5.050000e-01 -9.966056e-03
5.100000e-01 -9.678594e-03
5.150000e-01 -8.991631e-03
5.200000e-01 -8.003825e-03
5.250000e-01 -6.670938e-03
5.300000e-01 -5.044056e-03
5.350000e-01 -3.239992e-03
5.400000e-01 -1.329199e-03
5.450000e-01 6.793348e-04
5.500000e-01 2.640988e-03
5.550000e-01 4.485055e-03
5.600000e-01 6.184868e-03
5.650000e-01 7.577080e-03
5.700000e-01 8.713643e-03
5.750000e-01 9.519937e-03
5.800000e-01 9.881578e-03
5.850000e-01 9.927860e-03
5.900000e-01 9.549137e-03
5.950000e-01 8.769327e-03
6.000000e-01 7.697500e-03
6.050000e-01 6.255097e-03
6.100000e-01 4.560670e-03
6.150000e-01 2.716470e-03
6.200000e-01 7.474654e-04
6.250000e-01 -1.276091e-03
6.300000e-01 -3.207542e-03
6.350000e-01 -4.999762e-03
6.400000e-01 -6.644006e-03
6.450000e-01 -7.966201e-03
6.500000e-01 -9.002675e-03
6.550000e-01 -9.683660e-03
6.600000e-01 -9.932288e-03
6.650000e-01 -9.848897e-03
6.700000e-01 -9.302910e-03
6.750000e-01 -8.412974e-03
6.800000e-01 -7.220242e-03
6.850000e-01 -5.671817e-03
6.900000e-01 -3.990955e-03
6.950000e-01 -2.125240e-03
7.000000e-01 -1.419215e-04
7.050000e-01 1.800411e-03
7.100000e-01 3.706004e-03
7.150000e-01 5.472111e-03
7.200000e-01 7.013693e-03
7.250000e-01 8.272800e-03
7.300000e-01 9.214598e-03
7.350000e-01 9.763078e-03
7.400000e-01 9.923677e-03
7.450000e-01 9.715966e-03
7.500000e-01 9.097400e-03
7.550000e-01 8.134282e-03
7.600000e-01 6.844658e-03
7.650000e-01 5.273915e-03
7.700000e-01 3.495107e-03
7.750000e-01 1.550712e-03
7.800000e-01 -4.383935e-04
7.850000e-01 -2.394380e-03
7.900000e-01 -4.277251e-03
7.950000e-01 -5.979930e-03
8.000000e-01 -7.419933e-03
8.050000e-01 -8.590229e-03
8.100000e-01 -9.417947e-03
8.150000e-01 -9.861501e-03
8.200000e-01 -9.952596e-03
8.250000e-01 -9.607343e-03
8.300000e-01 -8.868159e-03
8.350000e-01 -7.803596e-03
8.400000e-01 -6.390431e-03
8.450000e-01 -4.745294e-03
8.500000e-01 -2.913005e-03
8.550000e-01 -9.685476e-04
8.600000e-01 1.013712e-03
8.650000e-01 2.953206e-03
8.700000e-01 4.769967e-03
8.750000e-01 6.434415e-03
8.800000e-01 7.796161e-03
8.850000e-01 8.887035e-03
8.900000e-01 9.618961e-03
8.950000e-01 9.917585e-03
9.000000e-01 9.866399e-03
9.050000e-01 9.411045e-03
9.100000e-01 8.568677e-03
9.150000e-01 7.403725e-03
9.200000e-01 5.949987e-03
9.250000e-01 4.245384e-03
9.300000e-01 2.385937e-03
9.350000e-01 4.041891e-04
9.400000e-01 -1.570843e-03
9.450000e-01 -3.500337e-03
9.500000e-01 -5.299648e-03
9.550000e-01 -6.849101e-03
9.600000e-01 -8.171913e-03
9.650000e-01 -9.119692e-03
9.700000e-01 -9.724564e-03
9.750000e-01 -9.960228e-03
9.800000e-01 -9.780694e-03
9.850000e-01 -9.211235e-03
9.900000e-01 -8.272757e-03
9.950000e-01 -7.030478e-03
1 -5.474559e-03
1.005000e+00 -3.709744e-03
1.010000e+00 -1.790319e-03
1.015000e+00 1.956324e-04
1.020000e+00 2.159508e-03
1.025000e+00 4.046277e-03
1.030000e+00 5.777407e-03
1.035000e+00 7.262625e-03
1.040000e+00 8.462051e-03
1.045000e+00 9.334669e-03
1.050000e+00 9.820934e-03
1.055000e+00 9.951577e-03
1.060000e+00 9.645511e-03
1.065000e+00 8.975890e-03
1.070000e+00 7.944505e-03
1.075000e+00 6.579002e-03
1.080000e+00 4.975116e-03
1.085000e+00 3.152866e-03
1.090000e+00 1.224255e-03
1.095000e+00 -7.608264e-04
1.100000e+00 -2.709102e-03
1.105000e+00 -4.563019e-03
1.110000e+00 -6.215374e-03
1.115000e+00 -7.618019e-03
1.120000e+00 -8.712596e-03
1.125000e+00 -9.429176e-03
1.130000e+00 -9.791171e-03
1.135000e+00 -9.805999e-03
1.140000e+00 -9.586556e-03
1.145000e+00 -9.283918e-03
1.150000e+00 -9.016012e-03
1.155000e+00 -8.910263e-03
1.160000e+00 -8.960578e-03
1.165000e+00 -9.043977e-03
1.170000e+00 -8.943350e-03
1.175000e+00 -8.378332e-03
1.180000e+00 -7.242520e-03
1.185000e+00 -5.498235e-03
1.190000e+00 -3.393995e-03
1.195000e+00 -1.277651e-03
1.200000e+00 6.879631e-04
1.205000e+00 2.366664e-03
1.210000e+00 3.865417e-03
1.215000e+00 5.383991e-03
1.220000e+00 6.897762e-03
1.225000e+00 8.251081e-03
1.230000e+00 9.236591e-03
1.235000e+00 9.628864e-03
1.240000e+00 9.484738e-03
1.245000e+00 9.013004e-03
1.250000e+00 8.379334e-03
1.255000e+00 7.622564e-03
1.260000e+00 6.541058e-03
1.265000e+00 5.025316e-03
1.270000e+00 3.111328e-03
1.275000e+00 1.039355e-03
1.280000e+00 -9.176938e-04
1.285000e+00 -2.635431e-03
1.290000e+00 -4.148118e-03
1.295000e+00 -5.473335e-03
1.300000e+00 -6.404504e-03
1.305000e+00 -6.736950e-03
1.310000e+00 -6.222049e-03
1.315000e+00 -4.939792e-03
1.320000e+00 -3.168539e-03
1.325000e+00 -1.137570e-03
1.330000e+00 9.782384e-04
1.335000e+00 3.065257e-03
1.340000e+00 4.885513e-03
1.345000e+00 6.218852e-03
1.350000e+00 6.990839e-03
1.355000e+00 7.453615e-03
1.360000e+00 7.885814e-03
1.365000e+00 8.310695e-03
1.370000e+00 8.587882e-03
1.375000e+00 8.524946e-03
1.380000e+00 7.851101e-03
1.385000e+00 6.562322e-03
1.390000e+00 5.128335e-03
1.395000e+00 3.801553e-03
1.400000e+00 2.220234e-03
1.405000e+00 3.069711e-04
1.410000e+00 -1.310710e-03
1.415000e+00 -2.631015e-03
1.420000e+00 -4.268105e-03
1.425000e+00 -6.146426e-03
1.430000e+00 -7.486803e-03
1.435000e+00 -8.083387e-03
1.440000e+00 -8.432011e-03
1.445000e+00 -8.549407e-03
1.450000e+00 -8.466346e-03
1.455000e+00 -8.287840e-03
1.460000e+00 -7.644839e-03
1.465000e+00 -6.430102e-03
1.470000e+00 -4.981052e-03
1.475000e+00 -3.420632e-03
1.480000e+00 -1.708742e-03
1.485000e+00 -8.730113e-05
1.490000e+00 1.521001e-03
1.495000e+00 3.310228e-03
1.500000e+00 4.954173e-03
1.505000e+00 6.269737e-03
1.510000e+00 7.360359e-03
1.515000e+00 8.086301e-03
1.520000e+00 8.522458e-03
1.525000e+00 8.831698e-03
1.530000e+00 8.651946e-03
1.535000e+00 7.941322e-03
1.540000e+00 7.060860e-03
1.545000e+00 5.902405e-03
1.550000e+00 4.476653e-03
1.555000e+00 3.058703e-03
1.560000e+00 1.396417e-03
1.565000e+00 -4.606360e-04
1.570000e+00 -2.224498e-03
1.575000e+00 -3.898867e-03
1.580000e+00 -5.242130e-03
1.585000e+00 -6.348247e-03
1.590000e+00 -7.504846e-03
1.595000e+00 -8.359703e-03
1.600000e+00 -8.669103e-03
1.605000e+00 -8.631358e-03
1.610000e+00 -8.223503e-03
1.615000e+00 -7.537618e-03
1.620000e+00 -6.735822e-03
1.625000e+00 -5.556980e-03
1.630000e+00 -4.040079e-03
1.635000e+00 -2.378006e-03
1.640000e+00 -6.936724e-04
1.645000e+00 8.574238e-04
1.650000e+00 2.514846e-03
1.655000e+00 4.294138e-03
1.660000e+00 5.752885e-03
1.665000e+00 6.805899e-03
1.670000e+00 7.553405e-03
1.675000e+00 8.127859e-03
1.680000e+00 8.632097e-03
1.685000e+00 8.528128e-03
1.690000e+00 7.904905e-03
1.695000e+00 7.260659e-03
1.700000e+00 6.398590e-03
1.705000e+00 5.074884e-03
1.710000e+00 3.419463e-03
1.715000e+00 1.799924e-03
1.720000e+00 2.540091e-04
1.725000e+00 -1.429189e-03
1.730000e+00 -3.160918e-03
1.735000e+00 -4.607263e-03
1.740000e+00 -5.847366e-03
1.745000e+00 -6.969509e-03
1.750000e+00 -7.845255e-03
1.755000e+00 -8.342050e-03
1.760000e+00 -8.406252e-03
1.765000e+00 -8.295279e-03
1.770000e+00 -7.781964e-03
1.775000e+00 -6.801590e-03
1.780000e+00 -5.838512e-03
1.785000e+00 -4.556125e-03
1.790000e+00 -2.897354e-03
1.795000e+00 -1.353013e-03
1.800000e+00 2.660315e-04
1.805000e+00 1.987792e-03
1.810000e+00 3.614059e-03
1.815000e+00 5.074360e-03
1.820000e+00 6.271599e-03
1.825000e+00 7.277470e-03
1.830000e+00 7.971740e-03
1.835000e+00 8.293145e-03
1.840000e+00 8.389083e-03
1.845000e+00 8.084363e-03
1.850000e+00 7.408074e-03
1.855000e+00 6.550069e-03
1.860000e+00 5.397694e-03
1.865000e+00 3.962239e-03
1.870000e+00 2.379466e-03
1.875000e+00 7.836981e-04
1.880000e+00 -8.841417e-04
1.885000e+00 -2.577250e-03
1.890000e+00 -4.032858e-03
1.895000e+00 -5.393498e-03
1.900000e+00 -6.588085e-03
1.905000e+00 -7.445936e-03
1.910000e+00 -8.050850e-03
1.915000e+00 -8.296624e-03
1.920000e+00 -8.253379e-03
1.925000e+00 -7.884530e-03
1.930000e+00 -7.168694e-03
1.935000e+00 -6.196995e-03
1.940000e+00 -4.898714e-03
1.945000e+00 -3.504090e-03
1.950000e+00 -1.937985e-03
1.955000e+00 -2.421792e-04
1.960000e+00 1.380976e-03
1.965000e+00 3.037815e-03
1.970000e+00 4.525731e-03
1.975000e+00 5.816755e-03
1.980000e+00 6.924764e-03
1.985000e+00 7.713010e-03
1.990000e+00 8.224631e-03
1.995000e+00 8.369504e-03
2 8.215830e-03
2.005000e+00 7.736089e-03
2.010000e+00 6.864643e-03
2.015000e+00 5.850691e-03
2.020000e+00 4.495923e-03
2.025000e+00 2.966024e-03
2.030000e+00 1.427226e-03
2.035000e+00 -2.779683e-04
2.040000e+00 -1.930368e-03
2.045000e+00 -3.506054e-03
2.050000e+00 -4.992875e-03
2.055000e+00 -6.260190e-03
2.060000e+00 -7.234078e-03
2.065000e+00 -7.952014e-03
2.070000e+00 -8.325002e-03
2.075000e+00 -8.376543e-03
2.080000e+00 -8.168089e-03
2.085000e+00 -7.499143e-03
2.090000e+00 -6.614434e-03
2.095000e+00 -5.508579e-03
2.100000e+00 -4.076658e-03
2.105000e+00 -2.579550e-03
2.110000e+00 -9.387034e-04
2.115000e+00 8.096267e-04
2.120000e+00 2.454044e-03
2.125000e+00 3.969145e-03
2.130000e+00 5.401969e-03
2.135000e+00 6.591483e-03
2.140000e+00 7.434646e-03
2.145000e+00 8.074379e-03
2.150000e+00 8.419607e-03
2.155000e+00 8.380697e-03
2.160000e+00 8.050685e-03
2.165000e+00 7.365855e-03
2.170000e+00 6.360706e-03
2.175000e+00 5.099505e-03
2.180000e+00 3.687180e-03
2.185000e+00 2.114261e-03
2.190000e+00 4.040559e-04
2.195000e+00 -1.222167e-03
2.200000e+00 -2.832534e-03
2.205000e+00 -4.389535e-03
2.210000e+00 -5.744183e-03
2.215000e+00 -6.866757e-03
2.220000e+00 -7.718324e-03
2.225000e+00 -8.264818e-03
2.230000e+00 -8.444021e-03
2.235000e+00 -8.329953e-03
2.240000e+00 -7.888325e-03
2.245000e+00 -7.053188e-03
2.250000e+00 -6.018183e-03
2.255000e+00 -4.740111e-03
2.260000e+00 -3.236403e-03
2.265000e+00 -1.676421e-03
2.270000e+00 1.214441e-05
2.275000e+00 1.712467e-03
2.280000e+00 3.289415e-03
2.285000e+00 4.833583e-03
2.290000e+00 6.072409e-03
2.295000e+00 7.017001e-03
2.300000e+00 7.764466e-03
2.305000e+00 8.133636e-03
2.310000e+00 8.218673e-03
2.315000e+00 7.998034e-03
2.320000e+00 7.474407e-03
2.325000e+00 6.673754e-03
2.330000e+00 5.632219e-03
2.335000e+00 4.377990e-03
2.340000e+00 2.936107e-03
2.345000e+00 1.374017e-03
2.350000e+00 -2.758460e-04
2.355000e+00 -1.937509e-03
2.360000e+00 -3.596587e-03
2.365000e+00 -5.165980e-03
2.370000e+00 -6.655949e-03
2.375000e+00 -8.152017e-03
2.380000e+00 -9.584927e-03
2.385000e+00 -1.105942e-02
2.390000e+00 -1.261048e-02
2.395000e+00 -1.400411e-02
2.400000e+00 -1.511394e-02
2.405000e+00 -1.572045e-02
2.410000e+00 -1.561678e-02
2.415000e+00 -1.468583e-02
2.420000e+00 -1.291708e-02
2.425000e+00 -1.051711e-02
2.430000e+00 -7.564682e-03
2.435000e+00 -4.448830e-03
2.440000e+00 -1.369610e-03
2.445000e+00 1.685499e-03
2.450000e+00 4.522107e-03
2.455000e+00 7.173507e-03
2.460000e+00 9.663316e-03
2.465000e+00 1.195886e-02
2.470000e+00 1.379261e-02
2.475000e+00 1.511976e-02
2.480000e+00 1.579884e-02
2.485000e+00 1.560953e-02
2.490000e+00 1.480938e-02
2.495000e+00 1.345410e-02
2.500000e+00 1.167374e-02
2.505000e+00 9.621700e-03
2.510000e+00 7.227908e-03
2.515000e+00 4.437839e-03
2.520000e+00 1.415667e-03
2.525000e+00 -1.576214e-03
2.530000e+00 -4.250244e-03
2.535000e+00 -6.254253e-03
2.540000e+00 -7.494967e-03
2.545000e+00 -7.989859e-03
2.550000e+00 -7.969038e-03
2.555000e+00 -7.495679e-03
2.560000e+00 -6.583788e-03
2.565000e+00 -5.416739e-03
2.570000e+00 -3.912422e-03
2.575000e+00 -2.433459e-03
2.580000e+00 -1.238297e-03
2.585000e+00 -1.707718e-04
2.590000e+00 6.889104e-04
2.595000e+00 1.675242e-03
2.600000e+00 2.960657e-03
2.605000e+00 4.384860e-03
2.610000e+00 5.812487e-03
2.615000e+00 6.840854e-03
2.620000e+00 7.458389e-03
2.625000e+00 7.634940e-03
2.630000e+00 7.397176e-03
2.635000e+00 6.979732e-03
2.640000e+00 6.221034e-03
2.645000e+00 5.203942e-03
2.650000e+00 4.159049e-03
2.655000e+00 2.943818e-03
2.660000e+00 1.577113e-03
2.665000e+00 1.907256e-04
2.670000e+00 -1.411372e-03
2.675000e+00 -3.056608e-03
2.680000e+00 -4.432398e-03
2.685000e+00 -5.501163e-03
2.690000e+00 -6.219246e-03
2.695000e+00 -6.721278e-03
2.700000e+00 -7.159739e-03
2.705000e+00 -7.531745e-03
2.710000e+00 -7.637926e-03
2.715000e+00 -7.174508e-03
2.720000e+00 -6.231577e-03
2.725000e+00 -4.981470e-03
2.730000e+00 -3.582489e-03
2.735000e+00 -2.357084e-03
2.740000e+00 -1.109762e-03
2.745000e+00 2.796766e-04
2.750000e+00 1.812696e-03
2.755000e+00 3.410994e-03
2.760000e+00 4.756268e-03
2.765000e+00 5.813545e-03
2.770000e+00 6.533879e-03
2.775000e+00 7.009829e-03
2.780000e+00 7.280337e-03
2.785000e+00 7.286554e-03
2.790000e+00 7.067216e-03
2.795000e+00 6.532300e-03
2.800000e+00 5.694802e-03
2.805000e+00 4.623910e-03
2.810000e+00 3.341171e-03
2.815000e+00 1.967971e-03
2.820000e+00 4.922998e-04
2.825000e+00 -9.732852e-04
2.830000e+00 -2.225585e-03
2.835000e+00 -3.491840e-03
2.840000e+00 -4.788542e-03
2.845000e+00 -5.888191e-03
2.850000e+00 -6.601761e-03
2.855000e+00 -6.915910e-03
2.860000e+00 -7.119716e-03
2.865000e+00 -7.130693e-03
2.870000e+00 -6.856072e-03
2.875000e+00 -6.230474e-03
2.880000e+00 -5.169347e-03
2.885000e+00 -4.009059e-03
2.890000e+00 -2.912184e-03
2.895000e+00 -1.676686e-03
2.900000e+00 -2.196613e-04
2.905000e+00 1.306977e-03
2.910000e+00 2.792227e-03
2.915000e+00 4.039357e-03
2.920000e+00 4.972670e-03
2.925000e+00 5.718489e-03
2.930000e+00 6.479233e-03
2.935000e+00 7.149789e-03
2.940000e+00 7.302402e-03
2.945000e+00 6.877461e-03
2.950000e+00 6.197548e-03
2.955000e+00 5.661347e-03
2.960000e+00 5.025384e-03
2.965000e+00 3.798665e-03
2.970000e+00 2.317987e-03
2.975000e+00 1.053973e-03
2.980000e+00 -2.276371e-04
2.985000e+00 -1.744690e-03
2.990000e+00 -3.159905e-03
2.995000e+00 -4.191331e-03
3 -5.172748e-03
