T X
0 0
5.000000e-03 -1.020637e-11
1.000000e-02 -2.233247e-12
1.500000e-02 -6.880024e-11
2.000000e-02 -9.722919e-11
2.500000e-02 3.944749e-10
3.000000e-02 4.080467e-09
3.500000e-02 3.000762e-08
4.000000e-02 1.868683e-07
4.500000e-02 1.041237e-06
5.000000e-02 5.049796e-06
5.500000e-02 2.104451e-05
6.000000e-02 7.524701e-05
6.500000e-02 2.312064e-04
7.000000e-02 6.117080e-04
7.500000e-02 1.395167e-03
8.000000e-02 2.742872e-03
8.500000e-02 4.644829e-03
9.000000e-02 6.779241e-03
9.500000e-02 8.581125e-03
1.000000e-01 9.606604e-03
1.050000e-01 9.910831e-03
1.100000e-01 9.946965e-03
1.150000e-01 9.965504e-03
1.200000e-01 9.666537e-03
1.250000e-01 8.679896e-03
1.300000e-01 7.191417e-03
1.350000e-01 5.656888e-03
1.400000e-01 4.064521e-03
1.450000e-01 2.110587e-03
1.500000e-01 -3.800034e-05
1.550000e-01 -1.948968e-03
1.600000e-01 -3.700860e-03
1.650000e-01 -5.559974e-03
1.700000e-01 -7.255135e-03
1.750000e-01 -8.485966e-03
1.800000e-01 -9.469299e-03
1.850000e-01 -1.022561e-02
1.900000e-01 -1.037419e-02
1.950000e-01 -9.989153e-03
2.000000e-01 -9.397289e-03
2.050000e-01 -8.439902e-03
2.100000e-01 -7.035862e-03
2.150000e-01 -5.466637e-03
2.200000e-01 -3.661543e-03
2.250000e-01 -1.529647e-03
2.300000e-01 5.382873e-04
2.350000e-01 2.449796e-03
2.400000e-01 4.414698e-03
2.450000e-01 6.221817e-03
2.500000e-01 7.710622e-03
2.550000e-01 8.957885e-03
2.600000e-01 9.779093e-03
2.650000e-01 1.016927e-02
2.700000e-01 1.031263e-02
2.750000e-01 9.987632e-03
2.800000e-01 9.147928e-03
2.850000e-01 8.058608e-03
2.900000e-01 6.636206e-03
2.950000e-01 4.880395e-03
3.000000e-01 3.003319e-03
3.050000e-01 9.832503e-04
3.100000e-01 -1.076965e-03
3.150000e-01 -3.059650e-03
3.200000e-01 -5.019680e-03
3.250000e-01 -6.726748e-03
3.300000e-01 -8.088141e-03
3.350000e-01 -9.246875e-03
3.400000e-01 -9.998432e-03
3.450000e-01 -1.028381e-02
3.500000e-01 -1.024292e-02
3.550000e-01 -9.767258e-03
3.600000e-01 -8.895826e-03
3.650000e-01 -7.692253e-03
3.700000e-01 -6.138937e-03
3.750000e-01 -4.391061e-03
3.800000e-01 -2.431413e-03
3.850000e-01 -3.393585e-04
3.900000e-01 1.664815e-03
3.950000e-01 3.667705e-03
4.000000e-01 5.539543e-03
4.050000e-01 7.117641e-03
4.100000e-01 8.491944e-03
4.150000e-01 9.508852e-03
4.200000e-01 1.012204e-02
4.250000e-01 1.035511e-02
4.300000e-01 1.013989e-02
4.350000e-01 9.560659e-03
4.400000e-01 8.569260e-03
4.450000e-01 7.250638e-03
4.500000e-01 5.682606e-03
4.550000e-01 3.804512e-03
4.600000e-01 1.846461e-03
4.650000e-01 -2.054990e-04
4.700000e-01 -2.299583e-03
4.750000e-01 -4.209885e-03
4.800000e-01 -6.026527e-03
4.850000e-01 -7.578684e-03
4.900000e-01 -8.801646e-03
4.950000e-01 -9.725651e-03
5.000000e-01 -1.021092e-02
5.050000e-01 -1.033980e-02
5.100000e-01 -1.001535e-02
5.150000e-01 -9.299559e-03
5.200000e-01 -8.256038e-03
5.250000e-01 -6.793602e-03
5.300000e-01 -5.155173e-03
5.350000e-01 -3.269099e-03
5.400000e-01 -1.211118e-03
5.450000e-01 7.987055e-04
5.500000e-01 2.864185e-03
5.550000e-01 4.775060e-03
5.600000e-01 6.480389e-03
5.650000e-01 7.971698e-03
5.700000e-01 9.111323e-03
5.750000e-01 9.913761e-03
5.800000e-01 1.029482e-02
5.850000e-01 1.030299e-02
5.900000e-01 9.871273e-03
5.950000e-01 9.040120e-03
6.000000e-01 7.899738e-03
6.050000e-01 6.362584e-03
6.100000e-01 4.649831e-03
6.150000e-01 2.709700e-03
6.200000e-01 6.226567e-04
6.250000e-01 -1.399660e-03
6.300000e-01 -3.462507e-03
6.350000e-01 -5.329633e-03
6.400000e-01 -6.970217e-03
6.450000e-01 -8.373440e-03
6.500000e-01 -9.390913e-03
6.550000e-01 -1.006547e-02
6.600000e-01 -1.032628e-02
6.650000e-01 -1.018739e-02
6.700000e-01 -9.624124e-03
6.750000e-01 -8.692388e-03
6.800000e-01 -7.409937e-03
6.850000e-01 -5.811977e-03
6.900000e-01 -4.042510e-03
6.950000e-01 -2.053557e-03
7.000000e-01 -2.665039e-05
7.050000e-01 1.999310e-03
7.100000e-01 3.987860e-03
7.150000e-01 5.772096e-03
7.200000e-01 7.375799e-03
7.250000e-01 8.655739e-03
7.300000e-01 9.604344e-03
7.350000e-01 1.017315e-02
7.400000e-01 1.030942e-02
7.450000e-01 1.007431e-02
7.500000e-01 9.405212e-03
7.550000e-01 8.371368e-03
7.600000e-01 7.011372e-03
7.650000e-01 5.364378e-03
7.700000e-01 3.493357e-03
7.750000e-01 1.492242e-03
7.800000e-01 -5.610529e-04
7.850000e-01 -2.623895e-03
7.900000e-01 -4.540013e-03
7.950000e-01 -6.293214e-03
8.000000e-01 -7.805197e-03
8.050000e-01 -8.986582e-03
8.100000e-01 -9.831966e-03
8.150000e-01 -1.027525e-02
8.200000e-01 -1.031394e-02
8.250000e-01 -9.926207e-03
8.300000e-01 -9.156249e-03
8.350000e-01 -8.013314e-03
8.400000e-01 -6.536039e-03
8.450000e-01 -4.829919e-03
8.500000e-01 -2.919067e-03
8.550000e-01 -8.850171e-04
8.600000e-01 1.172060e-03
8.650000e-01 3.184836e-03
8.700000e-01 5.097435e-03
8.750000e-01 6.769001e-03
8.800000e-01 8.182339e-03
8.850000e-01 9.288995e-03
8.900000e-01 9.980582e-03
8.950000e-01 1.031898e-02
9.000000e-01 1.022730e-02
9.050000e-01 9.729658e-03
9.100000e-01 8.857665e-03
9.150000e-01 7.615822e-03
9.200000e-01 6.086078e-03
9.250000e-01 4.286868e-03
9.300000e-01 2.342391e-03
9.350000e-01 2.936780e-04
9.400000e-01 -1.768683e-03
9.450000e-01 -3.750645e-03
9.500000e-01 -5.593235e-03
9.550000e-01 -7.205789e-03
9.600000e-01 -8.547611e-03
9.650000e-01 -9.523596e-03
9.700000e-01 -1.014829e-02
9.750000e-01 -1.034910e-02
9.800000e-01 -1.012912e-02
9.850000e-01 -9.532176e-03
9.900000e-01 -8.518824e-03
9.950000e-01 -7.195801e-03
1 -5.575295e-03
1.005000e+00 -3.728551e-03
1.010000e+00 -1.746591e-03
1.015000e+00 3.152859e-04
1.020000e+00 2.364100e-03
1.025000e+00 4.316467e-03
1.030000e+00 6.094332e-03
1.035000e+00 7.643767e-03
1.040000e+00 8.855317e-03
1.045000e+00 9.737872e-03
1.050000e+00 1.023938e-02
1.055000e+00 1.029821e-02
1.060000e+00 9.993676e-03
1.065000e+00 9.266312e-03
1.070000e+00 8.166224e-03
1.075000e+00 6.765120e-03
1.080000e+00 5.052081e-03
1.085000e+00 3.170029e-03
1.090000e+00 1.150880e-03
1.095000e+00 -9.240940e-04
1.100000e+00 -2.929976e-03
1.105000e+00 -4.849494e-03
1.110000e+00 -6.554065e-03
1.115000e+00 -7.994435e-03
1.120000e+00 -9.108243e-03
1.125000e+00 -9.845728e-03
1.130000e+00 -1.021586e-02
1.135000e+00 -1.024204e-02
1.140000e+00 -1.003278e-02
1.145000e+00 -9.691501e-03
1.150000e+00 -9.378938e-03
1.155000e+00 -9.165847e-03
1.160000e+00 -9.055183e-03
1.165000e+00 -8.954175e-03
1.170000e+00 -8.651163e-03
1.175000e+00 -7.950068e-03
1.180000e+00 -6.727545e-03
1.185000e+00 -4.999049e-03
1.190000e+00 -2.941921e-03
1.195000e+00 -8.470330e-04
1.200000e+00 1.121456e-03
1.205000e+00 2.862383e-03
1.210000e+00 4.436514e-03
1.215000e+00 5.971311e-03
1.220000e+00 7.420463e-03
1.225000e+00 8.687048e-03
1.230000e+00 9.541905e-03
1.235000e+00 9.840963e-03
1.240000e+00 9.649369e-03
1.245000e+00 9.067696e-03
1.250000e+00 8.259674e-03
1.255000e+00 7.256472e-03
1.260000e+00 5.913270e-03
1.265000e+00 4.237203e-03
1.270000e+00 2.287354e-03
1.275000e+00 2.651731e-04
1.280000e+00 -1.596269e-03
1.285000e+00 -3.290261e-03
1.290000e+00 -4.795658e-03
1.295000e+00 -6.094090e-03
1.300000e+00 -6.981008e-03
1.305000e+00 -7.180827e-03
1.310000e+00 -6.548493e-03
1.315000e+00 -5.174699e-03
1.320000e+00 -3.312928e-03
1.325000e+00 -1.165075e-03
1.330000e+00 1.105601e-03
1.335000e+00 3.406053e-03
1.340000e+00 5.398282e-03
1.345000e+00 6.883803e-03
1.350000e+00 7.880828e-03
1.355000e+00 8.427947e-03
1.360000e+00 8.799875e-03
1.365000e+00 9.198390e-03
1.370000e+00 9.589093e-03
1.375000e+00 9.440291e-03
1.380000e+00 8.454792e-03
1.385000e+00 7.199907e-03
1.390000e+00 5.884478e-03
1.395000e+00 4.141137e-03
1.400000e+00 2.038105e-03
1.405000e+00 2.082435e-04
1.410000e+00 -1.375162e-03
1.415000e+00 -3.312764e-03
1.420000e+00 -5.421254e-03
1.425000e+00 -7.227245e-03
1.430000e+00 -8.590214e-03
1.435000e+00 -9.403854e-03
1.440000e+00 -9.668851e-03
1.445000e+00 -9.711091e-03
1.450000e+00 -9.622183e-03
1.455000e+00 -9.103459e-03
1.460000e+00 -8.225548e-03
1.465000e+00 -7.055303e-03
1.470000e+00 -5.366208e-03
1.475000e+00 -3.445696e-03
1.480000e+00 -1.594935e-03
1.485000e+00 3.591674e-04
1.490000e+00 2.274825e-03
1.495000e+00 4.068232e-03
1.500000e+00 5.887272e-03
1.505000e+00 7.432900e-03
1.510000e+00 8.551484e-03
1.515000e+00 9.378931e-03
1.520000e+00 9.817410e-03
1.525000e+00 9.914317e-03
1.530000e+00 9.718406e-03
1.535000e+00 8.970061e-03
1.540000e+00 7.742528e-03
1.545000e+00 6.365795e-03
1.550000e+00 4.826150e-03
1.555000e+00 3.111472e-03
1.560000e+00 1.205541e-03
1.565000e+00 -9.349870e-04
1.570000e+00 -2.984200e-03
1.575000e+00 -4.741964e-03
1.580000e+00 -6.302333e-03
1.585000e+00 -7.620415e-03
1.590000e+00 -8.759744e-03
1.595000e+00 -9.676419e-03
1.600000e+00 -9.980674e-03
1.605000e+00 -9.786206e-03
1.610000e+00 -9.313768e-03
1.615000e+00 -8.557127e-03
1.620000e+00 -7.597899e-03
1.625000e+00 -6.131262e-03
1.630000e+00 -4.233830e-03
1.635000e+00 -2.329781e-03
1.640000e+00 -4.561589e-04
1.645000e+00 1.329238e-03
1.650000e+00 3.238390e-03
1.655000e+00 5.257984e-03
1.660000e+00 6.824287e-03
1.665000e+00 7.963520e-03
1.670000e+00 8.944045e-03
1.675000e+00 9.642921e-03
1.680000e+00 9.935084e-03
1.685000e+00 9.692293e-03
1.690000e+00 9.106221e-03
1.695000e+00 8.360889e-03
1.700000e+00 7.111920e-03
1.705000e+00 5.461116e-03
1.710000e+00 3.795586e-03
1.715000e+00 2.019819e-03
1.720000e+00 5.868412e-05
1.725000e+00 -2.027523e-03
1.730000e+00 -3.926122e-03
1.735000e+00 -5.477569e-03
1.740000e+00 -7.030211e-03
1.745000e+00 -8.312641e-03
1.750000e+00 -9.140926e-03
1.755000e+00 -9.749595e-03
1.760000e+00 -9.850967e-03
1.765000e+00 -9.526054e-03
1.770000e+00 -8.935148e-03
1.775000e+00 -7.994300e-03
1.780000e+00 -6.744449e-03
1.785000e+00 -5.040419e-03
1.790000e+00 -3.249107e-03
1.795000e+00 -1.500806e-03
1.800000e+00 5.376748e-04
1.805000e+00 2.515949e-03
1.810000e+00 4.285959e-03
1.815000e+00 5.945767e-03
1.820000e+00 7.390136e-03
1.825000e+00 8.579248e-03
1.830000e+00 9.360402e-03
1.835000e+00 9.757638e-03
1.840000e+00 9.771637e-03
1.845000e+00 9.403828e-03
1.850000e+00 8.748527e-03
1.855000e+00 7.597566e-03
1.860000e+00 6.171587e-03
1.865000e+00 4.662936e-03
1.870000e+00 2.848811e-03
1.875000e+00 8.508651e-04
1.880000e+00 -1.098317e-03
1.885000e+00 -2.930930e-03
1.890000e+00 -4.738311e-03
1.895000e+00 -6.369118e-03
1.900000e+00 -7.617705e-03
1.905000e+00 -8.671472e-03
1.910000e+00 -9.443596e-03
1.915000e+00 -9.728480e-03
1.920000e+00 -9.649064e-03
1.925000e+00 -9.214584e-03
1.930000e+00 -8.421320e-03
1.935000e+00 -7.254060e-03
1.940000e+00 -5.795037e-03
1.945000e+00 -4.166534e-03
1.950000e+00 -2.333105e-03
1.955000e+00 -4.287773e-04
1.960000e+00 1.540565e-03
1.965000e+00 3.441801e-03
1.970000e+00 5.149125e-03
1.975000e+00 6.755545e-03
1.980000e+00 7.993125e-03
1.985000e+00 8.875679e-03
1.990000e+00 9.537116e-03
1.995000e+00 9.753453e-03
2 9.525094e-03
2.005000e+00 8.999081e-03
2.010000e+00 8.137163e-03
2.015000e+00 6.842520e-03
2.020000e+00 5.344808e-03
2.025000e+00 3.684966e-03
2.030000e+00 1.732353e-03
2.035000e+00 -1.739330e-04
2.040000e+00 -2.039497e-03
2.045000e+00 -3.956710e-03
2.050000e+00 -5.615505e-03
2.055000e+00 -7.043644e-03
2.060000e+00 -8.281423e-03
2.065000e+00 -9.112703e-03
2.070000e+00 -9.565535e-03
2.075000e+00 -9.712645e-03
2.080000e+00 -9.418249e-03
2.085000e+00 -8.740707e-03
2.090000e+00 -7.746238e-03
2.095000e+00 -6.412532e-03
2.100000e+00 -4.876426e-03
2.105000e+00 -3.109301e-03
2.110000e+00 -1.202943e-03
2.115000e+00 7.030424e-04
2.120000e+00 2.607847e-03
2.125000e+00 4.420541e-03
2.130000e+00 6.047127e-03
2.135000e+00 7.396426e-03
2.140000e+00 8.514251e-03
2.145000e+00 9.248179e-03
2.150000e+00 9.587038e-03
2.155000e+00 9.632458e-03
2.160000e+00 9.222583e-03
2.165000e+00 8.467042e-03
2.170000e+00 7.401314e-03
2.175000e+00 5.971349e-03
2.180000e+00 4.353724e-03
2.185000e+00 2.578710e-03
2.190000e+00 6.303472e-04
2.195000e+00 -1.272819e-03
2.200000e+00 -3.124631e-03
2.205000e+00 -4.931662e-03
2.210000e+00 -6.442103e-03
2.215000e+00 -7.711969e-03
2.220000e+00 -8.769897e-03
2.225000e+00 -9.399948e-03
2.230000e+00 -9.613010e-03
2.235000e+00 -9.533720e-03
2.240000e+00 -9.012194e-03
2.245000e+00 -8.116337e-03
2.250000e+00 -6.991789e-03
2.255000e+00 -5.484153e-03
2.260000e+00 -3.813977e-03
2.265000e+00 -2.007847e-03
2.270000e+00 -6.409847e-05
2.275000e+00 1.826085e-03
2.280000e+00 3.705545e-03
2.285000e+00 5.379640e-03
2.290000e+00 6.814109e-03
2.295000e+00 8.005075e-03
2.300000e+00 8.829754e-03
2.305000e+00 9.333876e-03
2.310000e+00 9.468097e-03
2.315000e+00 9.198566e-03
2.320000e+00 8.578767e-03
2.325000e+00 7.653955e-03
2.330000e+00 6.422817e-03
2.335000e+00 4.976268e-03
2.340000e+00 3.348516e-03
2.345000e+00 1.552303e-03
2.350000e+00 -2.440929e-04
2.355000e+00 -2.112173e-03
2.360000e+00 -3.992558e-03
2.365000e+00 -5.753069e-03
2.370000e+00 -7.539433e-03
2.375000e+00 -9.216895e-03
2.380000e+00 -1.081881e-02
2.385000e+00 -1.243532e-02
2.390000e+00 -1.388645e-02
2.395000e+00 -1.521339e-02
2.400000e+00 -1.620399e-02
2.405000e+00 -1.657402e-02
2.410000e+00 -1.626187e-02
2.415000e+00 -1.510283e-02
2.420000e+00 -1.307647e-02
2.425000e+00 -1.044155e-02
2.430000e+00 -7.360765e-03
2.435000e+00 -4.034902e-03
2.440000e+00 -7.744065e-04
2.445000e+00 2.406475e-03
2.450000e+00 5.487521e-03
2.455000e+00 8.346831e-03
2.460000e+00 1.102171e-02
2.465000e+00 1.342246e-02
2.470000e+00 1.527738e-02
2.475000e+00 1.645551e-02
2.480000e+00 1.687785e-02
2.485000e+00 1.646711e-02
2.490000e+00 1.536304e-02
2.495000e+00 1.377622e-02
2.500000e+00 1.174436e-02
2.505000e+00 9.333966e-03
2.510000e+00 6.625548e-03
2.515000e+00 3.575884e-03
2.520000e+00 3.803974e-04
2.525000e+00 -2.672364e-03
2.530000e+00 -5.380135e-03
2.535000e+00 -7.438754e-03
2.540000e+00 -8.787114e-03
2.545000e+00 -9.445480e-03
2.550000e+00 -9.438941e-03
2.555000e+00 -8.879223e-03
2.560000e+00 -7.759557e-03
2.565000e+00 -6.206990e-03
2.570000e+00 -4.476630e-03
2.575000e+00 -2.744639e-03
2.580000e+00 -1.202842e-03
2.585000e+00 1.145979e-04
2.590000e+00 1.436107e-03
2.595000e+00 2.837940e-03
2.600000e+00 4.396897e-03
2.605000e+00 6.025792e-03
2.610000e+00 7.402446e-03
2.615000e+00 8.410927e-03
2.620000e+00 8.972152e-03
2.625000e+00 9.073112e-03
2.630000e+00 8.805101e-03
2.635000e+00 8.150322e-03
2.640000e+00 7.108720e-03
2.645000e+00 5.808441e-03
2.650000e+00 4.302310e-03
2.655000e+00 2.712876e-03
2.660000e+00 1.067843e-03
2.665000e+00 -7.284393e-04
2.670000e+00 -2.580379e-03
2.675000e+00 -4.354144e-03
2.680000e+00 -5.846847e-03
2.685000e+00 -6.920535e-03
2.690000e+00 -7.644504e-03
2.695000e+00 -8.192922e-03
2.700000e+00 -8.644611e-03
2.705000e+00 -8.919358e-03
2.710000e+00 -8.783083e-03
2.715000e+00 -8.090445e-03
2.720000e+00 -6.861453e-03
2.725000e+00 -5.324728e-03
2.730000e+00 -3.737169e-03
2.735000e+00 -2.138773e-03
2.740000e+00 -6.106703e-04
2.745000e+00 1.095333e-03
2.750000e+00 2.927561e-03
2.755000e+00 4.593780e-03
2.760000e+00 6.121078e-03
2.765000e+00 7.319863e-03
2.770000e+00 8.135645e-03
2.775000e+00 8.584728e-03
2.780000e+00 8.731645e-03
2.785000e+00 8.683406e-03
2.790000e+00 8.276562e-03
2.795000e+00 7.499939e-03
2.800000e+00 6.435576e-03
2.805000e+00 5.094814e-03
2.810000e+00 3.505230e-03
2.815000e+00 1.717851e-03
2.820000e+00 -7.722955e-06
2.825000e+00 -1.641358e-03
2.830000e+00 -3.310836e-03
2.835000e+00 -4.883981e-03
2.840000e+00 -6.321290e-03
2.845000e+00 -7.449883e-03
2.850000e+00 -8.172947e-03
2.855000e+00 -8.621616e-03
2.860000e+00 -8.802446e-03
2.865000e+00 -8.687201e-03
2.870000e+00 -8.135013e-03
2.875000e+00 -7.185375e-03
2.880000e+00 -5.992688e-03
2.885000e+00 -4.576349e-03
2.890000e+00 -3.066727e-03
2.895000e+00 -1.529286e-03
2.900000e+00 2.666559e-04
2.905000e+00 2.225218e-03
2.910000e+00 3.907234e-03
2.915000e+00 5.206905e-03
2.920000e+00 6.369085e-03
2.925000e+00 7.569069e-03
2.930000e+00 8.471514e-03
2.935000e+00 8.740965e-03
2.940000e+00 8.619808e-03
2.945000e+00 8.477337e-03
2.950000e+00 7.994266e-03
2.955000e+00 6.900731e-03
2.960000e+00 5.617827e-03
2.965000e+00 4.306216e-03
2.970000e+00 2.765991e-03
2.975000e+00 9.332522e-04
2.980000e+00 -8.613796e-04
2.985000e+00 -2.491478e-03
2.990000e+00 -4.099386e-03
2.995000e+00 -5.532130e-03
3 -6.773546e-03
