T X
0 0
5.000000e-03 8.907127e-13
1.000000e-02 -2.311079e-11
1.500000e-02 -8.705282e-11
2.000000e-02 -2.560694e-10
2.500000e-02 -5.797030e-10
3.000000e-02 1.476578e-10
3.500000e-02 1.553583e-08
4.000000e-02 1.400435e-07
4.500000e-02 8.823458e-07
5.000000e-02 4.483166e-06
5.500000e-02 1.911711e-05
6.000000e-02 6.950881e-05
6.500000e-02 2.167369e-04
7.000000e-02 5.810947e-04
7.500000e-02 1.341029e-03
8.000000e-02 2.663284e-03
8.500000e-02 4.548059e-03
9.000000e-02 6.681474e-03
9.500000e-02 8.496540e-03
1.000000e-01 9.540672e-03
1.050000e-01 9.866154e-03
1.100000e-01 9.929934e-03
1.150000e-01 9.977095e-03
1.200000e-01 9.693824e-03
1.250000e-01 8.716133e-03
1.300000e-01 7.255308e-03
1.350000e-01 5.760211e-03
1.400000e-01 4.174097e-03
1.450000e-01 2.189683e-03
1.500000e-01 2.609472e-05
1.550000e-01 -1.879978e-03
1.600000e-01 -3.652431e-03
1.650000e-01 -5.522246e-03
1.700000e-01 -7.145878e-03
1.750000e-01 -8.275898e-03
1.800000e-01 -9.211299e-03
1.850000e-01 -9.942614e-03
1.900000e-01 -1.009617e-02
1.950000e-01 -9.806659e-03
2.000000e-01 -9.303116e-03
2.050000e-01 -8.332778e-03
2.100000e-01 -6.946583e-03
2.150000e-01 -5.485605e-03
2.200000e-01 -3.762579e-03
2.250000e-01 -1.700856e-03
2.300000e-01 2.838794e-04
2.350000e-01 2.195866e-03
2.400000e-01 4.154156e-03
2.450000e-01 5.852593e-03
2.500000e-01 7.315943e-03
2.550000e-01 8.633185e-03
2.600000e-01 9.448226e-03
2.650000e-01 9.835475e-03
2.700000e-01 1.003085e-02
2.750000e-01 9.747803e-03
2.800000e-01 9.002466e-03
2.850000e-01 7.992743e-03
2.900000e-01 6.583775e-03
2.950000e-01 4.936729e-03
3.000000e-01 3.173404e-03
3.050000e-01 1.161335e-03
3.100000e-01 -8.239477e-04
3.150000e-01 -2.702769e-03
3.200000e-01 -4.636121e-03
3.250000e-01 -6.324787e-03
3.300000e-01 -7.688256e-03
3.350000e-01 -8.833895e-03
3.400000e-01 -9.576607e-03
3.450000e-01 -9.946939e-03
3.500000e-01 -9.945576e-03
3.550000e-01 -9.493069e-03
3.600000e-01 -8.741284e-03
3.650000e-01 -7.607793e-03
3.700000e-01 -6.112321e-03
3.750000e-01 -4.476298e-03
3.800000e-01 -2.600878e-03
3.850000e-01 -5.790139e-04
3.900000e-01 1.379266e-03
3.950000e-01 3.312244e-03
4.000000e-01 5.124627e-03
4.050000e-01 6.718514e-03
4.100000e-01 8.054049e-03
4.150000e-01 9.073181e-03
4.200000e-01 9.749099e-03
4.250000e-01 9.985910e-03
4.300000e-01 9.839362e-03
4.350000e-01 9.339394e-03
4.400000e-01 8.401631e-03
4.450000e-01 7.167307e-03
4.500000e-01 5.684718e-03
4.550000e-01 3.908940e-03
4.600000e-01 1.996615e-03
4.650000e-01 4.385080e-05
4.700000e-01 -1.960057e-03
4.750000e-01 -3.890055e-03
4.800000e-01 -5.603026e-03
4.850000e-01 -7.141330e-03
4.900000e-01 -8.416661e-03
4.950000e-01 -9.285149e-03
5.000000e-01 -9.834668e-03
5.050000e-01 -1.000371e-02
5.100000e-01 -9.723985e-03
5.150000e-01 -9.103628e-03
5.200000e-01 -8.105649e-03
5.250000e-01 -6.752486e-03
5.300000e-01 -5.181582e-03
5.350000e-01 -3.390553e-03
5.400000e-01 -1.409994e-03
5.450000e-01 5.707986e-04
5.500000e-01 2.507978e-03
5.550000e-01 4.423209e-03
5.600000e-01 6.101544e-03
5.650000e-01 7.516803e-03
5.700000e-01 8.721486e-03
5.750000e-01 9.510627e-03
5.800000e-01 9.922712e-03
5.850000e-01 9.994365e-03
5.900000e-01 9.614755e-03
5.950000e-01 8.865445e-03
6.000000e-01 7.775762e-03
6.050000e-01 6.367038e-03
6.100000e-01 4.695947e-03
6.150000e-01 2.845695e-03
6.200000e-01 8.780386e-04
6.250000e-01 -1.153649e-03
6.300000e-01 -3.102866e-03
6.350000e-01 -4.951788e-03
6.400000e-01 -6.586373e-03
6.450000e-01 -7.939935e-03
6.500000e-01 -9.011225e-03
6.550000e-01 -9.662989e-03
6.600000e-01 -9.979818e-03
6.650000e-01 -9.899127e-03
6.700000e-01 -9.384292e-03
6.750000e-01 -8.543041e-03
6.800000e-01 -7.320883e-03
6.850000e-01 -5.836144e-03
6.900000e-01 -4.117355e-03
6.950000e-01 -2.222949e-03
7.000000e-01 -2.768131e-04
7.050000e-01 1.703484e-03
7.100000e-01 3.611663e-03
7.150000e-01 5.387709e-03
7.200000e-01 6.944938e-03
7.250000e-01 8.236562e-03
7.300000e-01 9.200721e-03
7.350000e-01 9.785879e-03
7.400000e-01 9.996616e-03
7.450000e-01 9.784377e-03
7.500000e-01 9.197158e-03
7.550000e-01 8.247134e-03
7.600000e-01 6.958157e-03
7.650000e-01 5.399268e-03
7.700000e-01 3.615026e-03
7.750000e-01 1.695401e-03
7.800000e-01 -3.002958e-04
7.850000e-01 -2.284230e-03
7.900000e-01 -4.174993e-03
7.950000e-01 -5.897224e-03
8.000000e-01 -7.372195e-03
8.050000e-01 -8.572576e-03
8.100000e-01 -9.425945e-03
8.150000e-01 -9.906203e-03
8.200000e-01 -9.987080e-03
8.250000e-01 -9.670841e-03
8.300000e-01 -8.963183e-03
8.350000e-01 -7.895852e-03
8.400000e-01 -6.531295e-03
8.450000e-01 -4.856463e-03
8.500000e-01 -3.059484e-03
8.550000e-01 -1.119257e-03
8.600000e-01 9.077440e-04
8.650000e-01 2.835553e-03
8.700000e-01 4.707871e-03
8.750000e-01 6.358013e-03
8.800000e-01 7.755824e-03
8.850000e-01 8.861969e-03
8.900000e-01 9.596659e-03
8.950000e-01 9.944991e-03
9.000000e-01 9.916353e-03
9.050000e-01 9.491684e-03
9.100000e-01 8.668305e-03
9.150000e-01 7.540975e-03
9.200000e-01 6.068910e-03
9.250000e-01 4.368556e-03
9.300000e-01 2.506493e-03
9.350000e-01 5.273815e-04
9.400000e-01 -1.474732e-03
9.450000e-01 -3.394832e-03
9.500000e-01 -5.198179e-03
9.550000e-01 -6.802505e-03
9.600000e-01 -8.098999e-03
9.650000e-01 -9.131964e-03
9.700000e-01 -9.748250e-03
9.750000e-01 -9.990876e-03
9.800000e-01 -9.862283e-03
9.850000e-01 -9.292048e-03
9.900000e-01 -8.373532e-03
9.950000e-01 -7.132290e-03
1 -5.579028e-03
1.005000e+00 -3.832878e-03
1.010000e+00 -1.933441e-03
1.015000e+00 8.910245e-05
1.020000e+00 2.028307e-03
1.025000e+00 3.951103e-03
1.030000e+00 5.714607e-03
1.035000e+00 7.204722e-03
1.040000e+00 8.458330e-03
1.045000e+00 9.324246e-03
1.050000e+00 9.847898e-03
1.055000e+00 9.996555e-03
1.060000e+00 9.701326e-03
1.065000e+00 9.051033e-03
1.070000e+00 8.070052e-03
1.075000e+00 6.700365e-03
1.080000e+00 5.106318e-03
1.085000e+00 3.300879e-03
1.090000e+00 1.333341e-03
1.095000e+00 -6.345581e-04
1.100000e+00 -2.615771e-03
1.105000e+00 -4.479606e-03
1.110000e+00 -6.148355e-03
1.115000e+00 -7.575043e-03
1.120000e+00 -8.695912e-03
1.125000e+00 -9.418620e-03
1.130000e+00 -9.795064e-03
1.135000e+00 -9.846667e-03
1.140000e+00 -9.613694e-03
1.145000e+00 -9.340208e-03
1.150000e+00 -9.095819e-03
1.155000e+00 -9.012356e-03
1.160000e+00 -9.129989e-03
1.165000e+00 -9.212140e-03
1.170000e+00 -9.113641e-03
1.175000e+00 -8.559062e-03
1.180000e+00 -7.330694e-03
1.185000e+00 -5.574814e-03
1.190000e+00 -3.468447e-03
1.195000e+00 -1.336764e-03
1.200000e+00 5.555646e-04
1.205000e+00 2.234665e-03
1.210000e+00 3.778329e-03
1.215000e+00 5.349180e-03
1.220000e+00 6.974290e-03
1.225000e+00 8.415973e-03
1.230000e+00 9.413294e-03
1.235000e+00 9.810984e-03
1.240000e+00 9.681939e-03
1.245000e+00 9.265762e-03
1.250000e+00 8.687987e-03
1.255000e+00 7.920860e-03
1.260000e+00 6.794876e-03
1.265000e+00 5.140410e-03
1.270000e+00 3.126809e-03
1.275000e+00 1.029309e-03
1.280000e+00 -9.031889e-04
1.285000e+00 -2.592383e-03
1.290000e+00 -4.146364e-03
1.295000e+00 -5.544033e-03
1.300000e+00 -6.576742e-03
1.305000e+00 -6.939096e-03
1.310000e+00 -6.449410e-03
1.315000e+00 -5.185999e-03
1.320000e+00 -3.450973e-03
1.325000e+00 -1.444376e-03
1.330000e+00 7.230044e-04
1.335000e+00 2.883118e-03
1.340000e+00 4.732422e-03
1.345000e+00 6.018393e-03
1.350000e+00 6.845346e-03
1.355000e+00 7.422926e-03
1.360000e+00 7.906458e-03
1.365000e+00 8.477591e-03
1.370000e+00 8.975229e-03
1.375000e+00 8.864358e-03
1.380000e+00 7.921842e-03
1.385000e+00 6.702726e-03
1.390000e+00 5.590031e-03
1.395000e+00 4.084473e-03
1.400000e+00 2.216223e-03
1.405000e+00 6.170682e-04
1.410000e+00 -6.912097e-04
1.415000e+00 -2.355767e-03
1.420000e+00 -4.369041e-03
1.425000e+00 -6.059754e-03
1.430000e+00 -7.411116e-03
1.435000e+00 -8.261589e-03
1.440000e+00 -8.565465e-03
1.445000e+00 -8.827589e-03
1.450000e+00 -9.003774e-03
1.455000e+00 -8.715939e-03
1.460000e+00 -7.948703e-03
1.465000e+00 -6.860484e-03
1.470000e+00 -5.320226e-03
1.475000e+00 -3.609152e-03
1.480000e+00 -2.035824e-03
1.485000e+00 -3.285892e-04
1.490000e+00 1.483944e-03
1.495000e+00 3.239128e-03
1.500000e+00 4.982566e-03
1.505000e+00 6.454813e-03
1.510000e+00 7.441664e-03
1.515000e+00 8.280884e-03
1.520000e+00 8.900685e-03
1.525000e+00 9.070959e-03
1.530000e+00 8.983668e-03
1.535000e+00 8.458799e-03
1.540000e+00 7.413761e-03
1.545000e+00 6.234922e-03
1.550000e+00 4.914682e-03
1.555000e+00 3.379732e-03
1.560000e+00 1.721872e-03
1.565000e+00 -2.465491e-04
1.570000e+00 -2.196293e-03
1.575000e+00 -3.770606e-03
1.580000e+00 -5.289477e-03
1.585000e+00 -6.672075e-03
1.590000e+00 -7.797164e-03
1.595000e+00 -8.708951e-03
1.600000e+00 -9.149716e-03
1.605000e+00 -9.066518e-03
1.610000e+00 -8.733477e-03
1.615000e+00 -8.209551e-03
1.620000e+00 -7.355681e-03
1.625000e+00 -6.103615e-03
1.630000e+00 -4.378848e-03
1.635000e+00 -2.634447e-03
1.640000e+00 -1.031969e-03
1.645000e+00 7.376199e-04
1.650000e+00 2.578593e-03
1.655000e+00 4.449513e-03
1.660000e+00 5.989305e-03
1.665000e+00 7.039709e-03
1.670000e+00 8.084523e-03
1.675000e+00 8.975563e-03
1.680000e+00 9.243339e-03
1.685000e+00 9.059108e-03
1.690000e+00 8.664182e-03
1.695000e+00 8.028244e-03
1.700000e+00 6.973144e-03
1.705000e+00 5.466245e-03
1.710000e+00 3.920190e-03
1.715000e+00 2.299112e-03
1.720000e+00 4.410919e-04
1.725000e+00 -1.474985e-03
1.730000e+00 -3.290779e-03
1.735000e+00 -4.886365e-03
1.740000e+00 -6.405900e-03
1.745000e+00 -7.640216e-03
1.750000e+00 -8.451549e-03
1.755000e+00 -9.112736e-03
1.760000e+00 -9.351686e-03
1.765000e+00 -9.050619e-03
1.770000e+00 -8.549981e-03
1.775000e+00 -7.733594e-03
1.780000e+00 -6.553531e-03
1.785000e+00 -5.053608e-03
1.790000e+00 -3.341769e-03
1.795000e+00 -1.600708e-03
1.800000e+00 2.724724e-04
1.805000e+00 2.108650e-03
1.810000e+00 3.852232e-03
1.815000e+00 5.513845e-03
1.820000e+00 6.868446e-03
1.825000e+00 7.979093e-03
1.830000e+00 8.877719e-03
1.835000e+00 9.316922e-03
1.840000e+00 9.315811e-03
1.845000e+00 8.999599e-03
1.850000e+00 8.401698e-03
1.855000e+00 7.386325e-03
1.860000e+00 5.997709e-03
1.865000e+00 4.543888e-03
1.870000e+00 2.844285e-03
1.875000e+00 9.453293e-04
1.880000e+00 -9.170990e-04
1.885000e+00 -2.757371e-03
1.890000e+00 -4.460054e-03
1.895000e+00 -6.010723e-03
1.900000e+00 -7.278999e-03
1.905000e+00 -8.278713e-03
1.910000e+00 -9.018450e-03
1.915000e+00 -9.330675e-03
1.920000e+00 -9.304034e-03
1.925000e+00 -8.874628e-03
1.930000e+00 -8.099533e-03
1.935000e+00 -7.051262e-03
1.940000e+00 -5.622082e-03
1.945000e+00 -3.986944e-03
1.950000e+00 -2.267821e-03
1.955000e+00 -4.444048e-04
1.960000e+00 1.495162e-03
1.965000e+00 3.341227e-03
1.970000e+00 4.970348e-03
1.975000e+00 6.537683e-03
1.980000e+00 7.749268e-03
1.985000e+00 8.604542e-03
1.990000e+00 9.265007e-03
1.995000e+00 9.442693e-03
2 9.227571e-03
2.005000e+00 8.726496e-03
2.010000e+00 7.849953e-03
2.015000e+00 6.638446e-03
2.020000e+00 5.168387e-03
2.025000e+00 3.497353e-03
2.030000e+00 1.665387e-03
2.035000e+00 -2.356484e-04
2.040000e+00 -2.105731e-03
2.045000e+00 -3.899400e-03
2.050000e+00 -5.563060e-03
2.055000e+00 -6.963952e-03
2.060000e+00 -8.094925e-03
2.065000e+00 -8.924657e-03
2.070000e+00 -9.391186e-03
2.075000e+00 -9.471877e-03
2.080000e+00 -9.193541e-03
2.085000e+00 -8.558856e-03
2.090000e+00 -7.518578e-03
2.095000e+00 -6.215155e-03
2.100000e+00 -4.708888e-03
2.105000e+00 -2.967550e-03
2.110000e+00 -1.071615e-03
2.115000e+00 7.836975e-04
2.120000e+00 2.642191e-03
2.125000e+00 4.457385e-03
2.130000e+00 6.023815e-03
2.135000e+00 7.377825e-03
2.140000e+00 8.455766e-03
2.145000e+00 9.153646e-03
2.150000e+00 9.486902e-03
2.155000e+00 9.481738e-03
2.160000e+00 9.079187e-03
2.165000e+00 8.315319e-03
2.170000e+00 7.252868e-03
2.175000e+00 5.837419e-03
2.180000e+00 4.233941e-03
2.185000e+00 2.461018e-03
2.190000e+00 5.231780e-04
2.195000e+00 -1.350223e-03
2.200000e+00 -3.192540e-03
2.205000e+00 -4.974361e-03
2.210000e+00 -6.480823e-03
2.215000e+00 -7.695231e-03
2.220000e+00 -8.730936e-03
2.225000e+00 -9.401197e-03
2.230000e+00 -9.578251e-03
2.235000e+00 -9.447187e-03
2.240000e+00 -8.969721e-03
2.245000e+00 -8.050802e-03
2.250000e+00 -6.851078e-03
2.255000e+00 -5.443178e-03
2.260000e+00 -3.722503e-03
2.265000e+00 -1.899467e-03
2.270000e+00 -5.899456e-05
2.275000e+00 1.907969e-03
2.280000e+00 3.743387e-03
2.285000e+00 5.391856e-03
2.290000e+00 6.858510e-03
2.295000e+00 8.013564e-03
2.300000e+00 8.799367e-03
2.305000e+00 9.315731e-03
2.310000e+00 9.454536e-03
2.315000e+00 9.158905e-03
2.320000e+00 8.615019e-03
2.325000e+00 7.669469e-03
2.330000e+00 6.445059e-03
2.335000e+00 5.028852e-03
2.340000e+00 3.303386e-03
2.345000e+00 1.515237e-03
2.350000e+00 -3.337216e-04
2.355000e+00 -2.224780e-03
2.360000e+00 -4.023403e-03
2.365000e+00 -5.744684e-03
2.370000e+00 -7.395431e-03
2.375000e+00 -9.005186e-03
2.380000e+00 -1.054865e-02
2.385000e+00 -1.213941e-02
2.390000e+00 -1.371561e-02
2.395000e+00 -1.517876e-02
2.400000e+00 -1.629383e-02
2.405000e+00 -1.684765e-02
2.410000e+00 -1.665172e-02
2.415000e+00 -1.547604e-02
2.420000e+00 -1.349943e-02
2.425000e+00 -1.078616e-02
2.430000e+00 -7.578737e-03
2.435000e+00 -4.255163e-03
2.440000e+00 -9.017193e-04
2.445000e+00 2.262384e-03
2.450000e+00 5.218829e-03
2.455000e+00 8.053964e-03
2.460000e+00 1.068627e-02
2.465000e+00 1.314211e-02
2.470000e+00 1.522311e-02
2.475000e+00 1.662399e-02
2.480000e+00 1.721204e-02
2.485000e+00 1.692527e-02
2.490000e+00 1.584654e-02
2.495000e+00 1.422493e-02
2.500000e+00 1.224602e-02
2.505000e+00 9.902032e-03
2.510000e+00 7.218604e-03
2.515000e+00 4.158785e-03
2.520000e+00 7.697900e-04
2.525000e+00 -2.470710e-03
2.530000e+00 -5.282597e-03
2.535000e+00 -7.386255e-03
2.540000e+00 -8.607402e-03
2.545000e+00 -9.216341e-03
2.550000e+00 -9.235095e-03
2.555000e+00 -8.799820e-03
2.560000e+00 -7.954420e-03
2.565000e+00 -6.568295e-03
2.570000e+00 -4.937246e-03
2.575000e+00 -3.285547e-03
2.580000e+00 -1.793220e-03
2.585000e+00 -5.916947e-04
2.590000e+00 5.838654e-04
2.595000e+00 1.990728e-03
2.600000e+00 3.617288e-03
2.605000e+00 5.456071e-03
2.610000e+00 7.144118e-03
2.615000e+00 8.304215e-03
2.620000e+00 8.973983e-03
2.625000e+00 9.100781e-03
2.630000e+00 8.818257e-03
2.635000e+00 8.281602e-03
2.640000e+00 7.472643e-03
2.645000e+00 6.412300e-03
2.650000e+00 5.191598e-03
2.655000e+00 3.761075e-03
2.660000e+00 2.097493e-03
2.665000e+00 2.134381e-04
2.670000e+00 -1.856047e-03
2.675000e+00 -3.845377e-03
2.680000e+00 -5.538774e-03
2.685000e+00 -6.692867e-03
2.690000e+00 -7.527211e-03
2.695000e+00 -8.232637e-03
2.700000e+00 -8.747125e-03
2.705000e+00 -9.212788e-03
2.710000e+00 -9.200604e-03
2.715000e+00 -8.492218e-03
2.720000e+00 -7.290731e-03
2.725000e+00 -5.781450e-03
2.730000e+00 -4.326150e-03
2.735000e+00 -2.957152e-03
2.740000e+00 -1.463505e-03
2.745000e+00 2.869644e-04
2.750000e+00 2.252720e-03
2.755000e+00 4.152379e-03
2.760000e+00 5.809568e-03
2.765000e+00 7.079983e-03
2.770000e+00 7.974122e-03
2.775000e+00 8.652743e-03
2.780000e+00 9.051613e-03
2.785000e+00 9.183740e-03
2.790000e+00 8.864948e-03
2.795000e+00 8.165555e-03
2.800000e+00 7.220677e-03
2.805000e+00 5.823247e-03
2.810000e+00 4.104922e-03
2.815000e+00 2.288046e-03
2.820000e+00 5.534679e-04
2.825000e+00 -1.123767e-03
2.830000e+00 -2.905187e-03
2.835000e+00 -4.734174e-03
2.840000e+00 -6.393106e-03
2.845000e+00 -7.658877e-03
2.850000e+00 -8.382567e-03
2.855000e+00 -8.833952e-03
2.860000e+00 -9.215989e-03
2.865000e+00 -9.244237e-03
2.870000e+00 -8.783508e-03
2.875000e+00 -7.815761e-03
2.880000e+00 -6.508566e-03
2.885000e+00 -5.068081e-03
2.890000e+00 -3.602031e-03
2.895000e+00 -1.984728e-03
2.900000e+00 -2.563493e-05
2.905000e+00 2.045578e-03
2.910000e+00 3.950906e-03
2.915000e+00 5.318728e-03
2.920000e+00 6.441309e-03
2.925000e+00 7.844865e-03
2.930000e+00 8.960324e-03
2.935000e+00 9.339496e-03
2.940000e+00 9.199091e-03
2.945000e+00 8.963807e-03
2.950000e+00 8.517158e-03
2.955000e+00 7.468428e-03
2.960000e+00 6.133539e-03
2.965000e+00 4.737075e-03
2.970000e+00 3.005428e-03
2.975000e+00 1.011866e-03
2.980000e+00 -8.294951e-04
2.985000e+00 -2.569708e-03
2.990000e+00 -4.316765e-03
2.995000e+00 -5.908581e-03
3 -7.287634e-03
