T X
0 0
5.000000e-03 5.158907e-11
1.000000e-02 -3.131923e-11
1.500000e-02 -8.500802e-11
2.000000e-02 -6.871627e-11
2.500000e-02 -2.964029e-10
3.000000e-02 -1.287023e-10
3.500000e-02 1.136496e-08
4.000000e-02 1.242523e-07
4.500000e-02 8.503067e-07
5.000000e-02 4.463777e-06
5.500000e-02 1.919451e-05
6.000000e-02 6.967162e-05
6.500000e-02 2.164789e-04
7.000000e-02 5.790275e-04
7.500000e-02 1.334962e-03
8.000000e-02 2.650656e-03
8.500000e-02 4.526305e-03
9.000000e-02 6.648840e-03
9.500000e-02 8.453308e-03
1.000000e-01 9.488317e-03
1.050000e-01 9.804578e-03
1.100000e-01 9.860086e-03
1.150000e-01 9.909020e-03
1.200000e-01 9.642472e-03
1.250000e-01 8.680278e-03
1.300000e-01 7.213523e-03
1.350000e-01 5.702536e-03
1.400000e-01 4.120740e-03
1.450000e-01 2.158235e-03
1.500000e-01 4.939502e-06
1.550000e-01 -1.898039e-03
1.600000e-01 -3.645598e-03
1.650000e-01 -5.483197e-03
1.700000e-01 -7.100531e-03
1.750000e-01 -8.229954e-03
1.800000e-01 -9.147816e-03
1.850000e-01 -9.876227e-03
1.900000e-01 -1.004534e-02
1.950000e-01 -9.754490e-03
2.000000e-01 -9.253246e-03
2.050000e-01 -8.307002e-03
2.100000e-01 -6.916328e-03
2.150000e-01 -5.428171e-03
2.200000e-01 -3.715694e-03
2.250000e-01 -1.675061e-03
2.300000e-01 3.146713e-04
2.350000e-01 2.212854e-03
2.400000e-01 4.136973e-03
2.450000e-01 5.828008e-03
2.500000e-01 7.293202e-03
2.550000e-01 8.598210e-03
2.600000e-01 9.403510e-03
2.650000e-01 9.774137e-03
2.700000e-01 9.951112e-03
2.750000e-01 9.680791e-03
2.800000e-01 8.947471e-03
2.850000e-01 7.921788e-03
2.900000e-01 6.523693e-03
2.950000e-01 4.915157e-03
3.000000e-01 3.158615e-03
3.050000e-01 1.141417e-03
3.100000e-01 -8.323691e-04
3.150000e-01 -2.705251e-03
3.200000e-01 -4.627339e-03
3.250000e-01 -6.301496e-03
3.300000e-01 -7.663874e-03
3.350000e-01 -8.792049e-03
3.400000e-01 -9.518958e-03
3.450000e-01 -9.898463e-03
3.500000e-01 -9.890930e-03
3.550000e-01 -9.432198e-03
3.600000e-01 -8.689202e-03
3.650000e-01 -7.552847e-03
3.700000e-01 -6.064807e-03
3.750000e-01 -4.435076e-03
3.800000e-01 -2.553171e-03
3.850000e-01 -5.571677e-04
3.900000e-01 1.382755e-03
3.950000e-01 3.321653e-03
4.000000e-01 5.098710e-03
4.050000e-01 6.678960e-03
4.100000e-01 8.040413e-03
4.150000e-01 9.023779e-03
4.200000e-01 9.676534e-03
4.250000e-01 9.941774e-03
4.300000e-01 9.780953e-03
4.350000e-01 9.265734e-03
4.400000e-01 8.340150e-03
4.450000e-01 7.125305e-03
4.500000e-01 5.653313e-03
4.550000e-01 3.868716e-03
4.600000e-01 1.979417e-03
4.650000e-01 2.271933e-05
4.700000e-01 -1.977251e-03
4.750000e-01 -3.862788e-03
4.800000e-01 -5.611230e-03
4.850000e-01 -7.125719e-03
4.900000e-01 -8.349032e-03
4.950000e-01 -9.253383e-03
5.000000e-01 -9.782650e-03
5.050000e-01 -9.947529e-03
5.100000e-01 -9.668787e-03
5.150000e-01 -9.033583e-03
5.200000e-01 -8.060897e-03
5.250000e-01 -6.688093e-03
5.300000e-01 -5.132405e-03
5.350000e-01 -3.349951e-03
5.400000e-01 -1.380121e-03
5.450000e-01 5.574119e-04
5.500000e-01 2.529298e-03
5.550000e-01 4.402037e-03
5.600000e-01 6.060327e-03
5.650000e-01 7.515598e-03
5.700000e-01 8.663911e-03
5.750000e-01 9.462619e-03
5.800000e-01 9.879174e-03
5.850000e-01 9.925021e-03
5.900000e-01 9.554530e-03
5.950000e-01 8.807014e-03
6.000000e-01 7.738948e-03
6.050000e-01 6.305606e-03
6.100000e-01 4.666640e-03
6.150000e-01 2.821483e-03
6.200000e-01 8.255323e-04
6.250000e-01 -1.143903e-03
6.300000e-01 -3.121064e-03
6.350000e-01 -4.939219e-03
6.400000e-01 -6.547745e-03
6.450000e-01 -7.924588e-03
6.500000e-01 -8.936288e-03
6.550000e-01 -9.632946e-03
6.600000e-01 -9.927033e-03
6.650000e-01 -9.823144e-03
6.700000e-01 -9.342474e-03
6.750000e-01 -8.468478e-03
6.800000e-01 -7.276552e-03
6.850000e-01 -5.772187e-03
6.900000e-01 -4.079683e-03
6.950000e-01 -2.215991e-03
7.000000e-01 -2.465998e-04
7.050000e-01 1.700553e-03
7.100000e-01 3.608745e-03
7.150000e-01 5.368328e-03
7.200000e-01 6.924214e-03
7.250000e-01 8.202562e-03
7.300000e-01 9.157128e-03
7.350000e-01 9.735453e-03
7.400000e-01 9.922825e-03
7.450000e-01 9.734323e-03
7.500000e-01 9.146810e-03
7.550000e-01 8.190790e-03
7.600000e-01 6.893373e-03
7.650000e-01 5.368969e-03
7.700000e-01 3.577990e-03
7.750000e-01 1.647476e-03
7.800000e-01 -3.038308e-04
7.850000e-01 -2.304981e-03
7.900000e-01 -4.153437e-03
7.950000e-01 -5.867198e-03
8.000000e-01 -7.352834e-03
8.050000e-01 -8.524077e-03
8.100000e-01 -9.379292e-03
8.150000e-01 -9.853633e-03
8.200000e-01 -9.936565e-03
8.250000e-01 -9.598780e-03
8.300000e-01 -8.917047e-03
8.350000e-01 -7.830814e-03
8.400000e-01 -6.461477e-03
8.450000e-01 -4.848596e-03
8.500000e-01 -3.018832e-03
8.550000e-01 -1.090542e-03
8.600000e-01 9.121307e-04
8.650000e-01 2.837079e-03
8.700000e-01 4.698185e-03
8.750000e-01 6.342977e-03
8.800000e-01 7.729118e-03
8.850000e-01 8.812267e-03
8.900000e-01 9.531832e-03
8.950000e-01 9.907190e-03
9.000000e-01 9.847956e-03
9.050000e-01 9.433822e-03
9.100000e-01 8.620852e-03
9.150000e-01 7.478767e-03
9.200000e-01 6.023731e-03
9.250000e-01 4.325739e-03
9.300000e-01 2.471908e-03
9.350000e-01 4.929766e-04
9.400000e-01 -1.460660e-03
9.450000e-01 -3.395669e-03
9.500000e-01 -5.187198e-03
9.550000e-01 -6.762925e-03
9.600000e-01 -8.075379e-03
9.650000e-01 -9.079288e-03
9.700000e-01 -9.709322e-03
9.750000e-01 -9.935900e-03
9.800000e-01 -9.793468e-03
9.850000e-01 -9.228259e-03
9.900000e-01 -8.319871e-03
9.950000e-01 -7.079928e-03
1 -5.538057e-03
1.005000e+00 -3.792828e-03
1.010000e+00 -1.902702e-03
1.015000e+00 8.514055e-05
1.020000e+00 2.056762e-03
1.025000e+00 3.946155e-03
1.030000e+00 5.694225e-03
1.035000e+00 7.175143e-03
1.040000e+00 8.400821e-03
1.045000e+00 9.295808e-03
1.050000e+00 9.791181e-03
1.055000e+00 9.920972e-03
1.060000e+00 9.660960e-03
1.065000e+00 9.002373e-03
1.070000e+00 8.000538e-03
1.075000e+00 6.652762e-03
1.080000e+00 5.053646e-03
1.085000e+00 3.268610e-03
1.090000e+00 1.315121e-03
1.095000e+00 -6.573219e-04
1.100000e+00 -2.608095e-03
1.105000e+00 -4.463447e-03
1.110000e+00 -6.133776e-03
1.115000e+00 -7.547551e-03
1.120000e+00 -8.654802e-03
1.125000e+00 -9.373485e-03
1.130000e+00 -9.738436e-03
1.135000e+00 -9.777740e-03
1.140000e+00 -9.549768e-03
1.145000e+00 -9.281758e-03
1.150000e+00 -9.027909e-03
1.155000e+00 -8.964215e-03
1.160000e+00 -9.055306e-03
1.165000e+00 -9.156585e-03
1.170000e+00 -9.067410e-03
1.175000e+00 -8.463571e-03
1.180000e+00 -7.281711e-03
1.185000e+00 -5.524236e-03
1.190000e+00 -3.417948e-03
1.195000e+00 -1.309325e-03
1.200000e+00 5.928026e-04
1.205000e+00 2.237296e-03
1.210000e+00 3.770958e-03
1.215000e+00 5.350442e-03
1.220000e+00 6.935247e-03
1.225000e+00 8.362083e-03
1.230000e+00 9.345943e-03
1.235000e+00 9.737097e-03
1.240000e+00 9.623549e-03
1.245000e+00 9.191985e-03
1.250000e+00 8.624660e-03
1.255000e+00 7.878656e-03
1.260000e+00 6.722797e-03
1.265000e+00 5.075607e-03
1.270000e+00 3.084013e-03
1.275000e+00 9.875487e-04
1.280000e+00 -9.064493e-04
1.285000e+00 -2.593847e-03
1.290000e+00 -4.136158e-03
1.295000e+00 -5.516810e-03
1.300000e+00 -6.565988e-03
1.305000e+00 -6.906629e-03
1.310000e+00 -6.409972e-03
1.315000e+00 -5.176142e-03
1.320000e+00 -3.428598e-03
1.325000e+00 -1.426278e-03
1.330000e+00 7.305643e-04
1.335000e+00 2.910257e-03
1.340000e+00 4.714043e-03
1.345000e+00 6.001763e-03
1.350000e+00 6.831964e-03
1.355000e+00 7.378644e-03
1.360000e+00 7.901403e-03
1.365000e+00 8.469463e-03
1.370000e+00 8.970973e-03
1.375000e+00 8.823110e-03
1.380000e+00 7.838847e-03
1.385000e+00 6.648945e-03
1.390000e+00 5.537859e-03
1.395000e+00 4.060523e-03
1.400000e+00 2.198996e-03
1.405000e+00 6.490355e-04
1.410000e+00 -6.443434e-04
1.415000e+00 -2.364790e-03
1.420000e+00 -4.384779e-03
1.425000e+00 -6.104170e-03
1.430000e+00 -7.416324e-03
1.435000e+00 -8.247143e-03
1.440000e+00 -8.564397e-03
1.445000e+00 -8.796970e-03
1.450000e+00 -8.977141e-03
1.455000e+00 -8.681160e-03
1.460000e+00 -7.911183e-03
1.465000e+00 -6.787635e-03
1.470000e+00 -5.235081e-03
1.475000e+00 -3.553791e-03
1.480000e+00 -1.998904e-03
1.485000e+00 -3.205936e-04
1.490000e+00 1.461051e-03
1.495000e+00 3.210838e-03
1.500000e+00 4.983719e-03
1.505000e+00 6.416809e-03
1.510000e+00 7.414328e-03
1.515000e+00 8.286111e-03
1.520000e+00 8.843817e-03
1.525000e+00 9.029956e-03
1.530000e+00 8.978653e-03
1.535000e+00 8.426424e-03
1.540000e+00 7.398360e-03
1.545000e+00 6.240007e-03
1.550000e+00 4.886225e-03
1.555000e+00 3.348765e-03
1.560000e+00 1.673166e-03
1.565000e+00 -3.032929e-04
1.570000e+00 -2.219642e-03
1.575000e+00 -3.786657e-03
1.580000e+00 -5.284093e-03
1.585000e+00 -6.669704e-03
1.590000e+00 -7.760755e-03
1.595000e+00 -8.658956e-03
1.600000e+00 -9.101954e-03
1.605000e+00 -9.009941e-03
1.610000e+00 -8.715050e-03
1.615000e+00 -8.170605e-03
1.620000e+00 -7.330088e-03
1.625000e+00 -6.042700e-03
1.630000e+00 -4.311258e-03
1.635000e+00 -2.642909e-03
1.640000e+00 -1.005136e-03
1.645000e+00 7.463708e-04
1.650000e+00 2.547515e-03
1.655000e+00 4.446200e-03
1.660000e+00 5.977621e-03
1.665000e+00 7.029040e-03
1.670000e+00 8.080874e-03
1.675000e+00 8.930671e-03
1.680000e+00 9.205270e-03
1.685000e+00 9.024009e-03
1.690000e+00 8.620279e-03
1.695000e+00 8.004234e-03
1.700000e+00 6.940069e-03
1.705000e+00 5.460428e-03
1.710000e+00 3.881374e-03
1.715000e+00 2.236752e-03
1.720000e+00 3.918129e-04
1.725000e+00 -1.504445e-03
1.730000e+00 -3.293586e-03
1.735000e+00 -4.875360e-03
1.740000e+00 -6.342118e-03
1.745000e+00 -7.596619e-03
1.750000e+00 -8.414264e-03
1.755000e+00 -9.071866e-03
1.760000e+00 -9.305348e-03
1.765000e+00 -9.027241e-03
1.770000e+00 -8.518926e-03
1.775000e+00 -7.662244e-03
1.780000e+00 -6.520125e-03
1.785000e+00 -5.032536e-03
1.790000e+00 -3.313772e-03
1.795000e+00 -1.602293e-03
1.800000e+00 2.573405e-04
1.805000e+00 2.107099e-03
1.810000e+00 3.835512e-03
1.815000e+00 5.537371e-03
1.820000e+00 6.879852e-03
1.825000e+00 7.957055e-03
1.830000e+00 8.835672e-03
1.835000e+00 9.258736e-03
1.840000e+00 9.278861e-03
1.845000e+00 8.918794e-03
1.850000e+00 8.351821e-03
1.855000e+00 7.368150e-03
1.860000e+00 5.954998e-03
1.865000e+00 4.525279e-03
1.870000e+00 2.814052e-03
1.875000e+00 9.121616e-04
1.880000e+00 -9.154918e-04
1.885000e+00 -2.734692e-03
1.890000e+00 -4.443322e-03
1.895000e+00 -5.966509e-03
1.900000e+00 -7.236429e-03
1.905000e+00 -8.270074e-03
1.910000e+00 -8.975618e-03
1.915000e+00 -9.310180e-03
1.920000e+00 -9.274145e-03
1.925000e+00 -8.804129e-03
1.930000e+00 -8.042700e-03
1.935000e+00 -7.006522e-03
1.940000e+00 -5.597396e-03
1.945000e+00 -3.954290e-03
1.950000e+00 -2.269753e-03
1.955000e+00 -4.648552e-04
1.960000e+00 1.491470e-03
1.965000e+00 3.337624e-03
1.970000e+00 4.990229e-03
1.975000e+00 6.510236e-03
1.980000e+00 7.692263e-03
1.985000e+00 8.592496e-03
1.990000e+00 9.219188e-03
1.995000e+00 9.363882e-03
2 9.187909e-03
2.005000e+00 8.698432e-03
2.010000e+00 7.819117e-03
2.015000e+00 6.581103e-03
2.020000e+00 5.117531e-03
2.025000e+00 3.484945e-03
2.030000e+00 1.623030e-03
2.035000e+00 -2.296090e-04
2.040000e+00 -2.073105e-03
2.045000e+00 -3.870498e-03
2.050000e+00 -5.485176e-03
2.055000e+00 -6.949320e-03
2.060000e+00 -8.074961e-03
2.065000e+00 -8.886046e-03
2.070000e+00 -9.371665e-03
2.075000e+00 -9.443606e-03
2.080000e+00 -9.142297e-03
2.085000e+00 -8.492816e-03
2.090000e+00 -7.488268e-03
2.095000e+00 -6.171185e-03
2.100000e+00 -4.682164e-03
2.105000e+00 -2.947483e-03
2.110000e+00 -1.069118e-03
2.115000e+00 7.982809e-04
2.120000e+00 2.670470e-03
2.125000e+00 4.426128e-03
2.130000e+00 5.970406e-03
2.135000e+00 7.335443e-03
2.140000e+00 8.410001e-03
2.145000e+00 9.048415e-03
2.150000e+00 9.451361e-03
2.155000e+00 9.475068e-03
2.160000e+00 9.018111e-03
2.165000e+00 8.312027e-03
2.170000e+00 7.212899e-03
2.175000e+00 5.795182e-03
2.180000e+00 4.200499e-03
2.185000e+00 2.419588e-03
2.190000e+00 5.401565e-04
2.195000e+00 -1.343327e-03
2.200000e+00 -3.194407e-03
2.205000e+00 -4.943637e-03
2.210000e+00 -6.429472e-03
2.215000e+00 -7.692396e-03
2.220000e+00 -8.696636e-03
2.225000e+00 -9.319245e-03
2.230000e+00 -9.525211e-03
2.235000e+00 -9.373833e-03
2.240000e+00 -8.898429e-03
2.245000e+00 -8.019511e-03
2.250000e+00 -6.838425e-03
2.255000e+00 -5.416514e-03
2.260000e+00 -3.736924e-03
2.265000e+00 -1.887435e-03
2.270000e+00 -2.968348e-05
2.275000e+00 1.882966e-03
2.280000e+00 3.756366e-03
2.285000e+00 5.360003e-03
2.290000e+00 6.815154e-03
2.295000e+00 7.963638e-03
2.300000e+00 8.735265e-03
2.305000e+00 9.294766e-03
2.310000e+00 9.405619e-03
2.315000e+00 9.113972e-03
2.320000e+00 8.553503e-03
2.325000e+00 7.622755e-03
2.330000e+00 6.405322e-03
2.335000e+00 4.955559e-03
2.340000e+00 3.310747e-03
2.345000e+00 1.524023e-03
2.350000e+00 -3.316549e-04
2.355000e+00 -2.198110e-03
2.360000e+00 -3.999847e-03
2.365000e+00 -5.727815e-03
2.370000e+00 -7.373078e-03
2.375000e+00 -8.927054e-03
2.380000e+00 -1.049363e-02
2.385000e+00 -1.205865e-02
2.390000e+00 -1.361714e-02
2.395000e+00 -1.508613e-02
2.400000e+00 -1.621224e-02
2.405000e+00 -1.678017e-02
2.410000e+00 -1.653929e-02
2.415000e+00 -1.537525e-02
2.420000e+00 -1.340084e-02
2.425000e+00 -1.068028e-02
2.430000e+00 -7.515132e-03
2.435000e+00 -4.215185e-03
2.440000e+00 -8.772454e-04
2.445000e+00 2.229586e-03
2.450000e+00 5.175099e-03
2.455000e+00 8.019544e-03
2.460000e+00 1.062169e-02
2.465000e+00 1.307106e-02
2.470000e+00 1.511368e-02
2.475000e+00 1.650926e-02
2.480000e+00 1.710433e-02
2.485000e+00 1.680641e-02
2.490000e+00 1.575871e-02
2.495000e+00 1.415481e-02
2.500000e+00 1.219100e-02
2.505000e+00 9.839319e-03
2.510000e+00 7.158652e-03
2.515000e+00 4.079483e-03
2.520000e+00 7.451330e-04
2.525000e+00 -2.467009e-03
2.530000e+00 -5.292999e-03
2.535000e+00 -7.315152e-03
2.540000e+00 -8.577058e-03
2.545000e+00 -9.151622e-03
2.550000e+00 -9.177577e-03
2.555000e+00 -8.813297e-03
2.560000e+00 -7.890270e-03
2.565000e+00 -6.567605e-03
2.570000e+00 -4.914184e-03
2.575000e+00 -3.217632e-03
2.580000e+00 -1.799940e-03
2.585000e+00 -5.317880e-04
2.590000e+00 6.243819e-04
2.595000e+00 1.951275e-03
2.600000e+00 3.644249e-03
2.605000e+00 5.481748e-03
2.610000e+00 7.111643e-03
2.615000e+00 8.318820e-03
2.620000e+00 8.962777e-03
2.625000e+00 9.035134e-03
2.630000e+00 8.753799e-03
2.635000e+00 8.175530e-03
2.640000e+00 7.392009e-03
2.645000e+00 6.390962e-03
2.650000e+00 5.183333e-03
2.655000e+00 3.763923e-03
2.660000e+00 2.081571e-03
2.665000e+00 1.600190e-04
2.670000e+00 -1.957504e-03
2.675000e+00 -3.919346e-03
2.680000e+00 -5.501004e-03
2.685000e+00 -6.665930e-03
2.690000e+00 -7.446502e-03
2.695000e+00 -8.124409e-03
2.700000e+00 -8.740321e-03
2.705000e+00 -9.183556e-03
2.710000e+00 -9.166128e-03
2.715000e+00 -8.450413e-03
2.720000e+00 -7.214987e-03
2.725000e+00 -5.721182e-03
2.730000e+00 -4.296431e-03
2.735000e+00 -2.919616e-03
2.740000e+00 -1.479272e-03
2.745000e+00 2.554439e-04
2.750000e+00 2.265804e-03
2.755000e+00 4.181234e-03
2.760000e+00 5.850184e-03
2.765000e+00 7.104024e-03
2.770000e+00 7.989404e-03
2.775000e+00 8.616078e-03
2.780000e+00 9.016538e-03
2.785000e+00 9.092706e-03
2.790000e+00 8.770352e-03
2.795000e+00 8.106069e-03
2.800000e+00 7.122899e-03
2.805000e+00 5.762273e-03
2.810000e+00 4.033068e-03
2.815000e+00 2.271046e-03
2.820000e+00 5.713385e-04
2.825000e+00 -1.153814e-03
2.830000e+00 -2.878046e-03
2.835000e+00 -4.717227e-03
2.840000e+00 -6.387736e-03
2.845000e+00 -7.572541e-03
2.850000e+00 -8.341992e-03
2.855000e+00 -8.808228e-03
2.860000e+00 -9.191351e-03
2.865000e+00 -9.248045e-03
2.870000e+00 -8.720554e-03
2.875000e+00 -7.747191e-03
2.880000e+00 -6.434022e-03
2.885000e+00 -4.993112e-03
2.890000e+00 -3.561982e-03
2.895000e+00 -1.976122e-03
2.900000e+00 -4.199593e-05
2.905000e+00 2.073794e-03
2.910000e+00 3.951174e-03
2.915000e+00 5.303360e-03
2.920000e+00 6.470472e-03
2.925000e+00 7.808107e-03
2.930000e+00 8.906231e-03
2.935000e+00 9.239905e-03
2.940000e+00 9.096631e-03
2.945000e+00 8.933289e-03
2.950000e+00 8.467296e-03
2.955000e+00 7.420347e-03
2.960000e+00 6.073804e-03
2.965000e+00 4.683364e-03
2.970000e+00 2.960078e-03
2.975000e+00 9.928806e-04
2.980000e+00 -8.012508e-04
2.985000e+00 -2.544266e-03
2.990000e+00 -4.264702e-03
2.995000e+00 -5.863149e-03
3 -7.274483e-03
