T X
0 0
5.000000e-03 4.782977e-09
1.000000e-02 2.654902e-08
1.500000e-02 4.797081e-07
2.000000e-02 4.551992e-06
2.500000e-02 2.906206e-05
3.000000e-02 1.362633e-04
3.500000e-02 4.866069e-04
4.000000e-02 1.351148e-03
4.500000e-02 2.952292e-03
5.000000e-02 5.127495e-03
5.500000e-02 7.204346e-03
6.000000e-02 8.532187e-03
6.500000e-02 9.204921e-03
7.000000e-02 9.796295e-03
7.500000e-02 1.030254e-02
8.000000e-02 1.015499e-02
8.500000e-02 9.371123e-03
9.000000e-02 8.472815e-03
9.500000e-02 7.340491e-03
1.000000e-01 5.648845e-03
1.050000e-01 3.798035e-03
1.100000e-01 2.022719e-03
1.150000e-01 1.095974e-05
1.200000e-01 -2.032482e-03
1.250000e-01 -3.813900e-03
1.300000e-01 -5.604490e-03
1.350000e-01 -7.273257e-03
1.400000e-01 -8.524262e-03
1.450000e-01 -9.566571e-03
1.500000e-01 -1.022646e-02
1.550000e-01 -1.027317e-02
1.600000e-01 -1.001269e-02
1.650000e-01 -9.391891e-03
1.700000e-01 -8.351095e-03
1.750000e-01 -7.091923e-03
1.800000e-01 -5.430672e-03
1.850000e-01 -3.500371e-03
1.900000e-01 -1.567213e-03
1.950000e-01 5.052066e-04
2.000000e-01 2.539249e-03
2.050000e-01 4.466595e-03
2.100000e-01 6.272947e-03
2.150000e-01 7.690512e-03
2.200000e-01 8.895180e-03
2.250000e-01 9.814356e-03
2.300000e-01 1.021959e-02
2.350000e-01 1.028692e-02
2.400000e-01 9.931887e-03
2.450000e-01 9.176990e-03
2.500000e-01 8.051754e-03
2.550000e-01 6.541854e-03
2.600000e-01 4.891561e-03
2.650000e-01 3.004549e-03
2.700000e-01 9.590859e-04
2.750000e-01 -1.077753e-03
2.800000e-01 -3.122452e-03
2.850000e-01 -4.994346e-03
2.900000e-01 -6.715617e-03
2.950000e-01 -8.142410e-03
3.000000e-01 -9.210063e-03
3.050000e-01 -9.991013e-03
3.100000e-01 -1.029018e-02
3.150000e-01 -1.021434e-02
3.200000e-01 -9.751001e-03
3.250000e-01 -8.877832e-03
3.300000e-01 -7.680815e-03
3.350000e-01 -6.121762e-03
3.400000e-01 -4.360169e-03
3.450000e-01 -2.397060e-03
3.500000e-01 -3.474758e-04
3.550000e-01 1.687280e-03
3.600000e-01 3.695047e-03
3.650000e-01 5.509554e-03
3.700000e-01 7.148420e-03
3.750000e-01 8.487788e-03
3.800000e-01 9.482363e-03
3.850000e-01 1.011164e-02
3.900000e-01 1.032642e-02
3.950000e-01 1.015799e-02
4.000000e-01 9.526552e-03
4.050000e-01 8.546491e-03
4.100000e-01 7.235355e-03
4.150000e-01 5.621400e-03
4.200000e-01 3.814518e-03
4.250000e-01 1.823703e-03
4.300000e-01 -2.351230e-04
4.350000e-01 -2.282385e-03
4.400000e-01 -4.248312e-03
4.450000e-01 -6.031083e-03
4.500000e-01 -7.572519e-03
4.550000e-01 -8.824290e-03
4.600000e-01 -9.708965e-03
4.650000e-01 -1.019450e-02
4.700000e-01 -1.030126e-02
4.750000e-01 -1.000636e-02
4.800000e-01 -9.291692e-03
4.850000e-01 -8.214234e-03
4.900000e-01 -6.808377e-03
4.950000e-01 -5.103110e-03
5.000000e-01 -3.227249e-03
5.050000e-01 -1.217629e-03
5.100000e-01 8.512102e-04
5.150000e-01 2.861567e-03
5.200000e-01 4.771190e-03
5.250000e-01 6.500327e-03
5.300000e-01 7.975254e-03
5.350000e-01 9.111935e-03
5.400000e-01 9.902642e-03
5.450000e-01 1.030070e-02
5.500000e-01 1.026406e-02
5.550000e-01 9.820818e-03
5.600000e-01 8.992647e-03
5.650000e-01 7.822114e-03
5.700000e-01 6.332499e-03
5.750000e-01 4.590280e-03
5.800000e-01 2.662896e-03
5.850000e-01 6.175636e-04
5.900000e-01 -1.451493e-03
5.950000e-01 -3.446090e-03
6.000000e-01 -5.312269e-03
6.050000e-01 -6.975355e-03
6.100000e-01 -8.336160e-03
6.150000e-01 -9.368902e-03
6.200000e-01 -1.004184e-02
6.250000e-01 -1.030366e-02
6.300000e-01 -1.016373e-02
6.350000e-01 -9.622344e-03
6.400000e-01 -8.663068e-03
6.450000e-01 -7.377797e-03
6.500000e-01 -5.812005e-03
6.550000e-01 -3.995019e-03
6.600000e-01 -2.051572e-03
6.650000e-01 -2.411297e-05
6.700000e-01 2.029910e-03
6.750000e-01 3.983968e-03
6.800000e-01 5.782995e-03
6.850000e-01 7.374863e-03
6.900000e-01 8.666518e-03
6.950000e-01 9.611766e-03
7.000000e-01 1.017026e-02
7.050000e-01 1.030968e-02
7.100000e-01 1.004235e-02
7.150000e-01 9.391088e-03
7.200000e-01 8.363593e-03
7.250000e-01 6.984206e-03
7.300000e-01 5.339940e-03
7.350000e-01 3.484344e-03
7.400000e-01 1.469538e-03
7.450000e-01 -5.979118e-04
7.500000e-01 -2.621971e-03
7.550000e-01 -4.563806e-03
7.600000e-01 -6.308123e-03
7.650000e-01 -7.790447e-03
7.700000e-01 -8.995709e-03
7.750000e-01 -9.806367e-03
7.800000e-01 -1.026502e-02
7.850000e-01 -1.031299e-02
7.900000e-01 -9.903474e-03
7.950000e-01 -9.144321e-03
8.000000e-01 -7.981485e-03
8.050000e-01 -6.514229e-03
8.100000e-01 -4.818078e-03
8.150000e-01 -2.892149e-03
8.200000e-01 -8.756934e-04
8.250000e-01 1.184991e-03
8.300000e-01 3.200925e-03
8.350000e-01 5.086923e-03
8.400000e-01 6.778422e-03
8.450000e-01 8.196241e-03
8.500000e-01 9.287850e-03
8.550000e-01 9.979883e-03
8.600000e-01 1.029633e-02
8.650000e-01 1.021283e-02
8.700000e-01 9.712803e-03
8.750000e-01 8.839896e-03
8.800000e-01 7.600046e-03
8.850000e-01 6.058958e-03
8.900000e-01 4.273436e-03
8.950000e-01 2.315503e-03
9.000000e-01 2.702049e-04
9.050000e-01 -1.791507e-03
9.100000e-01 -3.769304e-03
9.150000e-01 -5.601493e-03
9.200000e-01 -7.204432e-03
9.250000e-01 -8.525503e-03
9.300000e-01 -9.533839e-03
9.350000e-01 -1.013811e-02
9.400000e-01 -1.033561e-02
9.450000e-01 -1.012014e-02
9.500000e-01 -9.496178e-03
9.550000e-01 -8.505024e-03
9.600000e-01 -7.159941e-03
9.650000e-01 -5.552944e-03
9.700000e-01 -3.715538e-03
9.750000e-01 -1.727896e-03
9.800000e-01 3.234559e-04
9.850000e-01 2.381450e-03
9.900000e-01 4.320574e-03
9.950000e-01 6.116716e-03
1 7.647545e-03
1.005000e+00 8.856029e-03
1.010000e+00 9.734964e-03
1.015000e+00 1.020815e-02
1.020000e+00 1.030405e-02
1.025000e+00 9.977503e-03
1.030000e+00 9.249885e-03
1.035000e+00 8.155914e-03
1.040000e+00 6.729045e-03
1.045000e+00 5.037668e-03
1.050000e+00 3.136656e-03
1.055000e+00 1.128669e-03
1.060000e+00 -9.400777e-04
1.065000e+00 -2.953765e-03
1.070000e+00 -4.852655e-03
1.075000e+00 -6.568041e-03
1.080000e+00 -8.020438e-03
1.085000e+00 -9.176789e-03
1.090000e+00 -9.931424e-03
1.095000e+00 -1.029736e-02
1.100000e+00 -1.025612e-02
1.105000e+00 -9.793533e-03
1.110000e+00 -8.960904e-03
1.115000e+00 -7.761337e-03
1.120000e+00 -6.255185e-03
1.125000e+00 -4.505922e-03
1.130000e+00 -2.569726e-03
1.135000e+00 -5.330765e-04
1.140000e+00 1.535887e-03
1.145000e+00 3.542672e-03
1.150000e+00 5.409176e-03
1.155000e+00 7.059915e-03
1.160000e+00 8.416041e-03
1.165000e+00 9.474075e-03
1.170000e+00 1.014173e-02
1.175000e+00 1.032551e-02
1.180000e+00 9.994747e-03
1.185000e+00 9.042530e-03
1.190000e+00 7.388091e-03
1.195000e+00 5.011622e-03
1.200000e+00 1.964933e-03
1.205000e+00 -1.571447e-03
1.210000e+00 -5.336448e-03
1.215000e+00 -8.967364e-03
1.220000e+00 -1.211600e-02
1.225000e+00 -1.456080e-02
1.230000e+00 -1.620534e-02
1.235000e+00 -1.713595e-02
1.240000e+00 -1.746088e-02
1.245000e+00 -1.725352e-02
1.250000e+00 -1.649571e-02
1.255000e+00 -1.502606e-02
1.260000e+00 -1.268519e-02
1.265000e+00 -9.422046e-03
1.270000e+00 -5.350292e-03
1.275000e+00 -7.144964e-04
1.280000e+00 4.233303e-03
1.285000e+00 9.293352e-03
1.290000e+00 1.426138e-02
1.295000e+00 1.888899e-02
1.300000e+00 2.277271e-02
1.305000e+00 2.549966e-02
1.310000e+00 2.685483e-02
1.315000e+00 2.687695e-02
1.320000e+00 2.587674e-02
1.325000e+00 2.414132e-02
1.330000e+00 2.176244e-02
1.335000e+00 1.864274e-02
1.340000e+00 1.463591e-02
1.345000e+00 9.798447e-03
1.350000e+00 4.440724e-03
1.355000e+00 -1.004372e-03
1.360000e+00 -6.244594e-03
1.365000e+00 -1.114859e-02
1.370000e+00 -1.567388e-02
1.375000e+00 -1.973478e-02
1.380000e+00 -2.311480e-02
1.385000e+00 -2.561202e-02
1.390000e+00 -2.702792e-02
1.395000e+00 -2.726640e-02
1.400000e+00 -2.635334e-02
1.405000e+00 -2.431797e-02
1.410000e+00 -2.131977e-02
1.415000e+00 -1.760029e-02
1.420000e+00 -1.327931e-02
1.425000e+00 -8.449784e-03
1.430000e+00 -3.224947e-03
1.435000e+00 2.297156e-03
1.440000e+00 7.810299e-03
1.445000e+00 1.286799e-02
1.450000e+00 1.716764e-02
1.455000e+00 2.082507e-02
1.460000e+00 2.403176e-02
1.465000e+00 2.630383e-02
1.470000e+00 2.713352e-02
1.475000e+00 2.679233e-02
1.480000e+00 2.574156e-02
1.485000e+00 2.382862e-02
1.490000e+00 2.068132e-02
1.495000e+00 1.654176e-02
1.500000e+00 1.186589e-02
1.505000e+00 6.759477e-03
1.510000e+00 1.399866e-03
1.515000e+00 -3.882880e-03
1.520000e+00 -9.090196e-03
1.525000e+00 -1.417159e-02
1.530000e+00 -1.860608e-02
1.535000e+00 -2.213443e-02
1.540000e+00 -2.482620e-02
1.545000e+00 -2.651051e-02
1.550000e+00 -2.716374e-02
1.555000e+00 -2.688941e-02
1.560000e+00 -2.544853e-02
1.565000e+00 -2.276793e-02
1.570000e+00 -1.926045e-02
1.575000e+00 -1.521691e-02
1.580000e+00 -1.057057e-02
1.585000e+00 -5.316259e-03
1.590000e+00 2.627792e-04
1.595000e+00 5.758738e-03
1.600000e+00 1.080108e-02
1.605000e+00 1.541278e-02
1.610000e+00 1.970864e-02
1.615000e+00 2.317008e-02
1.620000e+00 2.541533e-02
1.625000e+00 2.676656e-02
1.630000e+00 2.727236e-02
1.635000e+00 2.654367e-02
1.640000e+00 2.461366e-02
1.645000e+00 2.182193e-02
1.650000e+00 1.825328e-02
1.655000e+00 1.386506e-02
1.660000e+00 8.807750e-03
1.665000e+00 3.496041e-03
1.670000e+00 -1.819904e-03
1.675000e+00 -7.175875e-03
1.680000e+00 -1.230057e-02
1.685000e+00 -1.684518e-02
1.690000e+00 -2.079953e-02
1.695000e+00 -2.393459e-02
1.700000e+00 -2.592844e-02
1.705000e+00 -2.700061e-02
1.710000e+00 -2.714618e-02
1.715000e+00 -2.601731e-02
1.720000e+00 -2.381118e-02
1.725000e+00 -2.079560e-02
1.730000e+00 -1.696887e-02
1.735000e+00 -1.240335e-02
1.740000e+00 -7.279204e-03
1.745000e+00 -1.917404e-03
1.750000e+00 3.486284e-03
1.755000e+00 8.789140e-03
1.760000e+00 1.372466e-02
1.765000e+00 1.811799e-02
1.770000e+00 2.177354e-02
1.775000e+00 2.451463e-02
1.780000e+00 2.637352e-02
1.785000e+00 2.724138e-02
1.790000e+00 2.682230e-02
1.795000e+00 2.537478e-02
1.800000e+00 2.308592e-02
1.805000e+00 1.971970e-02
1.810000e+00 1.553778e-02
1.815000e+00 1.086076e-02
1.820000e+00 5.717895e-03
1.825000e+00 3.042179e-04
1.830000e+00 -5.073121e-03
1.835000e+00 -1.025847e-02
1.840000e+00 -1.508754e-02
1.845000e+00 -1.928738e-02
1.850000e+00 -2.268017e-02
1.855000e+00 -2.516785e-02
1.860000e+00 -2.667376e-02
1.865000e+00 -2.710498e-02
1.870000e+00 -2.646691e-02
1.875000e+00 -2.476115e-02
1.880000e+00 -2.206953e-02
1.885000e+00 -1.857012e-02
1.890000e+00 -1.422377e-02
1.895000e+00 -9.327814e-03
1.900000e+00 -4.160560e-03
1.905000e+00 1.308611e-03
1.910000e+00 6.684655e-03
1.915000e+00 1.170040e-02
1.920000e+00 1.634196e-02
1.925000e+00 2.032936e-02
1.930000e+00 2.348382e-02
1.935000e+00 2.574192e-02
1.940000e+00 2.694755e-02
1.945000e+00 2.703462e-02
1.950000e+00 2.608882e-02
1.955000e+00 2.411221e-02
1.960000e+00 2.109662e-02
1.965000e+00 1.728931e-02
1.970000e+00 1.284346e-02
1.975000e+00 7.824198e-03
1.980000e+00 2.521822e-03
1.985000e+00 -2.871943e-03
1.990000e+00 -8.211132e-03
1.995000e+00 -1.318649e-02
2 -1.763845e-02
2.005000e+00 -2.138649e-02
2.010000e+00 -2.423880e-02
2.015000e+00 -2.618443e-02
2.020000e+00 -2.706827e-02
2.025000e+00 -2.683941e-02
2.030000e+00 -2.561005e-02
2.035000e+00 -2.331501e-02
2.040000e+00 -2.007694e-02
2.045000e+00 -1.608965e-02
2.050000e+00 -1.137579e-02
2.055000e+00 -6.241451e-03
2.060000e+00 -9.097707e-04
2.065000e+00 4.518337e-03
2.070000e+00 9.708744e-03
2.075000e+00 1.451342e-02
2.080000e+00 1.881633e-02
2.085000e+00 2.233705e-02
2.090000e+00 2.492163e-02
2.095000e+00 2.656597e-02
2.100000e+00 2.713810e-02
2.105000e+00 2.658257e-02
2.110000e+00 2.502076e-02
2.115000e+00 2.242793e-02
2.120000e+00 1.894149e-02
2.125000e+00 1.475415e-02
2.130000e+00 9.937659e-03
2.135000e+00 4.730630e-03
2.140000e+00 -6.793705e-04
2.145000e+00 -6.085555e-03
2.150000e+00 -1.121370e-02
2.155000e+00 -1.588989e-02
2.160000e+00 -1.991438e-02
2.165000e+00 -2.318725e-02
2.170000e+00 -2.553589e-02
2.175000e+00 -2.680458e-02
2.180000e+00 -2.708528e-02
2.185000e+00 -2.627384e-02
2.190000e+00 -2.436570e-02
2.195000e+00 -2.154377e-02
2.200000e+00 -1.780417e-02
2.205000e+00 -1.334655e-02
2.210000e+00 -8.414287e-03
2.215000e+00 -3.127977e-03
2.220000e+00 2.281946e-03
2.225000e+00 7.589893e-03
2.230000e+00 1.261998e-02
2.235000e+00 1.716650e-02
2.240000e+00 2.098159e-02
2.245000e+00 2.399043e-02
2.250000e+00 2.605180e-02
2.255000e+00 2.701976e-02
2.260000e+00 2.696021e-02
2.265000e+00 2.578919e-02
2.270000e+00 2.361026e-02
2.275000e+00 2.054015e-02
2.280000e+00 1.657196e-02
2.285000e+00 1.200536e-02
2.290000e+00 6.930376e-03
2.295000e+00 1.529575e-03
2.300000e+00 -3.859837e-03
2.305000e+00 -9.135926e-03
2.310000e+00 -1.401915e-02
2.315000e+00 -1.834366e-02
2.320000e+00 -2.195933e-02
2.325000e+00 -2.469261e-02
2.330000e+00 -2.647329e-02
2.335000e+00 -2.716911e-02
2.340000e+00 -2.683899e-02
2.345000e+00 -2.543329e-02
2.350000e+00 -2.296118e-02
2.355000e+00 -1.963346e-02
2.360000e+00 -1.548416e-02
2.365000e+00 -1.069785e-02
2.370000e+00 -5.523485e-03
2.375000e+00 -6.212499e-05
2.380000e+00 5.447158e-03
2.385000e+00 1.070824e-02
2.390000e+00 1.555011e-02
2.395000e+00 1.975896e-02
2.400000e+00 2.308248e-02
2.405000e+00 2.543849e-02
2.410000e+00 2.662504e-02
2.415000e+00 2.651504e-02
2.420000e+00 2.516778e-02
2.425000e+00 2.242540e-02
2.430000e+00 1.841175e-02
2.435000e+00 1.330321e-02
2.440000e+00 7.262610e-03
2.445000e+00 7.764105e-04
2.450000e+00 -5.796773e-03
2.455000e+00 -1.204694e-02
2.460000e+00 -1.758806e-02
2.465000e+00 -2.223594e-02
2.470000e+00 -2.585384e-02
2.475000e+00 -2.841315e-02
2.480000e+00 -2.989443e-02
2.485000e+00 -3.024841e-02
2.490000e+00 -2.937253e-02
2.495000e+00 -2.712766e-02
2.500000e+00 -2.342985e-02
2.505000e+00 -1.833000e-02
2.510000e+00 -1.202295e-02
2.515000e+00 -4.822295e-03
2.520000e+00 2.781122e-03
2.525000e+00 1.031950e-02
2.530000e+00 1.741731e-02
2.535000e+00 2.368314e-02
2.540000e+00 2.887060e-02
2.545000e+00 3.282585e-02
2.550000e+00 3.538977e-02
2.555000e+00 3.653233e-02
2.560000e+00 3.621459e-02
2.565000e+00 3.450364e-02
2.570000e+00 3.159613e-02
2.575000e+00 2.756475e-02
2.580000e+00 2.254001e-02
2.585000e+00 1.660410e-02
2.590000e+00 9.810404e-03
2.595000e+00 2.423023e-03
2.600000e+00 -5.161159e-03
2.605000e+00 -1.250943e-02
2.610000e+00 -1.921098e-02
2.615000e+00 -2.501209e-02
2.620000e+00 -2.984168e-02
2.625000e+00 -3.360432e-02
2.630000e+00 -3.620150e-02
2.635000e+00 -3.739800e-02
2.640000e+00 -3.694414e-02
2.645000e+00 -3.483043e-02
2.650000e+00 -3.117126e-02
2.655000e+00 -2.635519e-02
2.660000e+00 -2.074373e-02
2.665000e+00 -1.447723e-02
2.670000e+00 -7.641953e-03
2.675000e+00 -3.338305e-04
2.680000e+00 7.172657e-03
2.685000e+00 1.449753e-02
2.690000e+00 2.113401e-02
2.695000e+00 2.677503e-02
2.700000e+00 3.131716e-02
2.705000e+00 3.461620e-02
2.710000e+00 3.665622e-02
2.715000e+00 3.728266e-02
2.720000e+00 3.640631e-02
2.725000e+00 3.404426e-02
2.730000e+00 3.022019e-02
2.735000e+00 2.521559e-02
2.740000e+00 1.922530e-02
2.745000e+00 1.245555e-02
2.750000e+00 5.228925e-03
2.755000e+00 -2.211111e-03
2.760000e+00 -9.555451e-03
2.765000e+00 -1.651889e-02
2.770000e+00 -2.285855e-02
2.775000e+00 -2.830466e-02
2.780000e+00 -3.261247e-02
2.785000e+00 -3.560345e-02
2.790000e+00 -3.716765e-02
2.795000e+00 -3.722166e-02
2.800000e+00 -3.579750e-02
2.805000e+00 -3.297136e-02
2.810000e+00 -2.882015e-02
2.815000e+00 -2.353285e-02
2.820000e+00 -1.728003e-02
2.825000e+00 -1.033856e-02
2.830000e+00 -3.012622e-03
2.835000e+00 4.488375e-03
2.840000e+00 1.182384e-02
2.845000e+00 1.864791e-02
2.850000e+00 2.468569e-02
2.855000e+00 2.978326e-02
2.860000e+00 3.371695e-02
2.865000e+00 3.623319e-02
2.870000e+00 3.734043e-02
2.875000e+00 3.703038e-02
2.880000e+00 3.518807e-02
2.885000e+00 3.182444e-02
2.890000e+00 2.722417e-02
2.895000e+00 2.167941e-02
2.900000e+00 1.524629e-02
2.905000e+00 8.120346e-03
2.910000e+00 6.145810e-04
2.915000e+00 -6.901237e-03
2.920000e+00 -1.400871e-02
2.925000e+00 -2.052994e-02
2.930000e+00 -2.628233e-02
2.935000e+00 -3.110984e-02
2.940000e+00 -3.474141e-02
2.945000e+00 -3.681632e-02
2.950000e+00 -3.734473e-02
2.955000e+00 -3.641937e-02
2.960000e+00 -3.415787e-02
2.965000e+00 -3.062287e-02
2.970000e+00 -2.577015e-02
2.975000e+00 -1.972986e-02
2.980000e+00 -1.286412e-02
2.985000e+00 -5.736815e-03
2.990000e+00 1.477185e-03
2.995000e+00 8.906217e-03
3 1.616379e-02
