T X
0 0
5.000000e-03 -2.435836e-09
1.000000e-02 2.367527e-08
1.500000e-02 3.482970e-07
2.000000e-02 3.182132e-06
2.500000e-02 2.090905e-05
3.000000e-02 1.017919e-04
3.500000e-02 3.788725e-04
4.000000e-02 1.098881e-03
4.500000e-02 2.514664e-03
5.000000e-02 4.585900e-03
5.500000e-02 6.760228e-03
6.000000e-02 8.315644e-03
6.500000e-02 9.112657e-03
7.000000e-02 9.672050e-03
7.500000e-02 1.022165e-02
8.000000e-02 1.027902e-02
8.500000e-02 9.629366e-03
9.000000e-02 8.733060e-03
9.500000e-02 7.683890e-03
1.000000e-01 6.118201e-03
1.050000e-01 4.254210e-03
1.100000e-01 2.459526e-03
1.150000e-01 4.933332e-04
1.200000e-01 -1.607999e-03
1.250000e-01 -3.448354e-03
1.300000e-01 -5.184598e-03
1.350000e-01 -6.877398e-03
1.400000e-01 -8.206357e-03
1.450000e-01 -9.293633e-03
1.500000e-01 -1.011233e-02
1.550000e-01 -1.033177e-02
1.600000e-01 -1.013943e-02
1.650000e-01 -9.601350e-03
1.700000e-01 -8.608104e-03
1.750000e-01 -7.410056e-03
1.800000e-01 -5.909661e-03
1.850000e-01 -4.018893e-03
1.900000e-01 -2.061008e-03
1.950000e-01 -3.360025e-05
2.000000e-01 2.018235e-03
2.050000e-01 3.960323e-03
2.100000e-01 5.841864e-03
2.150000e-01 7.415485e-03
2.200000e-01 8.628615e-03
2.250000e-01 9.590761e-03
2.300000e-01 1.014706e-02
2.350000e-01 1.031648e-02
2.400000e-01 1.005616e-02
2.450000e-01 9.382201e-03
2.500000e-01 8.416083e-03
2.550000e-01 7.013343e-03
2.600000e-01 5.311212e-03
2.650000e-01 3.490938e-03
2.700000e-01 1.501560e-03
2.750000e-01 -5.688030e-04
2.800000e-01 -2.630306e-03
2.850000e-01 -4.524452e-03
2.900000e-01 -6.247124e-03
2.950000e-01 -7.812748e-03
3.000000e-01 -8.975454e-03
3.050000e-01 -9.790202e-03
3.100000e-01 -1.028883e-02
3.150000e-01 -1.031761e-02
3.200000e-01 -9.903364e-03
3.250000e-01 -9.116732e-03
3.300000e-01 -8.013616e-03
3.350000e-01 -6.544642e-03
3.400000e-01 -4.819062e-03
3.450000e-01 -2.951159e-03
3.500000e-01 -8.951826e-04
3.550000e-01 1.163271e-03
3.600000e-01 3.154443e-03
3.650000e-01 5.073224e-03
3.700000e-01 6.767959e-03
3.750000e-01 8.181981e-03
3.800000e-01 9.263028e-03
3.850000e-01 9.991775e-03
3.900000e-01 1.030790e-02
3.950000e-01 1.019669e-02
4.000000e-01 9.733305e-03
4.050000e-01 8.860304e-03
4.100000e-01 7.617572e-03
4.150000e-01 6.084178e-03
4.200000e-01 4.292657e-03
4.250000e-01 2.346266e-03
4.300000e-01 2.955630e-04
4.350000e-01 -1.779861e-03
4.400000e-01 -3.753176e-03
4.450000e-01 -5.578972e-03
4.500000e-01 -7.195529e-03
4.550000e-01 -8.512738e-03
4.600000e-01 -9.499467e-03
4.650000e-01 -1.012090e-02
4.700000e-01 -1.034539e-02
4.750000e-01 -1.013178e-02
4.800000e-01 -9.515297e-03
4.850000e-01 -8.521789e-03
4.900000e-01 -7.175306e-03
4.950000e-01 -5.580991e-03
5.000000e-01 -3.723876e-03
5.050000e-01 -1.742891e-03
5.100000e-01 2.803794e-04
5.150000e-01 2.351942e-03
5.200000e-01 4.294787e-03
5.250000e-01 6.075415e-03
5.300000e-01 7.628870e-03
5.350000e-01 8.867923e-03
5.400000e-01 9.747974e-03
5.450000e-01 1.022635e-02
5.500000e-01 1.030325e-02
5.550000e-01 9.965483e-03
5.600000e-01 9.252313e-03
5.650000e-01 8.172966e-03
5.700000e-01 6.757845e-03
5.750000e-01 5.062993e-03
5.800000e-01 3.168626e-03
5.850000e-01 1.165449e-03
5.900000e-01 -9.154846e-04
5.950000e-01 -2.954429e-03
6.000000e-01 -4.847718e-03
6.050000e-01 -6.564131e-03
6.100000e-01 -8.009949e-03
6.150000e-01 -9.137123e-03
6.200000e-01 -9.900615e-03
6.250000e-01 -1.029108e-02
6.300000e-01 -1.028568e-02
6.350000e-01 -9.816461e-03
6.400000e-01 -8.979997e-03
6.450000e-01 -7.792079e-03
6.500000e-01 -6.249647e-03
6.550000e-01 -4.492919e-03
6.600000e-01 -2.556893e-03
6.650000e-01 -5.053834e-04
6.700000e-01 1.543266e-03
6.750000e-01 3.527470e-03
6.800000e-01 5.374916e-03
6.850000e-01 7.023978e-03
6.900000e-01 8.378827e-03
6.950000e-01 9.411813e-03
7.000000e-01 1.006923e-02
7.050000e-01 1.029316e-02
7.100000e-01 1.013809e-02
7.150000e-01 9.580956e-03
7.200000e-01 8.640107e-03
7.250000e-01 7.366938e-03
7.300000e-01 5.793002e-03
7.350000e-01 3.987998e-03
7.400000e-01 2.018108e-03
7.450000e-01 -4.781554e-05
7.500000e-01 -2.108452e-03
7.550000e-01 -4.078342e-03
7.600000e-01 -5.892198e-03
7.650000e-01 -7.451613e-03
7.700000e-01 -8.724717e-03
7.750000e-01 -9.645745e-03
7.800000e-01 -1.016260e-02
7.850000e-01 -1.032031e-02
7.900000e-01 -1.006198e-02
7.950000e-01 -9.373659e-03
8.000000e-01 -8.324914e-03
8.050000e-01 -6.940115e-03
8.100000e-01 -5.276653e-03
8.150000e-01 -3.403666e-03
8.200000e-01 -1.397516e-03
8.250000e-01 6.539105e-04
8.300000e-01 2.692514e-03
8.350000e-01 4.612515e-03
8.400000e-01 6.334543e-03
8.450000e-01 7.837356e-03
8.500000e-01 9.030035e-03
8.550000e-01 9.851289e-03
8.600000e-01 1.027913e-02
8.650000e-01 1.029644e-02
8.700000e-01 9.888806e-03
8.750000e-01 9.086680e-03
8.800000e-01 7.953664e-03
8.850000e-01 6.479662e-03
8.900000e-01 4.749387e-03
8.950000e-01 2.847482e-03
9.000000e-01 8.191382e-04
9.050000e-01 -1.244848e-03
9.100000e-01 -3.265366e-03
9.150000e-01 -5.151914e-03
9.200000e-01 -6.842707e-03
9.250000e-01 -8.246812e-03
9.300000e-01 -9.305484e-03
9.350000e-01 -9.999767e-03
9.400000e-01 -1.030820e-02
9.450000e-01 -1.020389e-02
9.500000e-01 -9.694879e-03
9.550000e-01 -8.807590e-03
9.600000e-01 -7.554001e-03
9.650000e-01 -6.011118e-03
9.700000e-01 -4.206589e-03
9.750000e-01 -2.245593e-03
9.800000e-01 -1.988943e-04
9.850000e-01 1.868524e-03
9.900000e-01 3.823152e-03
9.950000e-01 5.664277e-03
1 7.252913e-03
1.005000e+00 8.548695e-03
1.010000e+00 9.558344e-03
1.015000e+00 1.014471e-02
1.020000e+00 1.033976e-02
1.025000e+00 1.011871e-02
1.030000e+00 9.477690e-03
1.035000e+00 8.468073e-03
1.040000e+00 7.112757e-03
1.045000e+00 5.508287e-03
1.050000e+00 3.646632e-03
1.055000e+00 1.656522e-03
1.060000e+00 -3.745677e-04
1.065000e+00 -2.440519e-03
1.070000e+00 -4.379490e-03
1.075000e+00 -6.160567e-03
1.080000e+00 -7.698365e-03
1.085000e+00 -8.915893e-03
1.090000e+00 -9.778849e-03
1.095000e+00 -1.022576e-02
1.100000e+00 -1.029301e-02
1.105000e+00 -9.955791e-03
1.110000e+00 -9.215554e-03
1.115000e+00 -8.109467e-03
1.120000e+00 -6.684888e-03
1.125000e+00 -4.989355e-03
1.130000e+00 -3.076987e-03
1.135000e+00 -1.067366e-03
1.140000e+00 1.001362e-03
1.145000e+00 3.044601e-03
1.150000e+00 4.925140e-03
1.155000e+00 6.621376e-03
1.160000e+00 8.061083e-03
1.165000e+00 9.173277e-03
1.170000e+00 9.940156e-03
1.175000e+00 1.029741e-02
1.180000e+00 1.025554e-02
1.185000e+00 9.796152e-03
1.190000e+00 8.933451e-03
1.195000e+00 7.747050e-03
1.200000e+00 6.247102e-03
1.205000e+00 4.530720e-03
1.210000e+00 2.649725e-03
1.215000e+00 6.192315e-04
1.220000e+00 -1.523515e-03
1.225000e+00 -3.816985e-03
1.230000e+00 -6.289262e-03
1.235000e+00 -8.968069e-03
1.240000e+00 -1.178163e-02
1.245000e+00 -1.455507e-02
1.250000e+00 -1.704869e-02
1.255000e+00 -1.892025e-02
1.260000e+00 -1.991852e-02
1.265000e+00 -1.992225e-02
1.270000e+00 -1.892710e-02
1.275000e+00 -1.714111e-02
1.280000e+00 -1.482080e-02
1.285000e+00 -1.209591e-02
1.290000e+00 -9.013951e-03
1.295000e+00 -5.516858e-03
1.300000e+00 -1.543831e-03
1.305000e+00 2.820688e-03
1.310000e+00 7.391973e-03
1.315000e+00 1.192601e-02
1.320000e+00 1.626862e-02
1.325000e+00 2.035019e-02
1.330000e+00 2.405680e-02
1.335000e+00 2.715198e-02
1.340000e+00 2.925796e-02
1.345000e+00 2.996335e-02
1.350000e+00 2.906749e-02
1.355000e+00 2.676742e-02
1.360000e+00 2.341107e-02
1.365000e+00 1.936008e-02
1.370000e+00 1.485155e-02
1.375000e+00 9.854313e-03
1.380000e+00 4.347739e-03
1.385000e+00 -1.518669e-03
1.390000e+00 -7.417793e-03
1.395000e+00 -1.295716e-02
1.400000e+00 -1.785844e-02
1.405000e+00 -2.198369e-02
1.410000e+00 -2.523654e-02
1.415000e+00 -2.753435e-02
1.420000e+00 -2.883308e-02
1.425000e+00 -2.907530e-02
1.430000e+00 -2.822046e-02
1.435000e+00 -2.620068e-02
1.440000e+00 -2.302571e-02
1.445000e+00 -1.887644e-02
1.450000e+00 -1.389927e-02
1.455000e+00 -8.336766e-03
1.460000e+00 -2.664993e-03
1.465000e+00 2.886997e-03
1.470000e+00 8.522357e-03
1.475000e+00 1.418549e-02
1.480000e+00 1.917649e-02
1.485000e+00 2.297556e-02
1.490000e+00 2.587891e-02
1.495000e+00 2.813759e-02
1.500000e+00 2.932668e-02
1.505000e+00 2.910705e-02
1.510000e+00 2.766145e-02
1.515000e+00 2.515900e-02
1.520000e+00 2.167168e-02
1.525000e+00 1.746492e-02
1.530000e+00 1.261454e-02
1.535000e+00 7.057235e-03
1.540000e+00 1.144200e-03
1.545000e+00 -4.716385e-03
1.550000e+00 -1.033309e-02
1.555000e+00 -1.549995e-02
1.560000e+00 -2.003420e-02
1.565000e+00 -2.387617e-02
1.570000e+00 -2.689951e-02
1.575000e+00 -2.874216e-02
1.580000e+00 -2.928670e-02
1.585000e+00 -2.866820e-02
1.590000e+00 -2.697533e-02
1.595000e+00 -2.441559e-02
1.600000e+00 -2.089034e-02
1.605000e+00 -1.618233e-02
1.610000e+00 -1.080007e-02
1.615000e+00 -5.334459e-03
1.620000e+00 2.884134e-04
1.625000e+00 6.187804e-03
1.630000e+00 1.191695e-02
1.635000e+00 1.695469e-02
1.640000e+00 2.126086e-02
1.645000e+00 2.485101e-02
1.650000e+00 2.752166e-02
1.655000e+00 2.898072e-02
1.660000e+00 2.922286e-02
1.665000e+00 2.849793e-02
1.670000e+00 2.661819e-02
1.675000e+00 2.346032e-02
1.680000e+00 1.946202e-02
1.685000e+00 1.480127e-02
1.690000e+00 9.436023e-03
1.695000e+00 3.720583e-03
1.700000e+00 -2.051850e-03
1.705000e+00 -7.870851e-03
1.710000e+00 -1.341900e-02
1.715000e+00 -1.827439e-02
1.720000e+00 -2.239808e-02
1.725000e+00 -2.578474e-02
1.730000e+00 -2.816687e-02
1.735000e+00 -2.925968e-02
1.740000e+00 -2.916673e-02
1.745000e+00 -2.804607e-02
1.750000e+00 -2.577277e-02
1.755000e+00 -2.246685e-02
1.760000e+00 -1.831045e-02
1.765000e+00 -1.330165e-02
1.770000e+00 -7.824600e-03
1.775000e+00 -2.178876e-03
1.780000e+00 3.763259e-03
1.785000e+00 9.606660e-03
1.790000e+00 1.483155e-02
1.795000e+00 1.952363e-02
1.800000e+00 2.359665e-02
1.805000e+00 2.662385e-02
1.810000e+00 2.850955e-02
1.815000e+00 2.937556e-02
1.820000e+00 2.909764e-02
1.825000e+00 2.756858e-02
1.830000e+00 2.497625e-02
1.835000e+00 2.142085e-02
1.840000e+00 1.693882e-02
1.845000e+00 1.180496e-02
1.850000e+00 6.222321e-03
1.855000e+00 3.716526e-04
1.860000e+00 -5.433133e-03
1.865000e+00 -1.109149e-02
1.870000e+00 -1.635294e-02
1.875000e+00 -2.079700e-02
1.880000e+00 -2.451459e-02
1.885000e+00 -2.737054e-02
1.890000e+00 -2.895594e-02
1.895000e+00 -2.941926e-02
1.900000e+00 -2.881042e-02
1.905000e+00 -2.694094e-02
1.910000e+00 -2.400406e-02
1.915000e+00 -2.021543e-02
1.920000e+00 -1.553291e-02
1.925000e+00 -1.021568e-02
1.930000e+00 -4.587137e-03
1.935000e+00 1.287990e-03
1.940000e+00 7.175728e-03
1.945000e+00 1.268917e-02
1.950000e+00 1.769537e-02
1.955000e+00 2.206320e-02
1.960000e+00 2.547806e-02
1.965000e+00 2.789258e-02
1.970000e+00 2.920043e-02
1.975000e+00 2.933309e-02
1.980000e+00 2.837638e-02
1.985000e+00 2.621378e-02
1.990000e+00 2.301541e-02
1.995000e+00 1.898926e-02
2 1.408190e-02
2.005000e+00 8.621247e-03
2.010000e+00 2.920309e-03
2.015000e+00 -3.001877e-03
2.020000e+00 -8.782468e-03
2.025000e+00 -1.413729e-02
2.030000e+00 -1.901991e-02
2.035000e+00 -2.311560e-02
2.040000e+00 -2.625906e-02
2.045000e+00 -2.843096e-02
2.050000e+00 -2.941128e-02
2.055000e+00 -2.920267e-02
2.060000e+00 -2.790556e-02
2.065000e+00 -2.542306e-02
2.070000e+00 -2.189763e-02
2.075000e+00 -1.760030e-02
2.080000e+00 -1.256484e-02
2.085000e+00 -6.999486e-03
2.090000e+00 -1.222493e-03
2.095000e+00 4.657734e-03
2.100000e+00 1.036557e-02
2.105000e+00 1.561664e-02
2.110000e+00 2.026933e-02
2.115000e+00 2.412480e-02
2.120000e+00 2.703079e-02
2.125000e+00 2.879452e-02
2.130000e+00 2.941368e-02
2.135000e+00 2.895764e-02
2.140000e+00 2.725823e-02
2.145000e+00 2.448640e-02
2.150000e+00 2.082204e-02
2.155000e+00 1.621485e-02
2.160000e+00 1.098847e-02
2.165000e+00 5.373447e-03
2.170000e+00 -5.312928e-04
2.175000e+00 -6.373662e-03
2.180000e+00 -1.194825e-02
2.185000e+00 -1.707565e-02
2.190000e+00 -2.146706e-02
2.195000e+00 -2.502750e-02
2.200000e+00 -2.764409e-02
2.205000e+00 -2.909859e-02
2.210000e+00 -2.940635e-02
2.215000e+00 -2.858272e-02
2.220000e+00 -2.655166e-02
2.225000e+00 -2.349120e-02
2.230000e+00 -1.950861e-02
2.235000e+00 -1.470849e-02
2.240000e+00 -9.364466e-03
2.245000e+00 -3.638351e-03
2.250000e+00 2.211724e-03
2.255000e+00 7.986271e-03
2.260000e+00 1.349294e-02
2.265000e+00 1.840342e-02
2.270000e+00 2.261238e-02
2.275000e+00 2.591807e-02
2.280000e+00 2.816015e-02
2.285000e+00 2.932868e-02
2.290000e+00 2.926722e-02
2.295000e+00 2.806416e-02
2.300000e+00 2.576638e-02
2.305000e+00 2.238386e-02
2.310000e+00 1.820734e-02
2.315000e+00 1.325883e-02
2.320000e+00 7.696203e-03
2.325000e+00 1.941785e-03
2.330000e+00 -3.935220e-03
2.335000e+00 -9.696737e-03
2.340000e+00 -1.500120e-02
2.345000e+00 -1.974529e-02
2.350000e+00 -2.367904e-02
2.355000e+00 -2.665301e-02
2.360000e+00 -2.862169e-02
2.365000e+00 -2.940312e-02
2.370000e+00 -2.902749e-02
2.375000e+00 -2.753691e-02
2.380000e+00 -2.487172e-02
2.385000e+00 -2.123828e-02
2.390000e+00 -1.678783e-02
2.395000e+00 -1.162798e-02
2.400000e+00 -6.022885e-03
2.405000e+00 -1.912172e-04
2.410000e+00 5.639828e-03
2.415000e+00 1.122955e-02
2.420000e+00 1.636985e-02
2.425000e+00 2.084859e-02
2.430000e+00 2.450017e-02
2.435000e+00 2.718582e-02
2.440000e+00 2.876273e-02
2.445000e+00 2.921150e-02
2.450000e+00 2.853145e-02
2.455000e+00 2.674004e-02
2.460000e+00 2.388493e-02
2.465000e+00 2.009321e-02
2.470000e+00 1.555120e-02
2.475000e+00 1.033901e-02
2.480000e+00 4.724932e-03
2.485000e+00 -1.105875e-03
2.490000e+00 -7.026402e-03
2.495000e+00 -1.272819e-02
2.500000e+00 -1.817649e-02
2.505000e+00 -2.321985e-02
2.510000e+00 -2.770686e-02
2.515000e+00 -3.160720e-02
2.520000e+00 -3.454704e-02
2.525000e+00 -3.639977e-02
2.530000e+00 -3.698295e-02
2.535000e+00 -3.597262e-02
2.540000e+00 -3.341197e-02
2.545000e+00 -2.931553e-02
2.550000e+00 -2.392693e-02
2.555000e+00 -1.759706e-02
2.560000e+00 -1.062238e-02
2.565000e+00 -3.370158e-03
2.570000e+00 3.979658e-03
2.575000e+00 1.124339e-02
2.580000e+00 1.833451e-02
2.585000e+00 2.513309e-02
2.590000e+00 3.138619e-02
2.595000e+00 3.686508e-02
2.600000e+00 4.117314e-02
2.605000e+00 4.399449e-02
2.610000e+00 4.517599e-02
2.615000e+00 4.454841e-02
2.620000e+00 4.212564e-02
2.625000e+00 3.798584e-02
2.630000e+00 3.221159e-02
2.635000e+00 2.501365e-02
2.640000e+00 1.671309e-02
2.645000e+00 7.795506e-03
2.650000e+00 -1.320362e-03
2.655000e+00 -1.016232e-02
2.660000e+00 -1.838296e-02
2.665000e+00 -2.590939e-02
2.670000e+00 -3.253329e-02
2.675000e+00 -3.809159e-02
2.680000e+00 -4.226220e-02
2.685000e+00 -4.463198e-02
2.690000e+00 -4.509285e-02
2.695000e+00 -4.359650e-02
2.700000e+00 -4.038675e-02
2.705000e+00 -3.582502e-02
2.710000e+00 -3.001444e-02
2.715000e+00 -2.305104e-02
2.720000e+00 -1.503057e-02
2.725000e+00 -6.182613e-03
2.730000e+00 3.047830e-03
2.735000e+00 1.213284e-02
2.740000e+00 2.054262e-02
2.745000e+00 2.792943e-02
2.750000e+00 3.419033e-02
2.755000e+00 3.920441e-02
2.760000e+00 4.277640e-02
2.765000e+00 4.471425e-02
2.770000e+00 4.481835e-02
2.775000e+00 4.303082e-02
2.780000e+00 3.948164e-02
2.785000e+00 3.439342e-02
2.790000e+00 2.798000e-02
2.795000e+00 2.048917e-02
2.800000e+00 1.220510e-02
2.805000e+00 3.442597e-03
2.810000e+00 -5.490879e-03
2.815000e+00 -1.425594e-02
2.820000e+00 -2.244320e-02
2.825000e+00 -2.972719e-02
2.830000e+00 -3.582626e-02
2.835000e+00 -4.048300e-02
2.840000e+00 -4.348136e-02
2.845000e+00 -4.473805e-02
2.850000e+00 -4.427751e-02
2.855000e+00 -4.208775e-02
2.860000e+00 -3.820030e-02
2.865000e+00 -3.275052e-02
2.870000e+00 -2.602221e-02
2.875000e+00 -1.828108e-02
2.880000e+00 -9.751261e-03
2.885000e+00 -8.331120e-04
2.890000e+00 8.058365e-03
2.895000e+00 1.661101e-02
2.900000e+00 2.455376e-02
2.905000e+00 3.153600e-02
2.910000e+00 3.719595e-02
2.915000e+00 4.137511e-02
2.920000e+00 4.397168e-02
2.925000e+00 4.486166e-02
2.930000e+00 4.392184e-02
2.935000e+00 4.113954e-02
2.940000e+00 3.667093e-02
2.945000e+00 3.083236e-02
2.950000e+00 2.392075e-02
2.955000e+00 1.599979e-02
2.960000e+00 7.297328e-03
2.965000e+00 -1.726711e-03
2.970000e+00 -1.060893e-02
2.975000e+00 -1.896599e-02
2.980000e+00 -2.656453e-02
2.985000e+00 -3.314997e-02
2.990000e+00 -3.850862e-02
2.995000e+00 -4.239546e-02
3 -4.446761e-02
