T X
0 0
5.000000e-03 1.392108e-09
1.000000e-02 -3.031908e-09
1.500000e-02 7.285971e-09
2.000000e-02 3.099574e-07
2.500000e-02 2.830388e-06
3.000000e-02 1.725886e-05
3.500000e-02 8.018331e-05
4.000000e-02 2.949927e-04
4.500000e-02 8.725892e-04
5.000000e-02 2.090586e-03
5.500000e-02 4.076366e-03
6.000000e-02 6.511931e-03
6.500000e-02 8.664499e-03
7.000000e-02 9.982498e-03
7.500000e-02 1.064522e-02
8.000000e-02 1.116534e-02
8.500000e-02 1.149399e-02
9.000000e-02 1.114314e-02
9.500000e-02 1.015711e-02
1.000000e-01 9.009803e-03
1.050000e-01 7.629066e-03
1.100000e-01 5.704956e-03
1.150000e-01 3.546867e-03
1.200000e-01 1.450370e-03
1.250000e-01 -7.986639e-04
1.300000e-01 -3.083450e-03
1.350000e-01 -5.080885e-03
1.400000e-01 -6.945366e-03
1.450000e-01 -8.647827e-03
1.500000e-01 -9.903246e-03
1.550000e-01 -1.084158e-02
1.600000e-01 -1.141602e-02
1.650000e-01 -1.136980e-02
1.700000e-01 -1.091770e-02
1.750000e-01 -1.010598e-02
1.800000e-01 -8.799053e-03
1.850000e-01 -7.214386e-03
1.900000e-01 -5.319022e-03
1.950000e-01 -3.106112e-03
2.000000e-01 -8.871696e-04
2.050000e-01 1.351513e-03
2.100000e-01 3.549925e-03
2.150000e-01 5.591144e-03
2.200000e-01 7.519343e-03
2.250000e-01 9.078781e-03
2.300000e-01 1.024952e-02
2.350000e-01 1.108754e-02
2.400000e-01 1.140617e-02
2.450000e-01 1.128770e-02
2.500000e-01 1.069643e-02
2.550000e-01 9.683721e-03
2.600000e-01 8.390360e-03
2.650000e-01 6.666380e-03
2.700000e-01 4.678103e-03
2.750000e-01 2.562435e-03
2.800000e-01 2.862983e-04
2.850000e-01 -2.010663e-03
2.900000e-01 -4.236493e-03
2.950000e-01 -6.242077e-03
3.000000e-01 -7.996892e-03
3.050000e-01 -9.454590e-03
3.100000e-01 -1.049374e-02
3.150000e-01 -1.116191e-02
3.200000e-01 -1.139655e-02
3.250000e-01 -1.117190e-02
3.300000e-01 -1.050585e-02
3.350000e-01 -9.393028e-03
3.400000e-01 -7.899252e-03
3.450000e-01 -6.084398e-03
3.500000e-01 -4.057429e-03
3.550000e-01 -1.861427e-03
3.600000e-01 4.213963e-04
3.650000e-01 2.644112e-03
3.700000e-01 4.777944e-03
3.750000e-01 6.752804e-03
3.800000e-01 8.437762e-03
3.850000e-01 9.811138e-03
3.900000e-01 1.080235e-02
3.950000e-01 1.132049e-02
4.000000e-01 1.139465e-02
4.050000e-01 1.099936e-02
4.100000e-01 1.015833e-02
4.150000e-01 8.951181e-03
4.200000e-01 7.417777e-03
4.250000e-01 5.538604e-03
4.300000e-01 3.436778e-03
4.350000e-01 1.257231e-03
4.400000e-01 -1.061118e-03
4.450000e-01 -3.323309e-03
4.500000e-01 -5.414576e-03
4.550000e-01 -7.326111e-03
4.600000e-01 -8.891237e-03
4.650000e-01 -1.010684e-02
4.700000e-01 -1.094132e-02
4.750000e-01 -1.134169e-02
4.800000e-01 -1.130836e-02
4.850000e-01 -1.084156e-02
4.900000e-01 -9.912998e-03
4.950000e-01 -8.561501e-03
5.000000e-01 -6.889482e-03
5.050000e-01 -4.921823e-03
5.100000e-01 -2.771095e-03
5.150000e-01 -5.248980e-04
5.200000e-01 1.744097e-03
5.250000e-01 3.923488e-03
5.300000e-01 5.978098e-03
5.350000e-01 7.801297e-03
5.400000e-01 9.314413e-03
5.450000e-01 1.047378e-02
5.500000e-01 1.119221e-02
5.550000e-01 1.144332e-02
5.600000e-01 1.121092e-02
5.650000e-01 1.054690e-02
5.700000e-01 9.487758e-03
5.750000e-01 8.057060e-03
5.800000e-01 6.318293e-03
5.850000e-01 4.308895e-03
5.900000e-01 2.154579e-03
5.950000e-01 -1.034215e-04
6.000000e-01 -2.398144e-03
6.050000e-01 -4.565510e-03
6.100000e-01 -6.561281e-03
6.150000e-01 -8.270084e-03
6.200000e-01 -9.643283e-03
6.250000e-01 -1.065934e-02
6.300000e-01 -1.121207e-02
6.350000e-01 -1.138130e-02
6.400000e-01 -1.110836e-02
6.450000e-01 -1.032821e-02
6.500000e-01 -9.176164e-03
6.550000e-01 -7.629597e-03
6.600000e-01 -5.767361e-03
6.650000e-01 -3.698833e-03
6.700000e-01 -1.460716e-03
6.750000e-01 7.968345e-04
6.800000e-01 3.018392e-03
6.850000e-01 5.128542e-03
6.900000e-01 7.040320e-03
6.950000e-01 8.699910e-03
7.000000e-01 1.000354e-02
7.050000e-01 1.091386e-02
7.100000e-01 1.137306e-02
7.150000e-01 1.135848e-02
7.200000e-01 1.088892e-02
7.250000e-01 9.992519e-03
7.300000e-01 8.714362e-03
7.350000e-01 7.098397e-03
7.400000e-01 5.205112e-03
7.450000e-01 3.089769e-03
7.500000e-01 8.550027e-04
7.550000e-01 -1.437735e-03
7.600000e-01 -3.676647e-03
7.650000e-01 -5.756042e-03
7.700000e-01 -7.611743e-03
7.750000e-01 -9.125019e-03
7.800000e-01 -1.029010e-02
7.850000e-01 -1.103415e-02
7.900000e-01 -1.135264e-02
7.950000e-01 -1.128052e-02
8.000000e-01 -1.069933e-02
8.050000e-01 -9.695996e-03
8.100000e-01 -8.320760e-03
8.150000e-01 -6.574912e-03
8.200000e-01 -4.586822e-03
8.250000e-01 -2.405421e-03
8.300000e-01 -1.385192e-04
8.350000e-01 2.110346e-03
8.400000e-01 4.275785e-03
8.450000e-01 6.269538e-03
8.500000e-01 8.043179e-03
8.550000e-01 9.501476e-03
8.600000e-01 1.058800e-02
8.650000e-01 1.124324e-02
8.700000e-01 1.141514e-02
8.750000e-01 1.114266e-02
8.800000e-01 1.042032e-02
8.850000e-01 9.293308e-03
8.900000e-01 7.811862e-03
8.950000e-01 6.002165e-03
9.000000e-01 3.987317e-03
9.050000e-01 1.808491e-03
9.100000e-01 -4.831991e-04
9.150000e-01 -2.754819e-03
9.200000e-01 -4.919661e-03
9.250000e-01 -6.871690e-03
9.300000e-01 -8.542124e-03
9.350000e-01 -9.855572e-03
9.400000e-01 -1.077609e-02
9.450000e-01 -1.128558e-02
9.500000e-01 -1.134788e-02
9.550000e-01 -1.098929e-02
9.600000e-01 -1.017161e-02
9.650000e-01 -8.933839e-03
9.700000e-01 -7.347066e-03
9.750000e-01 -5.441355e-03
9.800000e-01 -3.327619e-03
9.850000e-01 -1.083966e-03
9.900000e-01 1.184605e-03
9.950000e-01 3.386969e-03
1 5.474341e-03
1.005000e+00 7.334474e-03
1.010000e+00 8.927035e-03
1.015000e+00 1.019084e-02
1.020000e+00 1.102079e-02
1.025000e+00 1.140166e-02
1.030000e+00 1.132073e-02
1.035000e+00 1.077134e-02
1.040000e+00 9.805572e-03
1.045000e+00 8.470026e-03
1.050000e+00 6.789734e-03
1.055000e+00 4.844592e-03
1.060000e+00 2.726183e-03
1.065000e+00 4.786966e-04
1.070000e+00 -1.815346e-03
1.075000e+00 -4.035514e-03
1.080000e+00 -6.087572e-03
1.085000e+00 -7.891681e-03
1.090000e+00 -9.362366e-03
1.095000e+00 -1.043787e-02
1.100000e+00 -1.111836e-02
1.105000e+00 -1.138677e-02
1.110000e+00 -1.119623e-02
1.115000e+00 -1.054818e-02
1.120000e+00 -9.493807e-03
1.125000e+00 -8.054681e-03
1.130000e+00 -6.266828e-03
1.135000e+00 -4.234375e-03
1.140000e+00 -2.022375e-03
1.145000e+00 2.485769e-04
1.150000e+00 2.474278e-03
1.155000e+00 4.627224e-03
1.160000e+00 6.588935e-03
1.165000e+00 8.299746e-03
1.170000e+00 9.721791e-03
1.175000e+00 1.075676e-02
1.180000e+00 1.138549e-02
1.185000e+00 1.156296e-02
1.190000e+00 1.122999e-02
1.195000e+00 1.040068e-02
1.200000e+00 8.973912e-03
1.205000e+00 6.849406e-03
1.210000e+00 4.028776e-03
1.215000e+00 4.899865e-04
1.220000e+00 -3.610060e-03
1.225000e+00 -7.995734e-03
1.230000e+00 -1.226344e-02
1.235000e+00 -1.594248e-02
1.240000e+00 -1.875189e-02
1.245000e+00 -2.051684e-02
1.250000e+00 -2.132730e-02
1.255000e+00 -2.139830e-02
1.260000e+00 -2.085499e-02
1.265000e+00 -1.971406e-02
1.270000e+00 -1.780000e-02
1.275000e+00 -1.492397e-02
1.280000e+00 -1.103724e-02
1.285000e+00 -6.251884e-03
1.290000e+00 -8.138436e-04
1.295000e+00 4.991598e-03
1.300000e+00 1.093306e-02
1.305000e+00 1.684661e-02
1.310000e+00 2.243821e-02
1.315000e+00 2.723112e-02
1.320000e+00 3.074445e-02
1.325000e+00 3.262221e-02
1.330000e+00 3.287445e-02
1.335000e+00 3.179768e-02
1.340000e+00 2.975650e-02
1.345000e+00 2.688559e-02
1.350000e+00 2.308484e-02
1.355000e+00 1.824345e-02
1.360000e+00 1.237849e-02
1.365000e+00 5.926652e-03
1.370000e+00 -6.733682e-04
1.375000e+00 -7.088132e-03
1.380000e+00 -1.310616e-02
1.385000e+00 -1.868002e-02
1.390000e+00 -2.359400e-02
1.395000e+00 -2.768802e-02
1.400000e+00 -3.073757e-02
1.405000e+00 -3.252466e-02
1.410000e+00 -3.299786e-02
1.415000e+00 -3.204315e-02
1.420000e+00 -2.971589e-02
1.425000e+00 -2.622465e-02
1.430000e+00 -2.180099e-02
1.435000e+00 -1.665620e-02
1.440000e+00 -1.085502e-02
1.445000e+00 -4.482964e-03
1.450000e+00 2.237902e-03
1.455000e+00 8.908834e-03
1.460000e+00 1.501438e-02
1.465000e+00 2.026310e-02
1.470000e+00 2.480004e-02
1.475000e+00 2.874520e-02
1.480000e+00 3.159511e-02
1.485000e+00 3.274962e-02
1.490000e+00 3.246584e-02
1.495000e+00 3.128637e-02
1.500000e+00 2.903769e-02
1.505000e+00 2.532595e-02
1.510000e+00 2.042786e-02
1.515000e+00 1.485764e-02
1.520000e+00 8.755091e-03
1.525000e+00 2.347118e-03
1.530000e+00 -4.047806e-03
1.535000e+00 -1.037090e-02
1.540000e+00 -1.651526e-02
1.545000e+00 -2.196540e-02
1.550000e+00 -2.631394e-02
1.555000e+00 -2.962367e-02
1.560000e+00 -3.178651e-02
1.565000e+00 -3.268951e-02
1.570000e+00 -3.245984e-02
1.575000e+00 -3.088628e-02
1.580000e+00 -2.781136e-02
1.585000e+00 -2.370837e-02
1.590000e+00 -1.893442e-02
1.595000e+00 -1.337389e-02
1.600000e+00 -7.089899e-03
1.605000e+00 -4.363361e-04
1.610000e+00 6.184374e-03
1.615000e+00 1.234747e-02
1.620000e+00 1.797821e-02
1.625000e+00 2.318203e-02
1.630000e+00 2.746090e-02
1.635000e+00 3.034661e-02
1.640000e+00 3.211284e-02
1.645000e+00 3.284516e-02
1.650000e+00 3.215061e-02
1.655000e+00 3.001573e-02
1.660000e+00 2.674985e-02
1.665000e+00 2.251888e-02
1.670000e+00 1.737915e-02
1.675000e+00 1.141805e-02
1.680000e+00 5.016923e-03
1.685000e+00 -1.400391e-03
1.690000e+00 -7.832850e-03
1.695000e+00 -1.406125e-02
1.700000e+00 -1.962671e-02
1.705000e+00 -2.448535e-02
1.710000e+00 -2.843229e-02
1.715000e+00 -3.106022e-02
1.720000e+00 -3.243237e-02
1.725000e+00 -3.270403e-02
1.730000e+00 -3.161662e-02
1.735000e+00 -2.914426e-02
1.740000e+00 -2.561260e-02
1.745000e+00 -2.110073e-02
1.750000e+00 -1.571533e-02
1.755000e+00 -9.669190e-03
1.760000e+00 -3.202025e-03
1.765000e+00 3.363257e-03
1.770000e+00 9.777878e-03
1.775000e+00 1.577480e-02
1.780000e+00 2.117551e-02
1.785000e+00 2.576622e-02
1.790000e+00 2.921637e-02
1.795000e+00 3.154179e-02
1.800000e+00 3.275396e-02
1.805000e+00 3.254285e-02
1.810000e+00 3.094884e-02
1.815000e+00 2.825962e-02
1.820000e+00 2.441009e-02
1.825000e+00 1.951292e-02
1.830000e+00 1.391758e-02
1.835000e+00 7.765645e-03
1.840000e+00 1.316174e-03
1.845000e+00 -5.176067e-03
1.850000e+00 -1.151920e-02
1.855000e+00 -1.738188e-02
1.860000e+00 -2.253362e-02
1.865000e+00 -2.683946e-02
1.870000e+00 -3.008542e-02
1.875000e+00 -3.205239e-02
1.880000e+00 -3.274159e-02
1.885000e+00 -3.220174e-02
1.890000e+00 -3.030140e-02
1.895000e+00 -2.718862e-02
1.900000e+00 -2.312691e-02
1.905000e+00 -1.804832e-02
1.910000e+00 -1.218456e-02
1.915000e+00 -5.967345e-03
1.920000e+00 5.636840e-04
1.925000e+00 7.139636e-03
1.930000e+00 1.330760e-02
1.935000e+00 1.897306e-02
1.940000e+00 2.392658e-02
1.945000e+00 2.786586e-02
1.950000e+00 3.068988e-02
1.955000e+00 3.235799e-02
1.960000e+00 3.274323e-02
1.965000e+00 3.177761e-02
1.970000e+00 2.956890e-02
1.975000e+00 2.615672e-02
1.980000e+00 2.167368e-02
1.985000e+00 1.635926e-02
1.990000e+00 1.040112e-02
1.995000e+00 4.024836e-03
2 -2.495227e-03
2.005000e+00 -8.915978e-03
2.010000e+00 -1.500077e-02
2.015000e+00 -2.048739e-02
2.020000e+00 -2.517269e-02
2.025000e+00 -2.884799e-02
2.030000e+00 -3.137503e-02
2.035000e+00 -3.262626e-02
2.040000e+00 -3.253010e-02
2.045000e+00 -3.121697e-02
2.050000e+00 -2.864187e-02
2.055000e+00 -2.488955e-02
2.060000e+00 -2.025628e-02
2.065000e+00 -1.473291e-02
2.070000e+00 -8.576190e-03
2.075000e+00 -2.161051e-03
2.080000e+00 4.411485e-03
2.085000e+00 1.078623e-02
2.090000e+00 1.669626e-02
2.095000e+00 2.198470e-02
2.100000e+00 2.634819e-02
2.105000e+00 2.964621e-02
2.110000e+00 3.180171e-02
2.115000e+00 3.274157e-02
2.120000e+00 3.234347e-02
2.125000e+00 3.060608e-02
2.130000e+00 2.769845e-02
2.135000e+00 2.365672e-02
2.140000e+00 1.864758e-02
2.145000e+00 1.293248e-02
2.150000e+00 6.705992e-03
2.155000e+00 2.171061e-04
2.160000e+00 -6.283863e-03
2.165000e+00 -1.252236e-02
2.170000e+00 -1.828221e-02
2.175000e+00 -2.333775e-02
2.180000e+00 -2.745162e-02
2.185000e+00 -3.048948e-02
2.190000e+00 -3.224981e-02
2.195000e+00 -3.270930e-02
2.200000e+00 -3.194948e-02
2.205000e+00 -2.985380e-02
2.210000e+00 -2.655346e-02
2.215000e+00 -2.229198e-02
2.220000e+00 -1.709988e-02
2.225000e+00 -1.118578e-02
2.230000e+00 -4.854682e-03
2.235000e+00 1.699696e-03
2.240000e+00 8.182087e-03
2.245000e+00 1.430583e-02
2.250000e+00 1.987980e-02
2.255000e+00 2.464768e-02
2.260000e+00 2.841637e-02
2.265000e+00 3.107753e-02
2.270000e+00 3.248485e-02
2.275000e+00 3.264468e-02
2.280000e+00 3.151406e-02
2.285000e+00 2.904399e-02
2.290000e+00 2.545636e-02
2.295000e+00 2.084926e-02
2.300000e+00 1.536925e-02
2.305000e+00 9.342345e-03
2.310000e+00 2.936997e-03
2.315000e+00 -3.612992e-03
2.320000e+00 -9.991442e-03
2.325000e+00 -1.595683e-02
2.330000e+00 -2.133110e-02
2.335000e+00 -2.588426e-02
2.340000e+00 -2.934649e-02
2.345000e+00 -3.165607e-02
2.350000e+00 -3.269194e-02
2.355000e+00 -3.242424e-02
2.360000e+00 -3.091092e-02
2.365000e+00 -2.811244e-02
2.370000e+00 -2.426776e-02
2.375000e+00 -1.949914e-02
2.380000e+00 -1.387141e-02
2.385000e+00 -7.723568e-03
2.390000e+00 -1.251209e-03
2.395000e+00 5.354535e-03
2.400000e+00 1.172702e-02
2.405000e+00 1.764089e-02
2.410000e+00 2.284499e-02
2.415000e+00 2.712406e-02
2.420000e+00 3.037186e-02
2.425000e+00 3.237340e-02
2.430000e+00 3.308474e-02
2.435000e+00 3.241778e-02
2.440000e+00 3.024827e-02
2.445000e+00 2.664750e-02
2.450000e+00 2.157188e-02
2.455000e+00 1.509156e-02
2.460000e+00 7.579555e-03
2.465000e+00 -6.375549e-04
2.470000e+00 -9.174919e-03
2.475000e+00 -1.741111e-02
2.480000e+00 -2.485563e-02
2.485000e+00 -3.115096e-02
2.490000e+00 -3.596040e-02
2.495000e+00 -3.921015e-02
2.500000e+00 -4.091197e-02
2.505000e+00 -4.105488e-02
2.510000e+00 -3.971847e-02
2.515000e+00 -3.685027e-02
2.520000e+00 -3.236049e-02
2.525000e+00 -2.626351e-02
2.530000e+00 -1.856322e-02
2.535000e+00 -9.482880e-03
2.540000e+00 4.685987e-04
2.545000e+00 1.074484e-02
2.550000e+00 2.073555e-02
2.555000e+00 2.985752e-02
2.560000e+00 3.771306e-02
2.565000e+00 4.394662e-02
2.570000e+00 4.832394e-02
2.575000e+00 5.073098e-02
2.580000e+00 5.100743e-02
2.585000e+00 4.920330e-02
2.590000e+00 4.555545e-02
2.595000e+00 4.025400e-02
2.600000e+00 3.359223e-02
2.605000e+00 2.575884e-02
2.610000e+00 1.677768e-02
2.615000e+00 6.890245e-03
2.620000e+00 -3.528116e-03
2.625000e+00 -1.391241e-02
2.630000e+00 -2.355956e-02
2.635000e+00 -3.202425e-02
2.640000e+00 -3.907860e-02
2.645000e+00 -4.468590e-02
2.650000e+00 -4.879966e-02
2.655000e+00 -5.116944e-02
2.660000e+00 -5.148363e-02
2.665000e+00 -4.951496e-02
2.670000e+00 -4.528897e-02
2.675000e+00 -3.912056e-02
2.680000e+00 -3.156710e-02
2.685000e+00 -2.308815e-02
2.690000e+00 -1.383783e-02
2.695000e+00 -3.953508e-03
2.700000e+00 6.284193e-03
2.705000e+00 1.646936e-02
2.710000e+00 2.604232e-02
2.715000e+00 3.439994e-02
2.720000e+00 4.122556e-02
2.725000e+00 4.637141e-02
2.730000e+00 4.970156e-02
2.735000e+00 5.119360e-02
2.740000e+00 5.072341e-02
2.745000e+00 4.818962e-02
2.750000e+00 4.369059e-02
2.755000e+00 3.737575e-02
2.760000e+00 2.955710e-02
2.765000e+00 2.059172e-02
2.770000e+00 1.080202e-02
2.775000e+00 6.487120e-04
2.780000e+00 -9.519647e-03
2.785000e+00 -1.933628e-02
2.790000e+00 -2.836586e-02
2.795000e+00 -3.633969e-02
2.800000e+00 -4.286189e-02
2.805000e+00 -4.762814e-02
2.810000e+00 -5.051009e-02
2.815000e+00 -5.130013e-02
2.820000e+00 -5.010184e-02
2.825000e+00 -4.699090e-02
2.830000e+00 -4.192569e-02
2.835000e+00 -3.519681e-02
2.840000e+00 -2.703431e-02
2.845000e+00 -1.778881e-02
2.850000e+00 -7.929637e-03
2.855000e+00 2.261679e-03
2.860000e+00 1.242330e-02
2.865000e+00 2.212846e-02
2.870000e+00 3.093314e-02
2.875000e+00 3.843627e-02
2.880000e+00 4.437134e-02
2.885000e+00 4.856058e-02
2.890000e+00 5.091657e-02
2.895000e+00 5.127710e-02
2.900000e+00 4.947072e-02
2.905000e+00 4.559910e-02
2.910000e+00 3.995529e-02
2.915000e+00 3.288410e-02
2.920000e+00 2.456277e-02
2.925000e+00 1.510413e-02
2.930000e+00 4.912366e-03
2.935000e+00 -5.457098e-03
2.940000e+00 -1.545844e-02
2.945000e+00 -2.471063e-02
2.950000e+00 -3.305314e-02
2.955000e+00 -4.024906e-02
2.960000e+00 -4.591999e-02
2.965000e+00 -4.962449e-02
2.970000e+00 -5.116262e-02
2.975000e+00 -5.071116e-02
2.980000e+00 -4.841653e-02
2.985000e+00 -4.427858e-02
2.990000e+00 -3.828373e-02
2.995000e+00 -3.054165e-02
3 -2.150956e-02
