T X
0 0
5.000000e-03 3.053701e-08
1.000000e-02 1.666428e-07
1.500000e-02 9.981132e-08
2.000000e-02 -7.227593e-07
2.500000e-02 -1.230673e-06
3.000000e-02 4.305051e-07
3.500000e-02 2.511307e-06
4.000000e-02 1.008308e-06
4.500000e-02 -2.388475e-06
5.000000e-02 -8.963301e-07
5.500000e-02 5.300688e-06
6.000000e-02 7.666928e-06
6.500000e-02 -3.285442e-06
7.000000e-02 -3.756353e-05
7.500000e-02 -6.659746e-05
8.000000e-02 4.770042e-06
8.500000e-02 1.836195e-04
9.000000e-02 2.488109e-04
9.500000e-02 2.032181e-05
1.000000e-01 -3.340932e-04
1.050000e-01 -5.577628e-04
1.100000e-01 -5.963255e-04
1.150000e-01 -4.209484e-04
1.200000e-01 6.544887e-07
1.250000e-01 5.777396e-04
1.300000e-01 1.189959e-03
1.350000e-01 1.677908e-03
1.400000e-01 1.907631e-03
1.450000e-01 1.882813e-03
1.500000e-01 1.573697e-03
1.550000e-01 9.453944e-04
1.600000e-01 3.001611e-05
1.650000e-01 -1.128594e-03
1.700000e-01 -2.414572e-03
1.750000e-01 -3.713678e-03
1.800000e-01 -4.943558e-03
1.850000e-01 -6.013074e-03
1.900000e-01 -6.814711e-03
1.950000e-01 -7.295965e-03
2.000000e-01 -7.440107e-03
2.050000e-01 -7.099428e-03
2.100000e-01 -6.214240e-03
2.150000e-01 -4.842687e-03
2.200000e-01 -2.966333e-03
2.250000e-01 -6.111919e-04
2.300000e-01 2.086378e-03
2.350000e-01 5.001493e-03
2.400000e-01 8.124710e-03
2.450000e-01 1.138712e-02
2.500000e-01 1.464767e-02
2.550000e-01 1.780053e-02
2.600000e-01 2.071994e-02
2.650000e-01 2.329870e-02
2.700000e-01 2.542660e-02
2.750000e-01 2.701845e-02
2.800000e-01 2.802118e-02
2.850000e-01 2.837638e-02
2.900000e-01 2.804201e-02
2.950000e-01 2.704007e-02
3.000000e-01 2.546600e-02
3.050000e-01 2.337294e-02
3.100000e-01 2.082535e-02
3.150000e-01 1.794284e-02
3.200000e-01 1.484250e-02
3.250000e-01 1.166729e-02
3.300000e-01 8.558363e-03
3.350000e-01 5.629070e-03
3.400000e-01 2.979531e-03
3.450000e-01 7.001993e-04
3.500000e-01 -1.088375e-03
3.550000e-01 -2.294682e-03
3.600000e-01 -2.903837e-03
3.650000e-01 -2.903237e-03
3.700000e-01 -2.336134e-03
3.750000e-01 -1.221626e-03
3.800000e-01 4.651048e-04
3.850000e-01 2.627851e-03
3.900000e-01 5.154078e-03
3.950000e-01 7.978341e-03
4.000000e-01 1.099369e-02
4.050000e-01 1.404638e-02
4.100000e-01 1.704431e-02
4.150000e-01 1.991372e-02
4.200000e-01 2.251157e-02
4.250000e-01 2.471734e-02
4.300000e-01 2.640736e-02
4.350000e-01 2.748095e-02
4.400000e-01 2.792718e-02
4.450000e-01 2.776629e-02
4.500000e-01 2.700516e-02
4.550000e-01 2.565746e-02
4.600000e-01 2.380258e-02
4.650000e-01 2.150545e-02
4.700000e-01 1.883732e-02
4.750000e-01 1.592809e-02
4.800000e-01 1.287066e-02
4.850000e-01 9.792296e-03
4.900000e-01 6.847401e-03
4.950000e-01 4.124084e-03
5.000000e-01 1.713458e-03
5.050000e-01 -2.536322e-04
5.100000e-01 -1.687729e-03
5.150000e-01 -2.537487e-03
5.200000e-01 -2.772112e-03
5.250000e-01 -2.369822e-03
5.300000e-01 -1.325196e-03
5.350000e-01 3.030346e-04
5.400000e-01 2.456493e-03
5.450000e-01 5.027326e-03
5.500000e-01 7.915681e-03
5.550000e-01 1.099485e-02
5.600000e-01 1.410718e-02
5.650000e-01 1.719949e-02
5.700000e-01 2.013306e-02
5.750000e-01 2.277952e-02
5.800000e-01 2.508692e-02
5.850000e-01 2.692941e-02
5.900000e-01 2.824639e-02
5.950000e-01 2.901758e-02
6.000000e-01 2.914323e-02
6.050000e-01 2.860284e-02
6.100000e-01 2.747848e-02
6.150000e-01 2.583236e-02
6.200000e-01 2.371140e-02
6.250000e-01 2.116132e-02
6.300000e-01 1.831474e-02
6.350000e-01 1.530385e-02
6.400000e-01 1.220699e-02
6.450000e-01 9.195179e-03
6.500000e-01 6.383635e-03
6.550000e-01 3.840540e-03
6.600000e-01 1.709123e-03
6.650000e-01 8.605645e-05
6.700000e-01 -9.551289e-04
6.750000e-01 -1.364953e-03
6.800000e-01 -1.146005e-03
6.850000e-01 -2.819598e-04
6.900000e-01 1.193035e-03
6.950000e-01 3.203571e-03
7.000000e-01 5.661328e-03
7.050000e-01 8.479106e-03
7.100000e-01 1.159446e-02
7.150000e-01 1.484628e-02
7.200000e-01 1.806812e-02
7.250000e-01 2.121069e-02
7.300000e-01 2.414869e-02
7.350000e-01 2.670368e-02
7.400000e-01 2.880125e-02
7.450000e-01 3.034238e-02
7.500000e-01 3.126900e-02
7.550000e-01 3.162283e-02
7.600000e-01 3.136445e-02
7.650000e-01 3.046229e-02
7.700000e-01 2.896840e-02
7.750000e-01 2.694808e-02
7.800000e-01 2.447090e-02
7.850000e-01 2.160614e-02
7.900000e-01 1.849445e-02
7.950000e-01 1.533265e-02
8.000000e-01 1.220811e-02
8.050000e-01 9.189038e-03
8.100000e-01 6.473838e-03
8.150000e-01 4.191722e-03
8.200000e-01 2.393209e-03
8.250000e-01 1.155669e-03
8.300000e-01 5.169497e-04
8.350000e-01 5.304270e-04
8.400000e-01 1.222618e-03
8.450000e-01 2.544123e-03
8.500000e-01 4.436980e-03
8.550000e-01 6.831060e-03
8.600000e-01 9.646834e-03
8.650000e-01 1.278985e-02
8.700000e-01 1.610501e-02
8.750000e-01 1.943145e-02
8.800000e-01 2.264412e-02
8.850000e-01 2.563106e-02
8.900000e-01 2.830559e-02
8.950000e-01 3.060576e-02
9.000000e-01 3.244221e-02
9.050000e-01 3.363221e-02
9.100000e-01 3.408701e-02
9.150000e-01 3.390188e-02
9.200000e-01 3.315214e-02
9.250000e-01 3.181806e-02
9.300000e-01 2.986097e-02
9.350000e-01 2.740037e-02
9.400000e-01 2.462147e-02
9.450000e-01 2.157034e-02
9.500000e-01 1.835923e-02
9.550000e-01 1.515278e-02
9.600000e-01 1.204850e-02
9.650000e-01 9.188853e-03
9.700000e-01 6.694892e-03
9.750000e-01 4.669900e-03
9.800000e-01 3.235674e-03
9.850000e-01 2.409762e-03
9.900000e-01 2.174361e-03
9.950000e-01 2.609579e-03
1 3.754274e-03
1.005000e+00 5.539324e-03
1.010000e+00 7.832712e-03
1.015000e+00 1.049947e-02
1.020000e+00 1.346203e-02
1.025000e+00 1.665213e-02
1.030000e+00 2.002124e-02
1.035000e+00 2.346916e-02
1.040000e+00 2.678295e-02
1.045000e+00 2.973741e-02
1.050000e+00 3.220699e-02
1.055000e+00 3.415985e-02
1.060000e+00 3.556881e-02
1.065000e+00 3.637988e-02
1.070000e+00 3.655099e-02
1.075000e+00 3.606082e-02
1.080000e+00 3.489603e-02
1.085000e+00 3.314478e-02
1.090000e+00 3.089899e-02
1.095000e+00 2.817690e-02
1.100000e+00 2.513645e-02
1.105000e+00 2.193687e-02
1.110000e+00 1.864059e-02
1.115000e+00 1.540946e-02
1.120000e+00 1.239301e-02
1.125000e+00 9.715000e-03
1.130000e+00 7.520347e-03
1.135000e+00 5.900814e-03
1.140000e+00 4.881382e-03
1.145000e+00 4.413407e-03
1.150000e+00 4.530237e-03
1.155000e+00 5.293650e-03
1.160000e+00 6.687615e-03
1.165000e+00 8.747250e-03
1.170000e+00 1.140121e-02
1.175000e+00 1.442722e-02
1.180000e+00 1.767992e-02
1.185000e+00 2.103257e-02
1.190000e+00 2.432321e-02
1.195000e+00 2.746348e-02
1.200000e+00 3.041091e-02
1.205000e+00 3.309162e-02
1.210000e+00 3.541319e-02
1.215000e+00 3.724857e-02
1.220000e+00 3.843523e-02
1.225000e+00 3.888980e-02
1.230000e+00 3.860925e-02
1.235000e+00 3.763523e-02
1.240000e+00 3.606382e-02
1.245000e+00 3.397578e-02
1.250000e+00 3.144755e-02
1.255000e+00 2.858165e-02
1.260000e+00 2.550497e-02
1.265000e+00 2.232399e-02
1.270000e+00 1.912477e-02
1.275000e+00 1.603661e-02
1.280000e+00 1.315944e-02
1.285000e+00 1.065801e-02
1.290000e+00 8.706043e-03
1.295000e+00 7.346259e-03
1.300000e+00 6.635571e-03
1.305000e+00 6.603151e-03
1.310000e+00 7.213178e-03
1.315000e+00 8.445305e-03
1.320000e+00 1.025910e-02
1.325000e+00 1.260238e-02
1.330000e+00 1.539682e-02
1.335000e+00 1.851585e-02
1.340000e+00 2.184180e-02
1.345000e+00 2.521104e-02
1.350000e+00 2.849397e-02
1.355000e+00 3.161310e-02
1.360000e+00 3.440068e-02
1.365000e+00 3.677037e-02
1.370000e+00 3.870053e-02
1.375000e+00 4.010017e-02
1.380000e+00 4.090101e-02
1.385000e+00 4.103566e-02
1.390000e+00 4.046007e-02
1.395000e+00 3.917510e-02
1.400000e+00 3.724599e-02
1.405000e+00 3.484156e-02
1.410000e+00 3.208859e-02
1.415000e+00 2.903285e-02
1.420000e+00 2.575298e-02
1.425000e+00 2.242536e-02
1.430000e+00 1.929256e-02
1.435000e+00 1.648364e-02
1.440000e+00 1.398675e-02
1.445000e+00 1.185435e-02
1.450000e+00 1.022960e-02
1.455000e+00 9.184451e-03
1.460000e+00 8.757175e-03
1.465000e+00 8.966047e-03
1.470000e+00 9.796174e-03
1.475000e+00 1.131585e-02
1.480000e+00 1.351267e-02
1.485000e+00 1.624521e-02
1.490000e+00 1.940534e-02
1.495000e+00 2.280384e-02
1.500000e+00 2.620062e-02
1.505000e+00 2.949219e-02
1.510000e+00 3.264691e-02
1.515000e+00 3.553793e-02
1.520000e+00 3.801384e-02
1.525000e+00 4.004796e-02
1.530000e+00 4.160275e-02
1.535000e+00 4.260557e-02
1.540000e+00 4.304902e-02
1.545000e+00 4.286313e-02
1.550000e+00 4.199317e-02
1.555000e+00 4.047424e-02
1.560000e+00 3.830674e-02
1.565000e+00 3.560042e-02
1.570000e+00 3.257312e-02
1.575000e+00 2.935323e-02
1.580000e+00 2.600998e-02
1.585000e+00 2.271782e-02
1.590000e+00 1.967859e-02
1.595000e+00 1.699684e-02
1.600000e+00 1.474058e-02
1.605000e+00 1.294316e-02
1.610000e+00 1.169950e-02
1.615000e+00 1.111006e-02
1.620000e+00 1.116220e-02
1.625000e+00 1.181964e-02
1.630000e+00 1.308338e-02
1.635000e+00 1.496792e-02
1.640000e+00 1.738192e-02
1.645000e+00 2.019303e-02
1.650000e+00 2.332281e-02
1.655000e+00 2.665595e-02
1.660000e+00 3.004470e-02
1.665000e+00 3.335555e-02
1.670000e+00 3.645958e-02
1.675000e+00 3.923938e-02
1.680000e+00 4.157778e-02
1.685000e+00 4.337894e-02
1.690000e+00 4.460770e-02
1.695000e+00 4.525166e-02
1.700000e+00 4.524532e-02
1.705000e+00 4.453456e-02
1.710000e+00 4.318366e-02
1.715000e+00 4.127001e-02
1.720000e+00 3.884828e-02
1.725000e+00 3.598852e-02
1.730000e+00 3.283536e-02
1.735000e+00 2.956336e-02
1.740000e+00 2.625876e-02
1.745000e+00 2.304021e-02
1.750000e+00 2.007018e-02
1.755000e+00 1.753339e-02
1.760000e+00 1.558409e-02
1.765000e+00 1.422932e-02
1.770000e+00 1.342024e-02
1.775000e+00 1.323677e-02
1.780000e+00 1.376162e-02
1.785000e+00 1.490873e-02
1.790000e+00 1.657274e-02
1.795000e+00 1.865754e-02
1.800000e+00 2.113968e-02
1.805000e+00 2.400738e-02
1.810000e+00 2.712287e-02
1.815000e+00 3.036794e-02
1.820000e+00 3.368254e-02
1.825000e+00 3.697602e-02
1.830000e+00 4.005103e-02
1.835000e+00 4.272182e-02
1.840000e+00 4.492402e-02
1.845000e+00 4.658417e-02
1.850000e+00 4.760037e-02
1.855000e+00 4.787703e-02
1.860000e+00 4.734166e-02
1.865000e+00 4.604120e-02
1.870000e+00 4.410811e-02
1.875000e+00 4.165149e-02
1.880000e+00 3.877602e-02
1.885000e+00 3.564267e-02
1.890000e+00 3.243371e-02
1.895000e+00 2.928343e-02
1.900000e+00 2.628215e-02
1.905000e+00 2.351171e-02
1.910000e+00 2.102943e-02
1.915000e+00 1.888253e-02
1.920000e+00 1.720307e-02
1.925000e+00 1.609632e-02
1.930000e+00 1.556895e-02
1.935000e+00 1.562978e-02
1.940000e+00 1.626031e-02
1.945000e+00 1.747681e-02
1.950000e+00 1.930852e-02
1.955000e+00 2.166617e-02
1.960000e+00 2.444874e-02
1.965000e+00 2.758439e-02
1.970000e+00 3.095977e-02
1.975000e+00 3.446331e-02
1.980000e+00 3.792932e-02
1.985000e+00 4.114243e-02
1.990000e+00 4.399110e-02
1.995000e+00 4.636950e-02
2 4.814491e-02
2.005000e+00 4.926146e-02
2.010000e+00 4.965647e-02
2.015000e+00 4.929724e-02
2.020000e+00 4.825855e-02
2.025000e+00 4.663540e-02
2.030000e+00 4.449860e-02
2.035000e+00 4.191372e-02
2.040000e+00 3.899611e-02
2.045000e+00 3.589876e-02
2.050000e+00 3.274831e-02
2.055000e+00 2.963798e-02
2.060000e+00 2.666508e-02
2.065000e+00 2.395732e-02
2.070000e+00 2.159682e-02
2.075000e+00 1.964476e-02
2.080000e+00 1.817567e-02
2.085000e+00 1.726331e-02
2.090000e+00 1.699589e-02
2.095000e+00 1.742377e-02
2.100000e+00 1.855432e-02
2.105000e+00 2.030664e-02
2.110000e+00 2.257262e-02
2.115000e+00 2.530823e-02
2.120000e+00 2.842254e-02
2.125000e+00 3.177259e-02
2.130000e+00 3.521215e-02
2.135000e+00 3.860445e-02
2.140000e+00 4.180615e-02
2.145000e+00 4.462720e-02
2.150000e+00 4.697053e-02
2.155000e+00 4.885808e-02
2.160000e+00 5.023108e-02
2.165000e+00 5.096892e-02
2.170000e+00 5.102974e-02
2.175000e+00 5.039412e-02
2.180000e+00 4.912484e-02
2.185000e+00 4.736486e-02
2.190000e+00 4.515558e-02
2.195000e+00 4.254399e-02
2.200000e+00 3.959428e-02
2.205000e+00 3.639065e-02
2.210000e+00 3.312257e-02
2.215000e+00 2.993897e-02
2.220000e+00 2.694073e-02
2.225000e+00 2.427512e-02
2.230000e+00 2.204874e-02
2.235000e+00 2.028309e-02
2.240000e+00 1.905454e-02
2.245000e+00 1.850133e-02
2.250000e+00 1.867867e-02
2.255000e+00 1.955859e-02
2.260000e+00 2.108383e-02
2.265000e+00 2.320964e-02
2.270000e+00 2.589289e-02
2.275000e+00 2.898839e-02
2.280000e+00 3.231411e-02
2.285000e+00 3.576244e-02
2.290000e+00 3.922123e-02
2.295000e+00 4.250281e-02
2.300000e+00 4.549586e-02
2.305000e+00 4.815634e-02
2.310000e+00 5.035902e-02
2.315000e+00 5.193698e-02
2.320000e+00 5.277483e-02
2.325000e+00 5.288491e-02
2.330000e+00 5.233120e-02
2.335000e+00 5.117534e-02
2.340000e+00 4.946291e-02
2.345000e+00 4.724999e-02
2.350000e+00 4.467283e-02
2.355000e+00 4.183315e-02
2.360000e+00 3.878255e-02
2.365000e+00 3.562903e-02
2.370000e+00 3.252106e-02
2.375000e+00 2.955093e-02
2.380000e+00 2.683856e-02
2.385000e+00 2.459294e-02
2.390000e+00 2.290261e-02
2.395000e+00 2.178480e-02
2.400000e+00 2.122243e-02
2.405000e+00 2.117794e-02
2.410000e+00 2.168224e-02
2.415000e+00 2.271931e-02
2.420000e+00 2.425816e-02
2.425000e+00 2.631713e-02
2.430000e+00 2.889574e-02
2.435000e+00 3.190200e-02
2.440000e+00 3.512530e-02
2.445000e+00 3.836109e-02
2.450000e+00 4.153448e-02
2.455000e+00 4.460333e-02
2.460000e+00 4.750012e-02
2.465000e+00 5.007671e-02
2.470000e+00 5.217130e-02
2.475000e+00 5.374671e-02
2.480000e+00 5.470699e-02
2.485000e+00 5.493563e-02
2.490000e+00 5.445784e-02
2.495000e+00 5.327009e-02
2.500000e+00 5.136344e-02
2.505000e+00 4.887039e-02
2.510000e+00 4.590801e-02
2.515000e+00 4.257185e-02
2.520000e+00 3.903015e-02
2.525000e+00 3.543696e-02
2.530000e+00 3.198054e-02
2.535000e+00 2.882896e-02
2.540000e+00 2.604701e-02
2.545000e+00 2.373623e-02
2.550000e+00 2.202085e-02
2.555000e+00 2.098944e-02
2.560000e+00 2.075072e-02
2.565000e+00 2.133348e-02
2.570000e+00 2.266838e-02
2.575000e+00 2.466903e-02
2.580000e+00 2.720776e-02
2.585000e+00 3.016409e-02
2.590000e+00 3.339606e-02
2.595000e+00 3.680240e-02
2.600000e+00 4.028719e-02
2.605000e+00 4.363911e-02
2.610000e+00 4.676872e-02
2.615000e+00 4.959970e-02
2.620000e+00 5.197170e-02
2.625000e+00 5.378547e-02
2.630000e+00 5.491552e-02
2.635000e+00 5.536554e-02
2.640000e+00 5.521210e-02
2.645000e+00 5.444258e-02
2.650000e+00 5.309136e-02
2.655000e+00 5.121088e-02
2.660000e+00 4.889164e-02
2.665000e+00 4.625892e-02
2.670000e+00 4.340142e-02
2.675000e+00 4.041091e-02
2.680000e+00 3.742805e-02
2.685000e+00 3.460413e-02
2.690000e+00 3.201719e-02
2.695000e+00 2.975890e-02
2.700000e+00 2.791782e-02
2.705000e+00 2.649912e-02
2.710000e+00 2.549454e-02
2.715000e+00 2.491895e-02
2.720000e+00 2.481135e-02
2.725000e+00 2.522684e-02
2.730000e+00 2.621332e-02
2.735000e+00 2.775566e-02
2.740000e+00 2.981611e-02
2.745000e+00 3.233393e-02
2.750000e+00 3.514398e-02
2.755000e+00 3.807193e-02
2.760000e+00 4.103869e-02
2.765000e+00 4.402421e-02
2.770000e+00 4.695873e-02
2.775000e+00 4.970896e-02
2.780000e+00 5.217461e-02
2.785000e+00 5.430864e-02
2.790000e+00 5.597512e-02
2.795000e+00 5.697058e-02
2.800000e+00 5.725737e-02
2.805000e+00 5.682951e-02
2.810000e+00 5.564758e-02
2.815000e+00 5.381813e-02
2.820000e+00 5.140615e-02
2.825000e+00 4.848982e-02
2.830000e+00 4.527205e-02
2.835000e+00 4.187822e-02
2.840000e+00 3.839943e-02
2.845000e+00 3.498963e-02
2.850000e+00 3.183501e-02
2.855000e+00 2.903991e-02
2.860000e+00 2.669479e-02
2.865000e+00 2.490460e-02
2.870000e+00 2.374255e-02
2.875000e+00 2.329251e-02
2.880000e+00 2.359828e-02
2.885000e+00 2.468056e-02
2.890000e+00 2.647299e-02
2.895000e+00 2.883469e-02
2.900000e+00 3.168362e-02
2.905000e+00 3.497429e-02
2.910000e+00 3.854438e-02
2.915000e+00 4.217710e-02
2.920000e+00 4.574162e-02
2.925000e+00 4.906295e-02
2.930000e+00 5.198112e-02
2.935000e+00 5.444789e-02
2.940000e+00 5.642262e-02
2.945000e+00 5.785189e-02
2.950000e+00 5.866819e-02
2.955000e+00 5.880703e-02
2.960000e+00 5.822250e-02
2.965000e+00 5.689103e-02
2.970000e+00 5.491232e-02
2.975000e+00 5.240957e-02
2.980000e+00 4.942894e-02
2.985000e+00 4.611229e-02
2.990000e+00 4.266952e-02
2.995000e+00 3.922245e-02
3 3.590238e-02
