T X
0 0
5.000000e-03 5.878199e-07
1.000000e-02 4.239131e-06
1.500000e-02 1.193996e-05
2.000000e-02 1.629452e-05
2.500000e-02 1.154681e-05
3.000000e-02 6.302089e-06
3.500000e-02 1.079859e-06
4.000000e-02 -2.101777e-05
4.500000e-02 -6.085264e-05
5.000000e-02 -9.927723e-05
5.500000e-02 -1.214212e-04
6.000000e-02 -1.282138e-04
6.500000e-02 -1.326553e-04
7.000000e-02 -1.306203e-04
7.500000e-02 -1.000267e-04
8.000000e-02 -4.345411e-05
8.500000e-02 9.403831e-06
9.000000e-02 3.984894e-05
9.500000e-02 4.636932e-05
1.000000e-01 3.419867e-05
1.050000e-01 3.027019e-05
1.100000e-01 3.956782e-05
1.150000e-01 2.072997e-05
1.200000e-01 -1.334947e-05
1.250000e-01 -1.142239e-05
1.300000e-01 1.913261e-05
1.350000e-01 5.142928e-05
1.400000e-01 8.221110e-05
1.450000e-01 1.000424e-04
1.500000e-01 8.644723e-05
1.550000e-01 9.158174e-05
1.600000e-01 1.618555e-04
1.650000e-01 2.204627e-04
1.700000e-01 1.639437e-04
1.750000e-01 -6.223117e-05
1.800000e-01 -3.291888e-04
1.850000e-01 -3.516157e-04
1.900000e-01 -7.092717e-05
1.950000e-01 3.131178e-04
2.000000e-01 5.352352e-04
2.050000e-01 4.514726e-04
2.100000e-01 1.312438e-04
2.150000e-01 -3.349926e-04
2.200000e-01 -7.316946e-04
2.250000e-01 -8.826434e-04
2.300000e-01 -9.187306e-04
2.350000e-01 -7.443328e-04
2.400000e-01 -1.951001e-04
2.450000e-01 4.665541e-04
2.500000e-01 1.054945e-03
2.550000e-01 1.545294e-03
2.600000e-01 1.753601e-03
2.650000e-01 1.575945e-03
2.700000e-01 1.074777e-03
2.750000e-01 3.436276e-04
2.800000e-01 -5.281248e-04
2.850000e-01 -1.470842e-03
2.900000e-01 -2.316900e-03
2.950000e-01 -2.925333e-03
3.000000e-01 -3.276426e-03
3.050000e-01 -3.271269e-03
3.100000e-01 -2.945348e-03
3.150000e-01 -2.336068e-03
3.200000e-01 -1.251739e-03
3.250000e-01 1.681701e-04
3.300000e-01 1.642231e-03
3.350000e-01 3.113249e-03
3.400000e-01 4.464800e-03
3.450000e-01 5.646178e-03
3.500000e-01 6.591391e-03
3.550000e-01 7.173817e-03
3.600000e-01 7.354044e-03
3.650000e-01 7.049030e-03
3.700000e-01 6.253189e-03
3.750000e-01 4.984728e-03
3.800000e-01 3.237159e-03
3.850000e-01 1.104757e-03
3.900000e-01 -1.255417e-03
3.950000e-01 -3.715064e-03
4.000000e-01 -6.256300e-03
4.050000e-01 -8.745521e-03
4.100000e-01 -1.099316e-02
4.150000e-01 -1.294918e-02
4.200000e-01 -1.452106e-02
4.250000e-01 -1.553104e-02
4.300000e-01 -1.582515e-02
4.350000e-01 -1.545549e-02
4.400000e-01 -1.450626e-02
4.450000e-01 -1.291369e-02
4.500000e-01 -1.067860e-02
4.550000e-01 -7.863686e-03
4.600000e-01 -4.606639e-03
4.650000e-01 -1.025266e-03
4.700000e-01 2.805783e-03
4.750000e-01 6.702104e-03
4.800000e-01 1.056022e-02
4.850000e-01 1.429578e-02
4.900000e-01 1.775446e-02
4.950000e-01 2.075493e-02
5.000000e-01 2.310540e-02
5.050000e-01 2.484160e-02
5.100000e-01 2.599978e-02
5.150000e-01 2.646961e-02
5.200000e-01 2.624413e-02
5.250000e-01 2.532460e-02
5.300000e-01 2.375431e-02
5.350000e-01 2.167068e-02
5.400000e-01 1.916264e-02
5.450000e-01 1.632113e-02
5.500000e-01 1.324842e-02
5.550000e-01 1.007534e-02
5.600000e-01 6.988288e-03
5.650000e-01 4.122838e-03
5.700000e-01 1.533064e-03
5.750000e-01 -6.691028e-04
5.800000e-01 -2.304002e-03
5.850000e-01 -3.301613e-03
5.900000e-01 -3.646438e-03
5.950000e-01 -3.348890e-03
6.000000e-01 -2.450102e-03
6.050000e-01 -1.024756e-03
6.100000e-01 8.807297e-04
6.150000e-01 3.349581e-03
6.200000e-01 6.278339e-03
6.250000e-01 9.439747e-03
6.300000e-01 1.269441e-02
6.350000e-01 1.595693e-02
6.400000e-01 1.916182e-02
6.450000e-01 2.207203e-02
6.500000e-01 2.456740e-02
6.550000e-01 2.672735e-02
6.600000e-01 2.830705e-02
6.650000e-01 2.899220e-02
6.700000e-01 2.899618e-02
6.750000e-01 2.849323e-02
6.800000e-01 2.725658e-02
6.850000e-01 2.525667e-02
6.900000e-01 2.275622e-02
6.950000e-01 2.002335e-02
7.000000e-01 1.697306e-02
7.050000e-01 1.355102e-02
7.100000e-01 1.016071e-02
7.150000e-01 6.921722e-03
7.200000e-01 3.733851e-03
7.250000e-01 9.257530e-04
7.300000e-01 -1.281898e-03
7.350000e-01 -3.137422e-03
7.400000e-01 -4.510895e-03
7.450000e-01 -5.040049e-03
7.500000e-01 -4.782364e-03
7.550000e-01 -3.832993e-03
7.600000e-01 -2.271485e-03
7.650000e-01 -2.151697e-04
7.700000e-01 2.377648e-03
7.750000e-01 5.457498e-03
7.800000e-01 8.769758e-03
7.850000e-01 1.226859e-02
7.900000e-01 1.590838e-02
7.950000e-01 1.941323e-02
8.000000e-01 2.264035e-02
8.050000e-01 2.546579e-02
8.100000e-01 2.779296e-02
8.150000e-01 2.969841e-02
8.200000e-01 3.100997e-02
8.250000e-01 3.150483e-02
8.300000e-01 3.117529e-02
8.350000e-01 3.001712e-02
8.400000e-01 2.821370e-02
8.450000e-01 2.593736e-02
8.500000e-01 2.318299e-02
8.550000e-01 1.998560e-02
8.600000e-01 1.647148e-02
8.650000e-01 1.282306e-02
8.700000e-01 9.288587e-03
8.750000e-01 5.957591e-03
8.800000e-01 2.840806e-03
8.850000e-01 2.351582e-04
8.900000e-01 -1.760159e-03
8.950000e-01 -3.181086e-03
9.000000e-01 -3.927000e-03
9.050000e-01 -4.077952e-03
9.100000e-01 -3.470846e-03
9.150000e-01 -1.956648e-03
9.200000e-01 1.748347e-04
9.250000e-01 2.809342e-03
9.300000e-01 5.910575e-03
9.350000e-01 9.253180e-03
9.400000e-01 1.280162e-02
9.450000e-01 1.650100e-02
9.500000e-01 2.003790e-02
9.550000e-01 2.328254e-02
9.600000e-01 2.623764e-02
9.650000e-01 2.880689e-02
9.700000e-01 3.086064e-02
9.750000e-01 3.223677e-02
9.800000e-01 3.280873e-02
9.850000e-01 3.265290e-02
9.900000e-01 3.191024e-02
9.950000e-01 3.058187e-02
1 2.864036e-02
1.005000e+00 2.614468e-02
1.010000e+00 2.326925e-02
1.015000e+00 2.003613e-02
1.020000e+00 1.636848e-02
1.025000e+00 1.267604e-02
1.030000e+00 9.320916e-03
1.035000e+00 6.259543e-03
1.040000e+00 3.629045e-03
1.045000e+00 1.565847e-03
1.050000e+00 8.508908e-05
1.055000e+00 -8.725689e-04
1.060000e+00 -1.228647e-03
1.065000e+00 -8.211108e-04
1.070000e+00 2.238873e-04
1.075000e+00 1.871369e-03
1.080000e+00 4.291299e-03
1.085000e+00 7.498746e-03
1.090000e+00 1.110633e-02
1.095000e+00 1.468614e-02
1.100000e+00 1.817737e-02
1.105000e+00 2.155554e-02
1.110000e+00 2.478508e-02
1.115000e+00 2.782917e-02
1.120000e+00 3.051625e-02
1.125000e+00 3.261977e-02
1.130000e+00 3.400665e-02
1.135000e+00 3.480025e-02
1.140000e+00 3.494967e-02
1.145000e+00 3.433470e-02
1.150000e+00 3.313344e-02
1.155000e+00 3.134488e-02
1.160000e+00 2.892557e-02
1.165000e+00 2.604939e-02
1.170000e+00 2.289253e-02
1.175000e+00 1.956777e-02
1.180000e+00 1.612453e-02
1.185000e+00 1.279727e-02
1.190000e+00 9.763148e-03
1.195000e+00 6.958539e-03
1.200000e+00 4.542704e-03
1.205000e+00 2.719359e-03
1.210000e+00 1.540536e-03
1.215000e+00 1.029394e-03
1.220000e+00 1.278001e-03
1.225000e+00 2.327846e-03
1.230000e+00 3.909870e-03
1.235000e+00 6.027143e-03
1.240000e+00 8.870660e-03
1.245000e+00 1.217130e-02
1.250000e+00 1.565204e-02
1.255000e+00 1.919981e-02
1.260000e+00 2.267216e-02
1.265000e+00 2.600491e-02
1.270000e+00 2.909898e-02
1.275000e+00 3.183816e-02
1.280000e+00 3.418938e-02
1.285000e+00 3.600906e-02
1.290000e+00 3.714295e-02
1.295000e+00 3.760113e-02
1.300000e+00 3.737393e-02
1.305000e+00 3.634425e-02
1.310000e+00 3.459456e-02
1.315000e+00 3.234622e-02
1.320000e+00 2.963426e-02
1.325000e+00 2.662123e-02
1.330000e+00 2.352844e-02
1.335000e+00 2.028280e-02
1.340000e+00 1.693024e-02
1.345000e+00 1.373523e-02
1.350000e+00 1.088612e-02
1.355000e+00 8.479025e-03
1.360000e+00 6.522121e-03
1.365000e+00 5.015554e-03
1.370000e+00 4.065901e-03
1.375000e+00 3.865357e-03
1.380000e+00 4.457544e-03
1.385000e+00 5.829822e-03
1.390000e+00 7.869282e-03
1.395000e+00 1.031111e-02
1.400000e+00 1.325079e-02
1.405000e+00 1.669362e-02
1.410000e+00 2.027451e-02
1.415000e+00 2.379470e-02
1.420000e+00 2.715684e-02
1.425000e+00 3.029627e-02
1.430000e+00 3.316392e-02
1.435000e+00 3.561910e-02
1.440000e+00 3.753922e-02
1.445000e+00 3.889656e-02
1.450000e+00 3.963401e-02
1.455000e+00 3.972215e-02
1.460000e+00 3.920828e-02
1.465000e+00 3.801695e-02
1.470000e+00 3.615360e-02
1.475000e+00 3.374343e-02
1.480000e+00 3.091293e-02
1.485000e+00 2.777541e-02
1.490000e+00 2.450148e-02
1.495000e+00 2.128671e-02
1.500000e+00 1.813500e-02
1.505000e+00 1.514625e-02
1.510000e+00 1.250613e-02
1.515000e+00 1.036346e-02
1.520000e+00 8.734825e-03
1.525000e+00 7.573173e-03
1.530000e+00 7.126820e-03
1.535000e+00 7.514972e-03
1.540000e+00 8.570413e-03
1.545000e+00 1.032852e-02
1.550000e+00 1.278722e-02
1.555000e+00 1.561233e-02
1.560000e+00 1.858954e-02
1.565000e+00 2.172326e-02
1.570000e+00 2.499669e-02
1.575000e+00 2.836311e-02
1.580000e+00 3.154441e-02
1.585000e+00 3.437716e-02
1.590000e+00 3.703328e-02
1.595000e+00 3.934452e-02
1.600000e+00 4.099818e-02
1.605000e+00 4.201357e-02
1.610000e+00 4.241758e-02
1.615000e+00 4.218173e-02
1.620000e+00 4.132269e-02
1.625000e+00 3.976405e-02
1.630000e+00 3.749606e-02
1.635000e+00 3.461676e-02
1.640000e+00 3.139646e-02
1.645000e+00 2.820093e-02
1.650000e+00 2.497345e-02
1.655000e+00 2.176995e-02
1.660000e+00 1.885603e-02
1.665000e+00 1.624540e-02
1.670000e+00 1.402532e-02
1.675000e+00 1.228666e-02
1.680000e+00 1.107359e-02
1.685000e+00 1.049247e-02
1.690000e+00 1.066308e-02
1.695000e+00 1.148572e-02
1.700000e+00 1.282451e-02
1.705000e+00 1.473595e-02
1.710000e+00 1.726595e-02
1.715000e+00 2.026319e-02
1.720000e+00 2.345820e-02
1.725000e+00 2.671978e-02
1.730000e+00 2.998523e-02
1.735000e+00 3.326066e-02
1.740000e+00 3.649726e-02
1.745000e+00 3.943961e-02
1.750000e+00 4.185495e-02
1.755000e+00 4.366744e-02
1.760000e+00 4.489343e-02
1.765000e+00 4.555176e-02
1.770000e+00 4.559847e-02
1.775000e+00 4.499338e-02
1.780000e+00 4.367713e-02
1.785000e+00 4.169299e-02
1.790000e+00 3.913583e-02
1.795000e+00 3.610923e-02
1.800000e+00 3.279574e-02
1.805000e+00 2.940245e-02
1.810000e+00 2.609902e-02
1.815000e+00 2.292742e-02
1.820000e+00 1.997496e-02
1.825000e+00 1.747249e-02
1.830000e+00 1.565052e-02
1.835000e+00 1.448875e-02
1.840000e+00 1.388486e-02
1.845000e+00 1.385434e-02
1.850000e+00 1.432190e-02
1.855000e+00 1.530572e-02
1.860000e+00 1.698355e-02
1.865000e+00 1.925459e-02
1.870000e+00 2.188262e-02
1.875000e+00 2.487850e-02
1.880000e+00 2.813437e-02
1.885000e+00 3.149981e-02
1.890000e+00 3.500289e-02
1.895000e+00 3.837785e-02
1.900000e+00 4.142540e-02
1.905000e+00 4.408801e-02
1.910000e+00 4.611923e-02
1.915000e+00 4.748230e-02
1.920000e+00 4.836840e-02
1.925000e+00 4.869705e-02
1.930000e+00 4.831192e-02
1.935000e+00 4.728226e-02
1.940000e+00 4.568167e-02
1.945000e+00 4.352735e-02
1.950000e+00 4.084804e-02
1.955000e+00 3.772874e-02
1.960000e+00 3.435136e-02
1.965000e+00 3.092649e-02
1.970000e+00 2.763219e-02
1.975000e+00 2.465542e-02
1.980000e+00 2.203911e-02
1.985000e+00 1.976466e-02
1.990000e+00 1.799483e-02
1.995000e+00 1.682784e-02
2 1.630953e-02
2.005000e+00 1.656700e-02
2.010000e+00 1.754224e-02
2.015000e+00 1.918049e-02
2.020000e+00 2.152278e-02
2.025000e+00 2.437266e-02
2.030000e+00 2.747181e-02
2.035000e+00 3.077207e-02
2.040000e+00 3.418747e-02
2.045000e+00 3.763590e-02
2.050000e+00 4.089538e-02
2.055000e+00 4.375854e-02
2.060000e+00 4.626755e-02
2.065000e+00 4.838316e-02
2.070000e+00 5.001230e-02
2.075000e+00 5.108627e-02
2.080000e+00 5.152912e-02
2.085000e+00 5.128342e-02
2.090000e+00 5.039038e-02
2.095000e+00 4.893871e-02
2.100000e+00 4.704610e-02
2.105000e+00 4.482099e-02
2.110000e+00 4.228726e-02
2.115000e+00 3.944544e-02
2.120000e+00 3.629957e-02
2.125000e+00 3.299965e-02
2.130000e+00 2.984436e-02
2.135000e+00 2.698750e-02
2.140000e+00 2.450329e-02
2.145000e+00 2.243391e-02
2.150000e+00 2.082395e-02
2.155000e+00 1.976055e-02
2.160000e+00 1.923628e-02
2.165000e+00 1.956117e-02
2.170000e+00 2.095036e-02
2.175000e+00 2.303995e-02
2.180000e+00 2.567861e-02
2.185000e+00 2.873083e-02
2.190000e+00 3.201633e-02
2.195000e+00 3.555745e-02
2.200000e+00 3.925476e-02
2.205000e+00 4.294740e-02
2.210000e+00 4.633835e-02
2.215000e+00 4.926571e-02
2.220000e+00 5.177202e-02
2.225000e+00 5.379254e-02
2.230000e+00 5.521959e-02
2.235000e+00 5.584958e-02
2.240000e+00 5.566162e-02
2.245000e+00 5.477677e-02
2.250000e+00 5.324951e-02
2.255000e+00 5.127158e-02
2.260000e+00 4.886083e-02
2.265000e+00 4.600491e-02
2.270000e+00 4.301855e-02
2.275000e+00 4.008850e-02
2.280000e+00 3.703576e-02
2.285000e+00 3.383619e-02
2.290000e+00 3.081251e-02
2.295000e+00 2.817604e-02
2.300000e+00 2.602106e-02
2.305000e+00 2.456893e-02
2.310000e+00 2.383399e-02
2.315000e+00 2.363005e-02
2.320000e+00 2.396499e-02
2.325000e+00 2.487818e-02
2.330000e+00 2.642632e-02
2.335000e+00 2.868227e-02
2.340000e+00 3.148092e-02
2.345000e+00 3.458949e-02
2.350000e+00 3.789174e-02
2.355000e+00 4.130268e-02
2.360000e+00 4.458142e-02
2.365000e+00 4.756522e-02
2.370000e+00 5.028997e-02
2.375000e+00 5.268383e-02
2.380000e+00 5.468340e-02
2.385000e+00 5.631171e-02
2.390000e+00 5.743966e-02
2.395000e+00 5.792627e-02
2.400000e+00 5.772539e-02
2.405000e+00 5.682890e-02
2.410000e+00 5.546166e-02
2.415000e+00 5.376558e-02
2.420000e+00 5.159762e-02
2.425000e+00 4.897105e-02
2.430000e+00 4.601864e-02
2.435000e+00 4.280724e-02
2.440000e+00 3.951620e-02
2.445000e+00 3.635776e-02
2.450000e+00 3.346751e-02
2.455000e+00 3.092998e-02
2.460000e+00 2.885081e-02
2.465000e+00 2.728554e-02
2.470000e+00 2.632713e-02
2.475000e+00 2.613351e-02
2.480000e+00 2.659711e-02
2.485000e+00 2.772123e-02
2.490000e+00 2.967667e-02
2.495000e+00 3.234920e-02
2.500000e+00 3.556645e-02
2.505000e+00 3.920103e-02
2.510000e+00 4.301859e-02
2.515000e+00 4.677405e-02
2.520000e+00 5.028489e-02
2.525000e+00 5.343722e-02
2.530000e+00 5.630699e-02
2.535000e+00 5.881485e-02
2.540000e+00 6.072215e-02
2.545000e+00 6.205599e-02
2.550000e+00 6.276649e-02
2.555000e+00 6.270688e-02
2.560000e+00 6.191642e-02
2.565000e+00 6.049944e-02
2.570000e+00 5.854853e-02
2.575000e+00 5.600128e-02
2.580000e+00 5.291153e-02
2.585000e+00 4.960783e-02
2.590000e+00 4.619245e-02
2.595000e+00 4.280064e-02
2.600000e+00 3.964908e-02
2.605000e+00 3.681810e-02
2.610000e+00 3.439836e-02
2.615000e+00 3.239458e-02
2.620000e+00 3.087056e-02
2.625000e+00 2.991829e-02
2.630000e+00 2.953697e-02
2.635000e+00 2.987453e-02
2.640000e+00 3.108093e-02
2.645000e+00 3.296952e-02
2.650000e+00 3.538526e-02
2.655000e+00 3.828989e-02
2.660000e+00 4.156735e-02
2.665000e+00 4.516266e-02
2.670000e+00 4.888377e-02
2.675000e+00 5.251024e-02
2.680000e+00 5.593840e-02
2.685000e+00 5.901145e-02
2.690000e+00 6.165602e-02
2.695000e+00 6.380765e-02
2.700000e+00 6.532109e-02
2.705000e+00 6.617762e-02
2.710000e+00 6.633587e-02
2.715000e+00 6.559644e-02
2.720000e+00 6.409571e-02
2.725000e+00 6.208181e-02
2.730000e+00 5.964702e-02
2.735000e+00 5.677582e-02
2.740000e+00 5.350043e-02
2.745000e+00 5.011156e-02
2.750000e+00 4.672920e-02
2.755000e+00 4.346311e-02
2.760000e+00 4.049501e-02
2.765000e+00 3.800978e-02
2.770000e+00 3.606468e-02
2.775000e+00 3.459235e-02
2.780000e+00 3.380232e-02
2.785000e+00 3.381078e-02
2.790000e+00 3.447531e-02
2.795000e+00 3.571656e-02
2.800000e+00 3.758537e-02
2.805000e+00 4.005906e-02
2.810000e+00 4.294734e-02
2.815000e+00 4.614451e-02
2.820000e+00 4.945355e-02
2.825000e+00 5.269275e-02
2.830000e+00 5.572522e-02
2.835000e+00 5.840009e-02
2.840000e+00 6.082288e-02
2.845000e+00 6.287213e-02
2.850000e+00 6.436180e-02
2.855000e+00 6.537093e-02
2.860000e+00 6.592846e-02
2.865000e+00 6.607967e-02
2.870000e+00 6.578355e-02
2.875000e+00 6.501626e-02
2.880000e+00 6.383777e-02
2.885000e+00 6.222622e-02
2.890000e+00 6.026292e-02
2.895000e+00 5.808301e-02
2.900000e+00 5.564929e-02
2.905000e+00 5.311294e-02
2.910000e+00 5.061997e-02
2.915000e+00 4.810452e-02
2.920000e+00 4.574034e-02
2.925000e+00 4.370826e-02
2.930000e+00 4.200033e-02
2.935000e+00 4.057394e-02
2.940000e+00 3.959537e-02
2.945000e+00 3.923187e-02
2.950000e+00 3.936914e-02
2.955000e+00 3.995541e-02
2.960000e+00 4.110670e-02
2.965000e+00 4.280622e-02
2.970000e+00 4.494617e-02
2.975000e+00 4.748324e-02
2.980000e+00 5.038041e-02
2.985000e+00 5.353939e-02
2.990000e+00 5.682084e-02
2.995000e+00 6.001430e-02
3 6.297754e-02
