T X
0 0
5.000000e-03 2.949154e-08
1.000000e-02 1.988334e-07
1.500000e-02 3.829808e-07
2.000000e-02 -8.428652e-08
2.500000e-02 -1.172627e-06
3.000000e-02 -1.572328e-06
3.500000e-02 -7.124525e-07
4.000000e-02 8.085726e-07
4.500000e-02 1.988681e-06
5.000000e-02 1.942748e-06
5.500000e-02 2.065352e-06
6.000000e-02 5.312083e-06
6.500000e-02 6.572251e-06
7.000000e-02 -1.334673e-05
7.500000e-02 -4.560528e-05
8.000000e-02 -6.922918e-06
8.500000e-02 1.454689e-04
9.000000e-02 2.363816e-04
9.500000e-02 4.608237e-05
1.000000e-01 -3.160277e-04
1.050000e-01 -5.633031e-04
1.100000e-01 -6.331529e-04
1.150000e-01 -5.240242e-04
1.200000e-01 -1.520631e-04
1.250000e-01 3.833100e-04
1.300000e-01 9.294370e-04
1.350000e-01 1.458566e-03
1.400000e-01 1.860648e-03
1.450000e-01 2.039260e-03
1.500000e-01 1.951067e-03
1.550000e-01 1.477999e-03
1.600000e-01 6.730249e-04
1.650000e-01 -3.249563e-04
1.700000e-01 -1.494899e-03
1.750000e-01 -2.794902e-03
1.800000e-01 -4.163841e-03
1.850000e-01 -5.455759e-03
1.900000e-01 -6.526017e-03
1.950000e-01 -7.309232e-03
2.000000e-01 -7.670302e-03
2.050000e-01 -7.570397e-03
2.100000e-01 -7.010442e-03
2.150000e-01 -5.901771e-03
2.200000e-01 -4.299668e-03
2.250000e-01 -2.291323e-03
2.300000e-01 1.681210e-04
2.350000e-01 3.064153e-03
2.400000e-01 6.267229e-03
2.450000e-01 9.624412e-03
2.500000e-01 1.303927e-02
2.550000e-01 1.641976e-02
2.600000e-01 1.958404e-02
2.650000e-01 2.239543e-02
2.700000e-01 2.481620e-02
2.750000e-01 2.674186e-02
2.800000e-01 2.801905e-02
2.850000e-01 2.865244e-02
2.900000e-01 2.867014e-02
2.950000e-01 2.801579e-02
3.000000e-01 2.669995e-02
3.050000e-01 2.473386e-02
3.100000e-01 2.220496e-02
3.150000e-01 1.930593e-02
3.200000e-01 1.613832e-02
3.250000e-01 1.278550e-02
3.300000e-01 9.381815e-03
3.350000e-01 6.106162e-03
3.400000e-01 3.128203e-03
3.450000e-01 4.875916e-04
3.500000e-01 -1.728319e-03
3.550000e-01 -3.392314e-03
3.600000e-01 -4.485625e-03
3.650000e-01 -4.928236e-03
3.700000e-01 -4.647559e-03
3.750000e-01 -3.674096e-03
3.800000e-01 -2.061489e-03
3.850000e-01 9.747343e-05
3.900000e-01 2.700033e-03
3.950000e-01 5.657879e-03
4.000000e-01 8.905813e-03
4.050000e-01 1.234526e-02
4.100000e-01 1.580275e-02
4.150000e-01 1.908861e-02
4.200000e-01 2.207038e-02
4.250000e-01 2.468518e-02
4.300000e-01 2.684554e-02
4.350000e-01 2.845146e-02
4.400000e-01 2.939890e-02
4.450000e-01 2.960464e-02
4.500000e-01 2.911010e-02
4.550000e-01 2.797598e-02
4.600000e-01 2.622094e-02
4.650000e-01 2.390076e-02
4.700000e-01 2.112061e-02
4.750000e-01 1.801507e-02
4.800000e-01 1.468896e-02
4.850000e-01 1.127956e-02
4.900000e-01 7.920512e-03
4.950000e-01 4.700010e-03
5.000000e-01 1.787974e-03
5.050000e-01 -6.803525e-04
5.100000e-01 -2.614862e-03
5.150000e-01 -3.910766e-03
5.200000e-01 -4.520844e-03
5.250000e-01 -4.436192e-03
5.300000e-01 -3.674956e-03
5.350000e-01 -2.264968e-03
5.400000e-01 -2.133773e-04
5.450000e-01 2.396410e-03
5.500000e-01 5.383570e-03
5.550000e-01 8.667587e-03
5.600000e-01 1.215708e-02
5.650000e-01 1.566500e-02
5.700000e-01 1.907565e-02
5.750000e-01 2.227024e-02
5.800000e-01 2.508565e-02
5.850000e-01 2.741958e-02
5.900000e-01 2.920470e-02
5.950000e-01 3.035390e-02
6.000000e-01 3.083812e-02
6.050000e-01 3.065138e-02
6.100000e-01 2.976562e-02
6.150000e-01 2.819706e-02
6.200000e-01 2.603067e-02
6.250000e-01 2.337546e-02
6.300000e-01 2.034750e-02
6.350000e-01 1.705608e-02
6.400000e-01 1.360766e-02
6.450000e-01 1.018454e-02
6.500000e-01 6.941763e-03
6.550000e-01 3.981383e-03
6.600000e-01 1.433134e-03
6.650000e-01 -6.108249e-04
6.700000e-01 -2.082608e-03
6.750000e-01 -2.871893e-03
6.800000e-01 -2.933474e-03
6.850000e-01 -2.304964e-03
6.900000e-01 -9.916110e-04
6.950000e-01 9.804193e-04
7.000000e-01 3.512553e-03
7.050000e-01 6.480190e-03
7.100000e-01 9.787064e-03
7.150000e-01 1.332662e-02
7.200000e-01 1.692495e-02
7.250000e-01 2.041293e-02
7.300000e-01 2.371114e-02
7.350000e-01 2.671008e-02
7.400000e-01 2.922917e-02
7.450000e-01 3.116224e-02
7.500000e-01 3.247553e-02
7.550000e-01 3.315867e-02
7.600000e-01 3.312971e-02
7.650000e-01 3.233273e-02
7.700000e-01 3.086703e-02
7.750000e-01 2.884583e-02
7.800000e-01 2.634131e-02
7.850000e-01 2.340637e-02
7.900000e-01 2.010870e-02
7.950000e-01 1.662012e-02
8.000000e-01 1.312993e-02
8.050000e-01 9.779019e-03
8.100000e-01 6.714411e-03
8.150000e-01 4.000048e-03
8.200000e-01 1.721471e-03
8.250000e-01 6.463585e-05
8.300000e-01 -8.507258e-04
8.350000e-01 -1.038628e-03
8.400000e-01 -5.345859e-04
8.450000e-01 6.407478e-04
8.500000e-01 2.428814e-03
8.550000e-01 4.788325e-03
8.600000e-01 7.657578e-03
8.650000e-01 1.091910e-02
8.700000e-01 1.442236e-02
8.750000e-01 1.802493e-02
8.800000e-01 2.158547e-02
8.850000e-01 2.497287e-02
8.900000e-01 2.807813e-02
8.950000e-01 3.074456e-02
9.000000e-01 3.289326e-02
9.050000e-01 3.448514e-02
9.100000e-01 3.539257e-02
9.150000e-01 3.552440e-02
9.200000e-01 3.489018e-02
9.250000e-01 3.362294e-02
9.300000e-01 3.185037e-02
9.350000e-01 2.952789e-02
9.400000e-01 2.665744e-02
9.450000e-01 2.339930e-02
9.500000e-01 1.991913e-02
9.550000e-01 1.635922e-02
9.600000e-01 1.291417e-02
9.650000e-01 9.781920e-03
9.700000e-01 6.973700e-03
9.750000e-01 4.500149e-03
9.800000e-01 2.601340e-03
9.850000e-01 1.426182e-03
9.900000e-01 9.141753e-04
9.950000e-01 1.070279e-03
1 1.940019e-03
1.005000e+00 3.553683e-03
1.010000e+00 5.859571e-03
1.015000e+00 8.659288e-03
1.020000e+00 1.177786e-02
1.025000e+00 1.511375e-02
1.030000e+00 1.860866e-02
1.035000e+00 2.220170e-02
1.040000e+00 2.578228e-02
1.045000e+00 2.914348e-02
1.050000e+00 3.207113e-02
1.055000e+00 3.442136e-02
1.060000e+00 3.609663e-02
1.065000e+00 3.713136e-02
1.070000e+00 3.757526e-02
1.075000e+00 3.736384e-02
1.080000e+00 3.642810e-02
1.085000e+00 3.477524e-02
1.090000e+00 3.248650e-02
1.095000e+00 2.971842e-02
1.100000e+00 2.662032e-02
1.105000e+00 2.327320e-02
1.110000e+00 1.978807e-02
1.115000e+00 1.633139e-02
1.120000e+00 1.300998e-02
1.125000e+00 9.962443e-03
1.130000e+00 7.416942e-03
1.135000e+00 5.477273e-03
1.140000e+00 4.126819e-03
1.145000e+00 3.379446e-03
1.150000e+00 3.286659e-03
1.155000e+00 3.882296e-03
1.160000e+00 5.195410e-03
1.165000e+00 7.217732e-03
1.170000e+00 9.834540e-03
1.175000e+00 1.290490e-02
1.180000e+00 1.631679e-02
1.185000e+00 1.989591e-02
1.190000e+00 2.344965e-02
1.195000e+00 2.688529e-02
1.200000e+00 3.013741e-02
1.205000e+00 3.308342e-02
1.210000e+00 3.562033e-02
1.215000e+00 3.769673e-02
1.220000e+00 3.918687e-02
1.225000e+00 3.995499e-02
1.230000e+00 3.993673e-02
1.235000e+00 3.911571e-02
1.240000e+00 3.757546e-02
1.245000e+00 3.545281e-02
1.250000e+00 3.287850e-02
1.255000e+00 2.991325e-02
1.260000e+00 2.662477e-02
1.265000e+00 2.319084e-02
1.270000e+00 1.975147e-02
1.275000e+00 1.639488e-02
1.280000e+00 1.325714e-02
1.285000e+00 1.047200e-02
1.290000e+00 8.165349e-03
1.295000e+00 6.489092e-03
1.300000e+00 5.527049e-03
1.305000e+00 5.271633e-03
1.310000e+00 5.704471e-03
1.315000e+00 6.806642e-03
1.320000e+00 8.553108e-03
1.325000e+00 1.089438e-02
1.330000e+00 1.376656e-02
1.335000e+00 1.707156e-02
1.340000e+00 2.059675e-02
1.345000e+00 2.418387e-02
1.350000e+00 2.779375e-02
1.355000e+00 3.124863e-02
1.360000e+00 3.434480e-02
1.365000e+00 3.703735e-02
1.370000e+00 3.924050e-02
1.375000e+00 4.084811e-02
1.380000e+00 4.184980e-02
1.385000e+00 4.221323e-02
1.390000e+00 4.187824e-02
1.395000e+00 4.081388e-02
1.400000e+00 3.903480e-02
1.405000e+00 3.657874e-02
1.410000e+00 3.356239e-02
1.415000e+00 3.020440e-02
1.420000e+00 2.669625e-02
1.425000e+00 2.322192e-02
1.430000e+00 1.990206e-02
1.435000e+00 1.681007e-02
1.440000e+00 1.403778e-02
1.445000e+00 1.163580e-02
1.450000e+00 9.686894e-03
1.455000e+00 8.274637e-03
1.460000e+00 7.488800e-03
1.465000e+00 7.458804e-03
1.470000e+00 8.250102e-03
1.475000e+00 9.800961e-03
1.480000e+00 1.198546e-02
1.485000e+00 1.474255e-02
1.490000e+00 1.791684e-02
1.495000e+00 2.134678e-02
1.500000e+00 2.499776e-02
1.505000e+00 2.865519e-02
1.510000e+00 3.210137e-02
1.515000e+00 3.530415e-02
1.520000e+00 3.815475e-02
1.525000e+00 4.051990e-02
1.530000e+00 4.236158e-02
1.535000e+00 4.359773e-02
1.540000e+00 4.415429e-02
1.545000e+00 4.405788e-02
1.550000e+00 4.332237e-02
1.555000e+00 4.190932e-02
1.560000e+00 3.983392e-02
1.565000e+00 3.718271e-02
1.570000e+00 3.406500e-02
1.575000e+00 3.063541e-02
1.580000e+00 2.702139e-02
1.585000e+00 2.338928e-02
1.590000e+00 1.997917e-02
1.595000e+00 1.694627e-02
1.600000e+00 1.436278e-02
1.605000e+00 1.228720e-02
1.610000e+00 1.081669e-02
1.615000e+00 1.001601e-02
1.620000e+00 9.854899e-03
1.625000e+00 1.033713e-02
1.630000e+00 1.150902e-02
1.635000e+00 1.334912e-02
1.640000e+00 1.577566e-02
1.645000e+00 1.865263e-02
1.650000e+00 2.187936e-02
1.655000e+00 2.537216e-02
1.660000e+00 2.898578e-02
1.665000e+00 3.257218e-02
1.670000e+00 3.598279e-02
1.675000e+00 3.911826e-02
1.680000e+00 4.185298e-02
1.685000e+00 4.403424e-02
1.690000e+00 4.558072e-02
1.695000e+00 4.643808e-02
1.700000e+00 4.658180e-02
1.705000e+00 4.605193e-02
1.710000e+00 4.483701e-02
1.715000e+00 4.291470e-02
1.720000e+00 4.041484e-02
1.725000e+00 3.745754e-02
1.730000e+00 3.416241e-02
1.735000e+00 3.069560e-02
1.740000e+00 2.714157e-02
1.745000e+00 2.363124e-02
1.750000e+00 2.038330e-02
1.755000e+00 1.751291e-02
1.760000e+00 1.516052e-02
1.765000e+00 1.348008e-02
1.770000e+00 1.245860e-02
1.775000e+00 1.208480e-02
1.780000e+00 1.237782e-02
1.785000e+00 1.333074e-02
1.790000e+00 1.487536e-02
1.795000e+00 1.689927e-02
1.800000e+00 1.939285e-02
1.805000e+00 2.235705e-02
1.810000e+00 2.562742e-02
1.815000e+00 2.907704e-02
1.820000e+00 3.268702e-02
1.825000e+00 3.632458e-02
1.830000e+00 3.977490e-02
1.835000e+00 4.285268e-02
1.840000e+00 4.536638e-02
1.845000e+00 4.720191e-02
1.850000e+00 4.835666e-02
1.855000e+00 4.878632e-02
1.860000e+00 4.848780e-02
1.865000e+00 4.744740e-02
1.870000e+00 4.564119e-02
1.875000e+00 4.322011e-02
1.880000e+00 4.037454e-02
1.885000e+00 3.721867e-02
1.890000e+00 3.385240e-02
1.895000e+00 3.040372e-02
1.900000e+00 2.701718e-02
1.905000e+00 2.383968e-02
1.910000e+00 2.100904e-02
1.915000e+00 1.861369e-02
1.920000e+00 1.667980e-02
1.925000e+00 1.526760e-02
1.930000e+00 1.445213e-02
1.935000e+00 1.427522e-02
1.940000e+00 1.476800e-02
1.945000e+00 1.590755e-02
1.950000e+00 1.766068e-02
1.955000e+00 2.003782e-02
1.960000e+00 2.296431e-02
1.965000e+00 2.629881e-02
1.970000e+00 2.992339e-02
1.975000e+00 3.363561e-02
1.980000e+00 3.724881e-02
1.985000e+00 4.067262e-02
1.990000e+00 4.379566e-02
1.995000e+00 4.650561e-02
2 4.865364e-02
2.005000e+00 5.007485e-02
2.010000e+00 5.071419e-02
2.015000e+00 5.059241e-02
2.020000e+00 4.974051e-02
2.025000e+00 4.822332e-02
2.030000e+00 4.616083e-02
2.035000e+00 4.361075e-02
2.040000e+00 4.059460e-02
2.045000e+00 3.723178e-02
2.050000e+00 3.371779e-02
2.055000e+00 3.028013e-02
2.060000e+00 2.707036e-02
2.065000e+00 2.411401e-02
2.070000e+00 2.144106e-02
2.075000e+00 1.915586e-02
2.080000e+00 1.736414e-02
2.085000e+00 1.619043e-02
2.090000e+00 1.574184e-02
2.095000e+00 1.600680e-02
2.100000e+00 1.697511e-02
2.105000e+00 1.864285e-02
2.110000e+00 2.090245e-02
2.115000e+00 2.363743e-02
2.120000e+00 2.679410e-02
2.125000e+00 3.029619e-02
2.130000e+00 3.398673e-02
2.135000e+00 3.765315e-02
2.140000e+00 4.112736e-02
2.145000e+00 4.432238e-02
2.150000e+00 4.712637e-02
2.155000e+00 4.937494e-02
2.160000e+00 5.098080e-02
2.165000e+00 5.193812e-02
2.170000e+00 5.223409e-02
2.175000e+00 5.186550e-02
2.180000e+00 5.078526e-02
2.185000e+00 4.900651e-02
2.190000e+00 4.669550e-02
2.195000e+00 4.400534e-02
2.200000e+00 4.098396e-02
2.205000e+00 3.767430e-02
2.210000e+00 3.421274e-02
2.215000e+00 3.072769e-02
2.220000e+00 2.737010e-02
2.225000e+00 2.435001e-02
2.230000e+00 2.180648e-02
2.235000e+00 1.980080e-02
2.240000e+00 1.838697e-02
2.245000e+00 1.762093e-02
2.250000e+00 1.754713e-02
2.255000e+00 1.819241e-02
2.260000e+00 1.955163e-02
2.265000e+00 2.160225e-02
2.270000e+00 2.424226e-02
2.275000e+00 2.733888e-02
2.280000e+00 3.079699e-02
2.285000e+00 3.443202e-02
2.290000e+00 3.803119e-02
2.295000e+00 4.150640e-02
2.300000e+00 4.481404e-02
2.305000e+00 4.782409e-02
2.310000e+00 5.039276e-02
2.315000e+00 5.236060e-02
2.320000e+00 5.360357e-02
2.325000e+00 5.412904e-02
2.330000e+00 5.390000e-02
2.335000e+00 5.287112e-02
2.340000e+00 5.114548e-02
2.345000e+00 4.892212e-02
2.350000e+00 4.629263e-02
2.355000e+00 4.327284e-02
2.360000e+00 3.998941e-02
2.365000e+00 3.658549e-02
2.370000e+00 3.318256e-02
2.375000e+00 2.991461e-02
2.380000e+00 2.693189e-02
2.385000e+00 2.439759e-02
2.390000e+00 2.241532e-02
2.395000e+00 2.101966e-02
2.400000e+00 2.019644e-02
2.405000e+00 1.992604e-02
2.410000e+00 2.027236e-02
2.415000e+00 2.124660e-02
2.420000e+00 2.276679e-02
2.425000e+00 2.482389e-02
2.430000e+00 2.741615e-02
2.435000e+00 3.044629e-02
2.440000e+00 3.375566e-02
2.445000e+00 3.723307e-02
2.450000e+00 4.077078e-02
2.455000e+00 4.419761e-02
2.460000e+00 4.733664e-02
2.465000e+00 5.009347e-02
2.470000e+00 5.246931e-02
2.475000e+00 5.437718e-02
2.480000e+00 5.563278e-02
2.485000e+00 5.612836e-02
2.490000e+00 5.580409e-02
2.495000e+00 5.471072e-02
2.500000e+00 5.295404e-02
2.505000e+00 5.050232e-02
2.510000e+00 4.747815e-02
2.515000e+00 4.411684e-02
2.520000e+00 4.049717e-02
2.525000e+00 3.675443e-02
2.530000e+00 3.306178e-02
2.535000e+00 2.954344e-02
2.540000e+00 2.635846e-02
2.545000e+00 2.364652e-02
2.550000e+00 2.154280e-02
2.555000e+00 2.015980e-02
2.560000e+00 1.955457e-02
2.565000e+00 1.977839e-02
2.570000e+00 2.084613e-02
2.575000e+00 2.266356e-02
2.580000e+00 2.510127e-02
2.585000e+00 2.807450e-02
2.590000e+00 3.143353e-02
2.595000e+00 3.505926e-02
2.600000e+00 3.884710e-02
2.605000e+00 4.257425e-02
2.610000e+00 4.607762e-02
2.615000e+00 4.922965e-02
2.620000e+00 5.192300e-02
2.625000e+00 5.410301e-02
2.630000e+00 5.566347e-02
2.635000e+00 5.648927e-02
2.640000e+00 5.657289e-02
2.645000e+00 5.604456e-02
2.650000e+00 5.492538e-02
2.655000e+00 5.314278e-02
2.660000e+00 5.080660e-02
2.665000e+00 4.805403e-02
2.670000e+00 4.494485e-02
2.675000e+00 4.164786e-02
2.680000e+00 3.837898e-02
2.685000e+00 3.525260e-02
2.690000e+00 3.236029e-02
2.695000e+00 2.978688e-02
2.700000e+00 2.758349e-02
2.705000e+00 2.578479e-02
2.710000e+00 2.442736e-02
2.715000e+00 2.358751e-02
2.720000e+00 2.335231e-02
2.725000e+00 2.374147e-02
2.730000e+00 2.472250e-02
2.735000e+00 2.630346e-02
2.740000e+00 2.841934e-02
2.745000e+00 3.094304e-02
2.750000e+00 3.383445e-02
2.755000e+00 3.700172e-02
2.760000e+00 4.026717e-02
2.765000e+00 4.351877e-02
2.770000e+00 4.669227e-02
2.775000e+00 4.968336e-02
2.780000e+00 5.238714e-02
2.785000e+00 5.470294e-02
2.790000e+00 5.650973e-02
2.795000e+00 5.769337e-02
2.800000e+00 5.817709e-02
2.805000e+00 5.792123e-02
2.810000e+00 5.693983e-02
2.815000e+00 5.530351e-02
2.820000e+00 5.302219e-02
2.825000e+00 5.013137e-02
2.830000e+00 4.679117e-02
2.835000e+00 4.318503e-02
2.840000e+00 3.949636e-02
2.845000e+00 3.589605e-02
2.850000e+00 3.251365e-02
2.855000e+00 2.944464e-02
2.860000e+00 2.678304e-02
2.865000e+00 2.463217e-02
2.870000e+00 2.308990e-02
2.875000e+00 2.227569e-02
2.880000e+00 2.225372e-02
2.885000e+00 2.296751e-02
2.890000e+00 2.441012e-02
2.895000e+00 2.662139e-02
2.900000e+00 2.948620e-02
2.905000e+00 3.281984e-02
2.910000e+00 3.652138e-02
2.915000e+00 4.046544e-02
2.920000e+00 4.442787e-02
2.925000e+00 4.822803e-02
2.930000e+00 5.169751e-02
2.935000e+00 5.465867e-02
2.940000e+00 5.703371e-02
2.945000e+00 5.878461e-02
2.950000e+00 5.989665e-02
2.955000e+00 6.031549e-02
2.960000e+00 5.996475e-02
2.965000e+00 5.887738e-02
2.970000e+00 5.705788e-02
2.975000e+00 5.446732e-02
2.980000e+00 5.128981e-02
2.985000e+00 4.778519e-02
2.990000e+00 4.407965e-02
2.995000e+00 4.032898e-02
3 3.670845e-02
