T X
0 0
5.000000e-03 4.440062e-07
1.000000e-02 3.383258e-06
1.500000e-02 1.010340e-05
2.000000e-02 1.464537e-05
2.500000e-02 1.133318e-05
3.000000e-02 8.973103e-06
3.500000e-02 9.722426e-06
4.000000e-02 -7.795551e-06
4.500000e-02 -4.902055e-05
5.000000e-02 -8.920628e-05
5.500000e-02 -1.126306e-04
6.000000e-02 -1.294575e-04
6.500000e-02 -1.537801e-04
7.000000e-02 -1.679081e-04
7.500000e-02 -1.423647e-04
8.000000e-02 -8.842855e-05
8.500000e-02 -3.879297e-05
9.000000e-02 -1.262574e-05
9.500000e-02 -2.639714e-06
1.000000e-01 1.149733e-05
1.050000e-01 2.835792e-05
1.100000e-01 3.471313e-05
1.150000e-01 4.412419e-06
1.200000e-01 -5.346277e-05
1.250000e-01 -6.622267e-05
1.300000e-01 -3.449304e-05
1.350000e-01 -1.126639e-05
1.400000e-01 3.642055e-06
1.450000e-01 5.561683e-06
1.500000e-01 -5.807912e-06
1.550000e-01 6.355238e-07
1.600000e-01 5.480073e-05
1.650000e-01 1.094768e-04
1.700000e-01 2.712125e-05
1.750000e-01 -1.819144e-04
1.800000e-01 -2.907754e-04
1.850000e-01 -1.373756e-04
1.900000e-01 1.705050e-04
1.950000e-01 3.888494e-04
2.000000e-01 4.242903e-04
2.050000e-01 2.829938e-04
2.100000e-01 -6.784318e-05
2.150000e-01 -5.300585e-04
2.200000e-01 -8.732591e-04
2.250000e-01 -9.976477e-04
2.300000e-01 -9.041935e-04
2.350000e-01 -5.125848e-04
2.400000e-01 1.288450e-04
2.450000e-01 7.896065e-04
2.500000e-01 1.356807e-03
2.550000e-01 1.723713e-03
2.600000e-01 1.763560e-03
2.650000e-01 1.504702e-03
2.700000e-01 9.287871e-04
2.750000e-01 5.042643e-05
2.800000e-01 -9.633760e-04
2.850000e-01 -1.995970e-03
2.900000e-01 -2.857633e-03
2.950000e-01 -3.369829e-03
3.000000e-01 -3.581140e-03
3.050000e-01 -3.451356e-03
3.100000e-01 -2.864806e-03
3.150000e-01 -1.909085e-03
3.200000e-01 -6.718913e-04
3.250000e-01 7.943935e-04
3.300000e-01 2.340349e-03
3.350000e-01 3.885373e-03
3.400000e-01 5.358176e-03
3.450000e-01 6.601139e-03
3.500000e-01 7.490159e-03
3.550000e-01 7.950335e-03
3.600000e-01 7.967250e-03
3.650000e-01 7.513593e-03
3.700000e-01 6.503400e-03
3.750000e-01 4.929201e-03
3.800000e-01 2.925635e-03
3.850000e-01 5.537138e-04
3.900000e-01 -2.114831e-03
3.950000e-01 -4.794979e-03
4.000000e-01 -7.461326e-03
4.050000e-01 -1.015488e-02
4.100000e-01 -1.263731e-02
4.150000e-01 -1.474699e-02
4.200000e-01 -1.635977e-02
4.250000e-01 -1.746690e-02
4.300000e-01 -1.804831e-02
4.350000e-01 -1.796868e-02
4.400000e-01 -1.721293e-02
4.450000e-01 -1.584192e-02
4.500000e-01 -1.391546e-02
4.550000e-01 -1.132135e-02
4.600000e-01 -8.139339e-03
4.650000e-01 -4.585231e-03
4.700000e-01 -6.405130e-04
4.750000e-01 3.511565e-03
4.800000e-01 7.627370e-03
4.850000e-01 1.157940e-02
4.900000e-01 1.521626e-02
4.950000e-01 1.840151e-02
5.000000e-01 2.105065e-02
5.050000e-01 2.318320e-02
5.100000e-01 2.468856e-02
5.150000e-01 2.542111e-02
5.200000e-01 2.536408e-02
5.250000e-01 2.455271e-02
5.300000e-01 2.314834e-02
5.350000e-01 2.125808e-02
5.400000e-01 1.888110e-02
5.450000e-01 1.608579e-02
5.500000e-01 1.296452e-02
5.550000e-01 9.639284e-03
5.600000e-01 6.273771e-03
5.650000e-01 2.994264e-03
5.700000e-01 -2.773209e-05
5.750000e-01 -2.601926e-03
5.800000e-01 -4.583656e-03
5.850000e-01 -5.854676e-03
5.900000e-01 -6.420177e-03
5.950000e-01 -6.271840e-03
6.000000e-01 -5.401796e-03
6.050000e-01 -3.931231e-03
6.100000e-01 -1.871482e-03
6.150000e-01 7.922252e-04
6.200000e-01 3.913444e-03
6.250000e-01 7.316172e-03
6.300000e-01 1.084526e-02
6.350000e-01 1.441294e-02
6.400000e-01 1.786186e-02
6.450000e-01 2.099157e-02
6.500000e-01 2.378621e-02
6.550000e-01 2.619364e-02
6.600000e-01 2.802995e-02
6.650000e-01 2.909710e-02
6.700000e-01 2.944392e-02
6.750000e-01 2.919072e-02
6.800000e-01 2.817096e-02
6.850000e-01 2.636707e-02
6.900000e-01 2.396094e-02
6.950000e-01 2.107421e-02
7.000000e-01 1.779986e-02
7.050000e-01 1.429201e-02
7.100000e-01 1.071613e-02
7.150000e-01 7.074129e-03
7.200000e-01 3.567001e-03
7.250000e-01 5.541975e-04
7.300000e-01 -1.991502e-03
7.350000e-01 -4.137297e-03
7.400000e-01 -5.712601e-03
7.450000e-01 -6.527271e-03
7.500000e-01 -6.411071e-03
7.550000e-01 -5.441898e-03
7.600000e-01 -3.915734e-03
7.650000e-01 -1.858448e-03
7.700000e-01 8.549176e-04
7.750000e-01 4.090980e-03
7.800000e-01 7.710684e-03
7.850000e-01 1.158724e-02
7.900000e-01 1.539681e-02
7.950000e-01 1.900652e-02
8.000000e-01 2.241804e-02
8.050000e-01 2.536225e-02
8.100000e-01 2.775377e-02
8.150000e-01 2.976529e-02
8.200000e-01 3.121740e-02
8.250000e-01 3.182108e-02
8.300000e-01 3.157331e-02
8.350000e-01 3.058268e-02
8.400000e-01 2.896714e-02
8.450000e-01 2.677497e-02
8.500000e-01 2.401518e-02
8.550000e-01 2.081952e-02
8.600000e-01 1.731532e-02
8.650000e-01 1.364321e-02
8.700000e-01 9.989225e-03
8.750000e-01 6.461342e-03
8.800000e-01 3.266417e-03
8.850000e-01 5.851771e-04
8.900000e-01 -1.683035e-03
8.950000e-01 -3.446331e-03
9.000000e-01 -4.541066e-03
9.050000e-01 -5.034956e-03
9.100000e-01 -4.728162e-03
9.150000e-01 -3.542766e-03
9.200000e-01 -1.690039e-03
9.250000e-01 7.619020e-04
9.300000e-01 3.646062e-03
9.350000e-01 6.872910e-03
9.400000e-01 1.051761e-02
9.450000e-01 1.439540e-02
9.500000e-01 1.820847e-02
9.550000e-01 2.180811e-02
9.600000e-01 2.514680e-02
9.650000e-01 2.812316e-02
9.700000e-01 3.061911e-02
9.750000e-01 3.249183e-02
9.800000e-01 3.355368e-02
9.850000e-01 3.386715e-02
9.900000e-01 3.351023e-02
9.950000e-01 3.239344e-02
1 3.062947e-02
1.005000e+00 2.841234e-02
1.010000e+00 2.570872e-02
1.015000e+00 2.244691e-02
1.020000e+00 1.875282e-02
1.025000e+00 1.494876e-02
1.030000e+00 1.135397e-02
1.035000e+00 8.025418e-03
1.040000e+00 4.967787e-03
1.045000e+00 2.394275e-03
1.050000e+00 3.634199e-04
1.055000e+00 -1.182378e-03
1.060000e+00 -2.099007e-03
1.065000e+00 -2.330009e-03
1.070000e+00 -1.889709e-03
1.075000e+00 -7.450485e-04
1.080000e+00 1.232284e-03
1.085000e+00 4.118283e-03
1.090000e+00 7.536520e-03
1.095000e+00 1.110427e-02
1.100000e+00 1.471769e-02
1.105000e+00 1.832510e-02
1.110000e+00 2.196427e-02
1.115000e+00 2.563740e-02
1.120000e+00 2.904877e-02
1.125000e+00 3.182518e-02
1.130000e+00 3.391469e-02
1.135000e+00 3.533976e-02
1.140000e+00 3.606111e-02
1.145000e+00 3.608233e-02
1.150000e+00 3.544954e-02
1.155000e+00 3.419947e-02
1.160000e+00 3.214379e-02
1.165000e+00 2.932609e-02
1.170000e+00 2.616271e-02
1.175000e+00 2.291341e-02
1.180000e+00 1.957418e-02
1.185000e+00 1.613016e-02
1.190000e+00 1.267676e-02
1.195000e+00 9.254034e-03
1.200000e+00 6.170914e-03
1.205000e+00 3.757660e-03
1.210000e+00 1.963621e-03
1.215000e+00 8.167911e-04
1.220000e+00 3.766303e-04
1.225000e+00 5.401699e-04
1.230000e+00 1.306012e-03
1.235000e+00 2.878162e-03
1.240000e+00 5.295428e-03
1.245000e+00 8.307177e-03
1.250000e+00 1.164518e-02
1.255000e+00 1.520282e-02
1.260000e+00 1.893405e-02
1.265000e+00 2.263207e-02
1.270000e+00 2.617471e-02
1.275000e+00 2.957232e-02
1.280000e+00 3.259192e-02
1.285000e+00 3.511819e-02
1.290000e+00 3.714708e-02
1.295000e+00 3.838029e-02
1.300000e+00 3.877188e-02
1.305000e+00 3.835143e-02
1.310000e+00 3.714363e-02
1.315000e+00 3.535315e-02
1.320000e+00 3.303071e-02
1.325000e+00 3.035833e-02
1.330000e+00 2.734792e-02
1.335000e+00 2.395003e-02
1.340000e+00 2.040621e-02
1.345000e+00 1.679165e-02
1.350000e+00 1.335399e-02
1.355000e+00 1.040436e-02
1.360000e+00 7.894781e-03
1.365000e+00 5.884956e-03
1.370000e+00 4.411367e-03
1.375000e+00 3.418470e-03
1.380000e+00 3.127358e-03
1.385000e+00 3.630936e-03
1.390000e+00 4.845550e-03
1.395000e+00 6.800694e-03
1.400000e+00 9.458668e-03
1.405000e+00 1.268676e-02
1.410000e+00 1.622924e-02
1.415000e+00 1.991840e-02
1.420000e+00 2.369474e-02
1.425000e+00 2.729294e-02
1.430000e+00 3.062054e-02
1.435000e+00 3.362343e-02
1.440000e+00 3.608732e-02
1.445000e+00 3.812321e-02
1.450000e+00 3.978091e-02
1.455000e+00 4.081259e-02
1.460000e+00 4.104854e-02
1.465000e+00 4.046268e-02
1.470000e+00 3.908325e-02
1.475000e+00 3.693059e-02
1.480000e+00 3.421586e-02
1.485000e+00 3.122767e-02
1.490000e+00 2.808997e-02
1.495000e+00 2.487470e-02
1.500000e+00 2.157295e-02
1.505000e+00 1.821922e-02
1.510000e+00 1.499977e-02
1.515000e+00 1.206196e-02
1.520000e+00 9.512522e-03
1.525000e+00 7.550649e-03
1.530000e+00 6.385987e-03
1.535000e+00 6.046233e-03
1.540000e+00 6.460292e-03
1.545000e+00 7.639859e-03
1.550000e+00 9.586607e-03
1.555000e+00 1.201147e-02
1.560000e+00 1.467023e-02
1.565000e+00 1.771117e-02
1.570000e+00 2.111883e-02
1.575000e+00 2.462921e-02
1.580000e+00 2.807135e-02
1.585000e+00 3.140769e-02
1.590000e+00 3.467735e-02
1.595000e+00 3.770034e-02
1.600000e+00 4.022514e-02
1.605000e+00 4.215358e-02
1.610000e+00 4.335006e-02
1.615000e+00 4.385579e-02
1.620000e+00 4.365079e-02
1.625000e+00 4.249512e-02
1.630000e+00 4.052687e-02
1.635000e+00 3.802970e-02
1.640000e+00 3.516992e-02
1.645000e+00 3.206354e-02
1.650000e+00 2.878476e-02
1.655000e+00 2.541660e-02
1.660000e+00 2.206608e-02
1.665000e+00 1.898731e-02
1.670000e+00 1.621791e-02
1.675000e+00 1.372766e-02
1.680000e+00 1.180580e-02
1.685000e+00 1.049870e-02
1.690000e+00 9.742034e-03
1.695000e+00 9.727018e-03
1.700000e+00 1.048162e-02
1.705000e+00 1.181662e-02
1.710000e+00 1.377941e-02
1.715000e+00 1.640040e-02
1.720000e+00 1.943625e-02
1.725000e+00 2.285370e-02
1.730000e+00 2.649041e-02
1.735000e+00 3.014088e-02
1.740000e+00 3.375235e-02
1.745000e+00 3.710824e-02
1.750000e+00 4.009288e-02
1.755000e+00 4.261874e-02
1.760000e+00 4.460484e-02
1.765000e+00 4.609556e-02
1.770000e+00 4.690682e-02
1.775000e+00 4.693502e-02
1.780000e+00 4.632196e-02
1.785000e+00 4.490864e-02
1.790000e+00 4.265513e-02
1.795000e+00 3.980103e-02
1.800000e+00 3.658154e-02
1.805000e+00 3.322538e-02
1.810000e+00 2.976666e-02
1.815000e+00 2.622260e-02
1.820000e+00 2.282548e-02
1.825000e+00 1.978453e-02
1.830000e+00 1.726193e-02
1.835000e+00 1.534229e-02
1.840000e+00 1.395225e-02
1.845000e+00 1.320845e-02
1.850000e+00 1.306675e-02
1.855000e+00 1.334153e-02
1.860000e+00 1.424372e-02
1.865000e+00 1.585458e-02
1.870000e+00 1.808476e-02
1.875000e+00 2.085914e-02
1.880000e+00 2.405295e-02
1.885000e+00 2.764648e-02
1.890000e+00 3.143860e-02
1.895000e+00 3.522364e-02
1.900000e+00 3.892154e-02
1.905000e+00 4.228191e-02
1.910000e+00 4.512402e-02
1.915000e+00 4.728809e-02
1.920000e+00 4.872028e-02
1.925000e+00 4.955767e-02
1.930000e+00 4.974439e-02
1.935000e+00 4.930787e-02
1.940000e+00 4.828114e-02
1.945000e+00 4.655559e-02
1.950000e+00 4.430777e-02
1.955000e+00 4.163231e-02
1.960000e+00 3.844044e-02
1.965000e+00 3.494105e-02
1.970000e+00 3.138763e-02
1.975000e+00 2.786645e-02
1.980000e+00 2.458310e-02
1.985000e+00 2.166332e-02
1.990000e+00 1.906450e-02
1.995000e+00 1.700834e-02
2 1.561378e-02
2.005000e+00 1.491416e-02
2.010000e+00 1.513536e-02
2.015000e+00 1.630380e-02
2.020000e+00 1.829685e-02
2.025000e+00 2.081942e-02
2.030000e+00 2.370957e-02
2.035000e+00 2.701756e-02
2.040000e+00 3.055954e-02
2.045000e+00 3.420462e-02
2.050000e+00 3.779938e-02
2.055000e+00 4.114800e-02
2.060000e+00 4.420721e-02
2.065000e+00 4.687706e-02
2.070000e+00 4.914592e-02
2.075000e+00 5.097467e-02
2.080000e+00 5.206353e-02
2.085000e+00 5.230784e-02
2.090000e+00 5.200936e-02
2.095000e+00 5.136802e-02
2.100000e+00 5.025101e-02
2.105000e+00 4.853909e-02
2.110000e+00 4.630172e-02
2.115000e+00 4.352421e-02
2.120000e+00 4.014434e-02
2.125000e+00 3.644330e-02
2.130000e+00 3.285194e-02
2.135000e+00 2.958417e-02
2.140000e+00 2.658789e-02
2.145000e+00 2.374726e-02
2.150000e+00 2.127399e-02
2.155000e+00 1.936782e-02
2.160000e+00 1.817404e-02
2.165000e+00 1.793309e-02
2.170000e+00 1.865364e-02
2.175000e+00 2.026035e-02
2.180000e+00 2.260320e-02
2.185000e+00 2.547060e-02
2.190000e+00 2.874228e-02
2.195000e+00 3.222768e-02
2.200000e+00 3.578525e-02
2.205000e+00 3.934349e-02
2.210000e+00 4.282740e-02
2.215000e+00 4.614660e-02
2.220000e+00 4.919286e-02
2.225000e+00 5.191618e-02
2.230000e+00 5.416494e-02
2.235000e+00 5.586066e-02
2.240000e+00 5.684192e-02
2.245000e+00 5.698072e-02
2.250000e+00 5.644410e-02
2.255000e+00 5.529936e-02
2.260000e+00 5.341531e-02
2.265000e+00 5.083971e-02
2.270000e+00 4.768825e-02
2.275000e+00 4.412578e-02
2.280000e+00 4.035609e-02
2.285000e+00 3.643354e-02
2.290000e+00 3.265698e-02
2.295000e+00 2.930597e-02
2.300000e+00 2.659900e-02
2.305000e+00 2.468893e-02
2.310000e+00 2.351189e-02
2.315000e+00 2.294016e-02
2.320000e+00 2.287188e-02
2.325000e+00 2.335273e-02
2.330000e+00 2.448397e-02
2.335000e+00 2.631440e-02
2.340000e+00 2.874214e-02
2.345000e+00 3.160180e-02
2.350000e+00 3.473763e-02
2.355000e+00 3.795722e-02
2.360000e+00 4.111737e-02
2.365000e+00 4.416166e-02
2.370000e+00 4.707483e-02
2.375000e+00 4.985387e-02
2.380000e+00 5.249543e-02
2.385000e+00 5.479304e-02
2.390000e+00 5.668810e-02
2.395000e+00 5.820892e-02
2.400000e+00 5.902301e-02
2.405000e+00 5.916405e-02
2.410000e+00 5.868965e-02
2.415000e+00 5.744092e-02
2.420000e+00 5.555790e-02
2.425000e+00 5.324805e-02
2.430000e+00 5.055281e-02
2.435000e+00 4.730957e-02
2.440000e+00 4.360570e-02
2.445000e+00 3.986937e-02
2.450000e+00 3.635102e-02
2.455000e+00 3.301362e-02
2.460000e+00 2.998928e-02
2.465000e+00 2.753767e-02
2.470000e+00 2.570696e-02
2.475000e+00 2.459364e-02
2.480000e+00 2.436805e-02
2.485000e+00 2.500326e-02
2.490000e+00 2.645038e-02
2.495000e+00 2.873956e-02
2.500000e+00 3.173385e-02
2.505000e+00 3.523839e-02
2.510000e+00 3.906650e-02
2.515000e+00 4.305129e-02
2.520000e+00 4.709117e-02
2.525000e+00 5.086647e-02
2.530000e+00 5.426246e-02
2.535000e+00 5.739748e-02
2.540000e+00 6.012360e-02
2.545000e+00 6.224416e-02
2.550000e+00 6.361479e-02
2.555000e+00 6.413546e-02
2.560000e+00 6.384040e-02
2.565000e+00 6.283548e-02
2.570000e+00 6.116678e-02
2.575000e+00 5.891448e-02
2.580000e+00 5.627037e-02
2.585000e+00 5.329077e-02
2.590000e+00 5.004655e-02
2.595000e+00 4.673281e-02
2.600000e+00 4.337386e-02
2.605000e+00 4.006493e-02
2.610000e+00 3.698943e-02
2.615000e+00 3.425880e-02
2.620000e+00 3.197679e-02
2.625000e+00 3.021204e-02
2.630000e+00 2.903303e-02
2.635000e+00 2.858720e-02
2.640000e+00 2.889220e-02
2.645000e+00 2.994373e-02
2.650000e+00 3.170954e-02
2.655000e+00 3.404249e-02
2.660000e+00 3.699234e-02
2.665000e+00 4.047181e-02
2.670000e+00 4.428507e-02
2.675000e+00 4.844953e-02
2.680000e+00 5.271854e-02
2.685000e+00 5.662775e-02
2.690000e+00 6.015175e-02
2.695000e+00 6.326455e-02
2.700000e+00 6.575920e-02
2.705000e+00 6.749447e-02
2.710000e+00 6.835147e-02
2.715000e+00 6.830824e-02
2.720000e+00 6.736387e-02
2.725000e+00 6.560240e-02
2.730000e+00 6.328905e-02
2.735000e+00 6.047896e-02
2.740000e+00 5.706459e-02
2.745000e+00 5.333416e-02
2.750000e+00 4.958176e-02
2.755000e+00 4.584761e-02
2.760000e+00 4.243535e-02
2.765000e+00 3.962763e-02
2.770000e+00 3.730179e-02
2.775000e+00 3.541068e-02
2.780000e+00 3.404520e-02
2.785000e+00 3.342357e-02
2.790000e+00 3.361666e-02
2.795000e+00 3.446930e-02
2.800000e+00 3.590342e-02
2.805000e+00 3.779587e-02
2.810000e+00 4.019072e-02
2.815000e+00 4.310597e-02
2.820000e+00 4.626289e-02
2.825000e+00 4.941029e-02
2.830000e+00 5.246822e-02
2.835000e+00 5.537375e-02
2.840000e+00 5.791422e-02
2.845000e+00 6.003045e-02
2.850000e+00 6.196847e-02
2.855000e+00 6.387570e-02
2.860000e+00 6.547187e-02
2.865000e+00 6.639388e-02
2.870000e+00 6.679039e-02
2.875000e+00 6.679362e-02
2.880000e+00 6.629065e-02
2.885000e+00 6.534285e-02
2.890000e+00 6.391850e-02
2.895000e+00 6.201074e-02
2.900000e+00 5.980014e-02
2.905000e+00 5.732764e-02
2.910000e+00 5.459432e-02
2.915000e+00 5.179871e-02
2.920000e+00 4.907267e-02
2.925000e+00 4.631768e-02
2.930000e+00 4.367348e-02
2.935000e+00 4.144667e-02
2.940000e+00 3.965696e-02
2.945000e+00 3.827566e-02
2.950000e+00 3.749624e-02
2.955000e+00 3.746232e-02
2.960000e+00 3.815466e-02
2.965000e+00 3.947644e-02
2.970000e+00 4.131363e-02
2.975000e+00 4.364633e-02
2.980000e+00 4.644174e-02
2.985000e+00 4.957265e-02
2.990000e+00 5.292491e-02
2.995000e+00 5.642255e-02
3 5.990945e-02
