T X
0 0
5.000000e-03 4.080208e-08
1.000000e-02 9.070213e-08
1.500000e-02 -1.355933e-07
2.000000e-02 -8.331121e-07
2.500000e-02 -1.301208e-06
3.000000e-02 -5.828205e-07
3.500000e-02 1.367308e-06
4.000000e-02 3.354794e-06
4.500000e-02 2.157563e-06
5.000000e-02 -1.230079e-06
5.500000e-02 1.100294e-06
6.000000e-02 1.066950e-05
6.500000e-02 1.234574e-05
7.000000e-02 -1.885315e-05
7.500000e-02 -6.382390e-05
8.000000e-02 -1.799272e-05
8.500000e-02 1.703514e-04
9.000000e-02 2.927105e-04
9.500000e-02 7.090791e-05
1.000000e-01 -3.643507e-04
1.050000e-01 -6.331812e-04
1.100000e-01 -6.737831e-04
1.150000e-01 -5.562905e-04
1.200000e-01 -1.809768e-04
1.250000e-01 3.948162e-04
1.300000e-01 9.940790e-04
1.350000e-01 1.566528e-03
1.400000e-01 1.995508e-03
1.450000e-01 2.146873e-03
1.500000e-01 2.003065e-03
1.550000e-01 1.559079e-03
1.600000e-01 8.068197e-04
1.650000e-01 -2.462241e-04
1.700000e-01 -1.508714e-03
1.750000e-01 -2.855724e-03
1.800000e-01 -4.229809e-03
1.850000e-01 -5.550506e-03
1.900000e-01 -6.699440e-03
1.950000e-01 -7.540441e-03
2.000000e-01 -7.942847e-03
2.050000e-01 -7.885898e-03
2.100000e-01 -7.364059e-03
2.150000e-01 -6.348495e-03
2.200000e-01 -4.842045e-03
2.250000e-01 -2.818191e-03
2.300000e-01 -3.547987e-04
2.350000e-01 2.447269e-03
2.400000e-01 5.575614e-03
2.450000e-01 8.944561e-03
2.500000e-01 1.241215e-02
2.550000e-01 1.578811e-02
2.600000e-01 1.892858e-02
2.650000e-01 2.175290e-02
2.700000e-01 2.411613e-02
2.750000e-01 2.594723e-02
2.800000e-01 2.724490e-02
2.850000e-01 2.793069e-02
2.900000e-01 2.794791e-02
2.950000e-01 2.731954e-02
3.000000e-01 2.609989e-02
3.050000e-01 2.434733e-02
3.100000e-01 2.207034e-02
3.150000e-01 1.932127e-02
3.200000e-01 1.625308e-02
3.250000e-01 1.299240e-02
3.300000e-01 9.675459e-03
3.350000e-01 6.433881e-03
3.400000e-01 3.354213e-03
3.450000e-01 5.753349e-04
3.500000e-01 -1.761129e-03
3.550000e-01 -3.538667e-03
3.600000e-01 -4.677635e-03
3.650000e-01 -5.148441e-03
3.700000e-01 -4.932465e-03
3.750000e-01 -4.040348e-03
3.800000e-01 -2.512046e-03
3.850000e-01 -4.011912e-04
3.900000e-01 2.231751e-03
3.950000e-01 5.259896e-03
4.000000e-01 8.525714e-03
4.050000e-01 1.191610e-02
4.100000e-01 1.529734e-02
4.150000e-01 1.857448e-02
4.200000e-01 2.162622e-02
4.250000e-01 2.427420e-02
4.300000e-01 2.642469e-02
4.350000e-01 2.800910e-02
4.400000e-01 2.898233e-02
4.450000e-01 2.930885e-02
4.500000e-01 2.893111e-02
4.550000e-01 2.782714e-02
4.600000e-01 2.609215e-02
4.650000e-01 2.385531e-02
4.700000e-01 2.117985e-02
4.750000e-01 1.815421e-02
4.800000e-01 1.488174e-02
4.850000e-01 1.148405e-02
4.900000e-01 8.104551e-03
4.950000e-01 4.897132e-03
5.000000e-01 2.001317e-03
5.050000e-01 -4.837964e-04
5.100000e-01 -2.454630e-03
5.150000e-01 -3.797248e-03
5.200000e-01 -4.463894e-03
5.250000e-01 -4.467450e-03
5.300000e-01 -3.759241e-03
5.350000e-01 -2.365945e-03
5.400000e-01 -3.940882e-04
5.450000e-01 2.114501e-03
5.500000e-01 5.100047e-03
5.550000e-01 8.434697e-03
5.600000e-01 1.195135e-02
5.650000e-01 1.553156e-02
5.700000e-01 1.901154e-02
5.750000e-01 2.221020e-02
5.800000e-01 2.503416e-02
5.850000e-01 2.736561e-02
5.900000e-01 2.914135e-02
5.950000e-01 3.031615e-02
6.000000e-01 3.078601e-02
6.050000e-01 3.052954e-02
6.100000e-01 2.960327e-02
6.150000e-01 2.806185e-02
6.200000e-01 2.593351e-02
6.250000e-01 2.328926e-02
6.300000e-01 2.025445e-02
6.350000e-01 1.695646e-02
6.400000e-01 1.356463e-02
6.450000e-01 1.020276e-02
6.500000e-01 6.984739e-03
6.550000e-01 4.053652e-03
6.600000e-01 1.513672e-03
6.650000e-01 -5.016441e-04
6.700000e-01 -1.905473e-03
6.750000e-01 -2.671909e-03
6.800000e-01 -2.772324e-03
6.850000e-01 -2.192082e-03
6.900000e-01 -9.131145e-04
6.950000e-01 1.008415e-03
7.000000e-01 3.458247e-03
7.050000e-01 6.360978e-03
7.100000e-01 9.633858e-03
7.150000e-01 1.313963e-02
7.200000e-01 1.670812e-02
7.250000e-01 2.019206e-02
7.300000e-01 2.349094e-02
7.350000e-01 2.650593e-02
7.400000e-01 2.906066e-02
7.450000e-01 3.099751e-02
7.500000e-01 3.229968e-02
7.550000e-01 3.296390e-02
7.600000e-01 3.295381e-02
7.650000e-01 3.222158e-02
7.700000e-01 3.078774e-02
7.750000e-01 2.876613e-02
7.800000e-01 2.624638e-02
7.850000e-01 2.333522e-02
7.900000e-01 2.013231e-02
7.950000e-01 1.675372e-02
8.000000e-01 1.333579e-02
8.050000e-01 1.000254e-02
8.100000e-01 6.971163e-03
8.150000e-01 4.385637e-03
8.200000e-01 2.235133e-03
8.250000e-01 5.917498e-04
8.300000e-01 -4.005500e-04
8.350000e-01 -6.543628e-04
8.400000e-01 -1.743522e-04
8.450000e-01 9.468312e-04
8.500000e-01 2.634056e-03
8.550000e-01 4.832199e-03
8.600000e-01 7.519127e-03
8.650000e-01 1.066369e-02
8.700000e-01 1.408917e-02
8.750000e-01 1.759053e-02
8.800000e-01 2.104797e-02
8.850000e-01 2.436860e-02
8.900000e-01 2.744524e-02
8.950000e-01 3.013175e-02
9.000000e-01 3.233446e-02
9.050000e-01 3.399685e-02
9.100000e-01 3.496884e-02
9.150000e-01 3.514555e-02
9.200000e-01 3.458956e-02
9.250000e-01 3.346296e-02
9.300000e-01 3.179569e-02
9.350000e-01 2.951816e-02
9.400000e-01 2.670801e-02
9.450000e-01 2.352572e-02
9.500000e-01 2.016445e-02
9.550000e-01 1.675562e-02
9.600000e-01 1.340999e-02
9.650000e-01 1.025967e-02
9.700000e-01 7.430050e-03
9.750000e-01 5.074405e-03
9.800000e-01 3.274213e-03
9.850000e-01 2.074972e-03
9.900000e-01 1.482154e-03
9.950000e-01 1.523465e-03
1 2.321692e-03
1.005000e+00 3.899173e-03
1.010000e+00 6.092006e-03
1.015000e+00 8.730470e-03
1.020000e+00 1.167788e-02
1.025000e+00 1.484395e-02
1.030000e+00 1.822485e-02
1.035000e+00 2.172791e-02
1.040000e+00 2.519688e-02
1.045000e+00 2.845459e-02
1.050000e+00 3.129780e-02
1.055000e+00 3.361098e-02
1.060000e+00 3.534898e-02
1.065000e+00 3.649400e-02
1.070000e+00 3.700712e-02
1.075000e+00 3.686176e-02
1.080000e+00 3.605146e-02
1.085000e+00 3.455270e-02
1.090000e+00 3.242336e-02
1.095000e+00 2.978679e-02
1.100000e+00 2.678624e-02
1.105000e+00 2.355655e-02
1.110000e+00 2.017942e-02
1.115000e+00 1.678236e-02
1.120000e+00 1.355838e-02
1.125000e+00 1.064087e-02
1.130000e+00 8.123538e-03
1.135000e+00 6.123719e-03
1.140000e+00 4.708926e-03
1.145000e+00 3.931631e-03
1.150000e+00 3.843895e-03
1.155000e+00 4.407485e-03
1.160000e+00 5.604709e-03
1.165000e+00 7.450063e-03
1.170000e+00 9.890922e-03
1.175000e+00 1.284653e-02
1.180000e+00 1.613787e-02
1.185000e+00 1.956072e-02
1.190000e+00 2.301455e-02
1.195000e+00 2.636511e-02
1.200000e+00 2.950507e-02
1.205000e+00 3.239123e-02
1.210000e+00 3.493235e-02
1.215000e+00 3.700439e-02
1.220000e+00 3.847888e-02
1.225000e+00 3.928049e-02
1.230000e+00 3.934276e-02
1.235000e+00 3.864291e-02
1.240000e+00 3.724684e-02
1.245000e+00 3.524033e-02
1.250000e+00 3.274507e-02
1.255000e+00 2.990115e-02
1.260000e+00 2.682514e-02
1.265000e+00 2.359214e-02
1.270000e+00 2.026054e-02
1.275000e+00 1.696448e-02
1.280000e+00 1.388103e-02
1.285000e+00 1.112314e-02
1.290000e+00 8.818941e-03
1.295000e+00 7.138039e-03
1.300000e+00 6.164564e-03
1.305000e+00 5.876414e-03
1.310000e+00 6.243972e-03
1.315000e+00 7.247913e-03
1.320000e+00 8.864910e-03
1.325000e+00 1.103939e-02
1.330000e+00 1.368995e-02
1.335000e+00 1.676940e-02
1.340000e+00 2.018503e-02
1.345000e+00 2.376841e-02
1.350000e+00 2.733181e-02
1.355000e+00 3.068558e-02
1.360000e+00 3.369829e-02
1.365000e+00 3.631317e-02
1.370000e+00 3.847098e-02
1.375000e+00 4.011409e-02
1.380000e+00 4.119196e-02
1.385000e+00 4.165046e-02
1.390000e+00 4.142245e-02
1.395000e+00 4.045085e-02
1.400000e+00 3.875797e-02
1.405000e+00 3.642343e-02
1.410000e+00 3.358283e-02
1.415000e+00 3.039836e-02
1.420000e+00 2.701337e-02
1.425000e+00 2.362241e-02
1.430000e+00 2.040722e-02
1.435000e+00 1.743179e-02
1.440000e+00 1.474482e-02
1.445000e+00 1.238413e-02
1.450000e+00 1.038960e-02
1.455000e+00 8.932692e-03
1.460000e+00 8.163879e-03
1.465000e+00 8.096689e-03
1.470000e+00 8.750587e-03
1.475000e+00 1.013428e-02
1.480000e+00 1.218033e-02
1.485000e+00 1.480820e-02
1.490000e+00 1.790577e-02
1.495000e+00 2.127213e-02
1.500000e+00 2.470444e-02
1.505000e+00 2.811058e-02
1.510000e+00 3.144065e-02
1.515000e+00 3.458503e-02
1.520000e+00 3.741396e-02
1.525000e+00 3.980325e-02
1.530000e+00 4.165029e-02
1.535000e+00 4.290586e-02
1.540000e+00 4.355874e-02
1.545000e+00 4.358276e-02
1.550000e+00 4.293809e-02
1.555000e+00 4.161938e-02
1.560000e+00 3.968316e-02
1.565000e+00 3.719287e-02
1.570000e+00 3.421956e-02
1.575000e+00 3.092772e-02
1.580000e+00 2.745549e-02
1.585000e+00 2.393947e-02
1.590000e+00 2.061095e-02
1.595000e+00 1.758699e-02
1.600000e+00 1.495809e-02
1.605000e+00 1.289999e-02
1.610000e+00 1.146961e-02
1.615000e+00 1.067439e-02
1.620000e+00 1.047578e-02
1.625000e+00 1.084351e-02
1.630000e+00 1.189662e-02
1.635000e+00 1.363195e-02
1.640000e+00 1.587704e-02
1.645000e+00 1.855396e-02
1.650000e+00 2.166529e-02
1.655000e+00 2.509461e-02
1.660000e+00 2.863214e-02
1.665000e+00 3.212447e-02
1.670000e+00 3.544434e-02
1.675000e+00 3.847374e-02
1.680000e+00 4.112829e-02
1.685000e+00 4.330137e-02
1.690000e+00 4.487461e-02
1.695000e+00 4.576678e-02
1.700000e+00 4.595034e-02
1.705000e+00 4.543616e-02
1.710000e+00 4.428224e-02
1.715000e+00 4.254087e-02
1.720000e+00 4.026615e-02
1.725000e+00 3.757152e-02
1.730000e+00 3.451934e-02
1.735000e+00 3.120409e-02
1.740000e+00 2.779562e-02
1.745000e+00 2.440297e-02
1.750000e+00 2.116057e-02
1.755000e+00 1.825155e-02
1.760000e+00 1.582506e-02
1.765000e+00 1.402143e-02
1.770000e+00 1.291024e-02
1.775000e+00 1.249490e-02
1.780000e+00 1.275235e-02
1.785000e+00 1.362869e-02
1.790000e+00 1.508720e-02
1.795000e+00 1.707509e-02
1.800000e+00 1.952910e-02
1.805000e+00 2.237719e-02
1.810000e+00 2.550077e-02
1.815000e+00 2.879769e-02
1.820000e+00 3.223724e-02
1.825000e+00 3.576081e-02
1.830000e+00 3.914628e-02
1.835000e+00 4.210031e-02
1.840000e+00 4.451727e-02
1.845000e+00 4.638184e-02
1.850000e+00 4.761221e-02
1.855000e+00 4.815770e-02
1.860000e+00 4.794568e-02
1.865000e+00 4.698187e-02
1.870000e+00 4.536543e-02
1.875000e+00 4.315408e-02
1.880000e+00 4.046974e-02
1.885000e+00 3.744978e-02
1.890000e+00 3.418011e-02
1.895000e+00 3.083056e-02
1.900000e+00 2.757513e-02
1.905000e+00 2.445574e-02
1.910000e+00 2.162026e-02
1.915000e+00 1.922148e-02
1.920000e+00 1.730058e-02
1.925000e+00 1.594546e-02
1.930000e+00 1.511511e-02
1.935000e+00 1.483066e-02
1.940000e+00 1.521464e-02
1.945000e+00 1.626114e-02
1.950000e+00 1.794049e-02
1.955000e+00 2.018208e-02
1.960000e+00 2.292013e-02
1.965000e+00 2.607356e-02
1.970000e+00 2.949753e-02
1.975000e+00 3.305669e-02
1.980000e+00 3.660215e-02
1.985000e+00 3.998182e-02
1.990000e+00 4.307473e-02
1.995000e+00 4.577342e-02
2 4.797072e-02
2.005000e+00 4.948008e-02
2.010000e+00 5.016131e-02
2.015000e+00 5.011404e-02
2.020000e+00 4.940338e-02
2.025000e+00 4.804511e-02
2.030000e+00 4.613056e-02
2.035000e+00 4.367673e-02
2.040000e+00 4.070656e-02
2.045000e+00 3.739293e-02
2.050000e+00 3.395907e-02
2.055000e+00 3.056421e-02
2.060000e+00 2.734839e-02
2.065000e+00 2.444673e-02
2.070000e+00 2.193730e-02
2.075000e+00 1.983881e-02
2.080000e+00 1.819128e-02
2.085000e+00 1.708773e-02
2.090000e+00 1.661387e-02
2.095000e+00 1.683111e-02
2.100000e+00 1.773546e-02
2.105000e+00 1.920351e-02
2.110000e+00 2.113577e-02
2.115000e+00 2.354260e-02
2.120000e+00 2.643724e-02
2.125000e+00 2.971357e-02
2.130000e+00 3.319719e-02
2.135000e+00 3.675829e-02
2.140000e+00 4.025155e-02
2.145000e+00 4.348734e-02
2.150000e+00 4.632249e-02
2.155000e+00 4.868135e-02
2.160000e+00 5.048144e-02
2.165000e+00 5.161542e-02
2.170000e+00 5.203530e-02
2.175000e+00 5.174422e-02
2.180000e+00 5.071195e-02
2.185000e+00 4.899841e-02
2.190000e+00 4.673953e-02
2.195000e+00 4.402680e-02
2.200000e+00 4.097200e-02
2.205000e+00 3.768431e-02
2.210000e+00 3.428696e-02
2.215000e+00 3.092458e-02
2.220000e+00 2.773531e-02
2.225000e+00 2.485025e-02
2.230000e+00 2.239330e-02
2.235000e+00 2.050964e-02
2.240000e+00 1.922444e-02
2.245000e+00 1.850741e-02
2.250000e+00 1.843495e-02
2.255000e+00 1.903197e-02
2.260000e+00 2.024188e-02
2.265000e+00 2.205375e-02
2.270000e+00 2.443597e-02
2.275000e+00 2.726298e-02
2.280000e+00 3.041378e-02
2.285000e+00 3.377917e-02
2.290000e+00 3.724017e-02
2.295000e+00 4.067469e-02
2.300000e+00 4.391634e-02
2.305000e+00 4.687071e-02
2.310000e+00 4.946182e-02
2.315000e+00 5.152551e-02
2.320000e+00 5.294293e-02
2.325000e+00 5.362906e-02
2.330000e+00 5.352938e-02
2.335000e+00 5.270815e-02
2.340000e+00 5.124124e-02
2.345000e+00 4.914025e-02
2.350000e+00 4.650379e-02
2.355000e+00 4.351775e-02
2.360000e+00 4.030901e-02
2.365000e+00 3.698028e-02
2.370000e+00 3.361863e-02
2.375000e+00 3.035204e-02
2.380000e+00 2.739265e-02
2.385000e+00 2.490311e-02
2.390000e+00 2.295950e-02
2.395000e+00 2.155560e-02
2.400000e+00 2.067524e-02
2.405000e+00 2.038168e-02
2.410000e+00 2.073094e-02
2.415000e+00 2.166941e-02
2.420000e+00 2.311912e-02
2.425000e+00 2.509064e-02
2.430000e+00 2.758668e-02
2.435000e+00 3.051650e-02
2.440000e+00 3.371668e-02
2.445000e+00 3.700541e-02
2.450000e+00 4.029324e-02
2.455000e+00 4.351553e-02
2.460000e+00 4.655287e-02
2.465000e+00 4.927055e-02
2.470000e+00 5.158748e-02
2.475000e+00 5.346078e-02
2.480000e+00 5.478751e-02
2.485000e+00 5.543888e-02
2.490000e+00 5.531604e-02
2.495000e+00 5.441452e-02
2.500000e+00 5.277947e-02
2.505000e+00 5.050366e-02
2.510000e+00 4.775140e-02
2.515000e+00 4.458467e-02
2.520000e+00 4.106935e-02
2.525000e+00 3.739169e-02
2.530000e+00 3.377468e-02
2.535000e+00 3.035025e-02
2.540000e+00 2.714326e-02
2.545000e+00 2.433785e-02
2.550000e+00 2.215004e-02
2.555000e+00 2.067782e-02
2.560000e+00 2.003382e-02
2.565000e+00 2.020810e-02
2.570000e+00 2.113601e-02
2.575000e+00 2.282394e-02
2.580000e+00 2.518740e-02
2.585000e+00 2.809880e-02
2.590000e+00 3.139781e-02
2.595000e+00 3.488545e-02
2.600000e+00 3.850946e-02
2.605000e+00 4.217652e-02
2.610000e+00 4.562539e-02
2.615000e+00 4.870870e-02
2.620000e+00 5.133228e-02
2.625000e+00 5.339230e-02
2.630000e+00 5.485574e-02
2.635000e+00 5.567538e-02
2.640000e+00 5.584394e-02
2.645000e+00 5.542144e-02
2.650000e+00 5.442940e-02
2.655000e+00 5.284004e-02
2.660000e+00 5.070341e-02
2.665000e+00 4.813915e-02
2.670000e+00 4.526481e-02
2.675000e+00 4.220093e-02
2.680000e+00 3.907271e-02
2.685000e+00 3.601558e-02
2.690000e+00 3.313289e-02
2.695000e+00 3.050726e-02
2.700000e+00 2.824345e-02
2.705000e+00 2.640811e-02
2.710000e+00 2.501605e-02
2.715000e+00 2.411769e-02
2.720000e+00 2.379036e-02
2.725000e+00 2.408731e-02
2.730000e+00 2.497501e-02
2.735000e+00 2.639673e-02
2.740000e+00 2.836933e-02
2.745000e+00 3.085486e-02
2.750000e+00 3.369271e-02
2.755000e+00 3.672396e-02
2.760000e+00 3.988735e-02
2.765000e+00 4.309368e-02
2.770000e+00 4.618690e-02
2.775000e+00 4.908866e-02
2.780000e+00 5.174035e-02
2.785000e+00 5.398864e-02
2.790000e+00 5.574238e-02
2.795000e+00 5.695942e-02
2.800000e+00 5.752547e-02
2.805000e+00 5.740275e-02
2.810000e+00 5.660905e-02
2.815000e+00 5.512876e-02
2.820000e+00 5.302972e-02
2.825000e+00 5.040954e-02
2.830000e+00 4.729352e-02
2.835000e+00 4.382907e-02
2.840000e+00 4.024332e-02
2.845000e+00 3.669381e-02
2.850000e+00 3.333187e-02
2.855000e+00 3.025638e-02
2.860000e+00 2.753235e-02
2.865000e+00 2.529590e-02
2.870000e+00 2.368846e-02
2.875000e+00 2.278549e-02
2.880000e+00 2.262088e-02
2.885000e+00 2.319657e-02
2.890000e+00 2.450116e-02
2.895000e+00 2.653277e-02
2.900000e+00 2.924734e-02
2.905000e+00 3.253349e-02
2.910000e+00 3.623255e-02
2.915000e+00 4.012082e-02
2.920000e+00 4.401312e-02
2.925000e+00 4.778926e-02
2.930000e+00 5.124146e-02
2.935000e+00 5.418055e-02
2.940000e+00 5.658488e-02
2.945000e+00 5.839075e-02
2.950000e+00 5.949566e-02
2.955000e+00 5.991103e-02
2.960000e+00 5.961973e-02
2.965000e+00 5.854434e-02
2.970000e+00 5.670328e-02
2.975000e+00 5.424906e-02
2.980000e+00 5.128940e-02
2.985000e+00 4.793216e-02
2.990000e+00 4.436446e-02
2.995000e+00 4.074253e-02
3 3.719449e-02
