T X
0 0
5.000000e-03 -2.761671e-07
1.000000e-02 -2.149982e-06
1.500000e-02 -6.814783e-06
2.000000e-02 -1.121557e-05
2.500000e-02 -1.018297e-05
3.000000e-02 -4.733576e-06
3.500000e-02 2.220082e-06
4.000000e-02 1.573028e-05
4.500000e-02 4.068852e-05
5.000000e-02 6.797279e-05
5.500000e-02 8.201057e-05
6.000000e-02 8.237133e-05
6.500000e-02 7.748117e-05
7.000000e-02 6.383635e-05
7.500000e-02 3.842658e-05
8.000000e-02 5.905255e-06
8.500000e-02 -3.039788e-05
9.000000e-02 -6.088656e-05
9.500000e-02 -7.429404e-05
1.000000e-01 -6.776281e-05
1.050000e-01 -5.081331e-05
1.100000e-01 -3.582829e-05
1.150000e-01 -1.853682e-05
1.200000e-01 -9.014281e-07
1.250000e-01 6.315535e-06
1.300000e-01 3.195395e-06
1.350000e-01 -1.365045e-05
1.400000e-01 -4.104286e-05
1.450000e-01 -7.809347e-05
1.500000e-01 -1.129791e-04
1.550000e-01 -7.923664e-05
1.600000e-01 4.041642e-05
1.650000e-01 1.023140e-04
1.700000e-01 -4.998287e-05
1.750000e-01 -2.779692e-04
1.800000e-01 -2.237183e-04
1.850000e-01 1.294794e-04
1.900000e-01 3.931382e-04
1.950000e-01 4.104872e-04
2.000000e-01 3.452999e-04
2.050000e-01 1.546828e-04
2.100000e-01 -2.339180e-04
2.150000e-01 -5.197576e-04
2.200000e-01 -5.448911e-04
2.250000e-01 -4.573649e-04
2.300000e-01 -2.188894e-04
2.350000e-01 1.579213e-04
2.400000e-01 5.060863e-04
2.450000e-01 8.438631e-04
2.500000e-01 1.082970e-03
2.550000e-01 1.057550e-03
2.600000e-01 8.943094e-04
2.650000e-01 6.346164e-04
2.700000e-01 1.850943e-04
2.750000e-01 -3.440867e-04
2.800000e-01 -9.061192e-04
2.850000e-01 -1.487252e-03
2.900000e-01 -1.932637e-03
2.950000e-01 -2.215021e-03
3.000000e-01 -2.325337e-03
3.050000e-01 -2.206327e-03
3.100000e-01 -1.892154e-03
3.150000e-01 -1.359527e-03
3.200000e-01 -5.903592e-04
3.250000e-01 3.505808e-04
3.300000e-01 1.403223e-03
3.350000e-01 2.465367e-03
3.400000e-01 3.450509e-03
3.450000e-01 4.329461e-03
3.500000e-01 5.022734e-03
3.550000e-01 5.444360e-03
3.600000e-01 5.597307e-03
3.650000e-01 5.480627e-03
3.700000e-01 5.033324e-03
3.750000e-01 4.208607e-03
3.800000e-01 2.999706e-03
3.850000e-01 1.471012e-03
3.900000e-01 -3.020049e-04
3.950000e-01 -2.283036e-03
4.000000e-01 -4.381598e-03
4.050000e-01 -6.533672e-03
4.100000e-01 -8.677423e-03
4.150000e-01 -1.065802e-02
4.200000e-01 -1.235755e-02
4.250000e-01 -1.366640e-02
4.300000e-01 -1.449066e-02
4.350000e-01 -1.479847e-02
4.400000e-01 -1.457019e-02
4.450000e-01 -1.379770e-02
4.500000e-01 -1.241807e-02
4.550000e-01 -1.042044e-02
4.600000e-01 -7.898771e-03
4.650000e-01 -4.951942e-03
4.700000e-01 -1.688590e-03
4.750000e-01 1.820346e-03
4.800000e-01 5.461630e-03
4.850000e-01 9.074962e-03
4.900000e-01 1.261930e-02
4.950000e-01 1.602286e-02
5.000000e-01 1.907173e-02
5.050000e-01 2.163314e-02
5.100000e-01 2.367789e-02
5.150000e-01 2.512694e-02
5.200000e-01 2.591572e-02
5.250000e-01 2.604635e-02
5.300000e-01 2.553115e-02
5.350000e-01 2.441809e-02
5.400000e-01 2.274206e-02
5.450000e-01 2.051334e-02
5.500000e-01 1.783513e-02
5.550000e-01 1.485772e-02
5.600000e-01 1.172488e-02
5.650000e-01 8.559069e-03
5.700000e-01 5.459648e-03
5.750000e-01 2.554586e-03
5.800000e-01 -2.616100e-05
5.850000e-01 -2.136244e-03
5.900000e-01 -3.710522e-03
5.950000e-01 -4.739673e-03
6.000000e-01 -5.133004e-03
6.050000e-01 -4.912549e-03
6.100000e-01 -4.085780e-03
6.150000e-01 -2.577379e-03
6.200000e-01 -4.854909e-04
6.250000e-01 2.070861e-03
6.300000e-01 4.990754e-03
6.350000e-01 8.159948e-03
6.400000e-01 1.146222e-02
6.450000e-01 1.473736e-02
6.500000e-01 1.791186e-02
6.550000e-01 2.091123e-02
6.600000e-01 2.353890e-02
6.650000e-01 2.561450e-02
6.700000e-01 2.715417e-02
6.750000e-01 2.819322e-02
6.800000e-01 2.855400e-02
6.850000e-01 2.817498e-02
6.900000e-01 2.713855e-02
6.950000e-01 2.551385e-02
7.000000e-01 2.347896e-02
7.050000e-01 2.097085e-02
7.100000e-01 1.794019e-02
7.150000e-01 1.474782e-02
7.200000e-01 1.154021e-02
7.250000e-01 8.326640e-03
7.300000e-01 5.276964e-03
7.350000e-01 2.480609e-03
7.400000e-01 6.491955e-05
7.450000e-01 -1.797740e-03
7.500000e-01 -3.042994e-03
7.550000e-01 -3.674054e-03
7.600000e-01 -3.682595e-03
7.650000e-01 -3.058087e-03
7.700000e-01 -1.828605e-03
7.750000e-01 -4.398090e-05
7.800000e-01 2.280814e-03
7.850000e-01 5.144838e-03
7.900000e-01 8.342439e-03
7.950000e-01 1.157569e-02
8.000000e-01 1.476388e-02
8.050000e-01 1.788476e-02
8.100000e-01 2.084877e-02
8.150000e-01 2.356636e-02
8.200000e-01 2.587251e-02
8.250000e-01 2.759110e-02
8.300000e-01 2.863645e-02
8.350000e-01 2.905663e-02
8.400000e-01 2.896476e-02
8.450000e-01 2.827985e-02
8.500000e-01 2.694188e-02
8.550000e-01 2.506293e-02
8.600000e-01 2.264127e-02
8.650000e-01 1.980517e-02
8.700000e-01 1.677571e-02
8.750000e-01 1.357426e-02
8.800000e-01 1.036915e-02
8.850000e-01 7.359151e-03
8.900000e-01 4.592429e-03
8.950000e-01 2.174552e-03
9.000000e-01 1.736768e-04
9.050000e-01 -1.300184e-03
9.100000e-01 -2.098679e-03
9.150000e-01 -2.203103e-03
9.200000e-01 -1.633856e-03
9.250000e-01 -4.406622e-04
9.300000e-01 1.303153e-03
9.350000e-01 3.533834e-03
9.400000e-01 6.221078e-03
9.450000e-01 9.311361e-03
9.500000e-01 1.262826e-02
9.550000e-01 1.601352e-02
9.600000e-01 1.934417e-02
9.650000e-01 2.248383e-02
9.700000e-01 2.529191e-02
9.750000e-01 2.765425e-02
9.800000e-01 2.952721e-02
9.850000e-01 3.078461e-02
9.900000e-01 3.135789e-02
9.950000e-01 3.136654e-02
1 3.084149e-02
1.005000e+00 2.970319e-02
1.010000e+00 2.790165e-02
1.015000e+00 2.555428e-02
1.020000e+00 2.289329e-02
1.025000e+00 1.994642e-02
1.030000e+00 1.669490e-02
1.035000e+00 1.339687e-02
1.040000e+00 1.030044e-02
1.045000e+00 7.474062e-03
1.050000e+00 5.021016e-03
1.055000e+00 2.981932e-03
1.060000e+00 1.407280e-03
1.065000e+00 3.969199e-04
1.070000e+00 -3.202934e-05
1.075000e+00 2.306516e-04
1.080000e+00 1.264219e-03
1.085000e+00 3.005037e-03
1.090000e+00 5.306470e-03
1.095000e+00 7.972972e-03
1.100000e+00 1.088984e-02
1.105000e+00 1.398305e-02
1.110000e+00 1.721910e-02
1.115000e+00 2.051376e-02
1.120000e+00 2.370518e-02
1.125000e+00 2.670467e-02
1.130000e+00 2.941042e-02
1.135000e+00 3.164309e-02
1.140000e+00 3.325051e-02
1.145000e+00 3.413928e-02
1.150000e+00 3.426209e-02
1.155000e+00 3.371919e-02
1.160000e+00 3.260292e-02
1.165000e+00 3.093292e-02
1.170000e+00 2.882765e-02
1.175000e+00 2.633278e-02
1.180000e+00 2.349358e-02
1.185000e+00 2.043167e-02
1.190000e+00 1.718773e-02
1.195000e+00 1.393425e-02
1.200000e+00 1.083736e-02
1.205000e+00 8.019056e-03
1.210000e+00 5.678428e-03
1.215000e+00 3.901241e-03
1.220000e+00 2.740545e-03
1.225000e+00 2.184642e-03
1.230000e+00 2.256221e-03
1.235000e+00 3.033021e-03
1.240000e+00 4.535705e-03
1.245000e+00 6.698485e-03
1.250000e+00 9.297067e-03
1.255000e+00 1.218846e-02
1.260000e+00 1.528345e-02
1.265000e+00 1.847484e-02
1.270000e+00 2.179041e-02
1.275000e+00 2.510167e-02
1.280000e+00 2.819263e-02
1.285000e+00 3.101809e-02
1.290000e+00 3.343785e-02
1.295000e+00 3.532616e-02
1.300000e+00 3.654417e-02
1.305000e+00 3.700881e-02
1.310000e+00 3.680236e-02
1.315000e+00 3.585370e-02
1.320000e+00 3.426876e-02
1.325000e+00 3.223984e-02
1.330000e+00 2.978836e-02
1.335000e+00 2.703418e-02
1.340000e+00 2.403726e-02
1.345000e+00 2.084682e-02
1.350000e+00 1.763190e-02
1.355000e+00 1.453606e-02
1.360000e+00 1.170523e-02
1.365000e+00 9.246277e-03
1.370000e+00 7.233610e-03
1.375000e+00 5.796553e-03
1.380000e+00 4.973867e-03
1.385000e+00 4.754779e-03
1.390000e+00 5.188933e-03
1.395000e+00 6.313406e-03
1.400000e+00 8.147558e-03
1.405000e+00 1.063472e-02
1.410000e+00 1.360922e-02
1.415000e+00 1.691094e-02
1.420000e+00 2.037571e-02
1.425000e+00 2.379370e-02
1.430000e+00 2.708217e-02
1.435000e+00 3.015455e-02
1.440000e+00 3.284624e-02
1.445000e+00 3.516679e-02
1.450000e+00 3.712424e-02
1.455000e+00 3.856072e-02
1.460000e+00 3.940197e-02
1.465000e+00 3.960843e-02
1.470000e+00 3.912226e-02
1.475000e+00 3.798494e-02
1.480000e+00 3.621338e-02
1.485000e+00 3.389055e-02
1.490000e+00 3.112186e-02
1.495000e+00 2.800522e-02
1.500000e+00 2.471963e-02
1.505000e+00 2.137305e-02
1.510000e+00 1.810286e-02
1.515000e+00 1.513678e-02
1.520000e+00 1.257444e-02
1.525000e+00 1.041655e-02
1.530000e+00 8.730451e-03
1.535000e+00 7.688638e-03
1.540000e+00 7.393378e-03
1.545000e+00 7.754637e-03
1.550000e+00 8.743803e-03
1.555000e+00 1.038409e-02
1.560000e+00 1.263265e-02
1.565000e+00 1.531824e-02
1.570000e+00 1.825006e-02
1.575000e+00 2.141501e-02
1.580000e+00 2.477195e-02
1.585000e+00 2.819210e-02
1.590000e+00 3.151000e-02
1.595000e+00 3.462612e-02
1.600000e+00 3.747973e-02
1.605000e+00 3.987487e-02
1.610000e+00 4.164812e-02
1.615000e+00 4.276732e-02
1.620000e+00 4.316313e-02
1.625000e+00 4.280861e-02
1.630000e+00 4.175194e-02
1.635000e+00 3.999431e-02
1.640000e+00 3.768073e-02
1.645000e+00 3.502396e-02
1.650000e+00 3.213134e-02
1.655000e+00 2.902647e-02
1.660000e+00 2.576894e-02
1.665000e+00 2.252264e-02
1.670000e+00 1.942566e-02
1.675000e+00 1.660591e-02
1.680000e+00 1.424978e-02
1.685000e+00 1.248064e-02
1.690000e+00 1.121335e-02
1.695000e+00 1.047019e-02
1.700000e+00 1.043963e-02
1.705000e+00 1.112776e-02
1.710000e+00 1.247982e-02
1.715000e+00 1.443691e-02
1.720000e+00 1.686935e-02
1.725000e+00 1.968686e-02
1.730000e+00 2.282148e-02
1.735000e+00 2.617769e-02
1.740000e+00 2.963027e-02
1.745000e+00 3.304263e-02
1.750000e+00 3.630741e-02
1.755000e+00 3.931209e-02
1.760000e+00 4.191685e-02
1.765000e+00 4.405007e-02
1.770000e+00 4.556639e-02
1.775000e+00 4.628542e-02
1.780000e+00 4.621629e-02
1.785000e+00 4.539917e-02
1.790000e+00 4.390052e-02
1.795000e+00 4.181959e-02
1.800000e+00 3.920918e-02
1.805000e+00 3.629790e-02
1.810000e+00 3.326848e-02
1.815000e+00 3.010892e-02
1.820000e+00 2.692765e-02
1.825000e+00 2.387968e-02
1.830000e+00 2.109431e-02
1.835000e+00 1.867695e-02
1.840000e+00 1.671307e-02
1.845000e+00 1.524083e-02
1.850000e+00 1.424076e-02
1.855000e+00 1.378513e-02
1.860000e+00 1.404463e-02
1.865000e+00 1.502744e-02
1.870000e+00 1.659471e-02
1.875000e+00 1.873102e-02
1.880000e+00 2.140722e-02
1.885000e+00 2.445190e-02
1.890000e+00 2.772589e-02
1.895000e+00 3.125992e-02
1.900000e+00 3.498082e-02
1.905000e+00 3.852854e-02
1.910000e+00 4.159946e-02
1.915000e+00 4.416754e-02
1.920000e+00 4.622651e-02
1.925000e+00 4.766615e-02
1.930000e+00 4.850639e-02
1.935000e+00 4.879044e-02
1.940000e+00 4.845188e-02
1.945000e+00 4.750503e-02
1.950000e+00 4.600579e-02
1.955000e+00 4.390370e-02
1.960000e+00 4.126513e-02
1.965000e+00 3.828712e-02
1.970000e+00 3.511656e-02
1.975000e+00 3.185268e-02
1.980000e+00 2.855266e-02
1.985000e+00 2.529132e-02
1.990000e+00 2.225381e-02
1.995000e+00 1.973759e-02
2 1.793132e-02
2.005000e+00 1.687785e-02
2.010000e+00 1.653526e-02
2.015000e+00 1.685126e-02
2.020000e+00 1.783786e-02
2.025000e+00 1.948978e-02
2.030000e+00 2.167034e-02
2.035000e+00 2.428292e-02
2.040000e+00 2.726221e-02
2.045000e+00 3.037587e-02
2.050000e+00 3.357158e-02
2.055000e+00 3.682923e-02
2.060000e+00 3.996977e-02
2.065000e+00 4.293354e-02
2.070000e+00 4.561192e-02
2.075000e+00 4.785980e-02
2.080000e+00 4.965354e-02
2.085000e+00 5.099371e-02
2.090000e+00 5.177957e-02
2.095000e+00 5.193903e-02
2.100000e+00 5.150670e-02
2.105000e+00 5.044040e-02
2.110000e+00 4.870770e-02
2.115000e+00 4.633313e-02
2.120000e+00 4.338565e-02
2.125000e+00 4.005285e-02
2.130000e+00 3.658863e-02
2.135000e+00 3.315882e-02
2.140000e+00 2.993129e-02
2.145000e+00 2.701163e-02
2.150000e+00 2.442801e-02
2.155000e+00 2.231783e-02
2.160000e+00 2.077109e-02
2.165000e+00 1.989925e-02
2.170000e+00 1.984709e-02
2.175000e+00 2.053494e-02
2.180000e+00 2.178845e-02
2.185000e+00 2.358582e-02
2.190000e+00 2.592664e-02
2.195000e+00 2.869752e-02
2.200000e+00 3.178145e-02
2.205000e+00 3.512327e-02
2.210000e+00 3.858428e-02
2.215000e+00 4.205752e-02
2.220000e+00 4.549462e-02
2.225000e+00 4.865385e-02
2.230000e+00 5.135047e-02
2.235000e+00 5.348715e-02
2.240000e+00 5.494027e-02
2.245000e+00 5.571691e-02
2.250000e+00 5.582454e-02
2.255000e+00 5.525012e-02
2.260000e+00 5.405350e-02
2.265000e+00 5.225183e-02
2.270000e+00 4.981384e-02
2.275000e+00 4.688063e-02
2.280000e+00 4.368026e-02
2.285000e+00 4.034500e-02
2.290000e+00 3.701037e-02
2.295000e+00 3.382166e-02
2.300000e+00 3.096346e-02
2.305000e+00 2.855735e-02
2.310000e+00 2.662689e-02
2.315000e+00 2.523998e-02
2.320000e+00 2.442366e-02
2.325000e+00 2.417247e-02
2.330000e+00 2.446837e-02
2.335000e+00 2.533223e-02
2.340000e+00 2.677183e-02
2.345000e+00 2.876119e-02
2.350000e+00 3.126655e-02
2.355000e+00 3.412462e-02
2.360000e+00 3.718632e-02
2.365000e+00 4.034109e-02
2.370000e+00 4.349111e-02
2.375000e+00 4.656754e-02
2.380000e+00 4.950973e-02
2.385000e+00 5.223592e-02
2.390000e+00 5.461003e-02
2.395000e+00 5.656699e-02
2.400000e+00 5.800238e-02
2.405000e+00 5.871729e-02
2.410000e+00 5.871392e-02
2.415000e+00 5.808829e-02
2.420000e+00 5.686249e-02
2.425000e+00 5.507564e-02
2.430000e+00 5.276863e-02
2.435000e+00 5.002836e-02
2.440000e+00 4.693565e-02
2.445000e+00 4.358852e-02
2.450000e+00 4.012847e-02
2.455000e+00 3.668549e-02
2.460000e+00 3.349837e-02
2.465000e+00 3.079574e-02
2.470000e+00 2.860294e-02
2.475000e+00 2.694658e-02
2.480000e+00 2.596363e-02
2.485000e+00 2.575551e-02
2.490000e+00 2.633625e-02
2.495000e+00 2.766443e-02
2.500000e+00 2.977369e-02
2.505000e+00 3.256263e-02
2.510000e+00 3.576800e-02
2.515000e+00 3.923399e-02
2.520000e+00 4.279190e-02
2.525000e+00 4.638461e-02
2.530000e+00 4.997977e-02
2.535000e+00 5.338258e-02
2.540000e+00 5.643470e-02
2.545000e+00 5.898259e-02
2.550000e+00 6.088526e-02
2.555000e+00 6.211058e-02
2.560000e+00 6.264800e-02
2.565000e+00 6.249016e-02
2.570000e+00 6.167382e-02
2.575000e+00 6.027811e-02
2.580000e+00 5.835381e-02
2.585000e+00 5.597042e-02
2.590000e+00 5.325806e-02
2.595000e+00 5.027034e-02
2.600000e+00 4.710560e-02
2.605000e+00 4.391346e-02
2.610000e+00 4.075857e-02
2.615000e+00 3.773046e-02
2.620000e+00 3.496186e-02
2.625000e+00 3.270399e-02
2.630000e+00 3.115711e-02
2.635000e+00 3.024908e-02
2.640000e+00 2.999509e-02
2.645000e+00 3.044811e-02
2.650000e+00 3.152820e-02
2.655000e+00 3.323651e-02
2.660000e+00 3.561857e-02
2.665000e+00 3.854697e-02
2.670000e+00 4.180136e-02
2.675000e+00 4.527538e-02
2.680000e+00 4.882654e-02
2.685000e+00 5.226958e-02
2.690000e+00 5.552195e-02
2.695000e+00 5.851945e-02
2.700000e+00 6.116672e-02
2.705000e+00 6.333214e-02
2.710000e+00 6.485865e-02
2.715000e+00 6.570822e-02
2.720000e+00 6.585922e-02
2.725000e+00 6.523040e-02
2.730000e+00 6.388148e-02
2.735000e+00 6.196093e-02
2.740000e+00 5.962052e-02
2.745000e+00 5.696072e-02
2.750000e+00 5.399674e-02
2.755000e+00 5.084449e-02
2.760000e+00 4.775613e-02
2.765000e+00 4.490817e-02
2.770000e+00 4.232055e-02
2.775000e+00 4.001226e-02
2.780000e+00 3.806343e-02
2.785000e+00 3.652592e-02
2.790000e+00 3.547972e-02
2.795000e+00 3.502643e-02
2.800000e+00 3.519552e-02
2.805000e+00 3.596954e-02
2.810000e+00 3.733278e-02
2.815000e+00 3.926222e-02
2.820000e+00 4.165832e-02
2.825000e+00 4.438009e-02
2.830000e+00 4.727916e-02
2.835000e+00 5.023946e-02
2.840000e+00 5.316214e-02
2.845000e+00 5.596689e-02
2.850000e+00 5.863294e-02
2.855000e+00 6.112228e-02
2.860000e+00 6.338396e-02
2.865000e+00 6.529845e-02
2.870000e+00 6.666479e-02
2.875000e+00 6.739616e-02
2.880000e+00 6.754320e-02
2.885000e+00 6.711882e-02
2.890000e+00 6.612107e-02
2.895000e+00 6.460467e-02
2.900000e+00 6.269000e-02
2.905000e+00 6.046460e-02
2.910000e+00 5.790719e-02
2.915000e+00 5.507570e-02
2.920000e+00 5.216257e-02
2.925000e+00 4.934687e-02
2.930000e+00 4.668648e-02
2.935000e+00 4.416323e-02
2.940000e+00 4.185283e-02
2.945000e+00 3.993431e-02
2.950000e+00 3.852446e-02
2.955000e+00 3.771763e-02
2.960000e+00 3.760295e-02
2.965000e+00 3.816106e-02
2.970000e+00 3.935103e-02
2.975000e+00 4.113608e-02
2.980000e+00 4.349716e-02
2.985000e+00 4.642156e-02
2.990000e+00 4.971835e-02
2.995000e+00 5.318454e-02
3 5.672712e-02
