T X
0 0
5.000000e-03 -3.897701e-07
1.000000e-02 -3.367650e-06
1.500000e-02 -1.269023e-05
2.000000e-02 -2.839517e-05
2.500000e-02 -4.523964e-05
3.000000e-02 -6.010882e-05
3.500000e-02 -7.109281e-05
4.000000e-02 -6.754328e-05
4.500000e-02 -3.360821e-05
5.000000e-02 3.670314e-05
5.500000e-02 1.377602e-04
6.000000e-02 2.694175e-04
6.500000e-02 4.367877e-04
7.000000e-02 6.338373e-04
7.500000e-02 8.541460e-04
8.000000e-02 1.095286e-03
8.500000e-02 1.344619e-03
9.000000e-02 1.587971e-03
9.500000e-02 1.819357e-03
1.000000e-01 2.042322e-03
1.050000e-01 2.259191e-03
1.100000e-01 2.465778e-03
1.150000e-01 2.671849e-03
1.200000e-01 2.885695e-03
1.250000e-01 3.106914e-03
1.300000e-01 3.345170e-03
1.350000e-01 3.606895e-03
1.400000e-01 3.895974e-03
1.450000e-01 4.195675e-03
1.500000e-01 4.492549e-03
1.550000e-01 4.868661e-03
1.600000e-01 5.420180e-03
1.650000e-01 6.056410e-03
1.700000e-01 6.534365e-03
1.750000e-01 6.835385e-03
1.800000e-01 7.334622e-03
1.850000e-01 8.289237e-03
1.900000e-01 9.477479e-03
1.950000e-01 1.067970e-02
2.000000e-01 1.197894e-02
2.050000e-01 1.331124e-02
2.100000e-01 1.448960e-02
2.150000e-01 1.569853e-02
2.200000e-01 1.714144e-02
2.250000e-01 1.876017e-02
2.300000e-01 2.067866e-02
2.350000e-01 2.302664e-02
2.400000e-01 2.574914e-02
2.450000e-01 2.894932e-02
2.500000e-01 3.262674e-02
2.550000e-01 3.658788e-02
2.600000e-01 4.088937e-02
2.650000e-01 4.557855e-02
2.700000e-01 5.052280e-02
2.750000e-01 5.574857e-02
2.800000e-01 6.126509e-02
2.850000e-01 6.703565e-02
2.900000e-01 7.318134e-02
2.950000e-01 7.977887e-02
3.000000e-01 8.693436e-02
3.050000e-01 9.484012e-02
3.100000e-01 1.036120e-01
3.150000e-01 1.134358e-01
3.200000e-01 1.245509e-01
3.250000e-01 1.371478e-01
3.300000e-01 1.514329e-01
3.350000e-01 1.675712e-01
3.400000e-01 1.857106e-01
3.450000e-01 2.060605e-01
3.500000e-01 2.288125e-01
3.550000e-01 2.541170e-01
3.600000e-01 2.821580e-01
3.650000e-01 3.131376e-01
3.700000e-01 3.472526e-01
3.750000e-01 3.847186e-01
3.800000e-01 4.257630e-01
3.850000e-01 4.706900e-01
3.900000e-01 5.198399e-01
3.950000e-01 5.735214e-01
4.000000e-01 6.321572e-01
4.050000e-01 6.962498e-01
4.100000e-01 7.663542e-01
4.150000e-01 8.431747e-01
4.200000e-01 9.274886e-01
4.250000e-01 1.020181e+00
4.300000e-01 1.122237e+00
4.350000e-01 1.234725e+00
4.400000e-01 1.358844e+00
4.450000e-01 1.495896e+00
4.500000e-01 1.647416e+00
4.550000e-01 1.815137e+00
4.600000e-01 2.000871e+00
4.650000e-01 2.206541e+00
4.700000e-01 2.434191e+00
4.750000e-01 2.686142e+00
4.800000e-01 2.964965e+00
4.850000e-01 3.273358e+00
4.900000e-01 3.614344e+00
4.950000e-01 3.991309e+00
5.000000e-01 4.407831e+00
5.050000e-01 4.867784e+00
5.100000e-01 5.375507e+00
5.150000e-01 5.935791e+00
5.200000e-01 6.553910e+00
5.250000e-01 7.235680e+00
5.300000e-01 7.987503e+00
5.350000e-01 8.816495e+00
5.400000e-01 9.730529e+00
5.450000e-01 1.073824e+01
5.500000e-01 1.184922e+01
5.550000e-01 1.307407e+01
5.600000e-01 1.442456e+01
5.650000e-01 1.591369e+01
5.700000e-01 1.755583e+01
5.750000e-01 1.936683e+01
5.800000e-01 2.136426e+01
5.850000e-01 2.356756e+01
5.900000e-01 2.599816e+01
5.950000e-01 2.867965e+01
6.000000e-01 3.163815e+01
6.050000e-01 3.490244e+01
6.100000e-01 3.850421e+01
6.150000e-01 4.247854e+01
6.200000e-01 4.686405e+01
6.250000e-01 5.170327e+01
6.300000e-01 5.704310e+01
6.350000e-01 6.293529e+01
6.400000e-01 6.943695e+01
6.450000e-01 7.661094e+01
6.500000e-01 8.452664e+01
6.550000e-01 9.326065e+01
6.600000e-01 1.028975e+02
6.650000e-01 1.135301e+02
6.700000e-01 1.252610e+02
6.750000e-01 1.382037e+02
6.800000e-01 1.524831e+02
6.850000e-01 1.682373e+02
6.900000e-01 1.856182e+02
6.950000e-01 2.047937e+02
7.000000e-01 2.259492e+02
7.050000e-01 2.492891e+02
7.100000e-01 2.750389e+02
7.150000e-01 3.034474e+02
7.200000e-01 3.347895e+02
7.250000e-01 3.693679e+02
7.300000e-01 4.075173e+02
7.350000e-01 4.496066e+02
7.400000e-01 4.960427e+02
7.450000e-01 5.472748e+02
7.500000e-01 6.037986e+02
7.550000e-01 6.661608e+02
7.600000e-01 7.349647e+02
7.650000e-01 8.108759e+02
7.700000e-01 8.946287e+02
7.750000e-01 9.870331e+02
7.800000e-01 1.088983e+03
7.850000e-01 1.201464e+03
7.900000e-01 1.325565e+03
7.950000e-01 1.462485e+03
8.000000e-01 1.613550e+03
8.050000e-01 1.780219e+03
8.100000e-01 1.964104e+03
8.150000e-01 2.166984e+03
8.200000e-01 2.390820e+03
8.250000e-01 2.637778e+03
8.300000e-01 2.910246e+03
8.350000e-01 3.210857e+03
8.400000e-01 3.542519e+03
8.450000e-01 3.908438e+03
8.500000e-01 4.312155e+03
8.550000e-01 4.757572e+03
8.600000e-01 5.248996e+03
8.650000e-01 5.791181e+03
8.700000e-01 6.389369e+03
8.750000e-01 7.049345e+03
8.800000e-01 7.777490e+03
8.850000e-01 8.580847e+03
8.900000e-01 9.467185e+03
8.950000e-01 1.044508e+04
9.000000e-01 1.152397e+04
9.050000e-01 1.271432e+04
9.100000e-01 1.402761e+04
9.150000e-01 1.547656e+04
9.200000e-01 1.707518e+04
9.250000e-01 1.883892e+04
9.300000e-01 2.078485e+04
9.350000e-01 2.293178e+04
9.400000e-01 2.530048e+04
9.450000e-01 2.791384e+04
9.500000e-01 3.079715e+04
9.550000e-01 3.397829e+04
9.600000e-01 3.748802e+04
9.650000e-01 4.136028e+04
9.700000e-01 4.563252e+04
9.750000e-01 5.034606e+04
9.800000e-01 5.554647e+04
9.850000e-01 6.128405e+04
9.900000e-01 6.761429e+04
9.950000e-01 7.459840e+04
1 8.230392e+04
1.005000e+00 9.080537e+04
1.010000e+00 1.001850e+05
1.015000e+00 1.105334e+05
1.020000e+00 1.219508e+05
1.025000e+00 1.345475e+05
1.030000e+00 1.484453e+05
1.035000e+00 1.637787e+05
1.040000e+00 1.806960e+05
1.045000e+00 1.993607e+05
1.050000e+00 2.199533e+05
1.055000e+00 2.426730e+05
1.060000e+00 2.677395e+05
1.065000e+00 2.953953e+05
1.070000e+00 3.259076e+05
1.075000e+00 3.595717e+05
1.080000e+00 3.967131e+05
1.085000e+00 4.376909e+05
1.090000e+00 4.829015e+05
1.095000e+00 5.327820e+05
1.100000e+00 5.878149e+05
1.105000e+00 6.485323e+05
1.110000e+00 7.155214e+05
1.115000e+00 7.894300e+05
1.120000e+00 8.709729e+05
1.125000e+00 9.609387e+05
1.130000e+00 1.060197e+06
1.135000e+00 1.169709e+06
1.140000e+00 1.290532e+06
1.145000e+00 1.423835e+06
1.150000e+00 1.570908e+06
1.155000e+00 1.733172e+06
1.160000e+00 1.912198e+06
1.165000e+00 2.109715e+06
1.170000e+00 2.327635e+06
1.175000e+00 2.568064e+06
1.180000e+00 2.833328e+06
1.185000e+00 3.125992e+06
1.190000e+00 3.448887e+06
1.195000e+00 3.805134e+06
1.200000e+00 4.198179e+06
1.205000e+00 4.631823e+06
1.210000e+00 5.110260e+06
1.215000e+00 5.638116e+06
1.220000e+00 6.220496e+06
1.225000e+00 6.863032e+06
1.230000e+00 7.571938e+06
1.235000e+00 8.354070e+06
1.240000e+00 9.216990e+06
1.245000e+00 1.016904e+07
1.250000e+00 1.121944e+07
1.255000e+00 1.237833e+07
1.260000e+00 1.365693e+07
1.265000e+00 1.506760e+07
1.270000e+00 1.662399e+07
1.275000e+00 1.834114e+07
1.280000e+00 2.023566e+07
1.285000e+00 2.232587e+07
1.290000e+00 2.463198e+07
1.295000e+00 2.717630e+07
1.300000e+00 2.998343e+07
1.305000e+00 3.308052e+07
1.310000e+00 3.649752e+07
1.315000e+00 4.026748e+07
1.320000e+00 4.442684e+07
1.325000e+00 4.901584e+07
1.330000e+00 5.407885e+07
1.335000e+00 5.966484e+07
1.340000e+00 6.582783e+07
1.345000e+00 7.262741e+07
1.350000e+00 8.012934e+07
1.355000e+00 8.840617e+07
1.360000e+00 9.753795e+07
1.365000e+00 1.076130e+08
1.370000e+00 1.187287e+08
1.375000e+00 1.309926e+08
1.380000e+00 1.445232e+08
1.385000e+00 1.594515e+08
1.390000e+00 1.759218e+08
1.395000e+00 1.940934e+08
1.400000e+00 2.141420e+08
1.405000e+00 2.362614e+08
1.410000e+00 2.606657e+08
1.415000e+00 2.875907e+08
1.420000e+00 3.172969e+08
1.425000e+00 3.500716e+08
1.430000e+00 3.862317e+08
1.435000e+00 4.261269e+08
1.440000e+00 4.701430e+08
1.445000e+00 5.187056e+08
1.450000e+00 5.722845e+08
1.455000e+00 6.313977e+08
1.460000e+00 6.966169e+08
1.465000e+00 7.685729e+08
1.470000e+00 8.479614e+08
1.475000e+00 9.355502e+08
1.480000e+00 1.032186e+09
1.485000e+00 1.138804e+09
1.490000e+00 1.256435e+09
1.495000e+00 1.386217e+09
1.500000e+00 1.529404e+09
1.505000e+00 1.687381e+09
1.510000e+00 1.861677e+09
1.515000e+00 2.053975e+09
1.520000e+00 2.266138e+09
1.525000e+00 2.500215e+09
1.530000e+00 2.758470e+09
1.535000e+00 3.043402e+09
1.540000e+00 3.357765e+09
1.545000e+00 3.704601e+09
1.550000e+00 4.087261e+09
1.555000e+00 4.509448e+09
1.560000e+00 4.975245e+09
1.565000e+00 5.489155e+09
1.570000e+00 6.056148e+09
1.575000e+00 6.681708e+09
1.580000e+00 7.371885e+09
1.585000e+00 8.133352e+09
1.590000e+00 8.973473e+09
1.595000e+00 9.900374e+09
1.600000e+00 1.092302e+10
1.605000e+00 1.205129e+10
1.610000e+00 1.329611e+10
1.615000e+00 1.466951e+10
1.620000e+00 1.618478e+10
1.625000e+00 1.785656e+10
1.630000e+00 1.970102e+10
1.635000e+00 2.173601e+10
1.640000e+00 2.398119e+10
1.645000e+00 2.645829e+10
1.650000e+00 2.919126e+10
1.655000e+00 3.220652e+10
1.660000e+00 3.553324e+10
1.665000e+00 3.920359e+10
1.670000e+00 4.325307e+10
1.675000e+00 4.772082e+10
1.680000e+00 5.265007e+10
1.685000e+00 5.808847e+10
1.690000e+00 6.408863e+10
1.695000e+00 7.070856e+10
1.700000e+00 7.801229e+10
1.705000e+00 8.607045e+10
1.710000e+00 9.496096e+10
1.715000e+00 1.047698e+11
1.720000e+00 1.155918e+11
1.725000e+00 1.275317e+11
1.730000e+00 1.407049e+11
1.735000e+00 1.552388e+11
1.740000e+00 1.712739e+11
1.745000e+00 1.889654e+11
1.750000e+00 2.084842e+11
1.755000e+00 2.300193e+11
1.760000e+00 2.537788e+11
1.765000e+00 2.799924e+11
1.770000e+00 3.089138e+11
1.775000e+00 3.408226e+11
1.780000e+00 3.760273e+11
1.785000e+00 4.148684e+11
1.790000e+00 4.577216e+11
1.795000e+00 5.050012e+11
1.800000e+00 5.571645e+11
1.805000e+00 6.147159e+11
1.810000e+00 6.782120e+11
1.815000e+00 7.482669e+11
1.820000e+00 8.255579e+11
1.825000e+00 9.108326e+11
1.830000e+00 1.004916e+12
1.835000e+00 1.108717e+12
1.840000e+00 1.223240e+12
1.845000e+00 1.349592e+12
1.850000e+00 1.488996e+12
1.855000e+00 1.642800e+12
1.860000e+00 1.812490e+12
1.865000e+00 1.999709e+12
1.870000e+00 2.206265e+12
1.875000e+00 2.434158e+12
1.880000e+00 2.685590e+12
1.885000e+00 2.962994e+12
1.890000e+00 3.269052e+12
1.895000e+00 3.606723e+12
1.900000e+00 3.979274e+12
1.905000e+00 4.390307e+12
1.910000e+00 4.843797e+12
1.915000e+00 5.344129e+12
1.920000e+00 5.896142e+12
1.925000e+00 6.505175e+12
1.930000e+00 7.177117e+12
1.935000e+00 7.918465e+12
1.940000e+00 8.736390e+12
1.945000e+00 9.638802e+12
1.950000e+00 1.063443e+13
1.955000e+00 1.173289e+13
1.960000e+00 1.294482e+13
1.965000e+00 1.428194e+13
1.970000e+00 1.575717e+13
1.975000e+00 1.738478e+13
1.980000e+00 1.918051e+13
1.985000e+00 2.116173e+13
1.990000e+00 2.334760e+13
1.995000e+00 2.575925e+13
2 2.842001e+13
2.005000e+00 3.135561e+13
2.010000e+00 3.459444e+13
2.015000e+00 3.816782e+13
2.020000e+00 4.211030e+13
2.025000e+00 4.646002e+13
2.030000e+00 5.125903e+13
2.035000e+00 5.655375e+13
2.040000e+00 6.239538e+13
2.045000e+00 6.884041e+13
2.050000e+00 7.595118e+13
2.055000e+00 8.379643e+13
2.060000e+00 9.245205e+13
2.065000e+00 1.020017e+14
2.070000e+00 1.125378e+14
2.075000e+00 1.241623e+14
2.080000e+00 1.369874e+14
2.085000e+00 1.511373e+14
2.090000e+00 1.667488e+14
2.095000e+00 1.839728e+14
2.100000e+00 2.029760e+14
2.105000e+00 2.239421e+14
2.110000e+00 2.470738e+14
2.115000e+00 2.725949e+14
2.120000e+00 3.007522e+14
2.125000e+00 3.318179e+14
2.130000e+00 3.660925e+14
2.135000e+00 4.039074e+14
2.140000e+00 4.456284e+14
2.145000e+00 4.916589e+14
2.150000e+00 5.424440e+14
2.155000e+00 5.984749e+14
2.160000e+00 6.602934e+14
2.165000e+00 7.284974e+14
2.170000e+00 8.037463e+14
2.175000e+00 8.867680e+14
2.180000e+00 9.783653e+14
2.185000e+00 1.079424e+15
2.190000e+00 1.190921e+15
2.195000e+00 1.313936e+15
2.200000e+00 1.449657e+15
2.205000e+00 1599396522572770
2.210000e+00 1.764604e+15
2.215000e+00 1.946876e+15
2.220000e+00 2.147975e+15
2.225000e+00 2369846579182386
2.230000e+00 2.614636e+15
2.235000e+00 2884710750747242
2.240000e+00 3182682337693059
2.245000e+00 3.511432e+15
2.250000e+00 3.874140e+15
2.255000e+00 4.274313e+15
2.260000e+00 4715821714109018
2.265000e+00 5202934982724129
2.270000e+00 5740363837009704
2.275000e+00 6333305545709770
2.280000e+00 6987494220934332
2.285000e+00 7709256269974901
2.290000e+00 8505571576270024
2.295000e+00 9384140999429834
2.300000e+00 10353460847072946
2.305000e+00 11422905038735586
2.310000e+00 12602815758979056
2.315000e+00 13904603471621544
2.320000e+00 15340857265294230
2.325000e+00 16925466599007010
2.330000e+00 18673755620193896
2.335000e+00 20602631360755732
2.340000e+00 22730747240328736
2.345000e+00 25078683451181792
2.350000e+00 27669145981666848
2.355000e+00 30527186198513504
2.360000e+00 33680443111784584
2.365000e+00 37159410659418680
2.370000e+00 40997732597324560
2.375000e+00 45232527865294880
2.380000e+00 49904749546092928
2.385000e+00 55059580898954432
2.390000e+00 60746872320121192
2.395000e+00 67021623422653576
2.400000e+00 73944514911676016
2.405000e+00 81582495412019552
2.410000e+00 90009428898417808
2.415000e+00 99306809007990592
2.420000e+00 109564547132179920
2.425000e+00 120881841928022240
2.430000e+00 133368138616656480
2.435000e+00 147144187353559904
2.440000e+00 162343211004775136
2.445000e+00 179112193511761760
2.450000e+00 197613301294715072
2.455000e+00 218025451466805504
2.460000e+00 240546042058193760
2.465000e+00 265392861048084896
2.470000e+00 292806192506178816
2.475000e+00 323051140244248320
2.480000e+00 356420191553766784
2.485000e+00 393236045702626496
2.490000e+00 433854734634713344
2.495000e+00 478669066144752704
2.500000e+00 528112422387615488
2.505000e+00 582662950979313408
2.510000e+00 642848189241745792
2.515000e+00 709250165586203520
2.520000e+00 782511028021868544
2.525000e+00 863339254112848128
2.530000e+00 952516502519346816
2.535000e+00 1050905172331956736
2.540000e+00 1159456742747624960
2.545000e+00 1279220974249189120
2.550000e+00 1411356060563752960
2.555000e+00 1557139829209844736
2.560000e+00 1717982099144044032
2.565000e+00 1895438314371031808
2.570000e+00 2091224585867802624
2.575000e+00 2307234287567982080
2.580000e+00 2545556366087028736
2.585000e+00 2808495542830958080
2.590000e+00 3098594601603073536
2.595000e+00 3418658978697804288
2.600000e+00 3771783894582088704
2.605000e+00 4161384284861559296
2.610000e+00 4591227824619449856
2.615000e+00 5065471365480124416
2.620000e+00 5588701134232482816
2.625000e+00 6165977086187518976
2.630000e+00 6802881836268923904
2.635000e+00 7505574643636789248
2.640000e+00 8280850980567525376
2.645000e+00 9136208248526415872
2.650000e+00 1.007992e+19
2.655000e+00 1.112111e+19
2.660000e+00 1.226984e+19
2.665000e+00 1.353724e+19
2.670000e+00 1.493555e+19
2.675000e+00 1.647829e+19
2.680000e+00 1.818039e+19
2.685000e+00 2.005830e+19
2.690000e+00 2.213019e+19
2.695000e+00 2.441609e+19
2.700000e+00 2.693812e+19
2.705000e+00 2.972065e+19
2.710000e+00 3.279059e+19
2.715000e+00 3.617764e+19
2.720000e+00 3.991456e+19
2.725000e+00 4.403747e+19
2.730000e+00 4.858625e+19
2.735000e+00 5.360488e+19
2.740000e+00 5.914192e+19
2.745000e+00 6.525089e+19
2.750000e+00 7.199087e+19
2.755000e+00 7.942705e+19
2.760000e+00 8.763134e+19
2.765000e+00 9.668308e+19
2.770000e+00 1.066698e+20
2.775000e+00 1.176881e+20
2.780000e+00 1.298445e+20
2.785000e+00 1.432566e+20
2.790000e+00 1.580540e+20
2.795000e+00 1.743800e+20
2.800000e+00 1.923923e+20
2.805000e+00 2.122651e+20
2.810000e+00 2.341907e+20
2.815000e+00 2.583811e+20
2.820000e+00 2.850701e+20
2.825000e+00 3.145160e+20
2.830000e+00 3.470034e+20
2.835000e+00 3.828466e+20
2.840000e+00 4.223921e+20
2.845000e+00 4.660224e+20
2.850000e+00 5.141595e+20
2.855000e+00 5.672688e+20
2.860000e+00 6.258639e+20
2.865000e+00 6.905115e+20
2.870000e+00 7.618368e+20
2.875000e+00 8.405295e+20
2.880000e+00 9.273506e+20
2.885000e+00 1.023140e+21
2.890000e+00 1.128823e+21
2.895000e+00 1.245423e+21
2.900000e+00 1.374067e+21
2.905000e+00 1.516000e+21
2.910000e+00 1.672592e+21
2.915000e+00 1.845360e+21
2.920000e+00 2.035974e+21
2.925000e+00 2.246276e+21
2.930000e+00 2.478302e+21
2.935000e+00 2.734294e+21
2.940000e+00 3.016728e+21
2.945000e+00 3.328337e+21
2.950000e+00 3.672132e+21
2.955000e+00 4.051439e+21
2.960000e+00 4.469926e+21
2.965000e+00 4.931640e+21
2.970000e+00 5.441045e+21
2.975000e+00 6.003070e+21
2.980000e+00 6.623147e+21
2.985000e+00 7.307274e+21
2.990000e+00 8.062068e+21
2.995000e+00 8.894826e+21
3 9.813603e+21
