T X
0 0
5.000000e-03 -5.720630e-08
1.000000e-02 -1.882336e-07
1.500000e-02 -5.651336e-07
2.000000e-02 -1.385637e-06
2.500000e-02 -1.445880e-06
3.000000e-02 2.693543e-06
3.500000e-02 1.149778e-05
4.000000e-02 1.575240e-05
4.500000e-02 1.146759e-05
5.000000e-02 6.175552e-06
5.500000e-02 -1.971357e-06
6.000000e-02 -1.494591e-05
6.500000e-02 -3.718443e-05
7.000000e-02 -9.054110e-05
7.500000e-02 -1.509226e-04
8.000000e-02 -9.323532e-05
8.500000e-02 1.532146e-04
9.000000e-02 3.494953e-04
9.500000e-02 1.750458e-04
1.000000e-01 -2.685683e-04
1.050000e-01 -6.770198e-04
1.100000e-01 -9.557570e-04
1.150000e-01 -9.922148e-04
1.200000e-01 -6.821446e-04
1.250000e-01 -1.297707e-04
1.300000e-01 6.218497e-04
1.350000e-01 1.491048e-03
1.400000e-01 2.287832e-03
1.450000e-01 2.997184e-03
1.500000e-01 3.521492e-03
1.550000e-01 3.700480e-03
1.600000e-01 3.547138e-03
1.650000e-01 3.016690e-03
1.700000e-01 2.083932e-03
1.750000e-01 8.205590e-04
1.800000e-01 -6.930661e-04
1.850000e-01 -2.371944e-03
1.900000e-01 -4.128072e-03
1.950000e-01 -5.887073e-03
2.000000e-01 -7.598461e-03
2.050000e-01 -9.075641e-03
2.100000e-01 -1.018332e-02
2.150000e-01 -1.087636e-02
2.200000e-01 -1.107068e-02
2.250000e-01 -1.078144e-02
2.300000e-01 -9.932192e-03
2.350000e-01 -8.482094e-03
2.400000e-01 -6.542435e-03
2.450000e-01 -4.112860e-03
2.500000e-01 -1.174184e-03
2.550000e-01 2.230849e-03
2.600000e-01 5.998918e-03
2.650000e-01 9.967906e-03
2.700000e-01 1.400881e-02
2.750000e-01 1.803940e-02
2.800000e-01 2.196045e-02
2.850000e-01 2.568883e-02
2.900000e-01 2.918505e-02
2.950000e-01 3.232696e-02
3.000000e-01 3.499950e-02
3.050000e-01 3.718247e-02
3.100000e-01 3.886637e-02
3.150000e-01 4.008522e-02
3.200000e-01 4.089580e-02
3.250000e-01 4.131201e-02
3.300000e-01 4.136361e-02
3.350000e-01 4.111462e-02
3.400000e-01 4.066118e-02
3.450000e-01 4.018454e-02
3.500000e-01 3.984327e-02
3.550000e-01 3.978155e-02
3.600000e-01 4.016489e-02
3.650000e-01 4.107684e-02
3.700000e-01 4.260862e-02
3.750000e-01 4.492194e-02
3.800000e-01 4.813376e-02
3.850000e-01 5.226615e-02
3.900000e-01 5.738686e-02
3.950000e-01 6.360839e-02
4.000000e-01 7.096856e-02
4.050000e-01 7.943402e-02
4.100000e-01 8.896942e-02
4.150000e-01 9.957434e-02
4.200000e-01 1.112478e-01
4.250000e-01 1.239629e-01
4.300000e-01 1.376572e-01
4.350000e-01 1.522844e-01
4.400000e-01 1.677984e-01
4.450000e-01 1.842126e-01
4.500000e-01 2.015800e-01
4.550000e-01 2.199396e-01
4.600000e-01 2.394093e-01
4.650000e-01 2.600753e-01
4.700000e-01 2.820593e-01
4.750000e-01 3.055724e-01
4.800000e-01 3.308767e-01
4.850000e-01 3.583551e-01
4.900000e-01 3.883808e-01
4.950000e-01 4.213081e-01
5.000000e-01 4.575632e-01
5.050000e-01 4.976688e-01
5.100000e-01 5.421709e-01
5.150000e-01 5.916000e-01
5.200000e-01 6.466284e-01
5.250000e-01 7.079581e-01
5.300000e-01 7.762276e-01
5.350000e-01 8.521997e-01
5.400000e-01 9.367413e-01
5.450000e-01 1.030721e+00
5.500000e-01 1.135043e+00
5.550000e-01 1.250702e+00
5.600000e-01 1.378792e+00
5.650000e-01 1.520446e+00
5.700000e-01 1.676877e+00
5.750000e-01 1.849495e+00
5.800000e-01 2.039859e+00
5.850000e-01 2.249660e+00
5.900000e-01 2.480746e+00
5.950000e-01 2.735146e+00
6.000000e-01 3.015141e+00
6.050000e-01 3.323244e+00
6.100000e-01 3.662299e+00
6.150000e-01 4.035493e+00
6.200000e-01 4.446330e+00
6.250000e-01 4.898771e+00
6.300000e-01 5.397187e+00
6.350000e-01 5.946345e+00
6.400000e-01 6.551576e+00
6.450000e-01 7.218798e+00
6.500000e-01 7.954544e+00
6.550000e-01 8.766125e+00
6.600000e-01 9.661558e+00
6.650000e-01 1.064963e+01
6.700000e-01 1.174005e+01
6.750000e-01 1.294352e+01
6.800000e-01 1.427186e+01
6.850000e-01 1.573808e+01
6.900000e-01 1.735648e+01
6.950000e-01 1.914280e+01
7.000000e-01 2.111440e+01
7.050000e-01 2.329033e+01
7.100000e-01 2.569166e+01
7.150000e-01 2.834165e+01
7.200000e-01 3.126588e+01
7.250000e-01 3.449251e+01
7.300000e-01 3.805262e+01
7.350000e-01 4.198048e+01
7.400000e-01 4.631394e+01
7.450000e-01 5.109470e+01
7.500000e-01 5.636881e+01
7.550000e-01 6.218710e+01
7.600000e-01 6.860568e+01
7.650000e-01 7.568654e+01
7.700000e-01 8.349798e+01
7.750000e-01 9.211534e+01
7.800000e-01 1.016219e+02
7.850000e-01 1.121096e+02
7.900000e-01 1.236799e+02
7.950000e-01 1.364446e+02
8.000000e-01 1.505273e+02
8.050000e-01 1.660643e+02
8.100000e-01 1.832059e+02
8.150000e-01 2.021181e+02
8.200000e-01 2.229839e+02
8.250000e-01 2.460052e+02
8.300000e-01 2.714049e+02
8.350000e-01 2.994287e+02
8.400000e-01 3.303478e+02
8.450000e-01 3.644613e+02
8.500000e-01 4.020992e+02
8.550000e-01 4.436257e+02
8.600000e-01 4.894423e+02
8.650000e-01 5.399921e+02
8.700000e-01 5.957641e+02
8.750000e-01 6.572974e+02
8.800000e-01 7.251870e+02
8.850000e-01 8.000894e+02
8.900000e-01 8.827289e+02
8.950000e-01 9.739043e+02
9.000000e-01 1.074497e+03
9.050000e-01 1.185481e+03
9.100000e-01 1.307927e+03
9.150000e-01 1.443021e+03
9.200000e-01 1.592069e+03
9.250000e-01 1.756511e+03
9.300000e-01 1.937938e+03
9.350000e-01 2.138105e+03
9.400000e-01 2.358947e+03
9.450000e-01 2.602599e+03
9.500000e-01 2.871419e+03
9.550000e-01 3.168005e+03
9.600000e-01 3.495226e+03
9.650000e-01 3.856247e+03
9.700000e-01 4.254558e+03
9.750000e-01 4.694013e+03
9.800000e-01 5.178861e+03
9.850000e-01 5.713790e+03
9.900000e-01 6.303975e+03
9.950000e-01 6.955122e+03
1 7.673529e+03
1.005000e+00 8.466144e+03
1.010000e+00 9.340632e+03
1.015000e+00 1.030545e+04
1.020000e+00 1.136993e+04
1.025000e+00 1.254436e+04
1.030000e+00 1.384010e+04
1.035000e+00 1.526968e+04
1.040000e+00 1.684694e+04
1.045000e+00 1.858711e+04
1.050000e+00 2.050703e+04
1.055000e+00 2.262526e+04
1.060000e+00 2.496230e+04
1.065000e+00 2.754073e+04
1.070000e+00 3.038550e+04
1.075000e+00 3.352411e+04
1.080000e+00 3.698692e+04
1.085000e+00 4.080742e+04
1.090000e+00 4.502254e+04
1.095000e+00 4.967306e+04
1.100000e+00 5.480395e+04
1.105000e+00 6.046483e+04
1.110000e+00 6.671043e+04
1.115000e+00 7.360116e+04
1.120000e+00 8.120366e+04
1.125000e+00 8.959145e+04
1.130000e+00 9.884564e+04
1.135000e+00 1.090557e+05
1.140000e+00 1.203205e+05
1.145000e+00 1.327488e+05
1.150000e+00 1.464608e+05
1.155000e+00 1.615892e+05
1.160000e+00 1.782803e+05
1.165000e+00 1.966955e+05
1.170000e+00 2.170128e+05
1.175000e+00 2.394288e+05
1.180000e+00 2.641602e+05
1.185000e+00 2.914462e+05
1.190000e+00 3.215507e+05
1.195000e+00 3.547648e+05
1.200000e+00 3.914096e+05
1.205000e+00 4.318396e+05
1.210000e+00 4.764458e+05
1.215000e+00 5.256595e+05
1.220000e+00 5.799567e+05
1.225000e+00 6.398624e+05
1.230000e+00 7.059559e+05
1.235000e+00 7.788765e+05
1.240000e+00 8.593293e+05
1.245000e+00 9.480923e+05
1.250000e+00 1.046024e+06
1.255000e+00 1.154071e+06
1.260000e+00 1.273279e+06
1.265000e+00 1.404801e+06
1.270000e+00 1.549907e+06
1.275000e+00 1.710002e+06
1.280000e+00 1.886634e+06
1.285000e+00 2.081511e+06
1.290000e+00 2.296518e+06
1.295000e+00 2.533733e+06
1.300000e+00 2.795451e+06
1.305000e+00 3.084202e+06
1.310000e+00 3.402780e+06
1.315000e+00 3.754265e+06
1.320000e+00 4.142055e+06
1.325000e+00 4.569902e+06
1.330000e+00 5.041943e+06
1.335000e+00 5.562742e+06
1.340000e+00 6.137337e+06
1.345000e+00 6.771283e+06
1.350000e+00 7.470712e+06
1.355000e+00 8.242388e+06
1.360000e+00 9.093772e+06
1.365000e+00 1.003310e+07
1.370000e+00 1.106945e+07
1.375000e+00 1.221285e+07
1.380000e+00 1.347436e+07
1.385000e+00 1.486617e+07
1.390000e+00 1.640175e+07
1.395000e+00 1.809594e+07
1.400000e+00 1.996513e+07
1.405000e+00 2.202740e+07
1.410000e+00 2.430269e+07
1.415000e+00 2.681299e+07
1.420000e+00 2.958260e+07
1.425000e+00 3.263828e+07
1.430000e+00 3.600960e+07
1.435000e+00 3.972916e+07
1.440000e+00 4.383292e+07
1.445000e+00 4.836057e+07
1.450000e+00 5.335590e+07
1.455000e+00 5.886721e+07
1.460000e+00 6.494780e+07
1.465000e+00 7.165648e+07
1.470000e+00 7.905812e+07
1.475000e+00 8.722431e+07
1.480000e+00 9.623400e+07
1.485000e+00 1.061743e+08
1.490000e+00 1.171414e+08
1.495000e+00 1.292414e+08
1.500000e+00 1.425912e+08
1.505000e+00 1.573199e+08
1.510000e+00 1.735700e+08
1.515000e+00 1.914986e+08
1.520000e+00 2.112792e+08
1.525000e+00 2.331029e+08
1.530000e+00 2.571809e+08
1.535000e+00 2.837460e+08
1.540000e+00 3.130551e+08
1.545000e+00 3.453916e+08
1.550000e+00 3.810683e+08
1.555000e+00 4.204302e+08
1.560000e+00 4.638578e+08
1.565000e+00 5.117713e+08
1.570000e+00 5.646339e+08
1.575000e+00 6.229568e+08
1.580000e+00 6.873041e+08
1.585000e+00 7.582981e+08
1.590000e+00 8.366253e+08
1.595000e+00 9.230432e+08
1.600000e+00 1.018387e+09
1.605000e+00 1.123580e+09
1.610000e+00 1.239639e+09
1.615000e+00 1.367685e+09
1.620000e+00 1.508958e+09
1.625000e+00 1.664823e+09
1.630000e+00 1.836789e+09
1.635000e+00 2.026517e+09
1.640000e+00 2.235843e+09
1.645000e+00 2.466790e+09
1.650000e+00 2.721593e+09
1.655000e+00 3.002716e+09
1.660000e+00 3.312877e+09
1.665000e+00 3.655075e+09
1.670000e+00 4.032620e+09
1.675000e+00 4.449163e+09
1.680000e+00 4.908733e+09
1.685000e+00 5.415772e+09
1.690000e+00 5.975186e+09
1.695000e+00 6.592383e+09
1.700000e+00 7.273333e+09
1.705000e+00 8.024620e+09
1.710000e+00 8.853510e+09
1.715000e+00 9.768020e+09
1.720000e+00 1.077699e+10
1.725000e+00 1.189018e+10
1.730000e+00 1.311836e+10
1.735000e+00 1.447340e+10
1.740000e+00 1.596841e+10
1.745000e+00 1.761784e+10
1.750000e+00 1.943765e+10
1.755000e+00 2.144543e+10
1.760000e+00 2.366060e+10
1.765000e+00 2.610458e+10
1.770000e+00 2.880101e+10
1.775000e+00 3.177597e+10
1.780000e+00 3.505821e+10
1.785000e+00 3.867950e+10
1.790000e+00 4.267483e+10
1.795000e+00 4.708286e+10
1.800000e+00 5.194621e+10
1.805000e+00 5.731191e+10
1.810000e+00 6.323185e+10
1.815000e+00 6.976329e+10
1.820000e+00 7.696937e+10
1.825000e+00 8.491980e+10
1.830000e+00 9.369146e+10
1.835000e+00 1.033692e+11
1.840000e+00 1.140465e+11
1.845000e+00 1.258268e+11
1.850000e+00 1.388238e+11
1.855000e+00 1.531634e+11
1.860000e+00 1.689842e+11
1.865000e+00 1.864392e+11
1.870000e+00 2.056971e+11
1.875000e+00 2.269443e+11
1.880000e+00 2.503861e+11
1.885000e+00 2.762493e+11
1.890000e+00 3.047841e+11
1.895000e+00 3.362662e+11
1.900000e+00 3.710003e+11
1.905000e+00 4.093222e+11
1.910000e+00 4.516025e+11
1.915000e+00 4.982501e+11
1.920000e+00 5.497160e+11
1.925000e+00 6.064980e+11
1.930000e+00 6.691453e+11
1.935000e+00 7.382636e+11
1.940000e+00 8.145213e+11
1.945000e+00 8.986560e+11
1.950000e+00 9.914813e+11
1.955000e+00 1.093895e+12
1.960000e+00 1.206887e+12
1.965000e+00 1.331550e+12
1.970000e+00 1.469091e+12
1.975000e+00 1.620838e+12
1.980000e+00 1.788260e+12
1.985000e+00 1.972975e+12
1.990000e+00 2.176771e+12
1.995000e+00 2.401617e+12
2 2.649688e+12
2.005000e+00 2.923383e+12
2.010000e+00 3.225349e+12
2.015000e+00 3.558507e+12
2.020000e+00 3.926077e+12
2.025000e+00 4.331615e+12
2.030000e+00 4.779042e+12
2.035000e+00 5.272686e+12
2.040000e+00 5.817319e+12
2.045000e+00 6.418210e+12
2.050000e+00 7.081169e+12
2.055000e+00 7.812606e+12
2.060000e+00 8.619597e+12
2.065000e+00 9.509945e+12
2.070000e+00 1.049226e+13
2.075000e+00 1.157604e+13
2.080000e+00 1.277177e+13
2.085000e+00 1.409101e+13
2.090000e+00 1.554652e+13
2.095000e+00 1.715237e+13
2.100000e+00 1.892410e+13
2.105000e+00 2.087883e+13
2.110000e+00 2.303548e+13
2.115000e+00 2.541489e+13
2.120000e+00 2.804008e+13
2.125000e+00 3.093643e+13
2.130000e+00 3.413196e+13
2.135000e+00 3.765757e+13
2.140000e+00 4.154735e+13
2.145000e+00 4.583892e+13
2.150000e+00 5.057377e+13
2.155000e+00 5.579771e+13
2.160000e+00 61561244926488
2.165000e+00 6.792012e+13
2.170000e+00 7.493581e+13
2.175000e+00 8.267619e+13
2.180000e+00 9.121610e+13
2.185000e+00 1.006381e+14
2.190000e+00 1.110334e+14
2.195000e+00 1.225024e+14
2.200000e+00 1.351561e+14
2.205000e+00 1.491168e+14
2.210000e+00 1.645196e+14
2.215000e+00 1.815134e+14
2.220000e+00 2.002625e+14
2.225000e+00 2.209483e+14
2.230000e+00 2.437708e+14
2.235000e+00 2.689507e+14
2.240000e+00 2.967316e+14
2.245000e+00 3.273820e+14
2.250000e+00 3.611984e+14
2.255000e+00 3.985078e+14
2.260000e+00 4.396710e+14
2.265000e+00 4.850861e+14
2.270000e+00 5.351923e+14
2.275000e+00 5.904741e+14
2.280000e+00 6.514662e+14
2.285000e+00 7.187584e+14
2.290000e+00 7.930014e+14
2.295000e+00 8.749132e+14
2.300000e+00 9.652859e+14
2.305000e+00 1.064994e+15
2.310000e+00 1.175000e+15
2.315000e+00 1.296370e+15
2.320000e+00 1430276681482087
2.325000e+00 1.578015e+15
2.330000e+00 1741013334974828
2.335000e+00 1920848517190465
2.340000e+00 2119259488344324
2.345000e+00 2338165007249053
2.350000e+00 2579682027519197
2.355000e+00 2846146167046282
2.360000e+00 3.140134e+15
2.365000e+00 3464489457926861
2.370000e+00 3822348373325037
2.375000e+00 4217171755786469
2.380000e+00 4652777786911088
2.385000e+00 5133379041341600
2.390000e+00 5663623222787336
2.395000e+00 6248638121299309
2.400000e+00 6894081198575560
2.405000e+00 7606194304847515
2.410000e+00 8391864017871882
2.415000e+00 9258688243668358
2.420000e+00 10215049697077660
2.425000e+00 11270196935510176
2.430000e+00 12434333882686692
2.435000e+00 13718718505884512
2.440000e+00 15135771603625372
2.445000e+00 16699196955396572
2.450000e+00 18424113838289688
2.455000e+00 20327203249060352
2.460000e+00 22426869207667860
2.465000e+00 24743416730288208
2.470000e+00 27299248315770064
2.475000e+00 30119080538360760
2.480000e+00 33230182909550848
2.485000e+00 36662641615598528
2.490000e+00 40449650590650360
2.495000e+00 44627832632055208
2.500000e+00 49237593464356352
2.505000e+00 54323512235011440
2.510000e+00 59934772763086928
2.515000e+00 66125639383507000
2.520000e+00 72955981651271968
2.525000e+00 80491853265929552
2.530000e+00 88806130773488352
2.535000e+00 97979218217804576
2.540000e+00 108099824871130304
2.545000e+00 119265823274820896
2.550000e+00 131585195511050816
2.555000e+00 145177077370404512
2.560000e+00 160172910722667712
2.565000e+00 176717714611380320
2.570000e+00 194971487443344128
2.575000e+00 215110754317828864
2.580000e+00 237330274429973760
2.585000e+00 261844924948308832
2.590000e+00 288891777856467648
2.595000e+00 318732392298119680
2.600000e+00 351655345855734784
2.605000e+00 387979024530320896
2.610000e+00 428054699627795328
2.615000e+00 472269926686261312
2.620000e+00 521052294357443392
2.625000e+00 574873558291897728
2.630000e+00 634254204439747840
2.635000e+00 699768480490396672
2.640000e+00 772049950006367104
2.645000e+00 851797617839978112
2.650000e+00 939782691295356032
2.655000e+00 1036856043673299712
2.660000e+00 1143956434439611776
2.665000e+00 1262119588128224768
2.670000e+00 1392488213757207552
2.675000e+00 1536323055081685504
2.680000e+00 1695015087181008896
2.685000e+00 1870098962137104896
2.690000e+00 2063267847754376704
2.695000e+00 2276389803702743040
2.700000e+00 2511525846648208384
2.705000e+00 2770949889433615360
2.710000e+00 3057170726940969984
2.715000e+00 3372956291569921024
2.720000e+00 3721360427519446528
2.725000e+00 4105752422042766336
2.730000e+00 4529849577443752960
2.735000e+00 4997753156252480512
2.740000e+00 5513988070457732096
2.745000e+00 6083546642528739328
2.750000e+00 6711936855283222528
2.755000e+00 7405235621775638528
2.760000e+00 8170147569428865024
2.765000e+00 9014069887727792128
2.770000e+00 9.945164e+18
2.775000e+00 1.097243e+19
2.780000e+00 1.210581e+19
2.785000e+00 1.335626e+19
2.790000e+00 1.473588e+19
2.795000e+00 1.625800e+19
2.800000e+00 1.793734e+19
2.805000e+00 1.979015e+19
2.810000e+00 2.183434e+19
2.815000e+00 2.408969e+19
2.820000e+00 2.657799e+19
2.825000e+00 2.932332e+19
2.830000e+00 3.235223e+19
2.835000e+00 3.569400e+19
2.840000e+00 3.938095e+19
2.845000e+00 4.344875e+19
2.850000e+00 4.793672e+19
2.855000e+00 5.288826e+19
2.860000e+00 5.835127e+19
2.865000e+00 6.437857e+19
2.870000e+00 7.102845e+19
2.875000e+00 7.836523e+19
2.880000e+00 8.645984e+19
2.885000e+00 9.539057e+19
2.890000e+00 1.052438e+20
2.895000e+00 1.161148e+20
2.900000e+00 1.281087e+20
2.905000e+00 1.413414e+20
2.910000e+00 1.559411e+20
2.915000e+00 1.720488e+20
2.920000e+00 1.898203e+20
2.925000e+00 2.094274e+20
2.930000e+00 2.310599e+20
2.935000e+00 2.549269e+20
2.940000e+00 2.812591e+20
2.945000e+00 3.103114e+20
2.950000e+00 3.423645e+20
2.955000e+00 3.777285e+20
2.960000e+00 4.167453e+20
2.965000e+00 4.597924e+20
2.970000e+00 5.072859e+20
2.975000e+00 5.596852e+20
2.980000e+00 6.174970e+20
2.985000e+00 6.812803e+20
2.990000e+00 7.516521e+20
2.995000e+00 8.292928e+20
3 9.149533e+20
