T X
0 0
5.000000e-03 8.114205e-07
1.000000e-02 6.515472e-06
1.500000e-02 2.223562e-05
2.000000e-02 4.419522e-05
2.500000e-02 6.430920e-05
3.000000e-02 8.534446e-05
3.500000e-02 1.043923e-04
4.000000e-02 9.798696e-05
4.500000e-02 4.766458e-05
5.000000e-02 -4.991994e-05
5.500000e-02 -1.936555e-04
6.000000e-02 -3.840993e-04
6.500000e-02 -6.307666e-04
7.000000e-02 -9.343041e-04
7.500000e-02 -1.275363e-03
8.000000e-02 -1.641483e-03
8.500000e-02 -2.033147e-03
9.000000e-02 -2.443288e-03
9.500000e-02 -2.868862e-03
1.000000e-01 -3.321833e-03
1.050000e-01 -3.782960e-03
1.100000e-01 -4.226023e-03
1.150000e-01 -4.681413e-03
1.200000e-01 -5.162364e-03
1.250000e-01 -5.645944e-03
1.300000e-01 -6.149500e-03
1.350000e-01 -6.701145e-03
1.400000e-01 -7.295491e-03
1.450000e-01 -7.936507e-03
1.500000e-01 -8.658703e-03
1.550000e-01 -9.428392e-03
1.600000e-01 -1.017163e-02
1.650000e-01 -1.091997e-02
1.700000e-01 -1.179919e-02
1.750000e-01 -1.300815e-02
1.800000e-01 -1.459676e-02
1.850000e-01 -1.629479e-02
1.900000e-01 -1.786798e-02
1.950000e-01 -1.932191e-02
2.000000e-01 -2.085428e-02
2.050000e-01 -2.271575e-02
2.100000e-01 -2.504440e-02
2.150000e-01 -2.795987e-02
2.200000e-01 -3.136759e-02
2.250000e-01 -3.505881e-02
2.300000e-01 -3.913835e-02
2.350000e-01 -4.353996e-02
2.400000e-01 -4.798743e-02
2.450000e-01 -5.259282e-02
2.500000e-01 -5.750634e-02
2.550000e-01 -6.271454e-02
2.600000e-01 -6.842347e-02
2.650000e-01 -7.494856e-02
2.700000e-01 -8.249455e-02
2.750000e-01 -9.116196e-02
2.800000e-01 -1.010171e-01
2.850000e-01 -1.121822e-01
2.900000e-01 -1.246913e-01
2.950000e-01 -1.385415e-01
3.000000e-01 -1.538176e-01
3.050000e-01 -1.705006e-01
3.100000e-01 -1.887242e-01
3.150000e-01 -2.087199e-01
3.200000e-01 -2.303944e-01
3.250000e-01 -2.538150e-01
3.300000e-01 -2.792675e-01
3.350000e-01 -3.069536e-01
3.400000e-01 -3.372189e-01
3.450000e-01 -3.703926e-01
3.500000e-01 -4.068195e-01
3.550000e-01 -4.469576e-01
3.600000e-01 -4.912344e-01
3.650000e-01 -5.401822e-01
3.700000e-01 -5.943721e-01
3.750000e-01 -6.544305e-01
3.800000e-01 -7.210879e-01
3.850000e-01 -7.951039e-01
3.900000e-01 -8.772617e-01
3.950000e-01 -9.683762e-01
4.000000e-01 -1.069433e+00
4.050000e-01 -1.181461e+00
4.100000e-01 -1.305513e+00
4.150000e-01 -1.442821e+00
4.200000e-01 -1.594727e+00
4.250000e-01 -1.762651e+00
4.300000e-01 -1.948040e+00
4.350000e-01 -2.152551e+00
4.400000e-01 -2.378086e+00
4.450000e-01 -2.626671e+00
4.500000e-01 -2.900564e+00
4.550000e-01 -3.202236e+00
4.600000e-01 -3.534505e+00
4.650000e-01 -3.900478e+00
4.700000e-01 -4.303488e+00
4.750000e-01 -4.747373e+00
4.800000e-01 -5.236380e+00
4.850000e-01 -5.775181e+00
4.900000e-01 -6.368947e+00
4.950000e-01 -7.023416e+00
5.000000e-01 -7.745080e+00
5.050000e-01 -8.540978e+00
5.100000e-01 -9.418827e+00
5.150000e-01 -1.038731e+01
5.200000e-01 -1.145594e+01
5.250000e-01 -1.263523e+01
5.300000e-01 -1.393675e+01
5.350000e-01 -1.537316e+01
5.400000e-01 -1.695843e+01
5.450000e-01 -1.870802e+01
5.500000e-01 -2.063897e+01
5.550000e-01 -2.277008e+01
5.600000e-01 -2.512198e+01
5.650000e-01 -2.771742e+01
5.700000e-01 -3.058157e+01
5.750000e-01 -3.374218e+01
5.800000e-01 -3.722975e+01
5.850000e-01 -4.107796e+01
5.900000e-01 -4.532396e+01
5.950000e-01 -5.000870e+01
6.000000e-01 -5.517735e+01
6.050000e-01 -6.087973e+01
6.100000e-01 -6.717095e+01
6.150000e-01 -7.411164e+01
6.200000e-01 -8.176871e+01
6.250000e-01 -9.021616e+01
6.300000e-01 -9.953565e+01
6.350000e-01 -1.098172e+02
6.400000e-01 -1.211601e+02
6.450000e-01 -1.336740e+02
6.500000e-01 -1.474801e+02
6.550000e-01 -1.627117e+02
6.600000e-01 -1.795159e+02
6.650000e-01 -1.980557e+02
6.700000e-01 -2.185107e+02
6.750000e-01 -2.410783e+02
6.800000e-01 -2.659771e+02
6.850000e-01 -2.934479e+02
6.900000e-01 -3.237568e+02
6.950000e-01 -3.571967e+02
7.000000e-01 -3.940913e+02
7.050000e-01 -4.347976e+02
7.100000e-01 -4.797094e+02
7.150000e-01 -5.292608e+02
7.200000e-01 -5.839315e+02
7.250000e-01 -6.442501e+02
7.300000e-01 -7.107997e+02
7.350000e-01 -7.842240e+02
7.400000e-01 -8.652332e+02
7.450000e-01 -9.546105e+02
7.500000e-01 -1.053220e+03
7.550000e-01 -1.162016e+03
7.600000e-01 -1.282049e+03
7.650000e-01 -1.414481e+03
7.700000e-01 -1.560592e+03
7.750000e-01 -1.721796e+03
7.800000e-01 -1.899650e+03
7.850000e-01 -2.095874e+03
7.900000e-01 -2.312367e+03
7.950000e-01 -2.551222e+03
8.000000e-01 -2.814748e+03
8.050000e-01 -3.105494e+03
8.100000e-01 -3.426272e+03
8.150000e-01 -3.780183e+03
8.200000e-01 -4.170651e+03
8.250000e-01 -4.601452e+03
8.300000e-01 -5.076750e+03
8.350000e-01 -5.601145e+03
8.400000e-01 -6.179705e+03
8.450000e-01 -6.818028e+03
8.500000e-01 -7.522286e+03
8.550000e-01 -8.299289e+03
8.600000e-01 -9.156552e+03
8.650000e-01 -1.010237e+04
8.700000e-01 -1.114588e+04
8.750000e-01 -1.229717e+04
8.800000e-01 -1.356740e+04
8.850000e-01 -1.496882e+04
8.900000e-01 -1.651501e+04
8.950000e-01 -1.822091e+04
9.000000e-01 -2.010301e+04
9.050000e-01 -2.217953e+04
9.100000e-01 -2.447054e+04
9.150000e-01 -2.699819e+04
9.200000e-01 -2.978693e+04
9.250000e-01 -3.286374e+04
9.300000e-01 -3.625835e+04
9.350000e-01 -4.000361e+04
9.400000e-01 -4.413572e+04
9.450000e-01 -4.869466e+04
9.500000e-01 -5.372450e+04
9.550000e-01 -5.927389e+04
9.600000e-01 -6.539650e+04
9.650000e-01 -7.215153e+04
9.700000e-01 -7.960431e+04
9.750000e-01 -8.782692e+04
9.800000e-01 -9.689886e+04
9.850000e-01 -1.069079e+05
9.900000e-01 -1.179508e+05
9.950000e-01 -1.301343e+05
1 -1.435763e+05
1.005000e+00 -1.584068e+05
1.010000e+00 -1.747692e+05
1.015000e+00 -1.928217e+05
1.020000e+00 -2.127389e+05
1.025000e+00 -2.347134e+05
1.030000e+00 -2.589578e+05
1.035000e+00 -2.857064e+05
1.040000e+00 -3.152180e+05
1.045000e+00 -3.477780e+05
1.050000e+00 -3.837012e+05
1.055000e+00 -4.233350e+05
1.060000e+00 -4.670627e+05
1.065000e+00 -5.153072e+05
1.070000e+00 -5.685351e+05
1.075000e+00 -6.272610e+05
1.080000e+00 -6.920529e+05
1.085000e+00 -7.635374e+05
1.090000e+00 -8.424058e+05
1.095000e+00 -9.294208e+05
1.100000e+00 -1.025424e+06
1.105000e+00 -1.131343e+06
1.110000e+00 -1.248204e+06
1.115000e+00 -1.377135e+06
1.120000e+00 -1.519384e+06
1.125000e+00 -1.676326e+06
1.130000e+00 -1.849480e+06
1.135000e+00 -2.040519e+06
1.140000e+00 -2.251291e+06
1.145000e+00 -2.483834e+06
1.150000e+00 -2.740398e+06
1.155000e+00 -3.023463e+06
1.160000e+00 -3.335767e+06
1.165000e+00 -3.680330e+06
1.170000e+00 -4.060483e+06
1.175000e+00 -4.479904e+06
1.180000e+00 -4.942649e+06
1.185000e+00 -5.453192e+06
1.190000e+00 -6.016471e+06
1.195000e+00 -6.637933e+06
1.200000e+00 -7.323587e+06
1.205000e+00 -8.080066e+06
1.210000e+00 -8.914683e+06
1.215000e+00 -9.835511e+06
1.220000e+00 -1.085145e+07
1.225000e+00 -1.197234e+07
1.230000e+00 -1.320900e+07
1.235000e+00 -1.457340e+07
1.240000e+00 -1.607874e+07
1.245000e+00 -1.773957e+07
1.250000e+00 -1.957195e+07
1.255000e+00 -2.159360e+07
1.260000e+00 -2.382408e+07
1.265000e+00 -2.628495e+07
1.270000e+00 -2.900001e+07
1.275000e+00 -3.199552e+07
1.280000e+00 -3.530045e+07
1.285000e+00 -3.894675e+07
1.290000e+00 -4.296969e+07
1.295000e+00 -4.740818e+07
1.300000e+00 -5.230513e+07
1.305000e+00 -5.770791e+07
1.310000e+00 -6.366875e+07
1.315000e+00 -7.024531e+07
1.320000e+00 -7.750119e+07
1.325000e+00 -8.550655e+07
1.330000e+00 -9.433881e+07
1.335000e+00 -1.040834e+08
1.340000e+00 -1.148345e+08
1.345000e+00 -1.266962e+08
1.350000e+00 -1.397830e+08
1.355000e+00 -1.542217e+08
1.360000e+00 -1.701518e+08
1.365000e+00 -1.877274e+08
1.370000e+00 -2.071184e+08
1.375000e+00 -2.285123e+08
1.380000e+00 -2.521161e+08
1.385000e+00 -2.781581e+08
1.390000e+00 -3.068900e+08
1.395000e+00 -3.385897e+08
1.400000e+00 -3.735637e+08
1.405000e+00 -4.121504e+08
1.410000e+00 -4.547228e+08
1.415000e+00 -5.016927e+08
1.420000e+00 -5.535142e+08
1.425000e+00 -6.106886e+08
1.430000e+00 -6.737687e+08
1.435000e+00 -7.433646e+08
1.440000e+00 -8.201492e+08
1.445000e+00 -9.048652e+08
1.450000e+00 -9.983318e+08
1.455000e+00 -1.101453e+09
1.460000e+00 -1.215226e+09
1.465000e+00 -1.340751e+09
1.470000e+00 -1.479241e+09
1.475000e+00 -1.632037e+09
1.480000e+00 -1.800616e+09
1.485000e+00 -1.986607e+09
1.490000e+00 -2.191811e+09
1.495000e+00 -2.418211e+09
1.500000e+00 -2.667996e+09
1.505000e+00 -2.943582e+09
1.510000e+00 -3.247635e+09
1.515000e+00 -3.583094e+09
1.520000e+00 -3.953204e+09
1.525000e+00 -4.361544e+09
1.530000e+00 -4.812062e+09
1.535000e+00 -5.309117e+09
1.540000e+00 -5.857513e+09
1.545000e+00 -6.462556e+09
1.550000e+00 -7.130095e+09
1.555000e+00 -7.866587e+09
1.560000e+00 -8.679154e+09
1.565000e+00 -9.575653e+09
1.570000e+00 -1.056475e+10
1.575000e+00 -1.165602e+10
1.580000e+00 -1.286001e+10
1.585000e+00 -1.418837e+10
1.590000e+00 -1.565393e+10
1.595000e+00 -1.727088e+10
1.600000e+00 -1.905485e+10
1.605000e+00 -2.102309e+10
1.610000e+00 -2.319464e+10
1.615000e+00 -2.559049e+10
1.620000e+00 -2.823382e+10
1.625000e+00 -3.115019e+10
1.630000e+00 -3.436780e+10
1.635000e+00 -3.791776e+10
1.640000e+00 -4.183442e+10
1.645000e+00 -4.615564e+10
1.650000e+00 -5.092321e+10
1.655000e+00 -5.618324e+10
1.660000e+00 -6.198660e+10
1.665000e+00 -6.838940e+10
1.670000e+00 -7.545358e+10
1.675000e+00 -8.324743e+10
1.680000e+00 -9.184635e+10
1.685000e+00 -1.013335e+11
1.690000e+00 -1.118005e+11
1.695000e+00 -1.233488e+11
1.700000e+00 -1.360899e+11
1.705000e+00 -1.501471e+11
1.710000e+00 -1.656563e+11
1.715000e+00 -1.827675e+11
1.720000e+00 -2.016462e+11
1.725000e+00 -2.224749e+11
1.730000e+00 -2.454551e+11
1.735000e+00 -2.708090e+11
1.740000e+00 -2.987818e+11
1.745000e+00 -3.296440e+11
1.750000e+00 -3.636940e+11
1.755000e+00 -4.012612e+11
1.760000e+00 -4.427089e+11
1.765000e+00 -4.884378e+11
1.770000e+00 -5.388902e+11
1.775000e+00 -5.945540e+11
1.780000e+00 -6.559675e+11
1.785000e+00 -7.237246e+11
1.790000e+00 -7.984806e+11
1.795000e+00 -8.809583e+11
1.800000e+00 -9.719555e+11
1.805000e+00 -1.072352e+12
1.810000e+00 -1.183119e+12
1.815000e+00 -1.305327e+12
1.820000e+00 -1.440159e+12
1.825000e+00 -1.588918e+12
1.830000e+00 -1.753043e+12
1.835000e+00 -1.934121e+12
1.840000e+00 -2.133902e+12
1.845000e+00 -2.354320e+12
1.850000e+00 -2.597506e+12
1.855000e+00 -2.865811e+12
1.860000e+00 -3.161831e+12
1.865000e+00 -3.488427e+12
1.870000e+00 -3.848759e+12
1.875000e+00 -4.246310e+12
1.880000e+00 -4.684926e+12
1.885000e+00 -5.168848e+12
1.890000e+00 -5.702756e+12
1.895000e+00 -6.291813e+12
1.900000e+00 -6.941715e+12
1.905000e+00 -7.658749e+12
1.910000e+00 -8.449847e+12
1.915000e+00 -9.322660e+12
1.920000e+00 -1.028563e+13
1.925000e+00 -1.134807e+13
1.930000e+00 -1.252025e+13
1.935000e+00 -1.381351e+13
1.940000e+00 -1.524035e+13
1.945000e+00 -1.681458e+13
1.950000e+00 -1.855141e+13
1.955000e+00 -2.046765e+13
1.960000e+00 -2.258183e+13
1.965000e+00 -2.491438e+13
1.970000e+00 -2.748787e+13
1.975000e+00 -3.032719e+13
1.980000e+00 -3.345978e+13
1.985000e+00 -3.691596e+13
1.990000e+00 -4.072913e+13
1.995000e+00 -4.493619e+13
2 -4.957780e+13
2.005000e+00 -5.469886e+13
2.010000e+00 -6.034889e+13
2.015000e+00 -6.658253e+13
2.020000e+00 -7.346006e+13
2.025000e+00 -8.104800e+13
2.030000e+00 -8.941973e+13
2.035000e+00 -9.865620e+13
2.040000e+00 -1.088467e+14
2.045000e+00 -1.200899e+14
2.050000e+00 -1.324944e+14
2.055000e+00 -1.461802e+14
2.060000e+00 -1.612796e+14
2.065000e+00 -1.779387e+14
2.070000e+00 -1.963186e+14
2.075000e+00 -2.165970e+14
2.080000e+00 -2.389701e+14
2.085000e+00 -2.636541e+14
2.090000e+00 -2.908879e+14
2.095000e+00 -3.209347e+14
2.100000e+00 -3.540851e+14
2.105000e+00 -3.906597e+14
2.110000e+00 -4.310123e+14
2.115000e+00 -4.755330e+14
2.120000e+00 -5.246525e+14
2.125000e+00 -5.788456e+14
2.130000e+00 -6.386365e+14
2.135000e+00 -7.046035e+14
2.140000e+00 -7.773844e+14
2.145000e+00 -8.576831e+14
2.150000e+00 -9.462761e+14
2.155000e+00 -1.044020e+15
2.160000e+00 -1151860516795854
2.165000e+00 -1.270840e+15
2.170000e+00 -1.402110e+15
2.175000e+00 -1.546938e+15
2.180000e+00 -1706726672518893
2.185000e+00 -1.883020e+15
2.190000e+00 -2077523846341288
2.195000e+00 -2.292118e+15
2.200000e+00 -2528879053860172
2.205000e+00 -2.790096e+15
2.210000e+00 -3.078294e+15
2.215000e+00 -3396261500812679
2.220000e+00 -3.747073e+15
2.225000e+00 -4.134121e+15
2.230000e+00 -4561148215884856
2.235000e+00 -5032284730935682
2.240000e+00 -5552086539744874
2.245000e+00 -6125580446692313
2.250000e+00 -6758312490440350
2.255000e+00 -7456401578907474
2.260000e+00 -8226598662931760
2.265000e+00 -9076352023240240
2.270000e+00 -10013879299712290
2.275000e+00 -11048246958883208
2.280000e+00 -12189457972144592
2.285000e+00 -13448548552293632
2.290000e+00 -14837694881624806
2.295000e+00 -16370330861624074
2.300000e+00 -18061278027329068
2.305000e+00 -19926888878761820
2.310000e+00 -21985205021134772
2.315000e+00 -24256131639661016
2.320000e+00 -26761629992464192
2.325000e+00 -29525929792714448
2.330000e+00 -32575763522653372
2.335000e+00 -35940624956978388
2.340000e+00 -39653054380868224
2.345000e+00 -43748953265464016
2.350000e+00 -48267931475640592
2.355000e+00 -53253690316939840
2.360000e+00 -58754445149345072
2.365000e+00 -64823391666729248
2.370000e+00 -71519220317964744
2.375000e+00 -78906683887025120
2.380000e+00 -87057223681754576
2.385000e+00 -96049660446929856
2.390000e+00 -105970956627340624
2.395000e+00 -116917057264043472
2.400000e+00 -128993817859954608
2.405000e+00 -142318028126992176
2.410000e+00 -157018541394301120
2.415000e+00 -173237520689489312
2.420000e+00 -191131813555415808
2.425000e+00 -210874468825495328
2.430000e+00 -232656410116397760
2.435000e+00 -256688282190893120
2.440000e+00 -283202488052628640
2.445000e+00 -312455436420423808
2.450000e+00 -344730021356903808
2.455000e+00 -380338357999107008
2.460000e+00 -419624800883494016
2.465000e+00 -462969274049733376
2.470000e+00 -510790945183305024
2.475000e+00 -563552279410239616
2.480000e+00 -621763511522836992
2.485000e+00 -685987580025808768
2.490000e+00 -756845570927730432
2.495000e+00 -835022724604035712
2.500000e+00 -921275062521852928
2.505000e+00 -1016436697936814080
2.510000e+00 -1121427902358909184
2.515000e+00 -1237264005224429824
2.520000e+00 -1365065213091587072
2.525000e+00 -1506067442629394688
2.530000e+00 -1661634272303771904
2.535000e+00 -1833270129032004096
2.540000e+00 -2022634837254734848
2.545000e+00 -2231559670428817408
2.550000e+00 -2462065060581995008
2.555000e+00 -2716380136955833344
2.560000e+00 -2996964282433080320
2.565000e+00 -3306530918405861888
2.570000e+00 -3648073745265224192
2.575000e+00 -4024895692519172096
2.580000e+00 -4440640860456717312
2.585000e+00 -4899329760717903872
2.590000e+00 -5405398198225115136
2.595000e+00 -5963740166095173632
2.600000e+00 -6579755174903510016
2.605000e+00 -7259400470950675456
2.610000e+00 -8009248642088475648
2.615000e+00 -8836551182508747776
2.620000e+00 -9.749309e+18
2.625000e+00 -1.075635e+19
2.630000e+00 -1.186741e+19
2.635000e+00 -1.309323e+19
2.640000e+00 -1.444568e+19
2.645000e+00 -1.593782e+19
2.650000e+00 -1.758409e+19
2.655000e+00 -1.940041e+19
2.660000e+00 -2.140435e+19
2.665000e+00 -2.361527e+19
2.670000e+00 -2.605458e+19
2.675000e+00 -2.874584e+19
2.680000e+00 -3.171510e+19
2.685000e+00 -3.499106e+19
2.690000e+00 -3.860540e+19
2.695000e+00 -4.259309e+19
2.700000e+00 -4.699267e+19
2.705000e+00 -5.184671e+19
2.710000e+00 -5.720213e+19
2.715000e+00 -6.311073e+19
2.720000e+00 -6.962965e+19
2.725000e+00 -7.682194e+19
2.730000e+00 -8.475714e+19
2.735000e+00 -9.351199e+19
2.740000e+00 -1.031712e+20
2.745000e+00 -1.138281e+20
2.750000e+00 -1.255857e+20
2.755000e+00 -1.385579e+20
2.760000e+00 -1.528700e+20
2.765000e+00 -1.686605e+20
2.770000e+00 -1.860820e+20
2.775000e+00 -2.053031e+20
2.780000e+00 -2.265095e+20
2.785000e+00 -2.499065e+20
2.790000e+00 -2.757202e+20
2.795000e+00 -3.042002e+20
2.800000e+00 -3.356221e+20
2.805000e+00 -3.702897e+20
2.810000e+00 -4.085381e+20
2.815000e+00 -4.507374e+20
2.820000e+00 -4.972956e+20
2.825000e+00 -5.486630e+20
2.830000e+00 -6.053363e+20
2.835000e+00 -6.678635e+20
2.840000e+00 -7.368494e+20
2.845000e+00 -8.129611e+20
2.850000e+00 -8.969346e+20
2.855000e+00 -9.895820e+20
2.860000e+00 -1.091799e+21
2.865000e+00 -1.204575e+21
2.870000e+00 -1.329000e+21
2.875000e+00 -1.466277e+21
2.880000e+00 -1.617733e+21
2.885000e+00 -1.784834e+21
2.890000e+00 -1.969196e+21
2.895000e+00 -2.172601e+21
2.900000e+00 -2.397016e+21
2.905000e+00 -2.644612e+21
2.910000e+00 -2.917783e+21
2.915000e+00 -3.219171e+21
2.920000e+00 -3.551690e+21
2.925000e+00 -3.918556e+21
2.930000e+00 -4.323317e+21
2.935000e+00 -4.769888e+21
2.940000e+00 -5.262585e+21
2.945000e+00 -5.806176e+21
2.950000e+00 -6.405915e+21
2.955000e+00 -7.067604e+21
2.960000e+00 -7.797641e+21
2.965000e+00 -8.603086e+21
2.970000e+00 -9.491728e+21
2.975000e+00 -1.047216e+22
2.980000e+00 -1.155387e+22
2.985000e+00 -1.274730e+22
2.990000e+00 -1.406402e+22
2.995000e+00 -1.551674e+22
3 -1.711951e+22
