T X
0 0
2.000000e-03 4.062565e-12
4.000000e-03 6.890234e-11
6.000000e-03 -1.718766e-10
8.000000e-03 6.140239e-10
1.000000e-02 -3.285322e-10
1.200000e-02 -3.514992e-10
1.400000e-02 1.332546e-09
1.600000e-02 -5.948448e-10
1.800000e-02 1.107387e-09
2.000000e-02 1.062015e-09
2.200000e-02 -1.717673e-09
2.400000e-02 7.776290e-10
2.600000e-02 -3.170080e-10
2.800000e-02 2.784096e-09
3.000000e-02 6.865291e-09
3.200000e-02 5.822600e-09
3.400000e-02 1.001719e-08
3.600000e-02 -2.604715e-09
3.800000e-02 -2.878659e-08
4.000000e-02 -4.625005e-08
4.200000e-02 -7.434545e-08
4.400000e-02 -1.163560e-07
4.600000e-02 -9.958424e-08
4.800000e-02 3.991082e-08
5.000000e-02 2.779681e-07
5.200000e-02 5.532265e-07
5.400000e-02 5.722344e-07
5.600000e-02 7.584690e-09
5.800000e-02 -1.061105e-06
6.000000e-02 -1.996195e-06
6.200000e-02 -1.868263e-06
6.400000e-02 -7.414589e-07
6.600000e-02 4.792753e-07
6.800000e-02 1.030336e-06
7.000000e-02 1.495620e-06
7.200000e-02 5.085777e-06
7.400000e-02 1.988220e-05
7.600000e-02 6.354541e-05
7.800000e-02 1.686163e-04
8.000000e-02 3.907843e-04
8.200000e-02 8.071515e-04
8.400000e-02 1.492241e-03
8.600000e-02 2.477570e-03
8.800000e-02 3.713319e-03
9.000000e-02 5.058899e-03
9.200000e-02 6.331876e-03
9.400000e-02 7.406787e-03
9.600000e-02 8.297687e-03
9.800000e-02 9.140183e-03
1.000000e-01 1.004152e-02
1.020000e-01 1.095693e-02
1.040000e-01 1.175776e-02
1.060000e-01 1.239390e-02
1.080000e-01 1.293826e-02
1.100000e-01 1.347063e-02
1.120000e-01 1.396815e-02
1.140000e-01 1.434408e-02
1.160000e-01 1.457270e-02
1.180000e-01 1.471914e-02
1.200000e-01 1.482244e-02
1.220000e-01 1.483767e-02
1.240000e-01 1.472927e-02
1.260000e-01 1.451439e-02
1.280000e-01 1.421732e-02
1.300000e-01 1.384548e-02
1.320000e-01 1.338233e-02
1.340000e-01 1.282121e-02
1.360000e-01 1.219098e-02
1.380000e-01 1.150136e-02
1.400000e-01 1.073327e-02
1.420000e-01 9.881041e-03
1.440000e-01 8.972087e-03
1.460000e-01 8.029189e-03
1.480000e-01 7.020372e-03
1.500000e-01 5.962154e-03
1.520000e-01 4.892182e-03
1.540000e-01 3.756602e-03
1.560000e-01 2.581770e-03
1.580000e-01 1.437098e-03
1.600000e-01 2.761419e-04
1.620000e-01 -8.839394e-04
1.640000e-01 -1.985864e-03
1.660000e-01 -3.080637e-03
1.680000e-01 -4.179260e-03
1.700000e-01 -5.256766e-03
1.720000e-01 -6.323733e-03
1.740000e-01 -7.379095e-03
1.760000e-01 -8.419871e-03
1.780000e-01 -9.400832e-03
1.800000e-01 -1.027773e-02
1.820000e-01 -1.105053e-02
1.840000e-01 -1.172413e-02
1.860000e-01 -1.233790e-02
1.880000e-01 -1.293681e-02
1.900000e-01 -1.349395e-02
1.920000e-01 -1.393846e-02
1.940000e-01 -1.423857e-02
1.960000e-01 -1.444045e-02
1.980000e-01 -1.460873e-02
2.000000e-01 -1.471697e-02
2.020000e-01 -1.469139e-02
2.040000e-01 -1.452458e-02
2.060000e-01 -1.426940e-02
2.080000e-01 -1.396713e-02
2.100000e-01 -1.359300e-02
2.120000e-01 -1.310816e-02
2.140000e-01 -1.250959e-02
2.160000e-01 -1.182916e-02
2.180000e-01 -1.110994e-02
2.200000e-01 -1.034670e-02
2.220000e-01 -9.512846e-03
2.240000e-01 -8.596037e-03
2.260000e-01 -7.613040e-03
2.280000e-01 -6.600793e-03
2.300000e-01 -5.555951e-03
2.320000e-01 -4.464478e-03
2.340000e-01 -3.339068e-03
2.360000e-01 -2.174092e-03
2.380000e-01 -9.843951e-04
2.400000e-01 1.867030e-04
2.420000e-01 1.345949e-03
2.440000e-01 2.497127e-03
2.460000e-01 3.628474e-03
2.480000e-01 4.747422e-03
2.500000e-01 5.837759e-03
2.520000e-01 6.863872e-03
2.540000e-01 7.825803e-03
2.560000e-01 8.768246e-03
2.580000e-01 9.687227e-03
2.600000e-01 1.052421e-02
2.620000e-01 1.127404e-02
2.640000e-01 1.198140e-02
2.660000e-01 1.261040e-02
2.680000e-01 1.312749e-02
2.700000e-01 1.358777e-02
2.720000e-01 1.398005e-02
2.740000e-01 1.427106e-02
2.760000e-01 1.447256e-02
2.780000e-01 1.457227e-02
2.800000e-01 1.456245e-02
2.820000e-01 1.447018e-02
2.840000e-01 1.429174e-02
2.860000e-01 1.401916e-02
2.880000e-01 1.365236e-02
2.900000e-01 1.317583e-02
2.920000e-01 1.263400e-02
2.940000e-01 1.203609e-02
2.960000e-01 1.133570e-02
2.980000e-01 1.055856e-02
3.000000e-01 9.733394e-03
3.020000e-01 8.847028e-03
3.040000e-01 7.905318e-03
3.060000e-01 6.916095e-03
3.080000e-01 5.877420e-03
3.100000e-01 4.806132e-03
3.120000e-01 3.713340e-03
3.140000e-01 2.597616e-03
3.160000e-01 1.446722e-03
3.180000e-01 2.523573e-04
3.200000e-01 -9.280845e-04
3.220000e-01 -2.056511e-03
3.240000e-01 -3.195088e-03
3.260000e-01 -4.358079e-03
3.280000e-01 -5.473938e-03
3.300000e-01 -6.513152e-03
3.320000e-01 -7.510457e-03
3.340000e-01 -8.495872e-03
3.360000e-01 -9.439129e-03
3.380000e-01 -1.028860e-02
3.400000e-01 -1.103064e-02
3.420000e-01 -1.171973e-02
3.440000e-01 -1.238001e-02
3.460000e-01 -1.294763e-02
3.480000e-01 -1.340467e-02
3.500000e-01 -1.379360e-02
3.520000e-01 -1.411295e-02
3.540000e-01 -1.433971e-02
3.560000e-01 -1.446854e-02
3.580000e-01 -1.449752e-02
3.600000e-01 -1.444171e-02
3.620000e-01 -1.428887e-02
3.640000e-01 -1.403927e-02
3.660000e-01 -1.370896e-02
3.680000e-01 -1.328686e-02
3.700000e-01 -1.277107e-02
3.720000e-01 -1.217417e-02
3.740000e-01 -1.150480e-02
3.760000e-01 -1.075519e-02
3.780000e-01 -9.942225e-03
3.800000e-01 -9.069361e-03
3.820000e-01 -8.130270e-03
3.840000e-01 -7.138518e-03
3.860000e-01 -6.110963e-03
3.880000e-01 -5.054065e-03
3.900000e-01 -3.951057e-03
3.920000e-01 -2.820362e-03
3.940000e-01 -1.690407e-03
3.960000e-01 -5.560581e-04
3.980000e-01 5.909010e-04
4.000000e-01 1.748995e-03
4.020000e-01 2.900312e-03
4.040000e-01 4.024376e-03
4.060000e-01 5.127556e-03
4.080000e-01 6.198395e-03
4.100000e-01 7.225744e-03
4.120000e-01 8.209161e-03
4.140000e-01 9.135870e-03
4.160000e-01 1.000269e-02
4.180000e-01 1.080691e-02
4.200000e-01 1.156299e-02
4.220000e-01 1.223573e-02
4.240000e-01 1.279798e-02
4.260000e-01 1.329390e-02
4.280000e-01 1.372010e-02
4.300000e-01 1.405238e-02
4.320000e-01 1.427412e-02
4.340000e-01 1.441065e-02
4.360000e-01 1.449608e-02
4.380000e-01 1.445841e-02
4.400000e-01 1.429767e-02
4.420000e-01 1.410082e-02
4.440000e-01 1.380503e-02
4.460000e-01 1.337279e-02
4.480000e-01 1.289655e-02
4.500000e-01 1.234431e-02
4.520000e-01 1.167369e-02
4.540000e-01 1.095844e-02
4.560000e-01 1.019045e-02
4.580000e-01 9.310684e-03
4.600000e-01 8.384825e-03
4.620000e-01 7.453082e-03
4.640000e-01 6.422451e-03
4.660000e-01 5.315467e-03
4.680000e-01 4.247148e-03
4.700000e-01 3.171902e-03
4.720000e-01 1.994317e-03
4.740000e-01 7.901960e-04
4.760000e-01 -3.354414e-04
4.780000e-01 -1.445134e-03
4.800000e-01 -2.635115e-03
4.820000e-01 -3.820438e-03
4.840000e-01 -4.878930e-03
4.860000e-01 -5.910189e-03
4.880000e-01 -7.003537e-03
4.900000e-01 -8.045953e-03
4.920000e-01 -8.952280e-03
4.940000e-01 -9.779846e-03
4.960000e-01 -1.062400e-02
4.980000e-01 -1.142750e-02
5.000000e-01 -1.207346e-02
