T X
0 0
2.000000e-03 1.020555e-10
4.000000e-03 6.516350e-11
6.000000e-03 -2.104255e-10
8.000000e-03 -4.566885e-10
1.000000e-02 -7.312579e-10
1.200000e-02 -8.698862e-10
1.400000e-02 -1.046906e-09
1.600000e-02 -9.929050e-10
1.800000e-02 -8.471744e-10
2.000000e-02 -9.230924e-10
2.200000e-02 -2.450863e-09
2.400000e-02 -3.022647e-09
2.600000e-02 -4.354474e-09
2.800000e-02 -1.262125e-09
3.000000e-02 3.500547e-09
3.200000e-02 5.754566e-09
3.400000e-02 1.097914e-08
3.600000e-02 1.223931e-08
3.800000e-02 2.613121e-08
4.000000e-02 4.223851e-08
4.200000e-02 4.014655e-08
4.400000e-02 3.455948e-08
4.600000e-02 1.371856e-08
4.800000e-02 -3.469112e-08
5.000000e-02 -1.162826e-07
5.200000e-02 -1.660517e-07
5.400000e-02 -1.394522e-07
5.600000e-02 -3.291238e-08
5.800000e-02 1.448777e-07
6.000000e-02 2.014946e-07
6.200000e-02 1.102806e-07
6.400000e-02 1.765003e-07
6.600000e-02 8.971401e-07
6.800000e-02 2.623025e-06
7.000000e-02 5.746852e-06
7.200000e-02 1.263079e-05
7.400000e-02 3.115079e-05
7.600000e-02 7.921232e-05
7.800000e-02 1.893911e-04
8.000000e-02 4.126433e-04
8.200000e-02 8.152216e-04
8.400000e-02 1.464683e-03
8.600000e-02 2.398465e-03
8.800000e-02 3.578640e-03
9.000000e-02 4.870007e-03
9.200000e-02 6.083851e-03
9.400000e-02 7.088176e-03
9.600000e-02 7.905338e-03
9.800000e-02 8.679413e-03
1.000000e-01 9.518028e-03
1.020000e-01 1.038250e-02
1.040000e-01 1.115001e-02
1.060000e-01 1.176227e-02
1.080000e-01 1.228363e-02
1.100000e-01 1.280436e-02
1.120000e-01 1.330434e-02
1.140000e-01 1.367870e-02
1.160000e-01 1.391012e-02
1.180000e-01 1.408644e-02
1.200000e-01 1.422460e-02
1.220000e-01 1.423733e-02
1.240000e-01 1.410927e-02
1.260000e-01 1.392781e-02
1.280000e-01 1.369708e-02
1.300000e-01 1.332923e-02
1.320000e-01 1.284373e-02
1.340000e-01 1.232843e-02
1.360000e-01 1.173923e-02
1.380000e-01 1.102264e-02
1.400000e-01 1.026398e-02
1.420000e-01 9.476225e-03
1.440000e-01 8.585223e-03
1.460000e-01 7.640598e-03
1.480000e-01 6.678953e-03
1.500000e-01 5.654738e-03
1.520000e-01 4.600002e-03
1.540000e-01 3.523742e-03
1.560000e-01 2.402415e-03
1.580000e-01 1.289598e-03
1.600000e-01 1.806665e-04
1.620000e-01 -9.378447e-04
1.640000e-01 -1.998367e-03
1.660000e-01 -3.018970e-03
1.680000e-01 -4.034786e-03
1.700000e-01 -5.026056e-03
1.720000e-01 -6.044014e-03
1.740000e-01 -7.081370e-03
1.760000e-01 -8.053688e-03
1.780000e-01 -8.965517e-03
1.800000e-01 -9.806038e-03
1.820000e-01 -1.052892e-02
1.840000e-01 -1.115191e-02
1.860000e-01 -1.173485e-02
1.880000e-01 -1.231615e-02
1.900000e-01 -1.283340e-02
1.920000e-01 -1.323275e-02
1.940000e-01 -1.355000e-02
1.960000e-01 -1.379902e-02
1.980000e-01 -1.397442e-02
2.000000e-01 -1.405978e-02
2.020000e-01 -1.402280e-02
2.040000e-01 -1.387078e-02
2.060000e-01 -1.363497e-02
2.080000e-01 -1.334719e-02
2.100000e-01 -1.299675e-02
2.120000e-01 -1.252686e-02
2.140000e-01 -1.193683e-02
2.160000e-01 -1.129182e-02
2.180000e-01 -1.062866e-02
2.200000e-01 -9.912132e-03
2.220000e-01 -9.102918e-03
2.240000e-01 -8.216060e-03
2.260000e-01 -7.284487e-03
2.280000e-01 -6.324849e-03
2.300000e-01 -5.325694e-03
2.320000e-01 -4.269866e-03
2.340000e-01 -3.178643e-03
2.360000e-01 -2.081337e-03
2.380000e-01 -9.811694e-04
2.400000e-01 1.411902e-04
2.420000e-01 1.290151e-03
2.440000e-01 2.404476e-03
2.460000e-01 3.469987e-03
2.480000e-01 4.541417e-03
2.500000e-01 5.589651e-03
2.520000e-01 6.571116e-03
2.540000e-01 7.504564e-03
2.560000e-01 8.399446e-03
2.580000e-01 9.252440e-03
2.600000e-01 1.005265e-02
2.620000e-01 1.079598e-02
2.640000e-01 1.148280e-02
2.660000e-01 1.207529e-02
2.680000e-01 1.256816e-02
2.700000e-01 1.300774e-02
2.720000e-01 1.336800e-02
2.740000e-01 1.362065e-02
2.760000e-01 1.381222e-02
2.780000e-01 1.392794e-02
2.800000e-01 1.392535e-02
2.820000e-01 1.382611e-02
2.840000e-01 1.365345e-02
2.860000e-01 1.339539e-02
2.880000e-01 1.303588e-02
2.900000e-01 1.259055e-02
2.920000e-01 1.205935e-02
2.940000e-01 1.145398e-02
2.960000e-01 1.081038e-02
2.980000e-01 1.008844e-02
3.000000e-01 9.279148e-03
3.020000e-01 8.432527e-03
3.040000e-01 7.538138e-03
3.060000e-01 6.590185e-03
3.080000e-01 5.604181e-03
3.100000e-01 4.579614e-03
3.120000e-01 3.522942e-03
3.140000e-01 2.434525e-03
3.160000e-01 1.322840e-03
3.180000e-01 2.201586e-04
3.200000e-01 -8.753374e-04
3.220000e-01 -1.982679e-03
3.240000e-01 -3.082524e-03
3.260000e-01 -4.164660e-03
3.280000e-01 -5.224375e-03
3.300000e-01 -6.235785e-03
3.320000e-01 -7.194739e-03
3.340000e-01 -8.113073e-03
3.360000e-01 -8.978225e-03
3.380000e-01 -9.775555e-03
3.400000e-01 -1.050420e-02
3.420000e-01 -1.118090e-02
3.440000e-01 -1.180672e-02
3.460000e-01 -1.233549e-02
3.480000e-01 -1.277751e-02
3.500000e-01 -1.317191e-02
3.520000e-01 -1.347657e-02
3.540000e-01 -1.367515e-02
3.560000e-01 -1.380719e-02
3.580000e-01 -1.385230e-02
3.600000e-01 -1.379343e-02
3.620000e-01 -1.364735e-02
3.640000e-01 -1.341790e-02
3.660000e-01 -1.311125e-02
3.680000e-01 -1.271605e-02
3.700000e-01 -1.221657e-02
3.720000e-01 -1.162909e-02
3.740000e-01 -1.098927e-02
3.760000e-01 -1.028724e-02
3.780000e-01 -9.508148e-03
3.800000e-01 -8.670781e-03
3.820000e-01 -7.779421e-03
3.840000e-01 -6.831907e-03
3.860000e-01 -5.836301e-03
3.880000e-01 -4.818674e-03
3.900000e-01 -3.781972e-03
3.920000e-01 -2.707478e-03
3.940000e-01 -1.615980e-03
3.960000e-01 -5.222659e-04
3.980000e-01 5.854938e-04
4.000000e-01 1.694618e-03
4.020000e-01 2.787655e-03
4.040000e-01 3.861860e-03
4.060000e-01 4.916778e-03
4.080000e-01 5.939333e-03
4.100000e-01 6.921487e-03
4.120000e-01 7.864995e-03
4.140000e-01 8.765987e-03
4.160000e-01 9.604900e-03
4.180000e-01 1.035726e-02
4.200000e-01 1.104983e-02
4.220000e-01 1.168799e-02
4.240000e-01 1.223634e-02
4.260000e-01 1.270355e-02
4.280000e-01 1.310675e-02
4.300000e-01 1.341088e-02
4.320000e-01 1.362574e-02
4.340000e-01 1.378883e-02
4.360000e-01 1.382336e-02
4.380000e-01 1.375559e-02
4.400000e-01 1.366200e-02
4.420000e-01 1.345673e-02
4.440000e-01 1.313248e-02
4.460000e-01 1.275743e-02
4.480000e-01 1.231908e-02
4.500000e-01 1.177971e-02
4.520000e-01 1.114329e-02
4.540000e-01 1.046382e-02
4.560000e-01 9.718971e-03
4.580000e-01 8.865479e-03
4.600000e-01 7.983583e-03
4.620000e-01 7.095166e-03
4.640000e-01 6.130066e-03
4.660000e-01 5.086628e-03
4.680000e-01 4.043677e-03
4.700000e-01 3.006316e-03
4.720000e-01 1.894956e-03
4.740000e-01 7.653671e-04
4.760000e-01 -3.165950e-04
4.780000e-01 -1.401953e-03
4.800000e-01 -2.522456e-03
4.820000e-01 -3.629436e-03
4.840000e-01 -4.660506e-03
4.860000e-01 -5.653782e-03
4.880000e-01 -6.669241e-03
4.900000e-01 -7.658206e-03
4.920000e-01 -8.532624e-03
4.940000e-01 -9.334547e-03
4.960000e-01 -1.014365e-02
4.980000e-01 -1.091472e-02
5.000000e-01 -1.155947e-02
