T X
0 0
5.000000e-03 1.147026e-08
1.000000e-02 -5.192263e-10
1.500000e-02 -3.993724e-08
2.000000e-02 -2.195834e-08
2.500000e-02 -1.168311e-08
3.000000e-02 9.182700e-09
3.500000e-02 8.718640e-07
4.000000e-02 5.093056e-06
4.500000e-02 2.295571e-05
5.000000e-02 9.139166e-05
5.500000e-02 3.039020e-04
6.000000e-02 8.338862e-04
6.500000e-02 1.902976e-03
7.000000e-02 3.630046e-03
7.500000e-02 5.800779e-03
8.000000e-02 7.831327e-03
8.500000e-02 9.177709e-03
9.000000e-02 9.848990e-03
9.500000e-02 1.027880e-02
1.000000e-01 1.058699e-02
1.050000e-01 1.038543e-02
1.100000e-01 9.532798e-03
1.150000e-01 8.402743e-03
1.200000e-01 7.098431e-03
1.250000e-01 5.350915e-03
1.300000e-01 3.330958e-03
1.350000e-01 1.363188e-03
1.400000e-01 -7.184978e-04
1.450000e-01 -2.889329e-03
1.500000e-01 -4.809478e-03
1.550000e-01 -6.547346e-03
1.600000e-01 -8.119003e-03
1.650000e-01 -9.270578e-03
1.700000e-01 -1.008036e-02
1.750000e-01 -1.055165e-02
1.800000e-01 -1.050065e-02
1.850000e-01 -1.004171e-02
1.900000e-01 -9.194516e-03
1.950000e-01 -7.917283e-03
2.000000e-01 -6.351341e-03
2.050000e-01 -4.496979e-03
2.100000e-01 -2.474294e-03
2.150000e-01 -4.668595e-04
2.200000e-01 1.548481e-03
2.250000e-01 3.458011e-03
2.300000e-01 5.234496e-03
2.350000e-01 6.902786e-03
2.400000e-01 8.305240e-03
2.450000e-01 9.387482e-03
2.500000e-01 1.004018e-02
2.550000e-01 1.023218e-02
2.600000e-01 1.007259e-02
2.650000e-01 9.548941e-03
2.700000e-01 8.663230e-03
2.750000e-01 7.390572e-03
2.800000e-01 5.776737e-03
2.850000e-01 3.980535e-03
2.900000e-01 2.068808e-03
2.950000e-01 6.202144e-05
3.000000e-01 -1.996559e-03
3.050000e-01 -3.987289e-03
3.100000e-01 -5.776816e-03
3.150000e-01 -7.325362e-03
3.200000e-01 -8.590495e-03
3.250000e-01 -9.519556e-03
3.300000e-01 -1.007573e-02
3.350000e-01 -1.022955e-02
3.400000e-01 -9.992752e-03
3.450000e-01 -9.357301e-03
3.500000e-01 -8.333773e-03
3.550000e-01 -6.987498e-03
3.600000e-01 -5.367679e-03
3.650000e-01 -3.501787e-03
3.700000e-01 -1.477606e-03
3.750000e-01 5.400863e-04
3.800000e-01 2.542213e-03
3.850000e-01 4.488779e-03
3.900000e-01 6.199556e-03
3.950000e-01 7.688385e-03
4.000000e-01 8.908750e-03
4.050000e-01 9.750108e-03
4.100000e-01 1.018908e-02
4.150000e-01 1.021872e-02
4.200000e-01 9.864536e-03
4.250000e-01 9.073299e-03
4.300000e-01 7.919522e-03
4.350000e-01 6.500286e-03
4.400000e-01 4.807347e-03
4.450000e-01 2.929152e-03
4.500000e-01 9.176023e-04
4.550000e-01 -1.143999e-03
4.600000e-01 -3.121438e-03
4.650000e-01 -4.989003e-03
4.700000e-01 -6.683230e-03
4.750000e-01 -8.092322e-03
4.800000e-01 -9.168381e-03
4.850000e-01 -9.885473e-03
4.900000e-01 -1.018705e-02
4.950000e-01 -1.008947e-02
5.000000e-01 -9.639364e-03
5.050000e-01 -8.769029e-03
5.100000e-01 -7.546589e-03
5.150000e-01 -6.064825e-03
5.200000e-01 -4.269695e-03
5.250000e-01 -2.325521e-03
5.300000e-01 -3.319154e-04
5.350000e-01 1.737775e-03
5.400000e-01 3.708796e-03
5.450000e-01 5.521219e-03
5.500000e-01 7.120259e-03
5.550000e-01 8.414247e-03
5.600000e-01 9.415630e-03
5.650000e-01 1.002590e-02
5.700000e-01 1.022340e-02
5.750000e-01 1.003977e-02
5.800000e-01 9.423613e-03
5.850000e-01 8.435379e-03
5.900000e-01 7.117748e-03
5.950000e-01 5.508682e-03
6.000000e-01 3.700976e-03
6.050000e-01 1.729999e-03
6.100000e-01 -3.102426e-04
6.150000e-01 -2.328506e-03
6.200000e-01 -4.255503e-03
6.250000e-01 -6.002265e-03
6.300000e-01 -7.527090e-03
6.350000e-01 -8.761132e-03
6.400000e-01 -9.634060e-03
6.450000e-01 -1.011921e-02
6.500000e-01 -1.019809e-02
6.550000e-01 -9.877575e-03
6.600000e-01 -9.172117e-03
6.650000e-01 -8.079482e-03
6.700000e-01 -6.661508e-03
6.750000e-01 -5.008891e-03
6.800000e-01 -3.148352e-03
6.850000e-01 -1.158645e-03
6.900000e-01 8.792234e-04
6.950000e-01 2.898382e-03
7.000000e-01 4.789971e-03
7.050000e-01 6.507933e-03
7.100000e-01 7.951363e-03
7.150000e-01 9.048511e-03
7.200000e-01 9.833352e-03
7.250000e-01 1.020444e-02
7.300000e-01 1.013649e-02
7.350000e-01 9.711727e-03
7.400000e-01 8.892136e-03
7.450000e-01 7.712125e-03
7.500000e-01 6.240397e-03
7.550000e-01 4.489352e-03
7.600000e-01 2.548642e-03
7.650000e-01 5.341620e-04
7.700000e-01 -1.496297e-03
7.750000e-01 -3.484134e-03
7.800000e-01 -5.327310e-03
7.850000e-01 -6.942600e-03
7.900000e-01 -8.285800e-03
7.950000e-01 -9.298741e-03
8.000000e-01 -9.956088e-03
8.050000e-01 -1.022812e-02
8.100000e-01 -1.008062e-02
8.150000e-01 -9.531940e-03
8.200000e-01 -8.572545e-03
8.250000e-01 -7.290104e-03
8.300000e-01 -5.740895e-03
8.350000e-01 -3.926852e-03
8.400000e-01 -1.986271e-03
8.450000e-01 3.575429e-05
8.500000e-01 2.082992e-03
8.550000e-01 4.007140e-03
8.600000e-01 5.785186e-03
8.650000e-01 7.378771e-03
8.700000e-01 8.648580e-03
8.750000e-01 9.559515e-03
8.800000e-01 1.010418e-02
8.850000e-01 1.022310e-02
8.900000e-01 9.944227e-03
8.950000e-01 9.281999e-03
9.000000e-01 8.236215e-03
9.050000e-01 6.871984e-03
9.100000e-01 5.235123e-03
9.150000e-01 3.384597e-03
9.200000e-01 1.399527e-03
9.250000e-01 -6.464085e-04
9.300000e-01 -2.656351e-03
9.350000e-01 -4.575413e-03
9.400000e-01 -6.310870e-03
9.450000e-01 -7.776356e-03
9.500000e-01 -8.940874e-03
9.550000e-01 -9.736084e-03
9.600000e-01 -1.016232e-02
9.650000e-01 -1.018710e-02
9.700000e-01 -9.773418e-03
9.750000e-01 -9.004863e-03
9.800000e-01 -7.875143e-03
9.850000e-01 -6.402751e-03
9.900000e-01 -4.710346e-03
9.950000e-01 -2.822634e-03
1 -8.072808e-04
1.005000e+00 1.229335e-03
1.010000e+00 3.217629e-03
1.015000e+00 5.071927e-03
1.020000e+00 6.736945e-03
1.025000e+00 8.137129e-03
1.030000e+00 9.218899e-03
1.035000e+00 9.940624e-03
1.040000e+00 1.024809e-02
1.045000e+00 1.015136e-02
1.050000e+00 9.658292e-03
1.055000e+00 8.747639e-03
1.060000e+00 7.469245e-03
1.065000e+00 5.912233e-03
1.070000e+00 4.126050e-03
1.075000e+00 2.167461e-03
1.080000e+00 1.384769e-04
1.085000e+00 -1.883568e-03
1.090000e+00 -3.836306e-03
1.095000e+00 -5.623379e-03
1.100000e+00 -7.188799e-03
1.105000e+00 -8.468863e-03
1.110000e+00 -9.418616e-03
1.115000e+00 -9.987748e-03
1.120000e+00 -1.013607e-02
1.125000e+00 -9.897574e-03
1.130000e+00 -9.272461e-03
1.135000e+00 -8.291656e-03
1.140000e+00 -7.001438e-03
1.145000e+00 -5.418359e-03
1.150000e+00 -3.610582e-03
1.155000e+00 -1.679513e-03
1.160000e+00 3.306706e-04
1.165000e+00 2.352251e-03
1.170000e+00 4.286983e-03
1.175000e+00 6.053958e-03
1.180000e+00 7.574270e-03
1.185000e+00 8.797574e-03
1.190000e+00 9.679674e-03
1.195000e+00 1.019204e-02
1.200000e+00 1.030386e-02
1.205000e+00 9.994406e-03
1.210000e+00 9.263028e-03
1.215000e+00 8.162700e-03
1.220000e+00 6.718740e-03
1.225000e+00 4.978109e-03
1.230000e+00 3.053587e-03
1.235000e+00 1.001633e-03
1.240000e+00 -1.074455e-03
1.245000e+00 -3.103247e-03
1.250000e+00 -5.011501e-03
1.255000e+00 -6.659809e-03
1.260000e+00 -8.054022e-03
1.265000e+00 -9.201200e-03
1.270000e+00 -9.911101e-03
1.275000e+00 -1.013483e-02
1.280000e+00 -1.007733e-02
1.285000e+00 -9.682659e-03
1.290000e+00 -8.742020e-03
1.295000e+00 -7.471676e-03
1.300000e+00 -6.101536e-03
1.305000e+00 -4.427067e-03
1.310000e+00 -2.452543e-03
1.315000e+00 -4.650657e-04
1.320000e+00 1.483981e-03
1.325000e+00 3.409784e-03
1.330000e+00 5.269013e-03
1.335000e+00 6.972987e-03
1.340000e+00 8.317043e-03
1.345000e+00 9.255672e-03
1.350000e+00 9.955092e-03
1.355000e+00 1.032177e-02
1.360000e+00 1.016462e-02
1.365000e+00 9.549549e-03
1.370000e+00 8.572944e-03
1.375000e+00 7.320140e-03
1.380000e+00 5.800918e-03
1.385000e+00 3.934428e-03
1.390000e+00 1.833785e-03
1.395000e+00 -2.540875e-04
1.400000e+00 -2.217027e-03
1.405000e+00 -4.124304e-03
1.410000e+00 -5.987711e-03
1.415000e+00 -7.602671e-03
1.420000e+00 -8.788862e-03
1.425000e+00 -9.550473e-03
1.430000e+00 -9.991078e-03
1.435000e+00 -1.016029e-02
1.440000e+00 -9.939675e-03
1.445000e+00 -9.190428e-03
1.450000e+00 -8.035666e-03
1.455000e+00 -6.665881e-03
1.460000e+00 -5.089555e-03
1.465000e+00 -3.319913e-03
1.470000e+00 -1.391238e-03
1.475000e+00 6.819736e-04
1.480000e+00 2.768846e-03
1.485000e+00 4.633078e-03
1.490000e+00 6.158810e-03
1.495000e+00 7.573552e-03
1.500000e+00 8.991251e-03
1.505000e+00 9.949806e-03
1.510000e+00 1.018588e-02
1.515000e+00 1.011032e-02
1.520000e+00 9.887384e-03
1.525000e+00 9.128507e-03
1.530000e+00 7.835123e-03
1.535000e+00 6.400188e-03
1.540000e+00 4.788497e-03
1.545000e+00 2.764874e-03
1.550000e+00 5.655937e-04
1.555000e+00 -1.468521e-03
1.560000e+00 -3.358045e-03
1.565000e+00 -5.143819e-03
1.570000e+00 -6.832470e-03
1.575000e+00 -8.400588e-03
1.580000e+00 -9.492367e-03
1.585000e+00 -9.922209e-03
1.590000e+00 -1.000138e-02
1.595000e+00 -9.905700e-03
1.600000e+00 -9.528127e-03
1.605000e+00 -8.714321e-03
1.610000e+00 -7.405512e-03
1.615000e+00 -5.734634e-03
1.620000e+00 -3.947636e-03
1.625000e+00 -2.131680e-03
1.630000e+00 -2.006757e-04
1.635000e+00 1.795741e-03
1.640000e+00 3.774413e-03
1.645000e+00 5.609485e-03
1.650000e+00 7.165190e-03
1.655000e+00 8.472371e-03
1.660000e+00 9.496568e-03
1.665000e+00 1.010602e-02
1.670000e+00 1.024451e-02
1.675000e+00 9.980659e-03
1.680000e+00 9.375903e-03
1.685000e+00 8.476150e-03
1.690000e+00 7.248322e-03
1.695000e+00 5.542855e-03
1.700000e+00 3.471551e-03
1.705000e+00 1.330687e-03
1.710000e+00 -6.702244e-04
1.715000e+00 -2.476559e-03
1.720000e+00 -4.283624e-03
1.725000e+00 -6.142993e-03
1.730000e+00 -7.800160e-03
1.735000e+00 -9.083698e-03
1.740000e+00 -9.910058e-03
1.745000e+00 -1.018074e-02
1.750000e+00 -9.953199e-03
1.755000e+00 -9.479061e-03
1.760000e+00 -8.918422e-03
1.765000e+00 -8.091724e-03
1.770000e+00 -6.732401e-03
1.775000e+00 -4.888525e-03
1.780000e+00 -2.810622e-03
1.785000e+00 -7.235306e-04
1.790000e+00 1.173279e-03
1.795000e+00 2.881555e-03
1.800000e+00 4.633506e-03
1.805000e+00 6.385816e-03
1.810000e+00 7.883879e-03
1.815000e+00 9.117222e-03
1.820000e+00 1.003999e-02
1.825000e+00 1.047144e-02
1.830000e+00 1.040433e-02
1.835000e+00 9.872682e-03
1.840000e+00 8.798237e-03
1.845000e+00 7.316443e-03
1.850000e+00 5.702546e-03
1.855000e+00 4.012065e-03
1.860000e+00 2.270557e-03
1.865000e+00 5.599283e-04
1.870000e+00 -1.170999e-03
1.875000e+00 -2.978881e-03
1.880000e+00 -4.882860e-03
1.885000e+00 -6.914737e-03
1.890000e+00 -8.827243e-03
1.895000e+00 -1.023757e-02
1.900000e+00 -1.097346e-02
1.905000e+00 -1.099580e-02
1.910000e+00 -1.041876e-02
1.915000e+00 -9.463206e-03
1.920000e+00 -8.164985e-03
1.925000e+00 -6.524512e-03
1.930000e+00 -4.689670e-03
1.935000e+00 -2.691575e-03
1.940000e+00 -6.182215e-04
1.945000e+00 1.285471e-03
1.950000e+00 2.875241e-03
1.955000e+00 4.098085e-03
1.960000e+00 5.016318e-03
1.965000e+00 5.817557e-03
1.970000e+00 6.724892e-03
1.975000e+00 7.702071e-03
1.980000e+00 8.538865e-03
1.985000e+00 9.152316e-03
1.990000e+00 9.369891e-03
1.995000e+00 9.106785e-03
2 8.477429e-03
2.005000e+00 7.528225e-03
2.010000e+00 6.402538e-03
2.015000e+00 5.256790e-03
2.020000e+00 4.029596e-03
2.025000e+00 2.687831e-03
2.030000e+00 1.199862e-03
2.035000e+00 -5.979359e-04
2.040000e+00 -2.717830e-03
2.045000e+00 -5.094017e-03
2.050000e+00 -7.665914e-03
2.055000e+00 -1.020528e-02
2.060000e+00 -1.253750e-02
2.065000e+00 -1.448421e-02
2.070000e+00 -1.580759e-02
2.075000e+00 -1.652165e-02
2.080000e+00 -1.661367e-02
2.085000e+00 -1.598178e-02
2.090000e+00 -1.477053e-02
2.095000e+00 -1.301797e-02
2.100000e+00 -1.072807e-02
2.105000e+00 -8.141239e-03
2.110000e+00 -5.383573e-03
2.115000e+00 -2.606299e-03
2.120000e+00 -1.388557e-05
2.125000e+00 2.365655e-03
2.130000e+00 4.489427e-03
2.135000e+00 6.328273e-03
2.140000e+00 7.879488e-03
2.145000e+00 9.084914e-03
2.150000e+00 9.951462e-03
2.155000e+00 1.048478e-02
2.160000e+00 1.061731e-02
2.165000e+00 1.033437e-02
2.170000e+00 9.746331e-03
2.175000e+00 8.939542e-03
2.180000e+00 7.947852e-03
2.185000e+00 6.876795e-03
2.190000e+00 5.764443e-03
2.195000e+00 4.613619e-03
2.200000e+00 3.506368e-03
2.205000e+00 2.475302e-03
2.210000e+00 1.466851e-03
2.215000e+00 4.678354e-04
2.220000e+00 -4.102993e-04
2.225000e+00 -1.142989e-03
2.230000e+00 -1.739386e-03
2.235000e+00 -2.197845e-03
2.240000e+00 -2.601260e-03
2.245000e+00 -2.888365e-03
2.250000e+00 -2.974483e-03
2.255000e+00 -2.909005e-03
2.260000e+00 -2.699977e-03
2.265000e+00 -2.320887e-03
2.270000e+00 -1.806260e-03
2.275000e+00 -1.168043e-03
2.280000e+00 -4.074334e-04
2.285000e+00 3.463162e-04
2.290000e+00 1.027027e-03
2.295000e+00 1.712125e-03
2.300000e+00 2.401822e-03
2.305000e+00 3.002257e-03
2.310000e+00 3.453260e-03
2.315000e+00 3.793538e-03
2.320000e+00 3.955276e-03
2.325000e+00 3.925710e-03
2.330000e+00 3.766766e-03
2.335000e+00 3.406157e-03
2.340000e+00 2.921656e-03
2.345000e+00 2.356469e-03
2.350000e+00 1.680408e-03
2.355000e+00 9.683160e-04
2.360000e+00 2.077334e-04
2.365000e+00 -5.948184e-04
2.370000e+00 -1.357965e-03
2.375000e+00 -2.072583e-03
2.380000e+00 -2.721312e-03
2.385000e+00 -3.236488e-03
2.390000e+00 -3.638359e-03
2.395000e+00 -3.920989e-03
2.400000e+00 -4.009513e-03
2.405000e+00 -3.977954e-03
2.410000e+00 -3.846490e-03
2.415000e+00 -3.514250e-03
2.420000e+00 -3.021636e-03
2.425000e+00 -2.430941e-03
2.430000e+00 -1.726748e-03
2.435000e+00 -8.990004e-04
2.440000e+00 -2.041416e-05
2.445000e+00 8.041873e-04
2.450000e+00 1.618280e-03
2.455000e+00 2.404492e-03
2.460000e+00 3.025554e-03
2.465000e+00 3.536197e-03
2.470000e+00 3.934203e-03
2.475000e+00 4.119256e-03
2.480000e+00 4.141696e-03
2.485000e+00 4.021251e-03
2.490000e+00 3.722217e-03
2.495000e+00 3.257523e-03
2.500000e+00 2.658272e-03
2.505000e+00 1.955045e-03
2.510000e+00 1.222106e-03
2.515000e+00 4.626415e-04
2.520000e+00 -3.577575e-04
2.525000e+00 -1.159067e-03
2.530000e+00 -1.853214e-03
2.535000e+00 -2.460471e-03
2.540000e+00 -3.024559e-03
2.545000e+00 -3.510964e-03
2.550000e+00 -3.864659e-03
2.555000e+00 -4.030345e-03
2.560000e+00 -4.005767e-03
2.565000e+00 -3.871518e-03
2.570000e+00 -3.627569e-03
2.575000e+00 -3.187368e-03
2.580000e+00 -2.587331e-03
2.585000e+00 -1.918492e-03
2.590000e+00 -1.197295e-03
2.595000e+00 -4.141992e-04
2.600000e+00 4.370849e-04
2.605000e+00 1.304687e-03
2.610000e+00 2.099314e-03
2.615000e+00 2.794817e-03
2.620000e+00 3.388024e-03
2.625000e+00 3.812244e-03
2.630000e+00 4.042450e-03
2.635000e+00 4.119439e-03
2.640000e+00 4.080566e-03
2.645000e+00 3.872622e-03
2.650000e+00 3.426136e-03
2.655000e+00 2.901929e-03
2.660000e+00 2.359506e-03
2.665000e+00 1.628260e-03
2.670000e+00 7.524155e-04
2.675000e+00 -4.954142e-05
2.680000e+00 -7.637037e-04
2.685000e+00 -1.537681e-03
2.690000e+00 -2.267321e-03
2.695000e+00 -2.786425e-03
2.700000e+00 -3.255077e-03
2.705000e+00 -3.725808e-03
2.710000e+00 -3.972107e-03
2.715000e+00 -4.001851e-03
2.720000e+00 -3.970649e-03
2.725000e+00 -3.808110e-03
2.730000e+00 -3.427887e-03
2.735000e+00 -2.857941e-03
2.740000e+00 -2.171689e-03
2.745000e+00 -1.506198e-03
2.750000e+00 -8.040001e-04
2.755000e+00 9.278459e-05
2.760000e+00 1.023643e-03
2.765000e+00 1.767842e-03
2.770000e+00 2.416875e-03
2.775000e+00 3.117019e-03
2.780000e+00 3.716101e-03
2.785000e+00 4.021122e-03
2.790000e+00 4.113763e-03
2.795000e+00 4.101981e-03
2.800000e+00 3.970745e-03
2.805000e+00 3.667286e-03
2.810000e+00 3.122968e-03
2.815000e+00 2.477810e-03
2.820000e+00 1.884942e-03
2.825000e+00 1.161388e-03
2.830000e+00 2.869974e-04
2.835000e+00 -5.267536e-04
2.840000e+00 -1.259287e-03
2.845000e+00 -1.932936e-03
2.850000e+00 -2.578973e-03
2.855000e+00 -3.222536e-03
2.860000e+00 -3.685018e-03
2.865000e+00 -3.835108e-03
2.870000e+00 -3.907674e-03
2.875000e+00 -4.044506e-03
2.880000e+00 -3.966489e-03
2.885000e+00 -3.548403e-03
2.890000e+00 -3.012496e-03
2.895000e+00 -2.473498e-03
2.900000e+00 -1.825767e-03
2.905000e+00 -1.052615e-03
2.910000e+00 -2.107560e-04
2.915000e+00 7.105584e-04
2.920000e+00 1.628165e-03
2.925000e+00 2.337055e-03
2.930000e+00 2.822629e-03
2.935000e+00 3.370051e-03
2.940000e+00 3.988510e-03
2.945000e+00 4.282475e-03
2.950000e+00 4.162990e-03
2.955000e+00 3.939645e-03
2.960000e+00 3.763897e-03
2.965000e+00 3.467261e-03
2.970000e+00 2.872775e-03
2.975000e+00 2.036329e-03
2.980000e+00 1.207064e-03
2.985000e+00 5.437802e-04
2.990000e+00 -9.874652e-05
2.995000e+00 -9.124046e-04
3 -1.785949e-03
