T X
0 0
5.000000e-03 8.025785e-09
1.000000e-02 2.625603e-08
1.500000e-02 1.689850e-08
2.000000e-02 -2.167951e-08
2.500000e-02 -3.135827e-08
3.000000e-02 9.656283e-08
3.500000e-02 1.064358e-06
4.000000e-02 5.632588e-06
4.500000e-02 2.504786e-05
5.000000e-02 9.577819e-05
5.500000e-02 3.093702e-04
6.000000e-02 8.395092e-04
6.500000e-02 1.907297e-03
7.000000e-02 3.627975e-03
7.500000e-02 5.794831e-03
8.000000e-02 7.841549e-03
8.500000e-02 9.214951e-03
9.000000e-02 9.888184e-03
9.500000e-02 1.028498e-02
1.000000e-01 1.056021e-02
1.050000e-01 1.035930e-02
1.100000e-01 9.523771e-03
1.150000e-01 8.394219e-03
1.200000e-01 7.097968e-03
1.250000e-01 5.388403e-03
1.300000e-01 3.383618e-03
1.350000e-01 1.408112e-03
1.400000e-01 -6.575450e-04
1.450000e-01 -2.837017e-03
1.500000e-01 -4.794460e-03
1.550000e-01 -6.537266e-03
1.600000e-01 -8.106781e-03
1.650000e-01 -9.258311e-03
1.700000e-01 -1.005946e-02
1.750000e-01 -1.053433e-02
1.800000e-01 -1.048387e-02
1.850000e-01 -1.004362e-02
1.900000e-01 -9.241084e-03
1.950000e-01 -7.980921e-03
2.000000e-01 -6.418157e-03
2.050000e-01 -4.569924e-03
2.100000e-01 -2.518822e-03
2.150000e-01 -4.398929e-04
2.200000e-01 1.651676e-03
2.250000e-01 3.601546e-03
2.300000e-01 5.359615e-03
2.350000e-01 6.961727e-03
2.400000e-01 8.325797e-03
2.450000e-01 9.418783e-03
2.500000e-01 1.009901e-02
2.550000e-01 1.032256e-02
2.600000e-01 1.013226e-02
2.650000e-01 9.545415e-03
2.700000e-01 8.638270e-03
2.750000e-01 7.361975e-03
2.800000e-01 5.747057e-03
2.850000e-01 3.900583e-03
2.900000e-01 1.920559e-03
2.950000e-01 -9.614949e-05
3.000000e-01 -2.133312e-03
3.050000e-01 -4.101113e-03
3.100000e-01 -5.885469e-03
3.150000e-01 -7.439468e-03
3.200000e-01 -8.722620e-03
3.250000e-01 -9.665650e-03
3.300000e-01 -1.020680e-02
3.350000e-01 -1.030237e-02
3.400000e-01 -1.000097e-02
3.450000e-01 -9.327150e-03
3.500000e-01 -8.240514e-03
3.550000e-01 -6.861952e-03
3.600000e-01 -5.253664e-03
3.650000e-01 -3.395391e-03
3.700000e-01 -1.376339e-03
3.750000e-01 6.821711e-04
3.800000e-01 2.722158e-03
3.850000e-01 4.684300e-03
3.900000e-01 6.426474e-03
3.950000e-01 7.887238e-03
4.000000e-01 9.043186e-03
4.050000e-01 9.819036e-03
4.100000e-01 1.021953e-02
4.150000e-01 1.025374e-02
4.200000e-01 9.857839e-03
4.250000e-01 9.067215e-03
4.300000e-01 7.930424e-03
4.350000e-01 6.454744e-03
4.400000e-01 4.720646e-03
4.450000e-01 2.789738e-03
4.500000e-01 7.404702e-04
4.550000e-01 -1.319929e-03
4.600000e-01 -3.316393e-03
4.650000e-01 -5.175276e-03
4.700000e-01 -6.824087e-03
4.750000e-01 -8.230801e-03
4.800000e-01 -9.310285e-03
4.850000e-01 -1.000783e-02
4.900000e-01 -1.033209e-02
4.950000e-01 -1.021729e-02
5.000000e-01 -9.701528e-03
5.050000e-01 -8.778822e-03
5.100000e-01 -7.480531e-03
5.150000e-01 -5.943886e-03
5.200000e-01 -4.139517e-03
5.250000e-01 -2.183365e-03
5.300000e-01 -1.863938e-04
5.350000e-01 1.879391e-03
5.400000e-01 3.862543e-03
5.450000e-01 5.684877e-03
5.500000e-01 7.313982e-03
5.550000e-01 8.612535e-03
5.600000e-01 9.561849e-03
5.650000e-01 1.014799e-02
5.700000e-01 1.031040e-02
5.750000e-01 1.007128e-02
5.800000e-01 9.434401e-03
5.850000e-01 8.420217e-03
5.900000e-01 7.093207e-03
5.950000e-01 5.465489e-03
6.000000e-01 3.619510e-03
6.050000e-01 1.637208e-03
6.100000e-01 -4.387981e-04
6.150000e-01 -2.488633e-03
6.200000e-01 -4.421914e-03
6.250000e-01 -6.190086e-03
6.300000e-01 -7.705719e-03
6.350000e-01 -8.914500e-03
6.400000e-01 -9.782910e-03
6.450000e-01 -1.022515e-02
6.500000e-01 -1.026555e-02
6.550000e-01 -9.936805e-03
6.600000e-01 -9.208163e-03
6.650000e-01 -8.098488e-03
6.700000e-01 -6.654828e-03
6.750000e-01 -4.950570e-03
6.800000e-01 -3.031300e-03
6.850000e-01 -9.972728e-04
6.900000e-01 1.063069e-03
6.950000e-01 3.084199e-03
7.000000e-01 4.953177e-03
7.050000e-01 6.641639e-03
7.100000e-01 8.077253e-03
7.150000e-01 9.178358e-03
7.200000e-01 9.944504e-03
7.250000e-01 1.031295e-02
7.300000e-01 1.025157e-02
7.350000e-01 9.774783e-03
7.400000e-01 8.895020e-03
7.450000e-01 7.670555e-03
7.500000e-01 6.144728e-03
7.550000e-01 4.382428e-03
7.600000e-01 2.446613e-03
7.650000e-01 4.262615e-04
7.700000e-01 -1.591495e-03
7.750000e-01 -3.602054e-03
7.800000e-01 -5.480834e-03
7.850000e-01 -7.107249e-03
7.900000e-01 -8.468237e-03
7.950000e-01 -9.481819e-03
8.000000e-01 -1.009343e-02
8.050000e-01 -1.031604e-02
8.100000e-01 -1.012232e-02
8.150000e-01 -9.527236e-03
8.200000e-01 -8.573815e-03
8.250000e-01 -7.276041e-03
8.300000e-01 -5.691993e-03
8.350000e-01 -3.881307e-03
8.400000e-01 -1.886209e-03
8.450000e-01 2.006404e-04
8.500000e-01 2.254623e-03
8.550000e-01 4.216796e-03
8.600000e-01 6.001334e-03
8.650000e-01 7.519472e-03
8.700000e-01 8.773201e-03
8.750000e-01 9.671089e-03
8.800000e-01 1.017092e-02
8.850000e-01 1.030588e-02
8.900000e-01 1.001780e-02
8.950000e-01 9.314397e-03
9.000000e-01 8.242529e-03
9.050000e-01 6.836458e-03
9.100000e-01 5.146205e-03
9.150000e-01 3.260372e-03
9.200000e-01 1.258670e-03
9.250000e-01 -7.941346e-04
9.300000e-01 -2.794771e-03
9.350000e-01 -4.704680e-03
9.400000e-01 -6.445931e-03
9.450000e-01 -7.918190e-03
9.500000e-01 -9.086375e-03
9.550000e-01 -9.882247e-03
9.600000e-01 -1.028931e-02
9.650000e-01 -1.028654e-02
9.700000e-01 -9.842414e-03
9.750000e-01 -9.018533e-03
9.800000e-01 -7.837958e-03
9.850000e-01 -6.348265e-03
9.900000e-01 -4.616751e-03
9.950000e-01 -2.710161e-03
1 -7.022522e-04
1.005000e+00 1.365211e-03
1.010000e+00 3.371904e-03
1.015000e+00 5.239391e-03
1.020000e+00 6.924494e-03
1.025000e+00 8.316864e-03
1.030000e+00 9.381374e-03
1.035000e+00 1.007863e-02
1.040000e+00 1.032569e-02
1.045000e+00 1.018905e-02
1.050000e+00 9.665881e-03
1.055000e+00 8.719654e-03
1.060000e+00 7.447914e-03
1.065000e+00 5.872050e-03
1.070000e+00 4.052704e-03
1.075000e+00 2.079273e-03
1.080000e+00 6.817281e-06
1.085000e+00 -2.055414e-03
1.090000e+00 -4.013944e-03
1.095000e+00 -5.801449e-03
1.100000e+00 -7.348011e-03
1.105000e+00 -8.592754e-03
1.110000e+00 -9.511860e-03
1.115000e+00 -1.006551e-02
1.120000e+00 -1.021896e-02
1.125000e+00 -9.985676e-03
1.130000e+00 -9.343820e-03
1.135000e+00 -8.327418e-03
1.140000e+00 -6.984051e-03
1.145000e+00 -5.335254e-03
1.150000e+00 -3.485145e-03
1.155000e+00 -1.519608e-03
1.160000e+00 4.910426e-04
1.165000e+00 2.491688e-03
1.170000e+00 4.420219e-03
1.175000e+00 6.183789e-03
1.180000e+00 7.718695e-03
1.185000e+00 8.961459e-03
1.190000e+00 9.852861e-03
1.195000e+00 1.034106e-02
1.200000e+00 1.039498e-02
1.205000e+00 1.002643e-02
1.210000e+00 9.249269e-03
1.215000e+00 8.095962e-03
1.220000e+00 6.640139e-03
1.225000e+00 4.913650e-03
1.230000e+00 2.962876e-03
1.235000e+00 9.043752e-04
1.240000e+00 -1.178714e-03
1.245000e+00 -3.268085e-03
1.250000e+00 -5.214839e-03
1.255000e+00 -6.831782e-03
1.260000e+00 -8.217417e-03
1.265000e+00 -9.365122e-03
1.270000e+00 -1.000463e-02
1.275000e+00 -1.017817e-02
1.280000e+00 -1.014421e-02
1.285000e+00 -9.740060e-03
1.290000e+00 -8.744007e-03
1.295000e+00 -7.460827e-03
1.300000e+00 -6.090430e-03
1.305000e+00 -4.373065e-03
1.310000e+00 -2.319408e-03
1.315000e+00 -2.880337e-04
1.320000e+00 1.636991e-03
1.325000e+00 3.552993e-03
1.330000e+00 5.460307e-03
1.335000e+00 7.159699e-03
1.340000e+00 8.424203e-03
1.345000e+00 9.366757e-03
1.350000e+00 1.009534e-02
1.355000e+00 1.044019e-02
1.360000e+00 1.024180e-02
1.365000e+00 9.573140e-03
1.370000e+00 8.575465e-03
1.375000e+00 7.308078e-03
1.380000e+00 5.725965e-03
1.385000e+00 3.782356e-03
1.390000e+00 1.680825e-03
1.395000e+00 -3.772033e-04
1.400000e+00 -2.349095e-03
1.405000e+00 -4.273912e-03
1.410000e+00 -6.149644e-03
1.415000e+00 -7.753320e-03
1.420000e+00 -8.917177e-03
1.425000e+00 -9.686268e-03
1.430000e+00 -1.013418e-02
1.435000e+00 -1.027362e-02
1.440000e+00 -9.984249e-03
1.445000e+00 -9.178565e-03
1.450000e+00 -7.998695e-03
1.455000e+00 -6.602761e-03
1.460000e+00 -5.037726e-03
1.465000e+00 -3.262918e-03
1.470000e+00 -1.278813e-03
1.475000e+00 8.146279e-04
1.480000e+00 2.904060e-03
1.485000e+00 4.779475e-03
1.490000e+00 6.367777e-03
1.495000e+00 7.819840e-03
1.500000e+00 9.124319e-03
1.505000e+00 1.000956e-02
1.510000e+00 1.031304e-02
1.515000e+00 1.020915e-02
1.520000e+00 9.851413e-03
1.525000e+00 9.117537e-03
1.530000e+00 7.916918e-03
1.535000e+00 6.413383e-03
1.540000e+00 4.668405e-03
1.545000e+00 2.594180e-03
1.550000e+00 4.181249e-04
1.555000e+00 -1.613566e-03
1.560000e+00 -3.533766e-03
1.565000e+00 -5.327023e-03
1.570000e+00 -6.999166e-03
1.575000e+00 -8.494395e-03
1.580000e+00 -9.547857e-03
1.585000e+00 -1.005505e-02
1.590000e+00 -1.015840e-02
1.595000e+00 -9.996749e-03
1.600000e+00 -9.559628e-03
1.605000e+00 -8.708930e-03
1.610000e+00 -7.370574e-03
1.615000e+00 -5.661043e-03
1.620000e+00 -3.830492e-03
1.625000e+00 -2.003202e-03
1.630000e+00 -8.979998e-05
1.635000e+00 1.904328e-03
1.640000e+00 3.879106e-03
1.645000e+00 5.755717e-03
1.650000e+00 7.387847e-03
1.655000e+00 8.678060e-03
1.660000e+00 9.643017e-03
1.665000e+00 1.020731e-02
1.670000e+00 1.030240e-02
1.675000e+00 1.004535e-02
1.680000e+00 9.437280e-03
1.685000e+00 8.456936e-03
1.690000e+00 7.156271e-03
1.695000e+00 5.461517e-03
1.700000e+00 3.402750e-03
1.705000e+00 1.236892e-03
1.710000e+00 -7.755462e-04
1.715000e+00 -2.661084e-03
1.720000e+00 -4.534592e-03
1.725000e+00 -6.333258e-03
1.730000e+00 -7.936261e-03
1.735000e+00 -9.194799e-03
1.740000e+00 -9.985993e-03
1.745000e+00 -1.026054e-02
1.750000e+00 -1.006535e-02
1.755000e+00 -9.558449e-03
1.760000e+00 -8.912914e-03
1.765000e+00 -8.048224e-03
1.770000e+00 -6.690939e-03
1.775000e+00 -4.842294e-03
1.780000e+00 -2.728884e-03
1.785000e+00 -5.996588e-04
1.790000e+00 1.330813e-03
1.795000e+00 3.093175e-03
1.800000e+00 4.816186e-03
1.805000e+00 6.467813e-03
1.810000e+00 7.983633e-03
1.815000e+00 9.282263e-03
1.820000e+00 1.019189e-02
1.825000e+00 1.061792e-02
1.830000e+00 1.055264e-02
1.835000e+00 9.929528e-03
1.840000e+00 8.756326e-03
1.845000e+00 7.234353e-03
1.850000e+00 5.569667e-03
1.855000e+00 3.882834e-03
1.860000e+00 2.198367e-03
1.865000e+00 4.976290e-04
1.870000e+00 -1.239022e-03
1.875000e+00 -3.087657e-03
1.880000e+00 -5.076998e-03
1.885000e+00 -7.133174e-03
1.890000e+00 -9.022470e-03
1.895000e+00 -1.043153e-02
1.900000e+00 -1.115626e-02
1.905000e+00 -1.113493e-02
1.910000e+00 -1.049958e-02
1.915000e+00 -9.432972e-03
1.920000e+00 -8.007898e-03
1.925000e+00 -6.348045e-03
1.930000e+00 -4.568980e-03
1.935000e+00 -2.629999e-03
1.940000e+00 -5.788892e-04
1.945000e+00 1.362776e-03
1.950000e+00 2.995706e-03
1.955000e+00 4.236680e-03
1.960000e+00 5.175006e-03
1.965000e+00 5.997090e-03
1.970000e+00 6.835978e-03
1.975000e+00 7.749323e-03
1.980000e+00 8.598851e-03
1.985000e+00 9.179460e-03
1.990000e+00 9.391222e-03
1.995000e+00 9.133687e-03
2 8.469162e-03
2.005000e+00 7.557360e-03
2.010000e+00 6.442394e-03
2.015000e+00 5.238726e-03
2.020000e+00 4.021690e-03
2.025000e+00 2.681701e-03
2.030000e+00 1.152337e-03
2.035000e+00 -6.379118e-04
2.040000e+00 -2.772383e-03
2.045000e+00 -5.197664e-03
2.050000e+00 -7.791353e-03
2.055000e+00 -1.039905e-02
2.060000e+00 -1.277586e-02
2.065000e+00 -1.470455e-02
2.070000e+00 -1.608300e-02
2.075000e+00 -1.679992e-02
2.080000e+00 -1.680568e-02
2.085000e+00 -1.616629e-02
2.090000e+00 -1.494002e-02
2.095000e+00 -1.313463e-02
2.100000e+00 -1.083992e-02
2.105000e+00 -8.242842e-03
2.110000e+00 -5.434928e-03
2.115000e+00 -2.544708e-03
2.120000e+00 1.801693e-04
2.125000e+00 2.635635e-03
2.130000e+00 4.809453e-03
2.135000e+00 6.665828e-03
2.140000e+00 8.191784e-03
2.145000e+00 9.357226e-03
2.150000e+00 1.016660e-02
2.155000e+00 1.065481e-02
2.160000e+00 1.079630e-02
2.165000e+00 1.053504e-02
2.170000e+00 9.947379e-03
2.175000e+00 9.144307e-03
2.180000e+00 8.109866e-03
2.185000e+00 6.933907e-03
2.190000e+00 5.721757e-03
2.195000e+00 4.474308e-03
2.200000e+00 3.310154e-03
2.205000e+00 2.284653e-03
2.210000e+00 1.298493e-03
2.215000e+00 3.691747e-04
2.220000e+00 -4.621698e-04
2.225000e+00 -1.236485e-03
2.230000e+00 -1.901009e-03
2.235000e+00 -2.419121e-03
2.240000e+00 -2.826419e-03
2.245000e+00 -3.049066e-03
2.250000e+00 -3.081873e-03
2.255000e+00 -2.994580e-03
2.260000e+00 -2.759256e-03
2.265000e+00 -2.418943e-03
2.270000e+00 -1.975934e-03
2.275000e+00 -1.359317e-03
2.280000e+00 -6.263017e-04
2.285000e+00 1.965883e-04
2.290000e+00 1.069871e-03
2.295000e+00 1.862068e-03
2.300000e+00 2.575936e-03
2.305000e+00 3.201751e-03
2.310000e+00 3.645913e-03
2.315000e+00 3.939925e-03
2.320000e+00 4.121261e-03
2.325000e+00 4.156052e-03
2.330000e+00 4.028189e-03
2.335000e+00 3.737774e-03
2.340000e+00 3.277184e-03
2.345000e+00 2.669474e-03
2.350000e+00 1.920017e-03
2.355000e+00 1.088803e-03
2.360000e+00 2.840031e-04
2.365000e+00 -5.263439e-04
2.370000e+00 -1.316871e-03
2.375000e+00 -2.043726e-03
2.380000e+00 -2.705912e-03
2.385000e+00 -3.271709e-03
2.390000e+00 -3.754378e-03
2.395000e+00 -4.110901e-03
2.400000e+00 -4.302077e-03
2.405000e+00 -4.311953e-03
2.410000e+00 -4.151915e-03
2.415000e+00 -3.816454e-03
2.420000e+00 -3.294536e-03
2.425000e+00 -2.689031e-03
2.430000e+00 -1.996880e-03
2.435000e+00 -1.160459e-03
2.440000e+00 -2.796042e-04
2.445000e+00 5.688480e-04
2.450000e+00 1.455320e-03
2.455000e+00 2.320944e-03
2.460000e+00 3.021321e-03
2.465000e+00 3.628121e-03
2.470000e+00 4.100683e-03
2.475000e+00 4.317261e-03
2.480000e+00 4.363489e-03
2.485000e+00 4.270869e-03
2.490000e+00 3.994646e-03
2.495000e+00 3.535541e-03
2.500000e+00 2.944251e-03
2.505000e+00 2.295115e-03
2.510000e+00 1.588875e-03
2.515000e+00 7.943661e-04
2.520000e+00 -7.549049e-05
2.525000e+00 -9.275375e-04
2.530000e+00 -1.695379e-03
2.535000e+00 -2.409600e-03
2.540000e+00 -3.050356e-03
2.545000e+00 -3.561836e-03
2.550000e+00 -3.927517e-03
2.555000e+00 -4.133110e-03
2.560000e+00 -4.193407e-03
2.565000e+00 -4.161478e-03
2.570000e+00 -3.972866e-03
2.575000e+00 -3.587567e-03
2.580000e+00 -3.041441e-03
2.585000e+00 -2.313232e-03
2.590000e+00 -1.485158e-03
2.595000e+00 -6.199712e-04
2.600000e+00 2.749779e-04
2.605000e+00 1.150281e-03
2.610000e+00 1.979231e-03
2.615000e+00 2.690750e-03
2.620000e+00 3.310274e-03
2.625000e+00 3.870279e-03
2.630000e+00 4.215766e-03
2.635000e+00 4.375188e-03
2.640000e+00 4.422996e-03
2.645000e+00 4.182829e-03
2.650000e+00 3.706020e-03
2.655000e+00 3.187276e-03
2.660000e+00 2.578151e-03
2.665000e+00 1.839393e-03
2.670000e+00 1.044723e-03
2.675000e+00 2.822564e-04
2.680000e+00 -4.883813e-04
2.685000e+00 -1.343221e-03
2.690000e+00 -2.129743e-03
2.695000e+00 -2.763440e-03
2.700000e+00 -3.372287e-03
2.705000e+00 -3.879245e-03
2.710000e+00 -4.093578e-03
2.715000e+00 -4.154276e-03
2.720000e+00 -4.204390e-03
2.725000e+00 -4.073042e-03
2.730000e+00 -3.696776e-03
2.735000e+00 -3.202958e-03
2.740000e+00 -2.634684e-03
2.745000e+00 -1.931730e-03
2.750000e+00 -1.050623e-03
2.755000e+00 -9.389747e-05
2.760000e+00 8.065743e-04
2.765000e+00 1.645668e-03
2.770000e+00 2.440426e-03
2.775000e+00 3.125872e-03
2.780000e+00 3.668180e-03
2.785000e+00 4.078167e-03
2.790000e+00 4.291282e-03
2.795000e+00 4.344536e-03
2.800000e+00 4.278795e-03
2.805000e+00 3.972135e-03
2.810000e+00 3.466012e-03
2.815000e+00 2.875840e-03
2.820000e+00 2.194732e-03
2.825000e+00 1.415305e-03
2.830000e+00 5.638488e-04
2.835000e+00 -2.716841e-04
2.840000e+00 -1.042685e-03
2.845000e+00 -1.754278e-03
2.850000e+00 -2.448704e-03
2.855000e+00 -3.130018e-03
2.860000e+00 -3.652149e-03
2.865000e+00 -3.950176e-03
2.870000e+00 -4.142916e-03
2.875000e+00 -4.295448e-03
2.880000e+00 -4.258568e-03
2.885000e+00 -3.888357e-03
2.890000e+00 -3.349325e-03
2.895000e+00 -2.827799e-03
2.900000e+00 -2.207903e-03
2.905000e+00 -1.405370e-03
2.910000e+00 -5.292306e-04
2.915000e+00 3.436348e-04
2.920000e+00 1.225897e-03
2.925000e+00 2.088396e-03
2.930000e+00 2.851291e-03
2.935000e+00 3.472397e-03
2.940000e+00 3.987444e-03
2.945000e+00 4.349144e-03
2.950000e+00 4.374368e-03
2.955000e+00 4.174680e-03
2.960000e+00 3.973009e-03
2.965000e+00 3.697970e-03
2.970000e+00 3.226841e-03
2.975000e+00 2.511350e-03
2.980000e+00 1.701568e-03
2.985000e+00 9.855377e-04
2.990000e+00 2.248817e-04
2.995000e+00 -6.827806e-04
3 -1.554317e-03
