T X
0 0
5.000000e-03 -1.101707e-11
1.000000e-02 1.026972e-11
1.500000e-02 -3.938160e-11
2.000000e-02 -3.961321e-11
2.500000e-02 3.251396e-10
3.000000e-02 3.370650e-09
3.500000e-02 2.758685e-08
4.000000e-02 1.808369e-07
4.500000e-02 1.027607e-06
5.000000e-02 5.012077e-06
5.500000e-02 2.089493e-05
6.000000e-02 7.462312e-05
6.500000e-02 2.289988e-04
7.000000e-02 6.053631e-04
7.500000e-02 1.380486e-03
8.000000e-02 2.715943e-03
8.500000e-02 4.606932e-03
9.000000e-02 6.741273e-03
9.500000e-02 8.559803e-03
1.000000e-01 9.610383e-03
1.050000e-01 9.929389e-03
1.100000e-01 9.962259e-03
1.150000e-01 9.975982e-03
1.200000e-01 9.689370e-03
1.250000e-01 8.722269e-03
1.300000e-01 7.236640e-03
1.350000e-01 5.694216e-03
1.400000e-01 4.108540e-03
1.450000e-01 2.165310e-03
1.500000e-01 -2.034518e-07
1.550000e-01 -1.937088e-03
1.600000e-01 -3.681515e-03
1.650000e-01 -5.521794e-03
1.700000e-01 -7.229532e-03
1.750000e-01 -8.478738e-03
1.800000e-01 -9.462365e-03
1.850000e-01 -1.023924e-02
1.900000e-01 -1.042411e-02
1.950000e-01 -1.003823e-02
2.000000e-01 -9.431760e-03
2.050000e-01 -8.487456e-03
2.100000e-01 -7.090194e-03
2.150000e-01 -5.518163e-03
2.200000e-01 -3.735649e-03
2.250000e-01 -1.613102e-03
2.300000e-01 4.836735e-04
2.350000e-01 2.410416e-03
2.400000e-01 4.372263e-03
2.450000e-01 6.186969e-03
2.500000e-01 7.684794e-03
2.550000e-01 8.953459e-03
2.600000e-01 9.807512e-03
2.650000e-01 1.019835e-02
2.700000e-01 1.032947e-02
2.750000e-01 1.002062e-02
2.800000e-01 9.201636e-03
2.850000e-01 8.128188e-03
2.900000e-01 6.724025e-03
2.950000e-01 4.970817e-03
3.000000e-01 3.082369e-03
3.050000e-01 1.041497e-03
3.100000e-01 -1.036638e-03
3.150000e-01 -3.009319e-03
3.200000e-01 -4.962025e-03
3.250000e-01 -6.682385e-03
3.300000e-01 -8.050884e-03
3.350000e-01 -9.228993e-03
3.400000e-01 -1.001644e-02
3.450000e-01 -1.032555e-02
3.500000e-01 -1.029903e-02
3.550000e-01 -9.823422e-03
3.600000e-01 -8.943253e-03
3.650000e-01 -7.743324e-03
3.700000e-01 -6.197007e-03
3.750000e-01 -4.465033e-03
3.800000e-01 -2.527686e-03
3.850000e-01 -4.360555e-04
3.900000e-01 1.585546e-03
3.950000e-01 3.617847e-03
4.000000e-01 5.515121e-03
4.050000e-01 7.097413e-03
4.100000e-01 8.477314e-03
4.150000e-01 9.493955e-03
4.200000e-01 1.010985e-02
4.250000e-01 1.037003e-02
4.300000e-01 1.017774e-02
4.350000e-01 9.629781e-03
4.400000e-01 8.649498e-03
4.450000e-01 7.311644e-03
4.500000e-01 5.758706e-03
4.550000e-01 3.870719e-03
4.600000e-01 1.904045e-03
4.650000e-01 -1.224651e-04
4.700000e-01 -2.245355e-03
4.750000e-01 -4.149973e-03
4.800000e-01 -5.962442e-03
4.850000e-01 -7.563847e-03
4.900000e-01 -8.780627e-03
4.950000e-01 -9.729734e-03
5.000000e-01 -1.023780e-02
5.050000e-01 -1.035806e-02
5.100000e-01 -1.006280e-02
5.150000e-01 -9.339502e-03
5.200000e-01 -8.322086e-03
5.250000e-01 -6.871994e-03
5.300000e-01 -5.204778e-03
5.350000e-01 -3.354926e-03
5.400000e-01 -1.283962e-03
5.450000e-01 7.369020e-04
5.500000e-01 2.792462e-03
5.550000e-01 4.737284e-03
5.600000e-01 6.443945e-03
5.650000e-01 7.953202e-03
5.700000e-01 9.105032e-03
5.750000e-01 9.918336e-03
5.800000e-01 1.031456e-02
5.850000e-01 1.032090e-02
5.900000e-01 9.931363e-03
5.950000e-01 9.091306e-03
6.000000e-01 7.963280e-03
6.050000e-01 6.455422e-03
6.100000e-01 4.706508e-03
6.150000e-01 2.791241e-03
6.200000e-01 6.892063e-04
6.250000e-01 -1.351582e-03
6.300000e-01 -3.396081e-03
6.350000e-01 -5.295364e-03
6.400000e-01 -6.936426e-03
6.450000e-01 -8.355623e-03
6.500000e-01 -9.391113e-03
6.550000e-01 -1.007850e-02
6.600000e-01 -1.035809e-02
6.650000e-01 -1.022613e-02
6.700000e-01 -9.683606e-03
6.750000e-01 -8.743281e-03
6.800000e-01 -7.484392e-03
6.850000e-01 -5.884021e-03
6.900000e-01 -4.101220e-03
6.950000e-01 -2.139014e-03
7.000000e-01 -9.098662e-05
7.050000e-01 1.935058e-03
7.100000e-01 3.932805e-03
7.150000e-01 5.726401e-03
7.200000e-01 7.343618e-03
7.250000e-01 8.658346e-03
7.300000e-01 9.599769e-03
7.350000e-01 1.019330e-02
7.400000e-01 1.034767e-02
7.450000e-01 1.010839e-02
7.500000e-01 9.457117e-03
7.550000e-01 8.445352e-03
7.600000e-01 7.083243e-03
7.650000e-01 5.437734e-03
7.700000e-01 3.588774e-03
7.750000e-01 1.561368e-03
7.800000e-01 -4.954059e-04
7.850000e-01 -2.557829e-03
7.900000e-01 -4.496601e-03
7.950000e-01 -6.256004e-03
8.000000e-01 -7.782780e-03
8.050000e-01 -8.964203e-03
8.100000e-01 -9.841151e-03
8.150000e-01 -1.029933e-02
8.200000e-01 -1.034306e-02
8.250000e-01 -9.989046e-03
8.300000e-01 -9.214801e-03
8.350000e-01 -8.075844e-03
8.400000e-01 -6.614237e-03
8.450000e-01 -4.904800e-03
8.500000e-01 -2.978364e-03
8.550000e-01 -9.645965e-04
8.600000e-01 1.097370e-03
8.650000e-01 3.137570e-03
8.700000e-01 5.028401e-03
8.750000e-01 6.735948e-03
8.800000e-01 8.167768e-03
8.850000e-01 9.275838e-03
8.900000e-01 9.997797e-03
8.950000e-01 1.033435e-02
9.000000e-01 1.026572e-02
9.050000e-01 9.774010e-03
9.100000e-01 8.910688e-03
9.150000e-01 7.687200e-03
9.200000e-01 6.156848e-03
9.250000e-01 4.371108e-03
9.300000e-01 2.423586e-03
9.350000e-01 3.657064e-04
9.400000e-01 -1.708673e-03
9.450000e-01 -3.690557e-03
9.500000e-01 -5.553401e-03
9.550000e-01 -7.179965e-03
9.600000e-01 -8.520230e-03
9.650000e-01 -9.531487e-03
9.700000e-01 -1.015170e-02
9.750000e-01 -1.037240e-02
9.800000e-01 -1.017937e-02
9.850000e-01 -9.575980e-03
9.900000e-01 -8.587295e-03
9.950000e-01 -7.270608e-03
1 -5.640499e-03
1.005000e+00 -3.799841e-03
1.010000e+00 -1.820898e-03
1.015000e+00 2.637107e-04
1.020000e+00 2.299467e-03
1.025000e+00 4.263594e-03
1.030000e+00 6.058808e-03
1.035000e+00 7.588845e-03
1.040000e+00 8.860699e-03
1.045000e+00 9.741018e-03
1.050000e+00 1.024646e-02
1.055000e+00 1.035969e-02
1.060000e+00 1.002026e-02
1.065000e+00 9.320043e-03
1.070000e+00 8.231267e-03
1.075000e+00 6.810668e-03
1.080000e+00 5.140403e-03
1.085000e+00 3.247949e-03
1.090000e+00 1.231692e-03
1.095000e+00 -8.443956e-04
1.100000e+00 -2.878145e-03
1.105000e+00 -4.811915e-03
1.110000e+00 -6.537711e-03
1.115000e+00 -7.975183e-03
1.120000e+00 -9.104729e-03
1.125000e+00 -9.830835e-03
1.130000e+00 -1.020861e-02
1.135000e+00 -1.024690e-02
1.140000e+00 -1.001842e-02
1.145000e+00 -9.711459e-03
1.150000e+00 -9.386046e-03
1.155000e+00 -9.187529e-03
1.160000e+00 -9.123824e-03
1.165000e+00 -9.033112e-03
1.170000e+00 -8.792375e-03
1.175000e+00 -8.119322e-03
1.180000e+00 -6.866286e-03
1.185000e+00 -5.132204e-03
1.190000e+00 -3.028622e-03
1.195000e+00 -8.790422e-04
1.200000e+00 1.067844e-03
1.205000e+00 2.810351e-03
1.210000e+00 4.380170e-03
1.215000e+00 5.908537e-03
1.220000e+00 7.428220e-03
1.225000e+00 8.748446e-03
1.230000e+00 9.653210e-03
1.235000e+00 1.000823e-02
1.240000e+00 9.791847e-03
1.245000e+00 9.221096e-03
1.250000e+00 8.426665e-03
1.255000e+00 7.394101e-03
1.260000e+00 6.094563e-03
1.265000e+00 4.380977e-03
1.270000e+00 2.390461e-03
1.275000e+00 3.555162e-04
1.280000e+00 -1.560939e-03
1.285000e+00 -3.273117e-03
1.290000e+00 -4.826461e-03
1.295000e+00 -6.171762e-03
1.300000e+00 -7.115580e-03
1.305000e+00 -7.340691e-03
1.310000e+00 -6.713031e-03
1.315000e+00 -5.323470e-03
1.320000e+00 -3.438626e-03
1.325000e+00 -1.291811e-03
1.330000e+00 9.883032e-04
1.335000e+00 3.260110e-03
1.340000e+00 5.321022e-03
1.345000e+00 6.836650e-03
1.350000e+00 7.800394e-03
1.355000e+00 8.429797e-03
1.360000e+00 8.871255e-03
1.365000e+00 9.280048e-03
1.370000e+00 9.599713e-03
1.375000e+00 9.525822e-03
1.380000e+00 8.701006e-03
1.385000e+00 7.299894e-03
1.390000e+00 5.848717e-03
1.395000e+00 4.281417e-03
1.400000e+00 2.309316e-03
1.405000e+00 2.429533e-04
1.410000e+00 -1.446808e-03
1.415000e+00 -3.149310e-03
1.420000e+00 -5.282295e-03
1.425000e+00 -7.274360e-03
1.430000e+00 -8.625476e-03
1.435000e+00 -9.425872e-03
1.440000e+00 -9.782976e-03
1.445000e+00 -9.795861e-03
1.450000e+00 -9.648011e-03
1.455000e+00 -9.255158e-03
1.460000e+00 -8.349735e-03
1.465000e+00 -7.047283e-03
1.470000e+00 -5.494341e-03
1.475000e+00 -3.573270e-03
1.480000e+00 -1.584294e-03
1.485000e+00 2.702474e-04
1.490000e+00 2.228434e-03
1.495000e+00 4.140010e-03
1.500000e+00 5.856606e-03
1.505000e+00 7.425433e-03
1.510000e+00 8.616571e-03
1.515000e+00 9.380320e-03
1.520000e+00 9.901436e-03
1.525000e+00 1.005072e-02
1.530000e+00 9.729603e-03
1.535000e+00 9.058349e-03
1.540000e+00 7.911749e-03
1.545000e+00 6.418683e-03
1.550000e+00 4.889216e-03
1.555000e+00 3.173213e-03
1.560000e+00 1.209067e-03
1.565000e+00 -8.881892e-04
1.570000e+00 -2.981555e-03
1.575000e+00 -4.804881e-03
1.580000e+00 -6.313482e-03
1.585000e+00 -7.711121e-03
1.590000e+00 -8.919545e-03
1.595000e+00 -9.748669e-03
1.600000e+00 -1.014520e-02
1.605000e+00 -9.954126e-03
1.610000e+00 -9.377150e-03
1.615000e+00 -8.657470e-03
1.620000e+00 -7.636162e-03
1.625000e+00 -6.211956e-03
1.630000e+00 -4.366321e-03
1.635000e+00 -2.312788e-03
1.640000e+00 -3.746172e-04
1.645000e+00 1.457280e-03
1.650000e+00 3.371550e-03
1.655000e+00 5.320197e-03
1.660000e+00 7.017799e-03
1.665000e+00 8.215641e-03
1.670000e+00 9.043065e-03
1.675000e+00 9.795007e-03
1.680000e+00 1.017894e-02
1.685000e+00 9.903393e-03
1.690000e+00 9.244478e-03
1.695000e+00 8.349747e-03
1.700000e+00 7.154262e-03
1.705000e+00 5.551763e-03
1.710000e+00 3.660284e-03
1.715000e+00 1.866324e-03
1.720000e+00 -2.746589e-05
1.725000e+00 -2.196259e-03
1.730000e+00 -4.182307e-03
1.735000e+00 -5.829245e-03
1.740000e+00 -7.275193e-03
1.745000e+00 -8.556638e-03
1.750000e+00 -9.492745e-03
1.755000e+00 -9.922794e-03
1.760000e+00 -1.004454e-02
1.765000e+00 -9.786836e-03
1.770000e+00 -9.017023e-03
1.775000e+00 -7.995345e-03
1.780000e+00 -6.710292e-03
1.785000e+00 -4.995410e-03
1.790000e+00 -3.059375e-03
1.795000e+00 -1.186675e-03
1.800000e+00 7.418151e-04
1.805000e+00 2.812663e-03
1.810000e+00 4.722634e-03
1.815000e+00 6.341694e-03
1.820000e+00 7.776868e-03
1.825000e+00 8.940647e-03
1.830000e+00 9.680139e-03
1.835000e+00 1.002918e-02
1.840000e+00 1.003441e-02
1.845000e+00 9.585677e-03
1.850000e+00 8.745892e-03
1.855000e+00 7.646666e-03
1.860000e+00 6.134869e-03
1.865000e+00 4.366372e-03
1.870000e+00 2.571372e-03
1.875000e+00 5.603244e-04
1.880000e+00 -1.540723e-03
1.885000e+00 -3.412253e-03
1.890000e+00 -5.148179e-03
1.895000e+00 -6.828013e-03
1.900000e+00 -8.186981e-03
1.905000e+00 -9.105793e-03
1.910000e+00 -9.793399e-03
1.915000e+00 -1.011464e-02
1.920000e+00 -9.875319e-03
1.925000e+00 -9.338305e-03
1.930000e+00 -8.493636e-03
1.935000e+00 -7.188330e-03
1.940000e+00 -5.632201e-03
1.945000e+00 -3.921881e-03
1.950000e+00 -1.989290e-03
1.955000e+00 3.292508e-05
1.960000e+00 2.032547e-03
1.965000e+00 3.992767e-03
1.970000e+00 5.762418e-03
1.975000e+00 7.278058e-03
1.980000e+00 8.555140e-03
1.985000e+00 9.442611e-03
1.990000e+00 9.919658e-03
1.995000e+00 1.010621e-02
2 9.850968e-03
2.005000e+00 9.131535e-03
2.010000e+00 8.157003e-03
2.015000e+00 6.821066e-03
2.020000e+00 5.115383e-03
2.025000e+00 3.322430e-03
2.030000e+00 1.384674e-03
2.035000e+00 -7.078844e-04
2.040000e+00 -2.649756e-03
2.045000e+00 -4.492755e-03
2.050000e+00 -6.270643e-03
2.055000e+00 -7.727234e-03
2.060000e+00 -8.848346e-03
2.065000e+00 -9.695535e-03
2.070000e+00 -1.010696e-02
2.075000e+00 -1.005964e-02
2.080000e+00 -9.699218e-03
2.085000e+00 -8.927038e-03
2.090000e+00 -7.747312e-03
2.095000e+00 -6.350614e-03
2.100000e+00 -4.678034e-03
2.105000e+00 -2.759078e-03
2.110000e+00 -7.726629e-04
2.115000e+00 1.264851e-03
2.120000e+00 3.224519e-03
2.125000e+00 5.044650e-03
2.130000e+00 6.750072e-03
2.135000e+00 8.093703e-03
2.140000e+00 9.107519e-03
2.145000e+00 9.856662e-03
2.150000e+00 1.012681e-02
2.155000e+00 1.002323e-02
2.160000e+00 9.571324e-03
2.165000e+00 8.648514e-03
2.170000e+00 7.420210e-03
2.175000e+00 5.904919e-03
2.180000e+00 4.102220e-03
2.185000e+00 2.213267e-03
2.190000e+00 2.322226e-04
2.195000e+00 -1.832259e-03
2.200000e+00 -3.771930e-03
2.205000e+00 -5.550146e-03
2.210000e+00 -7.191160e-03
2.215000e+00 -8.447219e-03
2.220000e+00 -9.359584e-03
2.225000e+00 -9.999741e-03
2.230000e+00 -1.014865e-02
2.235000e+00 -9.930054e-03
2.240000e+00 -9.346014e-03
2.245000e+00 -8.318663e-03
2.250000e+00 -7.003904e-03
2.255000e+00 -5.417159e-03
2.260000e+00 -3.596949e-03
2.265000e+00 -1.622877e-03
2.270000e+00 3.945171e-04
2.275000e+00 2.363404e-03
2.280000e+00 4.295428e-03
2.285000e+00 6.042184e-03
2.290000e+00 7.496259e-03
2.295000e+00 8.690394e-03
2.300000e+00 9.512420e-03
2.305000e+00 9.917642e-03
2.310000e+00 9.963187e-03
2.315000e+00 9.604075e-03
2.320000e+00 8.853237e-03
2.325000e+00 7.787972e-03
2.330000e+00 6.453801e-03
2.335000e+00 4.857715e-03
2.340000e+00 3.121066e-03
2.345000e+00 1.254331e-03
2.350000e+00 -7.367336e-04
2.355000e+00 -2.655785e-03
2.360000e+00 -4.563574e-03
2.365000e+00 -6.400477e-03
2.370000e+00 -8.081041e-03
2.375000e+00 -9.754803e-03
2.380000e+00 -1.134319e-02
2.385000e+00 -1.287415e-02
2.390000e+00 -1.437380e-02
2.395000e+00 -1.561775e-02
2.400000e+00 -1.649141e-02
2.405000e+00 -1.683086e-02
2.410000e+00 -1.638930e-02
2.415000e+00 -1.511573e-02
2.420000e+00 -1.302966e-02
2.425000e+00 -1.021285e-02
2.430000e+00 -6.973332e-03
2.435000e+00 -3.550233e-03
2.440000e+00 -1.431831e-04
2.445000e+00 3.061816e-03
2.450000e+00 6.102070e-03
2.455000e+00 8.965905e-03
2.460000e+00 1.161279e-02
2.465000e+00 1.396893e-02
2.470000e+00 1.578979e-02
2.475000e+00 1.694150e-02
2.480000e+00 1.727381e-02
2.485000e+00 1.673468e-02
2.490000e+00 1.548773e-02
2.495000e+00 1.366871e-02
2.500000e+00 1.145557e-02
2.505000e+00 8.945453e-03
2.510000e+00 6.120324e-03
2.515000e+00 3.046931e-03
2.520000e+00 -1.865823e-04
2.525000e+00 -3.363738e-03
2.530000e+00 -6.081127e-03
2.535000e+00 -8.167233e-03
2.540000e+00 -9.486282e-03
2.545000e+00 -9.994548e-03
2.550000e+00 -9.894770e-03
2.555000e+00 -9.183623e-03
2.560000e+00 -7.949140e-03
2.565000e+00 -6.335017e-03
2.570000e+00 -4.429498e-03
2.575000e+00 -2.567111e-03
2.580000e+00 -8.813588e-04
2.585000e+00 5.693951e-04
2.590000e+00 1.892891e-03
2.595000e+00 3.411517e-03
2.600000e+00 5.044323e-03
2.605000e+00 6.717266e-03
2.610000e+00 8.209287e-03
2.615000e+00 9.166760e-03
2.620000e+00 9.623560e-03
2.625000e+00 9.623557e-03
2.630000e+00 9.202611e-03
2.635000e+00 8.446937e-03
2.640000e+00 7.319030e-03
2.645000e+00 5.836688e-03
2.650000e+00 4.209979e-03
2.655000e+00 2.463790e-03
2.660000e+00 6.276293e-04
2.665000e+00 -1.226664e-03
2.670000e+00 -3.207825e-03
2.675000e+00 -5.101590e-03
2.680000e+00 -6.656219e-03
2.685000e+00 -7.771105e-03
2.690000e+00 -8.451764e-03
2.695000e+00 -8.885846e-03
2.700000e+00 -9.224219e-03
2.705000e+00 -9.432969e-03
2.710000e+00 -9.216846e-03
2.715000e+00 -8.386660e-03
2.720000e+00 -7.002539e-03
2.725000e+00 -5.262265e-03
2.730000e+00 -3.479278e-03
2.735000e+00 -1.775976e-03
2.740000e+00 -9.407793e-05
2.745000e+00 1.687115e-03
2.750000e+00 3.619777e-03
2.755000e+00 5.479203e-03
2.760000e+00 7.041675e-03
2.765000e+00 8.219061e-03
2.770000e+00 9.003739e-03
2.775000e+00 9.432925e-03
2.780000e+00 9.496199e-03
2.785000e+00 9.216963e-03
2.790000e+00 8.685659e-03
2.795000e+00 7.776157e-03
2.800000e+00 6.422761e-03
2.805000e+00 4.870329e-03
2.810000e+00 3.128977e-03
2.815000e+00 1.194481e-03
2.820000e+00 -7.625885e-04
2.825000e+00 -2.616357e-03
2.830000e+00 -4.271763e-03
2.835000e+00 -5.890938e-03
2.840000e+00 -7.399324e-03
2.845000e+00 -8.467046e-03
2.850000e+00 -9.136789e-03
2.855000e+00 -9.449348e-03
2.860000e+00 -9.421336e-03
2.865000e+00 -9.136808e-03
2.870000e+00 -8.448294e-03
2.875000e+00 -7.267755e-03
2.880000e+00 -5.782413e-03
2.885000e+00 -4.180785e-03
2.890000e+00 -2.487015e-03
2.895000e+00 -6.564421e-04
2.900000e+00 1.265480e-03
2.905000e+00 3.178059e-03
2.910000e+00 4.988171e-03
2.915000e+00 6.481157e-03
2.920000e+00 7.570074e-03
2.925000e+00 8.499059e-03
2.930000e+00 9.333165e-03
2.935000e+00 9.713873e-03
2.940000e+00 9.401983e-03
2.945000e+00 8.652778e-03
2.950000e+00 7.877935e-03
2.955000e+00 6.956563e-03
2.960000e+00 5.450552e-03
2.965000e+00 3.575441e-03
2.970000e+00 1.851149e-03
2.975000e+00 6.210364e-05
2.980000e+00 -2.009317e-03
2.985000e+00 -3.873829e-03
2.990000e+00 -5.372001e-03
2.995000e+00 -6.745827e-03
3 -8.016964e-03
