T X
0 0
5.000000e-03 1.782156e-07
1.000000e-02 7.748736e-07
1.500000e-02 1.768517e-06
2.000000e-02 3.051599e-06
2.500000e-02 4.554639e-06
3.000000e-02 6.221746e-06
3.500000e-02 8.021128e-06
4.000000e-02 9.921759e-06
4.500000e-02 1.185961e-05
5.000000e-02 1.372918e-05
5.500000e-02 1.543327e-05
6.000000e-02 1.689197e-05
6.500000e-02 1.806129e-05
7.000000e-02 1.891683e-05
7.500000e-02 1.944160e-05
8.000000e-02 1.958846e-05
8.500000e-02 1.926144e-05
9.000000e-02 1.836815e-05
9.500000e-02 1.682578e-05
1.000000e-01 1.459653e-05
1.050000e-01 1.173119e-05
1.100000e-01 8.376399e-06
1.150000e-01 4.721786e-06
1.200000e-01 9.217955e-07
1.250000e-01 -2.906560e-06
1.300000e-01 -6.660576e-06
1.350000e-01 -1.018893e-05
1.400000e-01 -1.330038e-05
1.450000e-01 -1.584468e-05
1.500000e-01 -1.775376e-05
1.550000e-01 -1.899539e-05
1.600000e-01 -1.950334e-05
1.650000e-01 -1.925103e-05
1.700000e-01 -1.826542e-05
1.750000e-01 -1.656351e-05
1.800000e-01 -1.417328e-05
1.850000e-01 -1.120948e-05
1.900000e-01 -7.847931e-06
1.950000e-01 -4.208086e-06
2.000000e-01 -3.947322e-07
2.050000e-01 3.453714e-06
2.100000e-01 7.197941e-06
2.150000e-01 1.068470e-05
2.200000e-01 1.372859e-05
2.250000e-01 1.618045e-05
2.300000e-01 1.798228e-05
2.350000e-01 1.908681e-05
2.400000e-01 1.945388e-05
2.450000e-01 1.907893e-05
2.500000e-01 1.795377e-05
2.550000e-01 1.608030e-05
2.600000e-01 1.352920e-05
2.650000e-01 1.044138e-05
2.700000e-01 6.959541e-06
2.750000e-01 3.239686e-06
2.800000e-01 -5.792357e-07
2.850000e-01 -4.404706e-06
2.900000e-01 -8.103445e-06
2.950000e-01 -1.149845e-05
3.000000e-01 -1.441513e-05
3.050000e-01 -1.672451e-05
3.100000e-01 -1.834863e-05
3.150000e-01 -1.924854e-05
3.200000e-01 -1.941582e-05
3.250000e-01 -1.884264e-05
3.300000e-01 -1.752096e-05
3.350000e-01 -1.546031e-05
3.400000e-01 -1.275109e-05
3.450000e-01 -9.542460e-06
3.500000e-01 -5.976836e-06
3.550000e-01 -2.196742e-06
3.600000e-01 1.660731e-06
3.650000e-01 5.465166e-06
3.700000e-01 9.079363e-06
3.750000e-01 1.234052e-05
3.800000e-01 1.510010e-05
3.850000e-01 1.724529e-05
3.900000e-01 1.868751e-05
3.950000e-01 1.938306e-05
4.000000e-01 1.931845e-05
4.050000e-01 1.850261e-05
4.100000e-01 1.696010e-05
4.150000e-01 1.473757e-05
4.200000e-01 1.190909e-05
4.250000e-01 8.582495e-06
4.300000e-01 4.913472e-06
4.350000e-01 1.069780e-06
4.400000e-01 -2.791283e-06
4.450000e-01 -6.537481e-06
4.500000e-01 -1.003658e-05
4.550000e-01 -1.315113e-05
4.600000e-01 -1.576582e-05
4.650000e-01 -1.774749e-05
4.700000e-01 -1.898459e-05
4.750000e-01 -1.943784e-05
4.800000e-01 -1.912266e-05
4.850000e-01 -1.807950e-05
4.900000e-01 -1.634619e-05
4.950000e-01 -1.396666e-05
5.000000e-01 -1.099677e-05
5.050000e-01 -7.548729e-06
5.100000e-01 -3.795041e-06
5.150000e-01 8.185036e-08
5.200000e-01 3.917933e-06
5.250000e-01 7.582317e-06
5.300000e-01 1.096494e-05
5.350000e-01 1.395392e-05
5.400000e-01 1.640885e-05
5.450000e-01 1.818816e-05
5.500000e-01 1.919685e-05
5.550000e-01 1.941358e-05
5.600000e-01 1.887313e-05
5.650000e-01 1.762006e-05
5.700000e-01 1.569330e-05
5.750000e-01 1.313098e-05
5.800000e-01 1.001175e-05
5.850000e-01 6.465218e-06
5.900000e-01 2.661963e-06
5.950000e-01 -1.217377e-06
6.000000e-01 -5.024366e-06
6.050000e-01 -8.621283e-06
6.100000e-01 -1.189347e-05
6.150000e-01 -1.472786e-05
6.200000e-01 -1.698220e-05
6.250000e-01 -1.854035e-05
6.300000e-01 -1.933565e-05
6.350000e-01 -1.934878e-05
6.400000e-01 -1.859209e-05
6.450000e-01 -1.711254e-05
6.500000e-01 -1.497189e-05
6.550000e-01 -1.223158e-05
6.600000e-01 -8.990061e-06
6.650000e-01 -5.376783e-06
6.700000e-01 -1.542617e-06
6.750000e-01 2.352332e-06
6.800000e-01 6.136816e-06
6.850000e-01 9.658024e-06
6.900000e-01 1.279390e-05
6.950000e-01 1.543176e-05
7.000000e-01 1.747871e-05
7.050000e-01 1.883752e-05
7.100000e-01 1.943484e-05
7.150000e-01 1.923413e-05
7.200000e-01 1.824512e-05
7.250000e-01 1.653569e-05
7.300000e-01 1.418826e-05
7.350000e-01 1.130024e-05
7.400000e-01 7.967938e-06
7.450000e-01 4.292924e-06
7.500000e-01 4.084748e-07
7.550000e-01 -3.502697e-06
7.600000e-01 -7.238467e-06
7.650000e-01 -1.065155e-05
7.700000e-01 -1.362943e-05
7.750000e-01 -1.608330e-05
7.800000e-01 -1.793673e-05
7.850000e-01 -1.909640e-05
7.900000e-01 -1.947655e-05
7.950000e-01 -1.903832e-05
8.000000e-01 -1.781719e-05
8.050000e-01 -1.589702e-05
8.100000e-01 -1.338106e-05
8.150000e-01 -1.036278e-05
8.200000e-01 -6.924708e-06
8.250000e-01 -3.172065e-06
8.300000e-01 7.454485e-07
8.350000e-01 4.627188e-06
8.400000e-01 8.286999e-06
8.450000e-01 1.158812e-05
8.500000e-01 1.442363e-05
8.550000e-01 1.670781e-05
8.600000e-01 1.835841e-05
8.650000e-01 1.928888e-05
8.700000e-01 1.942794e-05
8.750000e-01 1.876328e-05
8.800000e-01 1.733879e-05
8.850000e-01 1.523502e-05
8.900000e-01 1.254987e-05
8.950000e-01 9.379955e-06
9.000000e-01 5.831633e-06
9.050000e-01 2.025964e-06
9.100000e-01 -1.875760e-06
9.150000e-01 -5.701833e-06
9.200000e-01 -9.292818e-06
9.250000e-01 -1.249466e-05
9.300000e-01 -1.518996e-05
9.350000e-01 -1.728413e-05
9.400000e-01 -1.870463e-05
9.450000e-01 -1.939143e-05
9.500000e-01 -1.930634e-05
9.550000e-01 -1.844702e-05
9.600000e-01 -1.683125e-05
9.650000e-01 -1.452940e-05
9.700000e-01 -1.165676e-05
9.750000e-01 -8.345132e-06
9.800000e-01 -4.718227e-06
9.850000e-01 -8.966825e-07
9.900000e-01 2.978680e-06
9.950000e-01 6.759376e-06
1 1.028082e-05
1.005000e+00 1.337270e-05
1.010000e+00 1.589711e-05
1.015000e+00 1.777486e-05
1.020000e+00 1.896465e-05
1.025000e+00 1.943276e-05
1.030000e+00 1.914875e-05
1.035000e+00 1.808189e-05
1.040000e+00 1.625257e-05
1.045000e+00 1.375424e-05
1.050000e+00 1.072082e-05
1.055000e+00 7.298150e-06
1.060000e+00 3.611646e-06
1.065000e+00 -2.234225e-07
1.070000e+00 -4.085052e-06
1.075000e+00 -7.819686e-06
1.080000e+00 -1.124179e-05
1.085000e+00 -1.418167e-05
1.090000e+00 -1.652010e-05
1.095000e+00 -1.819662e-05
1.100000e+00 -1.917842e-05
1.105000e+00 -1.943245e-05
1.110000e+00 -1.892027e-05
1.115000e+00 -1.762772e-05
1.120000e+00 -1.559724e-05
1.125000e+00 -1.293375e-05
1.130000e+00 -9.774702e-06
1.135000e+00 -6.250810e-06
1.140000e+00 -2.496270e-06
1.145000e+00 1.364889e-06
1.150000e+00 5.201480e-06
1.155000e+00 8.847516e-06
1.160000e+00 1.213615e-05
1.165000e+00 1.491979e-05
1.170000e+00 1.709023e-05
1.175000e+00 1.857691e-05
1.180000e+00 1.933466e-05
1.185000e+00 1.934153e-05
1.190000e+00 1.859710e-05
1.195000e+00 1.712458e-05
1.200000e+00 1.497863e-05
1.205000e+00 1.224938e-05
1.210000e+00 9.029273e-06
1.215000e+00 5.403987e-06
1.220000e+00 1.444968e-06
1.225000e+00 -2.800894e-06
1.230000e+00 -7.285815e-06
1.235000e+00 -1.192951e-05
1.240000e+00 -1.657950e-05
1.245000e+00 -2.101846e-05
1.250000e+00 -2.500157e-05
1.255000e+00 -2.831920e-05
1.260000e+00 -3.085523e-05
1.265000e+00 -3.256169e-05
1.270000e+00 -3.342925e-05
1.275000e+00 -3.345654e-05
1.280000e+00 -3.261825e-05
1.285000e+00 -3.088575e-05
1.290000e+00 -2.827688e-05
1.295000e+00 -2.486058e-05
1.300000e+00 -2.069745e-05
1.305000e+00 -1.579639e-05
1.310000e+00 -1.011929e-05
1.315000e+00 -3.645348e-06
1.320000e+00 3.534748e-06
1.325000e+00 1.114520e-05
1.330000e+00 1.877367e-05
1.335000e+00 2.601034e-05
1.340000e+00 3.250803e-05
1.345000e+00 3.801149e-05
1.350000e+00 4.238087e-05
1.355000e+00 4.554724e-05
1.360000e+00 4.739687e-05
1.365000e+00 4.777718e-05
1.370000e+00 4.665657e-05
1.375000e+00 4.408896e-05
1.380000e+00 4.008932e-05
1.385000e+00 3.469956e-05
1.390000e+00 2.808705e-05
1.395000e+00 2.048466e-05
1.400000e+00 1.210779e-05
1.405000e+00 3.194839e-06
1.410000e+00 -5.967370e-06
1.415000e+00 -1.500046e-05
1.420000e+00 -2.342555e-05
1.425000e+00 -3.080809e-05
1.430000e+00 -3.685721e-05
1.435000e+00 -4.139597e-05
1.440000e+00 -4.430870e-05
1.445000e+00 -4.551184e-05
1.450000e+00 -4.492973e-05
1.455000e+00 -4.255497e-05
1.460000e+00 -3.848469e-05
1.465000e+00 -3.287896e-05
1.470000e+00 -2.597984e-05
1.475000e+00 -1.807636e-05
1.480000e+00 -9.465488e-06
1.485000e+00 -4.805692e-07
1.490000e+00 8.500956e-06
1.495000e+00 1.709129e-05
1.500000e+00 2.497119e-05
1.505000e+00 3.191694e-05
1.510000e+00 3.767485e-05
1.515000e+00 4.188526e-05
1.520000e+00 4.431315e-05
1.525000e+00 4.498003e-05
1.530000e+00 4.394821e-05
1.535000e+00 4.120311e-05
1.540000e+00 3.678710e-05
1.545000e+00 3.091306e-05
1.550000e+00 2.384978e-05
1.555000e+00 1.584224e-05
1.560000e+00 7.199717e-06
1.565000e+00 -1.734142e-06
1.570000e+00 -1.063581e-05
1.575000e+00 -1.913025e-05
1.580000e+00 -2.682495e-05
1.585000e+00 -3.344877e-05
1.590000e+00 -3.879062e-05
1.595000e+00 -4.261835e-05
1.600000e+00 -4.476775e-05
1.605000e+00 -4.514793e-05
1.610000e+00 -4.369704e-05
1.615000e+00 -4.045855e-05
1.620000e+00 -3.562961e-05
1.625000e+00 -2.943440e-05
1.630000e+00 -2.207916e-05
1.635000e+00 -1.381413e-05
1.640000e+00 -4.923504e-06
1.645000e+00 4.212514e-06
1.650000e+00 1.314568e-05
1.655000e+00 2.152039e-05
1.660000e+00 2.907025e-05
1.665000e+00 3.551230e-05
1.670000e+00 4.055059e-05
1.675000e+00 4.396715e-05
1.680000e+00 4.562099e-05
1.685000e+00 4.543188e-05
1.690000e+00 4.340430e-05
1.695000e+00 3.962306e-05
1.700000e+00 3.426828e-05
1.705000e+00 2.755496e-05
1.710000e+00 1.970496e-05
1.715000e+00 1.103902e-05
1.720000e+00 1.931549e-06
1.725000e+00 -7.268697e-06
1.730000e+00 -1.617760e-05
1.735000e+00 -2.441355e-05
1.740000e+00 -3.168352e-05
1.745000e+00 -3.770788e-05
1.750000e+00 -4.221046e-05
1.755000e+00 -4.500606e-05
1.760000e+00 -4.600091e-05
1.765000e+00 -4.515441e-05
1.770000e+00 -4.248079e-05
1.775000e+00 -3.808426e-05
1.780000e+00 -3.214899e-05
1.785000e+00 -2.492668e-05
1.790000e+00 -1.672086e-05
1.795000e+00 -7.852042e-06
1.800000e+00 1.338961e-06
1.805000e+00 1.048737e-05
1.810000e+00 1.920174e-05
1.815000e+00 2.713093e-05
1.820000e+00 3.396963e-05
1.825000e+00 3.940997e-05
1.830000e+00 4.324214e-05
1.835000e+00 4.537206e-05
1.840000e+00 4.571413e-05
1.845000e+00 4.421138e-05
1.850000e+00 4.091788e-05
1.855000e+00 3.597036e-05
1.860000e+00 2.957883e-05
1.865000e+00 2.202886e-05
1.870000e+00 1.362765e-05
1.875000e+00 4.699880e-06
1.880000e+00 -4.427407e-06
1.885000e+00 -1.339260e-05
1.890000e+00 -2.180423e-05
1.895000e+00 -2.932055e-05
1.900000e+00 -3.563015e-05
1.905000e+00 -4.048541e-05
1.910000e+00 -4.372564e-05
1.915000e+00 -4.523843e-05
1.920000e+00 -4.496674e-05
1.925000e+00 -4.289009e-05
1.930000e+00 -3.906844e-05
1.935000e+00 -3.368663e-05
1.940000e+00 -2.698763e-05
1.945000e+00 -1.923540e-05
1.950000e+00 -1.074434e-05
1.955000e+00 -1.838957e-06
1.960000e+00 7.156748e-06
1.965000e+00 1.586530e-05
1.970000e+00 2.392150e-05
1.975000e+00 3.100516e-05
1.980000e+00 3.683166e-05
1.985000e+00 4.117775e-05
1.990000e+00 4.388401e-05
1.995000e+00 4.485422e-05
2 4.403721e-05
2.005000e+00 4.145934e-05
2.010000e+00 3.723305e-05
2.015000e+00 3.152734e-05
2.020000e+00 2.458297e-05
2.025000e+00 1.668042e-05
2.030000e+00 8.122019e-06
2.035000e+00 -7.463776e-07
2.040000e+00 -9.568603e-06
2.045000e+00 -1.799960e-05
2.050000e+00 -2.571307e-05
2.055000e+00 -3.241467e-05
2.060000e+00 -3.781887e-05
2.065000e+00 -4.169352e-05
2.070000e+00 -4.390452e-05
2.075000e+00 -4.437059e-05
2.080000e+00 -4.308284e-05
2.085000e+00 -4.009964e-05
2.090000e+00 -3.552041e-05
2.095000e+00 -2.952848e-05
2.100000e+00 -2.236169e-05
2.105000e+00 -1.429994e-05
2.110000e+00 -5.685346e-06
2.115000e+00 3.115826e-06
2.120000e+00 1.176363e-05
2.125000e+00 1.995726e-05
2.130000e+00 2.738909e-05
2.135000e+00 3.373635e-05
2.140000e+00 3.871448e-05
2.145000e+00 4.213255e-05
2.150000e+00 4.387939e-05
2.155000e+00 4.388836e-05
2.160000e+00 4.216910e-05
2.165000e+00 3.880137e-05
2.170000e+00 3.389157e-05
2.175000e+00 2.760635e-05
2.180000e+00 2.020980e-05
2.185000e+00 1.202194e-05
2.190000e+00 3.386699e-06
2.195000e+00 -5.355593e-06
2.200000e+00 -1.388149e-05
2.205000e+00 -2.187698e-05
2.210000e+00 -2.902697e-05
2.215000e+00 -3.500203e-05
2.220000e+00 -3.956118e-05
2.225000e+00 -4.255462e-05
2.230000e+00 -4.385202e-05
2.235000e+00 -4.341554e-05
2.240000e+00 -4.127803e-05
2.245000e+00 -3.750572e-05
2.250000e+00 -3.223465e-05
2.255000e+00 -2.567250e-05
2.260000e+00 -1.809078e-05
2.265000e+00 -9.797071e-06
2.270000e+00 -1.126368e-06
2.275000e+00 7.582292e-06
2.280000e+00 1.599342e-05
2.285000e+00 2.377047e-05
2.290000e+00 3.060249e-05
2.295000e+00 3.621415e-05
2.300000e+00 4.038638e-05
2.305000e+00 4.295271e-05
2.310000e+00 4.380865e-05
2.315000e+00 4.292411e-05
2.320000e+00 4.033104e-05
2.325000e+00 3.614043e-05
2.330000e+00 3.053080e-05
2.335000e+00 2.372040e-05
2.340000e+00 1.595542e-05
2.345000e+00 7.537085e-06
2.350000e+00 -1.176698e-06
2.355000e+00 -9.830068e-06
2.360000e+00 -1.808428e-05
2.365000e+00 -2.561010e-05
2.370000e+00 -3.212143e-05
2.375000e+00 -3.738089e-05
2.380000e+00 -4.116443e-05
2.385000e+00 -4.329808e-05
2.390000e+00 -4.369029e-05
2.395000e+00 -4.233053e-05
2.400000e+00 -3.929534e-05
2.405000e+00 -3.471740e-05
2.410000e+00 -2.877806e-05
2.415000e+00 -2.169596e-05
2.420000e+00 -1.372736e-05
2.425000e+00 -5.200597e-06
2.430000e+00 3.517192e-06
2.435000e+00 1.206265e-05
2.440000e+00 2.009206e-05
2.445000e+00 2.731208e-05
2.450000e+00 3.347046e-05
2.455000e+00 3.831845e-05
2.460000e+00 4.163410e-05
2.465000e+00 4.327372e-05
2.470000e+00 4.318074e-05
2.475000e+00 4.137011e-05
2.480000e+00 3.792664e-05
2.485000e+00 3.300152e-05
2.490000e+00 2.677933e-05
2.495000e+00 1.950144e-05
2.500000e+00 1.147544e-05
2.505000e+00 3.019890e-06
2.510000e+00 -5.552962e-06
2.515000e+00 -1.396021e-05
2.520000e+00 -2.194595e-05
2.525000e+00 -2.929198e-05
2.530000e+00 -3.582070e-05
2.535000e+00 -4.133897e-05
2.540000e+00 -4.564841e-05
2.545000e+00 -4.857500e-05
2.550000e+00 -4.999068e-05
2.555000e+00 -4.981792e-05
2.560000e+00 -4.804063e-05
2.565000e+00 -4.473126e-05
2.570000e+00 -4.003905e-05
2.575000e+00 -3.420692e-05
2.580000e+00 -2.752427e-05
2.585000e+00 -2.023000e-05
2.590000e+00 -1.251128e-05
2.595000e+00 -4.561556e-06
2.600000e+00 3.419374e-06
2.605000e+00 1.127035e-05
2.610000e+00 1.884640e-05
2.615000e+00 2.599978e-05
2.620000e+00 3.255344e-05
2.625000e+00 3.829968e-05
2.630000e+00 4.302320e-05
2.635000e+00 4.649884e-05
2.640000e+00 4.852645e-05
2.645000e+00 4.894958e-05
2.650000e+00 4.773357e-05
2.655000e+00 4.498404e-05
2.660000e+00 4.087815e-05
2.665000e+00 3.563234e-05
2.670000e+00 2.944982e-05
2.675000e+00 2.251828e-05
2.680000e+00 1.500326e-05
2.685000e+00 7.080991e-06
2.690000e+00 -1.003142e-06
2.695000e+00 -8.968324e-06
2.700000e+00 -1.652424e-05
2.705000e+00 -2.337757e-05
2.710000e+00 -2.928196e-05
2.715000e+00 -3.408385e-05
2.720000e+00 -3.764242e-05
2.725000e+00 -3.976801e-05
2.730000e+00 -4.029166e-05
2.735000e+00 -3.911922e-05
2.740000e+00 -3.627291e-05
2.745000e+00 -3.192491e-05
2.750000e+00 -2.636003e-05
2.755000e+00 -1.986176e-05
2.760000e+00 -1.265578e-05
2.765000e+00 -4.961239e-06
2.770000e+00 2.973090e-06
2.775000e+00 1.083519e-05
2.780000e+00 1.826044e-05
2.785000e+00 2.489953e-05
2.790000e+00 3.047338e-05
2.795000e+00 3.479267e-05
2.800000e+00 3.774009e-05
2.805000e+00 3.925492e-05
2.810000e+00 3.928966e-05
2.815000e+00 3.779505e-05
2.820000e+00 3.476007e-05
2.825000e+00 3.027000e-05
2.830000e+00 2.453391e-05
2.835000e+00 1.783350e-05
2.840000e+00 1.046585e-05
2.845000e+00 2.700383e-06
2.850000e+00 -5.185120e-06
2.855000e+00 -1.287475e-05
2.860000e+00 -2.006939e-05
2.865000e+00 -2.648876e-05
2.870000e+00 -3.185407e-05
2.875000e+00 -3.591499e-05
2.880000e+00 -3.852691e-05
2.885000e+00 -3.963761e-05
2.890000e+00 -3.918944e-05
2.895000e+00 -3.715425e-05
2.900000e+00 -3.362865e-05
2.905000e+00 -2.879857e-05
2.910000e+00 -2.282752e-05
2.915000e+00 -1.590288e-05
2.920000e+00 -8.309308e-06
2.925000e+00 -3.815600e-07
2.930000e+00 7.532754e-06
2.935000e+00 1.511255e-05
2.940000e+00 2.209986e-05
2.945000e+00 2.825836e-05
2.950000e+00 3.330201e-05
2.955000e+00 3.696603e-05
2.960000e+00 3.910447e-05
2.965000e+00 3.967540e-05
2.970000e+00 3.869551e-05
2.975000e+00 3.620362e-05
2.980000e+00 3.228804e-05
2.985000e+00 2.707108e-05
2.990000e+00 2.072719e-05
2.995000e+00 1.354503e-05
3 5.869146e-06
