T X
0 0
5.000000e-03 -1.339932e-12
1.000000e-02 -5.832939e-12
1.500000e-02 9.508750e-12
2.000000e-02 -8.012774e-11
2.500000e-02 -8.643038e-10
3.000000e-02 -3.010513e-09
3.500000e-02 -4.921769e-09
4.000000e-02 4.549086e-09
4.500000e-02 6.069011e-08
5.000000e-02 2.326557e-07
5.500000e-02 6.029421e-07
6.000000e-02 1.222345e-06
6.500000e-02 2.097027e-06
7.000000e-02 3.228796e-06
7.500000e-02 4.626504e-06
8.000000e-02 6.252063e-06
8.500000e-02 8.026594e-06
9.000000e-02 9.929258e-06
9.500000e-02 1.198568e-05
1.000000e-01 1.412820e-05
1.050000e-01 1.620652e-05
1.100000e-01 1.812771e-05
1.150000e-01 1.984869e-05
1.200000e-01 2.130227e-05
1.250000e-01 2.240580e-05
1.300000e-01 2.302299e-05
1.350000e-01 2.294203e-05
1.400000e-01 2.198379e-05
1.450000e-01 2.006105e-05
1.500000e-01 1.719303e-05
1.550000e-01 1.352520e-05
1.600000e-01 9.239685e-06
1.650000e-01 4.493099e-06
1.700000e-01 -5.684302e-07
1.750000e-01 -5.808837e-06
1.800000e-01 -1.101294e-05
1.850000e-01 -1.587275e-05
1.900000e-01 -2.014877e-05
1.950000e-01 -2.370096e-05
2.000000e-01 -2.642228e-05
2.050000e-01 -2.819528e-05
2.100000e-01 -2.886501e-05
2.150000e-01 -2.834416e-05
2.200000e-01 -2.667706e-05
2.250000e-01 -2.395436e-05
2.300000e-01 -2.026461e-05
2.350000e-01 -1.570622e-05
2.400000e-01 -1.042943e-05
2.450000e-01 -4.641161e-06
2.500000e-01 1.417968e-06
2.550000e-01 7.470237e-06
2.600000e-01 1.326628e-05
2.650000e-01 1.861286e-05
2.700000e-01 2.330480e-05
2.750000e-01 2.711087e-05
2.800000e-01 2.984156e-05
2.850000e-01 3.139451e-05
2.900000e-01 3.171124e-05
2.950000e-01 3.077228e-05
3.000000e-01 2.861544e-05
3.050000e-01 2.529955e-05
3.100000e-01 2.091310e-05
3.150000e-01 1.563595e-05
3.200000e-01 9.723033e-06
3.250000e-01 3.417065e-06
3.300000e-01 -3.050795e-06
3.350000e-01 -9.443809e-06
3.400000e-01 -1.553163e-05
3.450000e-01 -2.105594e-05
3.500000e-01 -2.574319e-05
3.550000e-01 -2.939205e-05
3.600000e-01 -3.188162e-05
3.650000e-01 -3.311290e-05
3.700000e-01 -3.304801e-05
3.750000e-01 -3.169796e-05
3.800000e-01 -2.907259e-05
3.850000e-01 -2.525024e-05
3.900000e-01 -2.039626e-05
3.950000e-01 -1.472325e-05
4.000000e-01 -8.476368e-06
4.050000e-01 -1.907845e-06
4.100000e-01 4.755348e-06
4.150000e-01 1.127481e-05
4.200000e-01 1.738378e-05
4.250000e-01 2.281868e-05
4.300000e-01 2.733120e-05
4.350000e-01 3.074126e-05
4.400000e-01 3.294433e-05
4.450000e-01 3.386803e-05
4.500000e-01 3.345845e-05
4.550000e-01 3.172139e-05
4.600000e-01 2.871200e-05
4.650000e-01 2.453520e-05
4.700000e-01 1.938538e-05
4.750000e-01 1.348348e-05
4.800000e-01 7.057555e-06
4.850000e-01 3.455553e-07
4.900000e-01 -6.398396e-06
4.950000e-01 -1.289465e-05
5.000000e-01 -1.888036e-05
5.050000e-01 -2.411642e-05
5.100000e-01 -2.839126e-05
5.150000e-01 -3.155166e-05
5.200000e-01 -3.347426e-05
5.250000e-01 -3.406094e-05
5.300000e-01 -3.329403e-05
5.350000e-01 -3.120835e-05
5.400000e-01 -2.788400e-05
5.450000e-01 -2.346385e-05
5.500000e-01 -1.812173e-05
5.550000e-01 -1.205147e-05
5.600000e-01 -5.488855e-06
5.650000e-01 1.292263e-06
5.700000e-01 8.001009e-06
5.750000e-01 1.436945e-05
5.800000e-01 2.016764e-05
5.850000e-01 2.517458e-05
5.900000e-01 2.920776e-05
5.950000e-01 3.208905e-05
6.000000e-01 3.366533e-05
6.050000e-01 3.388619e-05
6.100000e-01 3.276327e-05
6.150000e-01 3.036280e-05
6.200000e-01 2.679273e-05
6.250000e-01 2.216051e-05
6.300000e-01 1.662441e-05
6.350000e-01 1.040537e-05
6.400000e-01 3.766828e-06
6.450000e-01 -2.985075e-06
6.500000e-01 -9.582407e-06
6.550000e-01 -1.579102e-05
6.600000e-01 -2.139066e-05
6.650000e-01 -2.616919e-05
6.700000e-01 -2.990602e-05
6.750000e-01 -3.242605e-05
6.800000e-01 -3.362372e-05
6.850000e-01 -3.348144e-05
6.900000e-01 -3.203627e-05
6.950000e-01 -2.934352e-05
7.000000e-01 -2.549455e-05
7.050000e-01 -2.061809e-05
7.100000e-01 -1.489772e-05
7.150000e-01 -8.584370e-06
7.200000e-01 -1.953170e-06
7.250000e-01 4.729978e-06
7.300000e-01 1.121509e-05
7.350000e-01 1.726387e-05
7.400000e-01 2.263801e-05
7.450000e-01 2.711095e-05
7.500000e-01 3.048417e-05
7.550000e-01 3.262501e-05
7.600000e-01 3.346584e-05
7.650000e-01 3.298040e-05
7.700000e-01 3.119132e-05
7.750000e-01 2.816013e-05
7.800000e-01 2.400231e-05
7.850000e-01 1.888998e-05
7.900000e-01 1.303358e-05
7.950000e-01 6.670874e-06
8.000000e-01 4.761023e-08
8.050000e-01 -6.581267e-06
8.100000e-01 -1.295132e-05
8.150000e-01 -1.879531e-05
8.200000e-01 -2.387059e-05
8.250000e-01 -2.798860e-05
8.300000e-01 -3.099608e-05
8.350000e-01 -3.277657e-05
8.400000e-01 -3.325814e-05
8.450000e-01 -3.239644e-05
8.500000e-01 -3.021759e-05
8.550000e-01 -2.683025e-05
8.600000e-01 -2.239199e-05
8.650000e-01 -1.708455e-05
8.700000e-01 -1.110533e-05
8.750000e-01 -4.675447e-06
8.800000e-01 1.969393e-06
8.850000e-01 8.538214e-06
8.900000e-01 1.473546e-05
8.950000e-01 2.032072e-05
9.000000e-01 2.508070e-05
9.050000e-01 2.885537e-05
9.100000e-01 3.150779e-05
9.150000e-01 3.291259e-05
9.200000e-01 3.298203e-05
9.250000e-01 3.169806e-05
9.300000e-01 2.914051e-05
9.350000e-01 2.543828e-05
9.400000e-01 2.074703e-05
9.450000e-01 1.523995e-05
9.500000e-01 9.109692e-06
9.550000e-01 2.587327e-06
9.600000e-01 -4.048427e-06
9.650000e-01 -1.049920e-05
9.700000e-01 -1.650118e-05
9.750000e-01 -2.183319e-05
9.800000e-01 -2.630577e-05
9.850000e-01 -2.974645e-05
9.900000e-01 -3.200900e-05
9.950000e-01 -3.298178e-05
1 -3.261288e-05
1.005000e+00 -3.093637e-05
1.010000e+00 -2.803575e-05
1.015000e+00 -2.402921e-05
1.020000e+00 -1.906483e-05
1.025000e+00 -1.332813e-05
1.030000e+00 -7.047200e-06
1.035000e+00 -4.818319e-07
1.040000e+00 6.090700e-06
1.045000e+00 1.241382e-05
1.050000e+00 1.824523e-05
1.055000e+00 2.335424e-05
1.060000e+00 2.752924e-05
1.065000e+00 3.059510e-05
1.070000e+00 3.243265e-05
1.075000e+00 3.297393e-05
1.080000e+00 3.221023e-05
1.085000e+00 3.016873e-05
1.090000e+00 2.691874e-05
1.095000e+00 2.257460e-05
1.100000e+00 1.731410e-05
1.105000e+00 1.137822e-05
1.110000e+00 5.001831e-06
1.115000e+00 -1.568172e-06
1.120000e+00 -8.085949e-06
1.125000e+00 -1.431028e-05
1.130000e+00 -1.997940e-05
1.135000e+00 -2.483886e-05
1.140000e+00 -2.867399e-05
1.145000e+00 -3.134376e-05
1.150000e+00 -3.275802e-05
1.155000e+00 -3.286536e-05
1.160000e+00 -3.164425e-05
1.165000e+00 -2.912657e-05
1.170000e+00 -2.543864e-05
1.175000e+00 -2.082040e-05
1.180000e+00 -1.560530e-05
1.185000e+00 -1.013846e-05
1.190000e+00 -4.732291e-06
1.195000e+00 3.661442e-07
1.200000e+00 4.982271e-06
1.205000e+00 8.984552e-06
1.210000e+00 1.225891e-05
1.215000e+00 1.470831e-05
1.220000e+00 1.624992e-05
1.225000e+00 1.680681e-05
1.230000e+00 1.630981e-05
1.235000e+00 1.471472e-05
1.240000e+00 1.205454e-05
1.245000e+00 8.458122e-06
1.250000e+00 4.084322e-06
1.255000e+00 -8.679045e-07
1.260000e+00 -6.069458e-06
1.265000e+00 -1.116086e-05
1.270000e+00 -1.584945e-05
1.275000e+00 -1.982687e-05
1.280000e+00 -2.280346e-05
1.285000e+00 -2.471631e-05
1.290000e+00 -2.568366e-05
1.295000e+00 -2.573101e-05
1.300000e+00 -2.480060e-05
1.305000e+00 -2.289958e-05
1.310000e+00 -2.009967e-05
1.315000e+00 -1.648690e-05
1.320000e+00 -1.215152e-05
1.325000e+00 -7.246364e-06
1.330000e+00 -2.030553e-06
1.335000e+00 3.245266e-06
1.340000e+00 8.464640e-06
1.345000e+00 1.358214e-05
1.350000e+00 1.852516e-05
1.355000e+00 2.313869e-05
1.360000e+00 2.720658e-05
1.365000e+00 3.055463e-05
1.370000e+00 3.307723e-05
1.375000e+00 3.468896e-05
1.380000e+00 3.529039e-05
1.385000e+00 3.483687e-05
1.390000e+00 3.341617e-05
1.395000e+00 3.121054e-05
1.400000e+00 2.840796e-05
1.405000e+00 2.513400e-05
1.410000e+00 2.140890e-05
1.415000e+00 1.716271e-05
1.420000e+00 1.235295e-05
1.425000e+00 7.098579e-06
1.430000e+00 1.663444e-06
1.435000e+00 -3.780738e-06
1.440000e+00 -9.237494e-06
1.445000e+00 -1.462867e-05
1.450000e+00 -1.964390e-05
1.455000e+00 -2.391310e-05
1.460000e+00 -2.716739e-05
1.465000e+00 -2.920625e-05
1.470000e+00 -2.993520e-05
1.475000e+00 -2.943624e-05
1.480000e+00 -2.781743e-05
1.485000e+00 -2.511738e-05
1.490000e+00 -2.138222e-05
1.495000e+00 -1.667089e-05
1.500000e+00 -1.111698e-05
1.505000e+00 -4.998776e-06
1.510000e+00 1.350887e-06
1.515000e+00 7.652253e-06
1.520000e+00 1.364439e-05
1.525000e+00 1.902785e-05
1.530000e+00 2.355336e-05
1.535000e+00 2.701810e-05
1.540000e+00 2.927638e-05
1.545000e+00 3.030443e-05
1.550000e+00 3.007429e-05
1.555000e+00 2.852011e-05
1.560000e+00 2.568140e-05
1.565000e+00 2.177269e-05
1.570000e+00 1.709484e-05
1.575000e+00 1.187345e-05
1.580000e+00 6.218591e-06
1.585000e+00 2.963674e-07
1.590000e+00 -5.564245e-06
1.595000e+00 -1.106632e-05
1.600000e+00 -1.605814e-05
1.605000e+00 -2.038769e-05
1.610000e+00 -2.388828e-05
1.615000e+00 -2.643448e-05
1.620000e+00 -2.792737e-05
1.625000e+00 -2.829342e-05
1.630000e+00 -2.750004e-05
1.635000e+00 -2.563014e-05
1.640000e+00 -2.281407e-05
1.645000e+00 -1.912089e-05
1.650000e+00 -1.465450e-05
1.655000e+00 -9.605083e-06
1.660000e+00 -4.179466e-06
1.665000e+00 1.397618e-06
1.670000e+00 6.882035e-06
1.675000e+00 1.207939e-05
1.680000e+00 1.680833e-05
1.685000e+00 2.085516e-05
1.690000e+00 2.405032e-05
1.695000e+00 2.628472e-05
1.700000e+00 2.746743e-05
1.705000e+00 2.752445e-05
1.710000e+00 2.643155e-05
1.715000e+00 2.424276e-05
1.720000e+00 2.107426e-05
1.725000e+00 1.707238e-05
1.730000e+00 1.237791e-05
1.735000e+00 7.155908e-06
1.740000e+00 1.651685e-06
1.745000e+00 -3.849616e-06
1.750000e+00 -9.139411e-06
1.755000e+00 -1.403054e-05
1.760000e+00 -1.827698e-05
1.765000e+00 -2.174186e-05
1.770000e+00 -2.432617e-05
1.775000e+00 -2.587543e-05
1.780000e+00 -2.632345e-05
1.785000e+00 -2.567577e-05
1.790000e+00 -2.398002e-05
1.795000e+00 -2.133354e-05
1.800000e+00 -1.786107e-05
1.805000e+00 -1.369544e-05
1.810000e+00 -8.999004e-06
1.815000e+00 -3.984500e-06
1.820000e+00 1.119392e-06
1.825000e+00 6.071289e-06
1.830000e+00 1.066075e-05
1.835000e+00 1.475263e-05
1.840000e+00 1.819727e-05
1.845000e+00 2.082958e-05
1.850000e+00 2.257912e-05
1.855000e+00 2.339000e-05
1.860000e+00 2.321434e-05
1.865000e+00 2.213770e-05
1.870000e+00 2.025245e-05
1.875000e+00 1.760854e-05
1.880000e+00 1.432686e-05
1.885000e+00 1.054615e-05
1.890000e+00 6.441270e-06
1.895000e+00 2.212013e-06
1.900000e+00 -2.001983e-06
1.905000e+00 -6.054993e-06
1.910000e+00 -9.790409e-06
1.915000e+00 -1.307551e-05
1.920000e+00 -1.578970e-05
1.925000e+00 -1.781877e-05
1.930000e+00 -1.911514e-05
1.935000e+00 -1.968756e-05
1.940000e+00 -1.953391e-05
1.945000e+00 -1.868346e-05
1.950000e+00 -1.717033e-05
1.955000e+00 -1.506006e-05
1.960000e+00 -1.247090e-05
1.965000e+00 -9.514507e-06
1.970000e+00 -6.318908e-06
1.975000e+00 -2.980465e-06
1.980000e+00 4.284743e-07
1.985000e+00 3.768786e-06
1.990000e+00 6.908533e-06
1.995000e+00 9.761058e-06
2 1.221543e-05
2.005000e+00 1.419800e-05
2.010000e+00 1.569570e-05
2.015000e+00 1.667959e-05
2.020000e+00 1.709524e-05
2.025000e+00 1.690277e-05
2.030000e+00 1.612897e-05
2.035000e+00 1.484399e-05
2.040000e+00 1.310610e-05
2.045000e+00 1.095694e-05
2.050000e+00 8.456327e-06
2.055000e+00 5.680214e-06
2.060000e+00 2.703115e-06
2.065000e+00 -3.653003e-07
2.070000e+00 -3.421386e-06
2.075000e+00 -6.365773e-06
2.080000e+00 -9.101625e-06
2.085000e+00 -1.158820e-05
2.090000e+00 -1.374305e-05
2.095000e+00 -1.545034e-05
2.100000e+00 -1.663375e-05
2.105000e+00 -1.724847e-05
2.110000e+00 -1.730117e-05
2.115000e+00 -1.678697e-05
2.120000e+00 -1.567493e-05
2.125000e+00 -1.399619e-05
2.130000e+00 -1.180965e-05
2.135000e+00 -9.164302e-06
2.140000e+00 -6.150041e-06
2.145000e+00 -2.879072e-06
2.150000e+00 5.428309e-07
2.155000e+00 4.022858e-06
2.160000e+00 7.454882e-06
2.165000e+00 1.068979e-05
2.170000e+00 1.359312e-05
2.175000e+00 1.606897e-05
2.180000e+00 1.802044e-05
2.185000e+00 1.936566e-05
2.190000e+00 2.003655e-05
2.195000e+00 1.997575e-05
2.200000e+00 1.915947e-05
2.205000e+00 1.758619e-05
2.210000e+00 1.532084e-05
2.215000e+00 1.245751e-05
2.220000e+00 9.066139e-06
2.225000e+00 5.241198e-06
2.230000e+00 1.114730e-06
2.235000e+00 -3.138529e-06
2.240000e+00 -7.337768e-06
2.245000e+00 -1.134082e-05
2.250000e+00 -1.498938e-05
2.255000e+00 -1.814179e-05
2.260000e+00 -2.070672e-05
2.265000e+00 -2.253576e-05
2.270000e+00 -2.350211e-05
2.275000e+00 -2.356982e-05
2.280000e+00 -2.272008e-05
2.285000e+00 -2.097374e-05
2.290000e+00 -1.839107e-05
2.295000e+00 -1.504321e-05
2.300000e+00 -1.102053e-05
2.305000e+00 -6.458567e-06
2.310000e+00 -1.560465e-06
2.315000e+00 3.464131e-06
2.320000e+00 8.428926e-06
2.325000e+00 1.313262e-05
2.330000e+00 1.741213e-05
2.335000e+00 2.111881e-05
2.340000e+00 2.406734e-05
2.345000e+00 2.608519e-05
2.350000e+00 2.707353e-05
2.355000e+00 2.703467e-05
2.360000e+00 2.596402e-05
2.365000e+00 2.384703e-05
2.370000e+00 2.073391e-05
2.375000e+00 1.672997e-05
2.380000e+00 1.200374e-05
2.385000e+00 6.724757e-06
2.390000e+00 1.075072e-06
2.395000e+00 -4.709783e-06
2.400000e+00 -1.039382e-05
2.405000e+00 -1.575085e-05
2.410000e+00 -2.058706e-05
2.415000e+00 -2.468469e-05
2.420000e+00 -2.781269e-05
2.425000e+00 -2.985129e-05
2.430000e+00 -3.074276e-05
2.435000e+00 -3.044786e-05
2.440000e+00 -2.894254e-05
2.445000e+00 -2.622601e-05
2.450000e+00 -2.238177e-05
2.455000e+00 -1.756853e-05
2.460000e+00 -1.198606e-05
2.465000e+00 -5.872159e-06
2.470000e+00 4.999405e-07
2.475000e+00 6.805506e-06
2.480000e+00 1.266818e-05
2.485000e+00 1.774410e-05
2.490000e+00 2.175447e-05
2.495000e+00 2.450448e-05
2.500000e+00 2.591398e-05
2.505000e+00 2.596158e-05
2.510000e+00 2.462764e-05
2.515000e+00 2.193278e-05
2.520000e+00 1.795134e-05
2.525000e+00 1.276666e-05
2.530000e+00 6.542798e-06
2.535000e+00 -4.699239e-07
2.540000e+00 -7.953831e-06
2.545000e+00 -1.553237e-05
2.550000e+00 -2.283366e-05
2.555000e+00 -2.948936e-05
2.560000e+00 -3.518753e-05
2.565000e+00 -3.967562e-05
2.570000e+00 -4.274143e-05
2.575000e+00 -4.425115e-05
2.580000e+00 -4.408359e-05
2.585000e+00 -4.215106e-05
2.590000e+00 -3.848250e-05
2.595000e+00 -3.322315e-05
2.600000e+00 -2.664236e-05
2.605000e+00 -1.901711e-05
2.610000e+00 -1.059787e-05
2.615000e+00 -1.649449e-06
2.620000e+00 7.490312e-06
2.625000e+00 1.637148e-05
2.630000e+00 2.460118e-05
2.635000e+00 3.185438e-05
2.640000e+00 3.793174e-05
2.645000e+00 4.280608e-05
2.650000e+00 4.647413e-05
2.655000e+00 4.888329e-05
2.660000e+00 4.990518e-05
2.665000e+00 4.939310e-05
2.670000e+00 4.727976e-05
2.675000e+00 4.365878e-05
2.680000e+00 3.870859e-05
2.685000e+00 3.261369e-05
2.690000e+00 2.559772e-05
2.695000e+00 1.792592e-05
2.700000e+00 9.907056e-06
2.705000e+00 1.851384e-06
2.710000e+00 -5.933921e-06
2.715000e+00 -1.317213e-05
2.720000e+00 -1.965209e-05
2.725000e+00 -2.517300e-05
2.730000e+00 -2.959848e-05
2.735000e+00 -3.284197e-05
2.740000e+00 -3.480684e-05
2.745000e+00 -3.547116e-05
2.750000e+00 -3.486911e-05
2.755000e+00 -3.302639e-05
2.760000e+00 -2.992539e-05
2.765000e+00 -2.556393e-05
2.770000e+00 -2.004795e-05
2.775000e+00 -1.357049e-05
2.780000e+00 -6.401059e-06
2.785000e+00 1.142626e-06
2.790000e+00 8.709300e-06
2.795000e+00 1.594871e-05
2.800000e+00 2.254593e-05
2.805000e+00 2.819790e-05
2.810000e+00 3.264282e-05
2.815000e+00 3.570345e-05
2.820000e+00 3.727698e-05
2.825000e+00 3.730989e-05
2.830000e+00 3.582889e-05
2.835000e+00 3.292236e-05
2.840000e+00 2.874577e-05
2.845000e+00 2.352133e-05
2.850000e+00 1.742812e-05
2.855000e+00 1.065032e-05
2.860000e+00 3.436028e-06
2.865000e+00 -3.912074e-06
2.870000e+00 -1.106988e-05
2.875000e+00 -1.778175e-05
2.880000e+00 -2.381392e-05
2.885000e+00 -2.893071e-05
2.890000e+00 -3.291341e-05
2.895000e+00 -3.560609e-05
2.900000e+00 -3.697173e-05
2.905000e+00 -3.700020e-05
2.910000e+00 -3.566497e-05
2.915000e+00 -3.297409e-05
2.920000e+00 -2.904241e-05
2.925000e+00 -2.404216e-05
2.930000e+00 -1.811416e-05
2.935000e+00 -1.144486e-05
2.940000e+00 -4.272827e-06
2.945000e+00 3.150983e-06
2.950000e+00 1.057229e-05
2.955000e+00 1.773193e-05
2.960000e+00 2.432282e-05
2.965000e+00 3.005396e-05
2.970000e+00 3.471108e-05
2.975000e+00 3.809684e-05
2.980000e+00 3.998643e-05
2.985000e+00 4.023800e-05
2.990000e+00 3.885684e-05
2.995000e+00 3.589638e-05
3 3.144514e-05
