T X
0 0
5.000000e-03 -1.571755e-12
1.000000e-02 -1.011292e-11
1.500000e-02 -9.934436e-12
2.000000e-02 -1.020506e-10
2.500000e-02 -8.464093e-10
3.000000e-02 -3.177416e-09
3.500000e-02 -6.659338e-09
4.000000e-02 -3.083978e-09
4.500000e-02 3.779628e-08
5.000000e-02 1.796578e-07
5.500000e-02 4.965495e-07
6.000000e-02 1.011922e-06
6.500000e-02 1.676216e-06
7.000000e-02 2.451025e-06
7.500000e-02 3.395984e-06
8.000000e-02 4.590792e-06
8.500000e-02 5.994092e-06
9.000000e-02 7.491056e-06
9.500000e-02 9.034107e-06
1.000000e-01 1.061073e-05
1.050000e-01 1.217490e-05
1.100000e-01 1.371575e-05
1.150000e-01 1.524028e-05
1.200000e-01 1.666967e-05
1.250000e-01 1.789482e-05
1.300000e-01 1.882165e-05
1.350000e-01 1.930478e-05
1.400000e-01 1.921357e-05
1.450000e-01 1.849745e-05
1.500000e-01 1.713262e-05
1.550000e-01 1.516276e-05
1.600000e-01 1.268853e-05
1.650000e-01 9.767513e-06
1.700000e-01 6.451515e-06
1.750000e-01 2.807845e-06
1.800000e-01 -1.057798e-06
1.850000e-01 -4.919508e-06
1.900000e-01 -8.559784e-06
1.950000e-01 -1.188495e-05
2.000000e-01 -1.484760e-05
2.050000e-01 -1.738422e-05
2.100000e-01 -1.934692e-05
2.150000e-01 -2.059028e-05
2.200000e-01 -2.110306e-05
2.250000e-01 -2.089712e-05
2.300000e-01 -1.995230e-05
2.350000e-01 -1.826007e-05
2.400000e-01 -1.586886e-05
2.450000e-01 -1.289740e-05
2.500000e-01 -9.433246e-06
2.550000e-01 -5.590466e-06
2.600000e-01 -1.566442e-06
2.650000e-01 2.480336e-06
2.700000e-01 6.430107e-06
2.750000e-01 1.015415e-05
2.800000e-01 1.349637e-05
2.850000e-01 1.631762e-05
2.900000e-01 1.852548e-05
2.950000e-01 2.000259e-05
3.000000e-01 2.068368e-05
3.050000e-01 2.057134e-05
3.100000e-01 1.966176e-05
3.150000e-01 1.799414e-05
3.200000e-01 1.565388e-05
3.250000e-01 1.274783e-05
3.300000e-01 9.369872e-06
3.350000e-01 5.623939e-06
3.400000e-01 1.650344e-06
3.450000e-01 -2.409204e-06
3.500000e-01 -6.361387e-06
3.550000e-01 -1.001066e-05
3.600000e-01 -1.322982e-05
3.650000e-01 -1.590108e-05
3.700000e-01 -1.792066e-05
3.750000e-01 -1.924158e-05
3.800000e-01 -1.983380e-05
3.850000e-01 -1.964191e-05
3.900000e-01 -1.865183e-05
3.950000e-01 -1.690134e-05
4.000000e-01 -1.444635e-05
4.050000e-01 -1.140606e-05
4.100000e-01 -7.926768e-06
4.150000e-01 -4.138383e-06
4.200000e-01 -2.049688e-07
4.250000e-01 3.718419e-06
4.300000e-01 7.508113e-06
4.350000e-01 1.100475e-05
4.400000e-01 1.405698e-05
4.450000e-01 1.654358e-05
4.500000e-01 1.835944e-05
4.550000e-01 1.942257e-05
4.600000e-01 1.968712e-05
4.650000e-01 1.915705e-05
4.700000e-01 1.786026e-05
4.750000e-01 1.585327e-05
4.800000e-01 1.320139e-05
4.850000e-01 1.000972e-05
4.900000e-01 6.418809e-06
4.950000e-01 2.559790e-06
5.000000e-01 -1.401895e-06
5.050000e-01 -5.311237e-06
5.100000e-01 -9.026353e-06
5.150000e-01 -1.239186e-05
5.200000e-01 -1.527853e-05
5.250000e-01 -1.756513e-05
5.300000e-01 -1.914224e-05
5.350000e-01 -1.994506e-05
5.400000e-01 -1.994686e-05
5.450000e-01 -1.915682e-05
5.500000e-01 -1.761262e-05
5.550000e-01 -1.537767e-05
5.600000e-01 -1.253805e-05
5.650000e-01 -9.180091e-06
5.700000e-01 -5.431579e-06
5.750000e-01 -1.446572e-06
5.800000e-01 2.616477e-06
5.850000e-01 6.574850e-06
5.900000e-01 1.025984e-05
5.950000e-01 1.352145e-05
6.000000e-01 1.623969e-05
6.050000e-01 1.832773e-05
6.100000e-01 1.971656e-05
6.150000e-01 2.034985e-05
6.200000e-01 2.018069e-05
6.250000e-01 1.919833e-05
6.300000e-01 1.744101e-05
6.350000e-01 1.497574e-05
6.400000e-01 1.190510e-05
6.450000e-01 8.375573e-06
6.500000e-01 4.546031e-06
6.550000e-01 5.605710e-07
6.600000e-01 -3.443719e-06
6.650000e-01 -7.326706e-06
6.700000e-01 -1.094240e-05
6.750000e-01 -1.413382e-05
6.800000e-01 -1.677507e-05
6.850000e-01 -1.875011e-05
6.900000e-01 -1.994849e-05
6.950000e-01 -2.033439e-05
7.000000e-01 -1.991660e-05
7.050000e-01 -1.872013e-05
7.100000e-01 -1.680116e-05
7.150000e-01 -1.423511e-05
7.200000e-01 -1.111561e-05
7.250000e-01 -7.549000e-06
7.300000e-01 -3.661867e-06
7.350000e-01 3.847468e-07
7.400000e-01 4.413717e-06
7.450000e-01 8.248101e-06
7.500000e-01 1.173531e-05
7.550000e-01 1.473175e-05
7.600000e-01 1.712447e-05
7.650000e-01 1.884299e-05
7.700000e-01 1.982138e-05
7.750000e-01 2.002756e-05
7.800000e-01 1.944008e-05
7.850000e-01 1.806260e-05
7.900000e-01 1.595670e-05
7.950000e-01 1.319878e-05
8.000000e-01 9.901420e-06
8.050000e-01 6.222690e-06
8.100000e-01 2.316573e-06
8.150000e-01 -1.668458e-06
8.200000e-01 -5.577267e-06
8.250000e-01 -9.267842e-06
8.300000e-01 -1.259611e-05
8.350000e-01 -1.542567e-05
8.400000e-01 -1.765258e-05
8.450000e-01 -1.916703e-05
8.500000e-01 -1.989527e-05
8.550000e-01 -1.981953e-05
8.600000e-01 -1.893895e-05
8.650000e-01 -1.730518e-05
8.700000e-01 -1.498773e-05
8.750000e-01 -1.206919e-05
8.800000e-01 -8.676155e-06
8.850000e-01 -4.934068e-06
8.900000e-01 -9.844195e-07
8.950000e-01 3.013592e-06
9.000000e-01 6.902436e-06
9.050000e-01 1.051338e-05
9.100000e-01 1.370419e-05
9.150000e-01 1.634921e-05
9.200000e-01 1.833343e-05
9.250000e-01 1.958178e-05
9.300000e-01 2.004656e-05
9.350000e-01 1.971996e-05
9.400000e-01 1.860863e-05
9.450000e-01 1.675204e-05
9.500000e-01 1.423630e-05
9.550000e-01 1.114978e-05
9.600000e-01 7.607899e-06
9.650000e-01 3.749335e-06
9.700000e-01 -2.696379e-07
9.750000e-01 -4.277711e-06
9.800000e-01 -8.113367e-06
9.850000e-01 -1.162381e-05
9.900000e-01 -1.466316e-05
9.950000e-01 -1.711381e-05
1 -1.889640e-05
1.005000e+00 -1.994529e-05
1.010000e+00 -2.021053e-05
1.015000e+00 -1.967723e-05
1.020000e+00 -1.835457e-05
1.025000e+00 -1.628408e-05
1.030000e+00 -1.355365e-05
1.035000e+00 -1.027665e-05
1.040000e+00 -6.601115e-06
1.045000e+00 -2.684563e-06
1.050000e+00 1.329716e-06
1.055000e+00 5.282323e-06
1.060000e+00 9.032453e-06
1.065000e+00 1.245101e-05
1.070000e+00 1.538767e-05
1.075000e+00 1.771816e-05
1.080000e+00 1.933612e-05
1.085000e+00 2.016155e-05
1.090000e+00 2.017035e-05
1.095000e+00 1.937043e-05
1.100000e+00 1.781219e-05
1.105000e+00 1.557226e-05
1.110000e+00 1.273448e-05
1.115000e+00 9.396197e-06
1.120000e+00 5.671555e-06
1.125000e+00 1.697469e-06
1.130000e+00 -2.362732e-06
1.135000e+00 -6.329956e-06
1.140000e+00 -1.003383e-05
1.145000e+00 -1.330097e-05
1.150000e+00 -1.598160e-05
1.155000e+00 -1.797635e-05
1.160000e+00 -1.922648e-05
1.165000e+00 -1.971902e-05
1.170000e+00 -1.949718e-05
1.175000e+00 -1.867042e-05
1.180000e+00 -1.737279e-05
1.185000e+00 -1.575199e-05
1.190000e+00 -1.393005e-05
1.195000e+00 -1.195562e-05
1.200000e+00 -9.862639e-06
1.205000e+00 -7.679011e-06
1.210000e+00 -5.467762e-06
1.215000e+00 -3.373165e-06
1.220000e+00 -1.565388e-06
1.225000e+00 -2.141441e-07
1.230000e+00 5.840922e-07
1.235000e+00 8.316992e-07
1.240000e+00 5.556836e-07
1.245000e+00 -1.864789e-07
1.250000e+00 -1.324888e-06
1.255000e+00 -2.763925e-06
1.260000e+00 -4.325954e-06
1.265000e+00 -5.804128e-06
1.270000e+00 -6.995952e-06
1.275000e+00 -7.778138e-06
1.280000e+00 -8.175276e-06
1.285000e+00 -8.261770e-06
1.290000e+00 -8.080356e-06
1.295000e+00 -7.598758e-06
1.300000e+00 -6.760864e-06
1.305000e+00 -5.543799e-06
1.310000e+00 -3.936546e-06
1.315000e+00 -2.053220e-06
1.320000e+00 -8.518139e-08
1.325000e+00 1.863104e-06
1.330000e+00 3.737553e-06
1.335000e+00 5.463690e-06
1.340000e+00 6.997315e-06
1.345000e+00 8.396189e-06
1.350000e+00 9.709252e-06
1.355000e+00 1.092890e-05
1.360000e+00 1.201057e-05
1.365000e+00 1.287085e-05
1.370000e+00 1.351397e-05
1.375000e+00 1.401435e-05
1.380000e+00 1.440722e-05
1.385000e+00 1.472120e-05
1.390000e+00 1.499557e-05
1.395000e+00 1.526698e-05
1.400000e+00 1.556680e-05
1.405000e+00 1.585431e-05
1.410000e+00 1.598487e-05
1.415000e+00 1.581167e-05
1.420000e+00 1.526607e-05
1.425000e+00 1.433098e-05
1.430000e+00 1.303244e-05
1.435000e+00 1.136067e-05
1.440000e+00 9.242056e-06
1.445000e+00 6.662590e-06
1.450000e+00 3.680571e-06
1.455000e+00 4.379944e-07
1.460000e+00 -2.884100e-06
1.465000e+00 -6.150866e-06
1.470000e+00 -9.255590e-06
1.475000e+00 -1.212772e-05
1.480000e+00 -1.465148e-05
1.485000e+00 -1.664377e-05
1.490000e+00 -1.798771e-05
1.495000e+00 -1.860414e-05
1.500000e+00 -1.842454e-05
1.505000e+00 -1.746674e-05
1.510000e+00 -1.580247e-05
1.515000e+00 -1.350829e-05
1.520000e+00 -1.067529e-05
1.525000e+00 -7.441483e-06
1.530000e+00 -3.935091e-06
1.535000e+00 -2.753620e-07
1.540000e+00 3.356651e-06
1.545000e+00 6.807396e-06
1.550000e+00 9.984921e-06
1.555000e+00 1.279936e-05
1.560000e+00 1.514826e-05
1.565000e+00 1.694332e-05
1.570000e+00 1.813369e-05
1.575000e+00 1.866795e-05
1.580000e+00 1.849219e-05
1.585000e+00 1.761938e-05
1.590000e+00 1.613156e-05
1.595000e+00 1.411791e-05
1.600000e+00 1.165583e-05
1.605000e+00 8.820800e-06
1.610000e+00 5.697123e-06
1.615000e+00 2.370159e-06
1.620000e+00 -1.089884e-06
1.625000e+00 -4.566073e-06
1.630000e+00 -7.872532e-06
1.635000e+00 -1.088964e-05
1.640000e+00 -1.356158e-05
1.645000e+00 -1.580253e-05
1.650000e+00 -1.753422e-05
1.655000e+00 -1.869514e-05
1.660000e+00 -1.926981e-05
1.665000e+00 -1.925709e-05
1.670000e+00 -1.859469e-05
1.675000e+00 -1.726003e-05
1.680000e+00 -1.530612e-05
1.685000e+00 -1.281395e-05
1.690000e+00 -9.869172e-06
1.695000e+00 -6.554049e-06
1.700000e+00 -2.979533e-06
1.705000e+00 7.400997e-07
1.710000e+00 4.489379e-06
1.715000e+00 8.166693e-06
1.720000e+00 1.168615e-05
1.725000e+00 1.490617e-05
1.730000e+00 1.766202e-05
1.735000e+00 1.983060e-05
1.740000e+00 2.135069e-05
1.745000e+00 2.218941e-05
1.750000e+00 2.228931e-05
1.755000e+00 2.160338e-05
1.760000e+00 2.015772e-05
1.765000e+00 1.801888e-05
1.770000e+00 1.523610e-05
1.775000e+00 1.186527e-05
1.780000e+00 7.984778e-06
1.785000e+00 3.731970e-06
1.790000e+00 -7.200471e-07
1.795000e+00 -5.246932e-06
1.800000e+00 -9.691195e-06
1.805000e+00 -1.385430e-05
1.810000e+00 -1.760190e-05
1.815000e+00 -2.081670e-05
1.820000e+00 -2.337467e-05
1.825000e+00 -2.516305e-05
1.830000e+00 -2.608540e-05
1.835000e+00 -2.611383e-05
1.840000e+00 -2.523609e-05
1.845000e+00 -2.344235e-05
1.850000e+00 -2.076516e-05
1.855000e+00 -1.726582e-05
1.860000e+00 -1.308855e-05
1.865000e+00 -8.429179e-06
1.870000e+00 -3.446456e-06
1.875000e+00 1.740034e-06
1.880000e+00 6.978290e-06
1.885000e+00 1.203657e-05
1.890000e+00 1.671814e-05
1.895000e+00 2.089417e-05
1.900000e+00 2.439727e-05
1.905000e+00 2.705885e-05
1.910000e+00 2.877767e-05
1.915000e+00 2.947215e-05
1.920000e+00 2.907981e-05
1.925000e+00 2.763917e-05
1.930000e+00 2.525169e-05
1.935000e+00 2.197289e-05
1.940000e+00 1.786744e-05
1.945000e+00 1.306017e-05
1.950000e+00 7.721361e-06
1.955000e+00 2.063506e-06
1.960000e+00 -3.702056e-06
1.965000e+00 -9.360214e-06
1.970000e+00 -1.469937e-05
1.975000e+00 -1.951097e-05
1.980000e+00 -2.361861e-05
1.985000e+00 -2.691754e-05
1.990000e+00 -2.929735e-05
1.995000e+00 -3.065073e-05
2 -3.091412e-05
2.005000e+00 -3.005805e-05
2.010000e+00 -2.809575e-05
2.015000e+00 -2.507974e-05
2.020000e+00 -2.113459e-05
2.025000e+00 -1.642883e-05
2.030000e+00 -1.113970e-05
2.035000e+00 -5.486043e-06
2.040000e+00 3.320718e-07
2.045000e+00 6.129921e-06
2.050000e+00 1.172069e-05
2.055000e+00 1.691949e-05
2.060000e+00 2.147597e-05
2.065000e+00 2.518652e-05
2.070000e+00 2.794901e-05
2.075000e+00 2.966870e-05
2.080000e+00 3.027571e-05
2.085000e+00 2.977163e-05
2.090000e+00 2.822102e-05
2.095000e+00 2.566925e-05
2.100000e+00 2.217727e-05
2.105000e+00 1.789477e-05
2.110000e+00 1.297975e-05
2.115000e+00 7.605034e-06
2.120000e+00 1.961037e-06
2.125000e+00 -3.733482e-06
2.130000e+00 -9.202958e-06
2.135000e+00 -1.422419e-05
2.140000e+00 -1.863372e-05
2.145000e+00 -2.232094e-05
2.150000e+00 -2.516569e-05
2.155000e+00 -2.701874e-05
2.160000e+00 -2.782895e-05
2.165000e+00 -2.756973e-05
2.170000e+00 -2.624641e-05
2.175000e+00 -2.394728e-05
2.180000e+00 -2.076442e-05
2.185000e+00 -1.680822e-05
2.190000e+00 -1.224477e-05
2.195000e+00 -7.297010e-06
2.200000e+00 -2.174118e-06
2.205000e+00 2.954700e-06
2.210000e+00 7.920565e-06
2.215000e+00 1.254832e-05
2.220000e+00 1.663249e-05
2.225000e+00 1.998889e-05
2.230000e+00 2.249562e-05
2.235000e+00 2.405938e-05
2.240000e+00 2.464459e-05
2.245000e+00 2.424670e-05
2.250000e+00 2.287480e-05
2.255000e+00 2.060149e-05
2.260000e+00 1.751779e-05
2.265000e+00 1.376191e-05
2.270000e+00 9.532079e-06
2.275000e+00 4.982137e-06
2.280000e+00 2.684425e-07
2.285000e+00 -4.428341e-06
2.290000e+00 -8.923655e-06
2.295000e+00 -1.298881e-05
2.300000e+00 -1.643236e-05
2.305000e+00 -1.913953e-05
2.310000e+00 -2.102413e-05
2.315000e+00 -2.202835e-05
2.320000e+00 -2.213388e-05
2.325000e+00 -2.132868e-05
2.330000e+00 -1.961843e-05
2.335000e+00 -1.708548e-05
2.340000e+00 -1.384207e-05
2.345000e+00 -1.002232e-05
2.350000e+00 -5.787352e-06
2.355000e+00 -1.305658e-06
2.360000e+00 3.216410e-06
2.365000e+00 7.581472e-06
2.370000e+00 1.160931e-05
2.375000e+00 1.513103e-05
2.380000e+00 1.801473e-05
2.385000e+00 2.014719e-05
2.390000e+00 2.144536e-05
2.395000e+00 2.185138e-05
2.400000e+00 2.131866e-05
2.405000e+00 1.983763e-05
2.410000e+00 1.747779e-05
2.415000e+00 1.437190e-05
2.420000e+00 1.066484e-05
2.425000e+00 6.522336e-06
2.430000e+00 2.115981e-06
2.435000e+00 -2.404134e-06
2.440000e+00 -6.882589e-06
2.445000e+00 -1.114628e-05
2.450000e+00 -1.498953e-05
2.455000e+00 -1.820992e-05
2.460000e+00 -2.066229e-05
2.465000e+00 -2.223590e-05
2.470000e+00 -2.291523e-05
2.475000e+00 -2.280274e-05
2.480000e+00 -2.203043e-05
2.485000e+00 -2.072364e-05
2.490000e+00 -1.899880e-05
2.495000e+00 -1.695159e-05
2.500000e+00 -1.464430e-05
2.505000e+00 -1.213159e-05
2.510000e+00 -9.440862e-06
2.515000e+00 -6.619750e-06
2.520000e+00 -3.801019e-06
2.525000e+00 -1.143898e-06
2.530000e+00 1.148885e-06
2.535000e+00 2.866001e-06
2.540000e+00 3.908361e-06
2.545000e+00 4.298260e-06
2.550000e+00 4.154806e-06
2.555000e+00 3.642142e-06
2.560000e+00 2.891183e-06
2.565000e+00 1.992895e-06
2.570000e+00 1.013619e-06
2.575000e+00 3.144004e-08
2.580000e+00 -8.749246e-07
2.585000e+00 -1.657932e-06
2.590000e+00 -2.310405e-06
2.595000e+00 -2.890670e-06
2.600000e+00 -3.480925e-06
2.605000e+00 -4.146297e-06
2.610000e+00 -4.848038e-06
2.615000e+00 -5.432343e-06
2.620000e+00 -5.762934e-06
2.625000e+00 -5.760094e-06
2.630000e+00 -5.425161e-06
2.635000e+00 -4.836721e-06
2.640000e+00 -4.041727e-06
2.645000e+00 -3.007299e-06
2.650000e+00 -1.614320e-06
2.655000e+00 2.722387e-07
2.660000e+00 2.678455e-06
2.665000e+00 5.517115e-06
2.670000e+00 8.603744e-06
2.675000e+00 1.172950e-05
2.680000e+00 1.473912e-05
2.685000e+00 1.754791e-05
2.690000e+00 2.013509e-05
2.695000e+00 2.245327e-05
2.700000e+00 2.441495e-05
2.705000e+00 2.588488e-05
2.710000e+00 2.671306e-05
2.715000e+00 2.680072e-05
2.720000e+00 2.601072e-05
2.725000e+00 2.421948e-05
2.730000e+00 2.140947e-05
2.735000e+00 1.765259e-05
2.740000e+00 1.312266e-05
2.745000e+00 8.066981e-06
2.750000e+00 2.780241e-06
2.755000e+00 -2.475985e-06
2.760000e+00 -7.507739e-06
2.765000e+00 -1.212303e-05
2.770000e+00 -1.612750e-05
2.775000e+00 -1.933781e-05
2.780000e+00 -2.163784e-05
2.785000e+00 -2.300149e-05
2.790000e+00 -2.344770e-05
2.795000e+00 -2.301306e-05
2.800000e+00 -2.170362e-05
2.805000e+00 -1.952802e-05
2.810000e+00 -1.654605e-05
2.815000e+00 -1.287936e-05
2.820000e+00 -8.752435e-06
2.825000e+00 -4.436873e-06
2.830000e+00 -1.934787e-07
2.835000e+00 3.772257e-06
2.840000e+00 7.381222e-06
2.845000e+00 1.064044e-05
2.850000e+00 1.352572e-05
2.855000e+00 1.591549e-05
2.860000e+00 1.763448e-05
2.865000e+00 1.853990e-05
2.870000e+00 1.863052e-05
2.875000e+00 1.805120e-05
2.880000e+00 1.696570e-05
2.885000e+00 1.545814e-05
2.890000e+00 1.344855e-05
2.895000e+00 1.084241e-05
2.900000e+00 7.737506e-06
2.905000e+00 4.327136e-06
2.910000e+00 7.964117e-07
2.915000e+00 -2.713251e-06
2.920000e+00 -6.096018e-06
2.925000e+00 -9.250092e-06
2.930000e+00 -1.206989e-05
2.935000e+00 -1.444305e-05
2.940000e+00 -1.633072e-05
2.945000e+00 -1.769439e-05
2.950000e+00 -1.839755e-05
2.955000e+00 -1.832813e-05
2.960000e+00 -1.745512e-05
2.965000e+00 -1.584246e-05
2.970000e+00 -1.361266e-05
2.975000e+00 -1.084664e-05
2.980000e+00 -7.637979e-06
2.985000e+00 -4.089579e-06
2.990000e+00 -3.220170e-07
2.995000e+00 3.488466e-06
3 7.191489e-06
