T X
0 0
5.000000e-03 4.199688e-11
1.000000e-02 -3.069822e-11
1.500000e-02 -8.025305e-11
2.000000e-02 -7.306321e-11
2.500000e-02 -2.528278e-10
3.000000e-02 2.282170e-10
3.500000e-02 1.211382e-08
4.000000e-02 1.189736e-07
4.500000e-02 7.902865e-07
5.000000e-02 4.113274e-06
5.500000e-02 1.768336e-05
6.000000e-02 6.441863e-05
6.500000e-02 2.012869e-04
7.000000e-02 5.421335e-04
7.500000e-02 1.259920e-03
8.000000e-02 2.524309e-03
8.500000e-02 4.354072e-03
9.000000e-02 6.465916e-03
9.500000e-02 8.312035e-03
1.000000e-01 9.418663e-03
1.050000e-01 9.784706e-03
1.100000e-01 9.843692e-03
1.150000e-01 9.889574e-03
1.200000e-01 9.664538e-03
1.250000e-01 8.769453e-03
1.300000e-01 7.334034e-03
1.350000e-01 5.821057e-03
1.400000e-01 4.261270e-03
1.450000e-01 2.336047e-03
1.500000e-01 1.715774e-04
1.550000e-01 -1.770130e-03
1.600000e-01 -3.509385e-03
1.650000e-01 -5.322112e-03
1.700000e-01 -6.969571e-03
1.750000e-01 -8.138666e-03
1.800000e-01 -9.054758e-03
1.850000e-01 -9.804047e-03
1.900000e-01 -1.003177e-02
1.950000e-01 -9.760771e-03
2.000000e-01 -9.261269e-03
2.050000e-01 -8.355593e-03
2.100000e-01 -6.994454e-03
2.150000e-01 -5.518062e-03
2.200000e-01 -3.852271e-03
2.250000e-01 -1.837799e-03
2.300000e-01 1.765739e-04
2.350000e-01 2.078243e-03
2.400000e-01 4.001554e-03
2.450000e-01 5.708410e-03
2.500000e-01 7.154299e-03
2.550000e-01 8.471912e-03
2.600000e-01 9.354929e-03
2.650000e-01 9.742300e-03
2.700000e-01 9.894205e-03
2.750000e-01 9.654937e-03
2.800000e-01 8.967031e-03
2.850000e-01 7.985212e-03
2.900000e-01 6.616456e-03
2.950000e-01 4.994055e-03
3.000000e-01 3.261429e-03
3.050000e-01 1.276183e-03
3.100000e-01 -7.303560e-04
3.150000e-01 -2.588965e-03
3.200000e-01 -4.465100e-03
3.250000e-01 -6.160205e-03
3.300000e-01 -7.544913e-03
3.350000e-01 -8.697029e-03
3.400000e-01 -9.462305e-03
3.450000e-01 -9.854569e-03
3.500000e-01 -9.880383e-03
3.550000e-01 -9.438297e-03
3.600000e-01 -8.686851e-03
3.650000e-01 -7.597830e-03
3.700000e-01 -6.136536e-03
3.750000e-01 -4.518393e-03
3.800000e-01 -2.696591e-03
3.850000e-01 -7.074216e-04
3.900000e-01 1.258905e-03
3.950000e-01 3.207819e-03
4.000000e-01 5.010853e-03
4.050000e-01 6.573986e-03
4.100000e-01 7.921809e-03
4.150000e-01 8.939892e-03
4.200000e-01 9.597306e-03
4.250000e-01 9.881410e-03
4.300000e-01 9.773178e-03
4.350000e-01 9.303455e-03
4.400000e-01 8.404901e-03
4.450000e-01 7.168166e-03
4.500000e-01 5.707847e-03
4.550000e-01 3.970001e-03
4.600000e-01 2.082764e-03
4.650000e-01 1.508686e-04
4.700000e-01 -1.834667e-03
4.750000e-01 -3.733017e-03
4.800000e-01 -5.465692e-03
4.850000e-01 -7.008831e-03
4.900000e-01 -8.274717e-03
4.950000e-01 -9.188358e-03
5.000000e-01 -9.724860e-03
5.050000e-01 -9.911970e-03
5.100000e-01 -9.669380e-03
5.150000e-01 -9.038355e-03
5.200000e-01 -8.113359e-03
5.250000e-01 -6.779882e-03
5.300000e-01 -5.199302e-03
5.350000e-01 -3.475184e-03
5.400000e-01 -1.517885e-03
5.450000e-01 4.543143e-04
5.500000e-01 2.387000e-03
5.550000e-01 4.275729e-03
5.600000e-01 5.952221e-03
5.650000e-01 7.402473e-03
5.700000e-01 8.571710e-03
5.750000e-01 9.378233e-03
5.800000e-01 9.811090e-03
5.850000e-01 9.891080e-03
5.900000e-01 9.562762e-03
5.950000e-01 8.819949e-03
6.000000e-01 7.789284e-03
6.050000e-01 6.405753e-03
6.100000e-01 4.749373e-03
6.150000e-01 2.943644e-03
6.200000e-01 9.589655e-04
6.250000e-01 -1.008963e-03
6.300000e-01 -2.945754e-03
6.350000e-01 -4.808217e-03
6.400000e-01 -6.412376e-03
6.450000e-01 -7.801498e-03
6.500000e-01 -8.874416e-03
6.550000e-01 -9.571251e-03
6.600000e-01 -9.900688e-03
6.650000e-01 -9.820091e-03
6.700000e-01 -9.351399e-03
6.750000e-01 -8.494773e-03
6.800000e-01 -7.331379e-03
6.850000e-01 -5.867052e-03
6.900000e-01 -4.167069e-03
6.950000e-01 -2.330937e-03
7.000000e-01 -3.727378e-04
7.050000e-01 1.590417e-03
7.100000e-01 3.489216e-03
7.150000e-01 5.247946e-03
7.200000e-01 6.814338e-03
7.250000e-01 8.100884e-03
7.300000e-01 9.043456e-03
7.350000e-01 9.653473e-03
7.400000e-01 9.882590e-03
7.450000e-01 9.722269e-03
7.500000e-01 9.150613e-03
7.550000e-01 8.240239e-03
7.600000e-01 6.980086e-03
7.650000e-01 5.422939e-03
7.700000e-01 3.682700e-03
7.750000e-01 1.755033e-03
7.800000e-01 -1.969136e-04
7.850000e-01 -2.150607e-03
7.900000e-01 -4.030682e-03
7.950000e-01 -5.734234e-03
8.000000e-01 -7.229285e-03
8.050000e-01 -8.433700e-03
8.100000e-01 -9.314495e-03
8.150000e-01 -9.786657e-03
8.200000e-01 -9.902085e-03
8.250000e-01 -9.595410e-03
8.300000e-01 -8.903014e-03
8.350000e-01 -7.891762e-03
8.400000e-01 -6.531100e-03
8.450000e-01 -4.940088e-03
8.500000e-01 -3.142991e-03
8.550000e-01 -1.211533e-03
8.600000e-01 7.837668e-04
8.650000e-01 2.715621e-03
8.700000e-01 4.567053e-03
8.750000e-01 6.230899e-03
8.800000e-01 7.612437e-03
8.850000e-01 8.730324e-03
8.900000e-01 9.456465e-03
8.950000e-01 9.862497e-03
9.000000e-01 9.844233e-03
9.050000e-01 9.432107e-03
9.100000e-01 8.666305e-03
9.150000e-01 7.517649e-03
9.200000e-01 6.106467e-03
9.250000e-01 4.412132e-03
9.300000e-01 2.570281e-03
9.350000e-01 6.291168e-04
9.400000e-01 -1.346015e-03
9.450000e-01 -3.267089e-03
9.500000e-01 -5.057732e-03
9.550000e-01 -6.641178e-03
9.600000e-01 -7.988834e-03
9.650000e-01 -8.980202e-03
9.700000e-01 -9.632325e-03
9.750000e-01 -9.913124e-03
9.800000e-01 -9.762152e-03
9.850000e-01 -9.241535e-03
9.900000e-01 -8.370395e-03
9.950000e-01 -7.132786e-03
1 -5.633001e-03
1.005000e+00 -3.907904e-03
1.010000e+00 -2.006866e-03
1.015000e+00 -5.794232e-05
1.020000e+00 1.921474e-03
1.025000e+00 3.817603e-03
1.030000e+00 5.549834e-03
1.035000e+00 7.079994e-03
1.040000e+00 8.309351e-03
1.045000e+00 9.203470e-03
1.050000e+00 9.761195e-03
1.055000e+00 9.894040e-03
1.060000e+00 9.637509e-03
1.065000e+00 9.032942e-03
1.070000e+00 8.035350e-03
1.075000e+00 6.732148e-03
1.080000e+00 5.148098e-03
1.085000e+00 3.364175e-03
1.090000e+00 1.450097e-03
1.095000e+00 -5.279529e-04
1.100000e+00 -2.491913e-03
1.105000e+00 -4.342935e-03
1.110000e+00 -6.004968e-03
1.115000e+00 -7.460076e-03
1.120000e+00 -8.588099e-03
1.125000e+00 -9.370827e-03
1.130000e+00 -9.754108e-03
1.135000e+00 -9.737174e-03
1.140000e+00 -9.348076e-03
1.145000e+00 -8.676572e-03
1.150000e+00 -7.882031e-03
1.155000e+00 -7.105783e-03
1.160000e+00 -6.533709e-03
1.165000e+00 -6.223155e-03
1.170000e+00 -6.148194e-03
1.175000e+00 -6.099019e-03
1.180000e+00 -5.837679e-03
1.185000e+00 -5.174106e-03
1.190000e+00 -3.990607e-03
1.195000e+00 -2.454410e-03
1.200000e+00 -8.275428e-04
1.205000e+00 6.773283e-04
1.210000e+00 1.871963e-03
1.215000e+00 2.848942e-03
1.220000e+00 3.802678e-03
1.225000e+00 4.802074e-03
1.230000e+00 5.791849e-03
1.235000e+00 6.553837e-03
1.240000e+00 6.889872e-03
1.245000e+00 6.764984e-03
1.250000e+00 6.353824e-03
1.255000e+00 5.826785e-03
1.260000e+00 5.309500e-03
1.265000e+00 4.618266e-03
1.270000e+00 3.580487e-03
1.275000e+00 2.225679e-03
1.280000e+00 6.573843e-04
1.285000e+00 -7.945084e-04
1.290000e+00 -2.011833e-03
1.295000e+00 -3.053045e-03
1.300000e+00 -3.964183e-03
1.305000e+00 -4.680112e-03
1.310000e+00 -4.999365e-03
1.315000e+00 -4.635060e-03
1.320000e+00 -3.548339e-03
1.325000e+00 -1.916848e-03
1.330000e+00 4.656701e-05
1.335000e+00 2.154406e-03
1.340000e+00 4.332164e-03
1.345000e+00 6.277662e-03
1.350000e+00 7.688486e-03
1.355000e+00 8.457745e-03
1.360000e+00 8.740919e-03
1.365000e+00 8.723568e-03
1.370000e+00 8.617008e-03
1.375000e+00 8.604679e-03
1.380000e+00 8.366412e-03
1.385000e+00 7.385182e-03
1.390000e+00 5.796718e-03
1.395000e+00 4.286014e-03
1.400000e+00 2.717710e-03
1.405000e+00 6.781477e-04
1.410000e+00 -1.312199e-03
1.415000e+00 -2.721791e-03
1.420000e+00 -4.014025e-03
1.425000e+00 -5.648408e-03
1.430000e+00 -7.230013e-03
1.435000e+00 -8.459380e-03
1.440000e+00 -9.232050e-03
1.445000e+00 -9.337352e-03
1.450000e+00 -9.029647e-03
1.455000e+00 -8.697073e-03
1.460000e+00 -8.122468e-03
1.465000e+00 -7.117519e-03
1.470000e+00 -5.833524e-03
1.475000e+00 -4.183552e-03
1.480000e+00 -2.228551e-03
1.485000e+00 -3.760789e-04
1.490000e+00 1.385643e-03
1.495000e+00 3.147047e-03
1.500000e+00 4.742412e-03
1.505000e+00 6.309150e-03
1.510000e+00 7.684781e-03
1.515000e+00 8.527791e-03
1.520000e+00 9.035691e-03
1.525000e+00 9.295079e-03
1.530000e+00 9.117450e-03
1.535000e+00 8.688825e-03
1.540000e+00 7.981232e-03
1.545000e+00 6.706116e-03
1.550000e+00 5.201202e-03
1.555000e+00 3.578454e-03
1.560000e+00 1.819008e-03
1.565000e+00 1.081294e-04
1.570000e+00 -1.758845e-03
1.575000e+00 -3.708483e-03
1.580000e+00 -5.330418e-03
1.585000e+00 -6.647643e-03
1.590000e+00 -7.774718e-03
1.595000e+00 -8.591798e-03
1.600000e+00 -9.197224e-03
1.605000e+00 -9.474854e-03
1.610000e+00 -9.157278e-03
1.615000e+00 -8.443742e-03
1.620000e+00 -7.465359e-03
1.625000e+00 -6.328428e-03
1.630000e+00 -5.019224e-03
1.635000e+00 -3.261652e-03
1.640000e+00 -1.304594e-03
1.645000e+00 5.337608e-04
1.650000e+00 2.299169e-03
1.655000e+00 3.933864e-03
1.660000e+00 5.587811e-03
1.665000e+00 7.162520e-03
1.670000e+00 8.107314e-03
1.675000e+00 8.717507e-03
1.680000e+00 9.261857e-03
1.685000e+00 9.422204e-03
1.690000e+00 9.083070e-03
1.695000e+00 8.267036e-03
1.700000e+00 7.291573e-03
1.705000e+00 6.137650e-03
1.710000e+00 4.554641e-03
1.715000e+00 2.733397e-03
1.720000e+00 9.239089e-04
1.725000e+00 -8.708223e-04
1.730000e+00 -2.706564e-03
1.735000e+00 -4.514267e-03
1.740000e+00 -6.034401e-03
1.745000e+00 -7.310052e-03
1.750000e+00 -8.403846e-03
1.755000e+00 -9.004899e-03
1.760000e+00 -9.347987e-03
1.765000e+00 -9.426494e-03
1.770000e+00 -8.959166e-03
1.775000e+00 -8.161127e-03
1.780000e+00 -7.056409e-03
1.785000e+00 -5.706921e-03
1.790000e+00 -4.160918e-03
1.795000e+00 -2.335674e-03
1.800000e+00 -5.179854e-04
1.805000e+00 1.325192e-03
1.810000e+00 3.229200e-03
1.815000e+00 4.861740e-03
1.820000e+00 6.413026e-03
1.825000e+00 7.743647e-03
1.830000e+00 8.597928e-03
1.835000e+00 9.184992e-03
1.840000e+00 9.465228e-03
1.845000e+00 9.410507e-03
1.850000e+00 8.830565e-03
1.855000e+00 7.925785e-03
1.860000e+00 6.922590e-03
1.865000e+00 5.409999e-03
1.870000e+00 3.680427e-03
1.875000e+00 1.893316e-03
1.880000e+00 -2.739109e-05
1.885000e+00 -1.843726e-03
1.890000e+00 -3.645548e-03
1.895000e+00 -5.316833e-03
1.900000e+00 -6.769883e-03
1.905000e+00 -7.929674e-03
1.910000e+00 -8.773574e-03
1.915000e+00 -9.340258e-03
1.920000e+00 -9.449112e-03
1.925000e+00 -9.218507e-03
1.930000e+00 -8.642786e-03
1.935000e+00 -7.647090e-03
1.940000e+00 -6.431545e-03
1.945000e+00 -4.998902e-03
1.950000e+00 -3.312889e-03
1.955000e+00 -1.456332e-03
1.960000e+00 3.885287e-04
1.965000e+00 2.244231e-03
1.970000e+00 4.096793e-03
1.975000e+00 5.649790e-03
1.980000e+00 7.063843e-03
1.985000e+00 8.226882e-03
1.990000e+00 8.946696e-03
1.995000e+00 9.396390e-03
2 9.449187e-03
2.005000e+00 9.132332e-03
2.010000e+00 8.451706e-03
2.015000e+00 7.424693e-03
2.020000e+00 6.110030e-03
2.025000e+00 4.505344e-03
2.030000e+00 2.819276e-03
2.035000e+00 9.690325e-04
2.040000e+00 -9.558173e-04
2.045000e+00 -2.765189e-03
2.050000e+00 -4.516575e-03
2.055000e+00 -6.051775e-03
2.060000e+00 -7.367030e-03
2.065000e+00 -8.417792e-03
2.070000e+00 -9.102536e-03
2.075000e+00 -9.428176e-03
2.080000e+00 -9.371988e-03
2.085000e+00 -8.954762e-03
2.090000e+00 -8.162833e-03
2.095000e+00 -7.084811e-03
2.100000e+00 -5.675101e-03
2.105000e+00 -4.040119e-03
2.110000e+00 -2.329070e-03
2.115000e+00 -4.310221e-04
2.120000e+00 1.467944e-03
2.125000e+00 3.233048e-03
2.130000e+00 4.938260e-03
2.135000e+00 6.475025e-03
2.140000e+00 7.659644e-03
2.145000e+00 8.597905e-03
2.150000e+00 9.199079e-03
2.155000e+00 9.363652e-03
2.160000e+00 9.261380e-03
2.165000e+00 8.719652e-03
2.170000e+00 7.818681e-03
2.175000e+00 6.694941e-03
2.180000e+00 5.250708e-03
2.185000e+00 3.566296e-03
2.190000e+00 1.765984e-03
2.195000e+00 -9.190648e-05
2.200000e+00 -1.992553e-03
2.205000e+00 -3.762396e-03
2.210000e+00 -5.356762e-03
2.215000e+00 -6.793126e-03
2.220000e+00 -7.956978e-03
2.225000e+00 -8.778135e-03
2.230000e+00 -9.263778e-03
2.235000e+00 -9.374569e-03
2.240000e+00 -9.097987e-03
2.245000e+00 -8.495457e-03
2.250000e+00 -7.507097e-03
2.255000e+00 -6.220439e-03
2.260000e+00 -4.697071e-03
2.265000e+00 -3.019500e-03
2.270000e+00 -1.218326e-03
2.275000e+00 6.913426e-04
2.280000e+00 2.453895e-03
2.285000e+00 4.236337e-03
2.290000e+00 5.887353e-03
2.295000e+00 7.158369e-03
2.300000e+00 8.236040e-03
2.305000e+00 8.897831e-03
2.310000e+00 9.224775e-03
2.315000e+00 9.201781e-03
2.320000e+00 8.764733e-03
2.325000e+00 8.035706e-03
2.330000e+00 6.935832e-03
2.335000e+00 5.638077e-03
2.340000e+00 4.093834e-03
2.345000e+00 2.380999e-03
2.350000e+00 6.336512e-04
2.355000e+00 -1.178478e-03
2.360000e+00 -2.918823e-03
2.365000e+00 -4.574181e-03
2.370000e+00 -6.072347e-03
2.375000e+00 -7.310542e-03
2.380000e+00 -8.337741e-03
2.385000e+00 -9.125977e-03
2.390000e+00 -9.743594e-03
2.395000e+00 -1.031752e-02
2.400000e+00 -1.087284e-02
2.405000e+00 -1.144948e-02
2.410000e+00 -1.198870e-02
2.415000e+00 -1.241389e-02
2.420000e+00 -1.244589e-02
2.425000e+00 -1.192108e-02
2.430000e+00 -1.076317e-02
2.435000e+00 -8.866942e-03
2.440000e+00 -6.524358e-03
2.445000e+00 -3.768380e-03
2.450000e+00 -9.105748e-04
2.455000e+00 1.642648e-03
2.460000e+00 4.072953e-03
2.465000e+00 6.197944e-03
2.470000e+00 8.010230e-03
2.475000e+00 9.759155e-03
2.480000e+00 1.124263e-02
2.485000e+00 1.235778e-02
2.490000e+00 1.308882e-02
2.495000e+00 1.314457e-02
2.500000e+00 1.247288e-02
2.505000e+00 1.127482e-02
2.510000e+00 9.612338e-03
2.515000e+00 7.722126e-03
2.520000e+00 5.685962e-03
2.525000e+00 3.411707e-03
2.530000e+00 9.734621e-04
2.535000e+00 -1.652985e-03
2.540000e+00 -4.222958e-03
2.545000e+00 -6.270002e-03
2.550000e+00 -7.651240e-03
2.555000e+00 -8.228837e-03
2.560000e+00 -8.012246e-03
2.565000e+00 -7.325027e-03
2.570000e+00 -6.178160e-03
2.575000e+00 -4.619139e-03
2.580000e+00 -2.743338e-03
2.585000e+00 -6.082544e-04
2.590000e+00 1.413646e-03
2.595000e+00 3.041306e-03
2.600000e+00 4.268619e-03
2.605000e+00 5.132086e-03
2.610000e+00 5.904600e-03
2.615000e+00 6.792537e-03
2.620000e+00 7.715027e-03
2.625000e+00 8.430823e-03
2.630000e+00 8.759986e-03
2.635000e+00 8.606191e-03
2.640000e+00 7.852354e-03
2.645000e+00 6.806533e-03
2.650000e+00 5.476178e-03
2.655000e+00 3.904350e-03
2.660000e+00 2.309178e-03
2.665000e+00 6.335110e-04
2.670000e+00 -9.560768e-04
2.675000e+00 -2.498648e-03
2.680000e+00 -4.161592e-03
2.685000e+00 -5.756702e-03
2.690000e+00 -7.198691e-03
2.695000e+00 -8.321290e-03
2.700000e+00 -8.809767e-03
2.705000e+00 -8.821432e-03
2.710000e+00 -8.545215e-03
2.715000e+00 -8.126366e-03
2.720000e+00 -7.626233e-03
2.725000e+00 -6.844623e-03
2.730000e+00 -5.536748e-03
2.735000e+00 -3.788220e-03
2.740000e+00 -1.835221e-03
2.745000e+00 4.995771e-05
2.750000e+00 1.619966e-03
2.755000e+00 3.076569e-03
2.760000e+00 4.496150e-03
2.765000e+00 5.918711e-03
2.770000e+00 7.248006e-03
2.775000e+00 8.242513e-03
2.780000e+00 8.803715e-03
2.785000e+00 8.887594e-03
2.790000e+00 8.636974e-03
2.795000e+00 8.127424e-03
2.800000e+00 7.353321e-03
2.805000e+00 6.300773e-03
2.810000e+00 4.993655e-03
2.815000e+00 3.523313e-03
2.820000e+00 1.847579e-03
2.825000e+00 -7.819116e-05
2.830000e+00 -1.928978e-03
2.835000e+00 -3.585171e-03
2.840000e+00 -4.984618e-03
2.845000e+00 -6.163570e-03
2.850000e+00 -7.407465e-03
2.855000e+00 -8.410530e-03
2.860000e+00 -8.944650e-03
2.865000e+00 -8.982431e-03
2.870000e+00 -8.562479e-03
2.875000e+00 -8.043540e-03
2.880000e+00 -7.333380e-03
2.885000e+00 -6.208105e-03
2.890000e+00 -4.748900e-03
2.895000e+00 -3.021958e-03
2.900000e+00 -1.208536e-03
2.905000e+00 4.658226e-04
2.910000e+00 2.029978e-03
2.915000e+00 3.717708e-03
2.920000e+00 5.444987e-03
2.925000e+00 6.960818e-03
2.930000e+00 7.880453e-03
2.935000e+00 8.282129e-03
2.940000e+00 8.784771e-03
2.945000e+00 9.179789e-03
2.950000e+00 8.876625e-03
2.955000e+00 7.970407e-03
2.960000e+00 6.971364e-03
2.965000e+00 5.885742e-03
2.970000e+00 4.401452e-03
2.975000e+00 2.671550e-03
2.980000e+00 1.005795e-03
2.985000e+00 -7.822141e-04
2.990000e+00 -2.672187e-03
2.995000e+00 -4.385361e-03
3 -5.797499e-03
