T X
0 0
5.000000e-03 -2.008877e-09
1.000000e-02 3.343126e-08
1.500000e-02 4.784455e-07
2.000000e-02 4.291759e-06
2.500000e-02 2.740097e-05
3.000000e-02 1.292617e-04
3.500000e-02 4.650601e-04
4.000000e-02 1.300714e-03
4.500000e-02 2.863721e-03
5.000000e-02 5.017181e-03
5.500000e-02 7.116213e-03
6.000000e-02 8.495553e-03
6.500000e-02 9.196904e-03
7.000000e-02 9.779293e-03
7.500000e-02 1.028803e-02
8.000000e-02 1.018454e-02
8.500000e-02 9.446126e-03
9.000000e-02 8.557355e-03
9.500000e-02 7.426065e-03
1.000000e-01 5.755447e-03
1.050000e-01 3.918574e-03
1.100000e-01 2.130275e-03
1.150000e-01 1.019495e-04
1.200000e-01 -1.951843e-03
1.250000e-01 -3.739145e-03
1.300000e-01 -5.518110e-03
1.350000e-01 -7.179790e-03
1.400000e-01 -8.460654e-03
1.450000e-01 -9.537218e-03
1.500000e-01 -1.021520e-02
1.550000e-01 -1.029295e-02
1.600000e-01 -1.005660e-02
1.650000e-01 -9.438674e-03
1.700000e-01 -8.416299e-03
1.750000e-01 -7.185230e-03
1.800000e-01 -5.544629e-03
1.850000e-01 -3.619051e-03
1.900000e-01 -1.688630e-03
1.950000e-01 3.647850e-04
2.000000e-01 2.413075e-03
2.050000e-01 4.365362e-03
2.100000e-01 6.187759e-03
2.150000e-01 7.643389e-03
2.200000e-01 8.840610e-03
2.250000e-01 9.758963e-03
2.300000e-01 1.022389e-02
2.350000e-01 1.031125e-02
2.400000e-01 9.965504e-03
2.450000e-01 9.249488e-03
2.500000e-01 8.164902e-03
2.550000e-01 6.657098e-03
2.600000e-01 4.984377e-03
2.650000e-01 3.133394e-03
2.700000e-01 1.078675e-03
2.750000e-01 -9.879532e-04
2.800000e-01 -2.993825e-03
2.850000e-01 -4.866218e-03
2.900000e-01 -6.615406e-03
2.950000e-01 -8.080218e-03
3.000000e-01 -9.154924e-03
3.050000e-01 -9.966701e-03
3.100000e-01 -1.033770e-02
3.150000e-01 -1.023021e-02
3.200000e-01 -9.778588e-03
3.250000e-01 -8.955923e-03
3.300000e-01 -7.755163e-03
3.350000e-01 -6.222193e-03
3.400000e-01 -4.490469e-03
3.450000e-01 -2.546762e-03
3.500000e-01 -4.780765e-04
3.550000e-01 1.547921e-03
3.600000e-01 3.575251e-03
3.650000e-01 5.449651e-03
3.700000e-01 7.061560e-03
3.750000e-01 8.422603e-03
3.800000e-01 9.441814e-03
3.850000e-01 1.008482e-02
3.900000e-01 1.031979e-02
3.950000e-01 1.017514e-02
4.000000e-01 9.617271e-03
4.050000e-01 8.632927e-03
4.100000e-01 7.340326e-03
4.150000e-01 5.744383e-03
4.200000e-01 3.913734e-03
4.250000e-01 1.937769e-03
4.300000e-01 -1.284919e-04
4.350000e-01 -2.160536e-03
4.400000e-01 -4.112429e-03
4.450000e-01 -5.923300e-03
4.500000e-01 -7.482275e-03
4.550000e-01 -8.754094e-03
4.600000e-01 -9.690224e-03
4.650000e-01 -1.021905e-02
4.700000e-01 -1.032908e-02
4.750000e-01 -1.003023e-02
4.800000e-01 -9.346043e-03
4.850000e-01 -8.280617e-03
4.900000e-01 -6.897946e-03
4.950000e-01 -5.236282e-03
5.000000e-01 -3.358700e-03
5.050000e-01 -1.373901e-03
5.100000e-01 7.222150e-04
5.150000e-01 2.758231e-03
5.200000e-01 4.670753e-03
5.250000e-01 6.439946e-03
5.300000e-01 7.901136e-03
5.350000e-01 9.058303e-03
5.400000e-01 9.858811e-03
5.450000e-01 1.027101e-02
5.500000e-01 1.028715e-02
5.550000e-01 9.889478e-03
5.600000e-01 9.093026e-03
5.650000e-01 7.914800e-03
5.700000e-01 6.435824e-03
5.750000e-01 4.700704e-03
5.800000e-01 2.773347e-03
5.850000e-01 7.290817e-04
5.900000e-01 -1.325584e-03
5.950000e-01 -3.312699e-03
6.000000e-01 -5.199929e-03
6.050000e-01 -6.867773e-03
6.100000e-01 -8.263165e-03
6.150000e-01 -9.352891e-03
6.200000e-01 -1.005018e-02
6.250000e-01 -1.033195e-02
6.300000e-01 -1.018860e-02
6.350000e-01 -9.664432e-03
6.400000e-01 -8.747594e-03
6.450000e-01 -7.459228e-03
6.500000e-01 -5.926070e-03
6.550000e-01 -4.134065e-03
6.600000e-01 -2.167319e-03
6.650000e-01 -1.493040e-04
6.700000e-01 1.911136e-03
6.750000e-01 3.896465e-03
6.800000e-01 5.710903e-03
6.850000e-01 7.300606e-03
6.900000e-01 8.595443e-03
6.950000e-01 9.551015e-03
7.000000e-01 1.012710e-02
7.050000e-01 1.032864e-02
7.100000e-01 1.009811e-02
7.150000e-01 9.457243e-03
7.200000e-01 8.458341e-03
7.250000e-01 7.091938e-03
7.300000e-01 5.449569e-03
7.350000e-01 3.589363e-03
7.400000e-01 1.586617e-03
7.450000e-01 -4.643240e-04
7.500000e-01 -2.502204e-03
7.550000e-01 -4.440722e-03
7.600000e-01 -6.197802e-03
7.650000e-01 -7.719676e-03
7.700000e-01 -8.939332e-03
7.750000e-01 -9.802495e-03
7.800000e-01 -1.027779e-02
7.850000e-01 -1.030720e-02
7.900000e-01 -9.943257e-03
7.950000e-01 -9.206273e-03
8.000000e-01 -8.069094e-03
8.050000e-01 -6.629274e-03
8.100000e-01 -4.933746e-03
8.150000e-01 -3.028682e-03
8.200000e-01 -1.010031e-03
8.250000e-01 1.055086e-03
8.300000e-01 3.081827e-03
8.350000e-01 4.996385e-03
8.400000e-01 6.704786e-03
8.450000e-01 8.116459e-03
8.500000e-01 9.220159e-03
8.550000e-01 9.963925e-03
8.600000e-01 1.029851e-02
8.650000e-01 1.024295e-02
8.700000e-01 9.778866e-03
8.750000e-01 8.911901e-03
8.800000e-01 7.689764e-03
8.850000e-01 6.174591e-03
8.900000e-01 4.394665e-03
8.950000e-01 2.427184e-03
9.000000e-01 3.941829e-04
9.050000e-01 -1.667072e-03
9.100000e-01 -3.653479e-03
9.150000e-01 -5.486673e-03
9.200000e-01 -7.117321e-03
9.250000e-01 -8.473643e-03
9.300000e-01 -9.494240e-03
9.350000e-01 -1.011809e-02
9.400000e-01 -1.034677e-02
9.450000e-01 -1.015833e-02
9.500000e-01 -9.556438e-03
9.550000e-01 -8.576789e-03
9.600000e-01 -7.263951e-03
9.650000e-01 -5.661711e-03
9.700000e-01 -3.839210e-03
9.750000e-01 -1.862658e-03
9.800000e-01 1.987896e-04
9.850000e-01 2.244921e-03
9.900000e-01 4.224179e-03
9.950000e-01 6.015565e-03
1 7.572928e-03
1.005000e+00 8.813895e-03
1.010000e+00 9.684532e-03
1.015000e+00 1.022222e-02
1.020000e+00 1.031138e-02
1.025000e+00 1.001067e-02
1.030000e+00 9.329509e-03
1.035000e+00 8.233443e-03
1.040000e+00 6.839880e-03
1.045000e+00 5.158093e-03
1.050000e+00 3.268542e-03
1.055000e+00 1.242527e-03
1.060000e+00 -8.227145e-04
1.065000e+00 -2.827998e-03
1.070000e+00 -4.761008e-03
1.075000e+00 -6.467349e-03
1.080000e+00 -7.938707e-03
1.085000e+00 -9.121904e-03
1.090000e+00 -9.903223e-03
1.095000e+00 -1.030791e-02
1.100000e+00 -1.027963e-02
1.105000e+00 -9.857192e-03
1.110000e+00 -9.037392e-03
1.115000e+00 -7.841911e-03
1.120000e+00 -6.362385e-03
1.125000e+00 -4.617628e-03
1.130000e+00 -2.694087e-03
1.135000e+00 -6.662288e-04
1.140000e+00 1.392438e-03
1.145000e+00 3.418987e-03
1.150000e+00 5.301837e-03
1.155000e+00 6.947998e-03
1.160000e+00 8.349560e-03
1.165000e+00 9.408840e-03
1.170000e+00 1.009436e-02
1.175000e+00 1.040598e-02
1.180000e+00 1.026816e-02
1.185000e+00 9.659899e-03
1.190000e+00 8.511051e-03
1.195000e+00 6.752878e-03
1.200000e+00 4.365243e-03
1.205000e+00 1.323259e-03
1.210000e+00 -2.228568e-03
1.215000e+00 -6.081050e-03
1.220000e+00 -9.914475e-03
1.225000e+00 -1.331965e-02
1.230000e+00 -1.603717e-02
1.235000e+00 -1.787719e-02
1.240000e+00 -1.883696e-02
1.245000e+00 -1.904502e-02
1.250000e+00 -1.862857e-02
1.255000e+00 -1.765794e-02
1.260000e+00 -1.604265e-02
1.265000e+00 -1.365692e-02
1.270000e+00 -1.037843e-02
1.275000e+00 -6.251374e-03
1.280000e+00 -1.519866e-03
1.285000e+00 3.588205e-03
1.290000e+00 8.835777e-03
1.295000e+00 1.402096e-02
1.300000e+00 1.897541e-02
1.305000e+00 2.336440e-02
1.310000e+00 2.673724e-02
1.315000e+00 2.873350e-02
1.320000e+00 2.921229e-02
1.325000e+00 2.836232e-02
1.330000e+00 2.653345e-02
1.335000e+00 2.398270e-02
1.340000e+00 2.075739e-02
1.345000e+00 1.670511e-02
1.350000e+00 1.177752e-02
1.355000e+00 6.176001e-03
1.360000e+00 2.735908e-04
1.365000e+00 -5.520614e-03
1.370000e+00 -1.091277e-02
1.375000e+00 -1.582794e-02
1.380000e+00 -2.023612e-02
1.385000e+00 -2.395142e-02
1.390000e+00 -2.679929e-02
1.395000e+00 -2.859946e-02
1.400000e+00 -2.921343e-02
1.405000e+00 -2.860052e-02
1.410000e+00 -2.674281e-02
1.415000e+00 -2.376523e-02
1.420000e+00 -1.989062e-02
1.425000e+00 -1.532961e-02
1.430000e+00 -1.024402e-02
1.435000e+00 -4.757098e-03
1.440000e+00 1.015687e-03
1.445000e+00 6.881549e-03
1.450000e+00 1.249538e-02
1.455000e+00 1.742383e-02
1.460000e+00 2.146359e-02
1.465000e+00 2.485833e-02
1.470000e+00 2.759661e-02
1.475000e+00 2.906299e-02
1.480000e+00 2.897946e-02
1.485000e+00 2.782649e-02
1.490000e+00 2.594979e-02
1.495000e+00 2.304722e-02
1.500000e+00 1.894240e-02
1.505000e+00 1.403967e-02
1.510000e+00 8.676565e-03
1.515000e+00 2.967319e-03
1.520000e+00 -2.781602e-03
1.525000e+00 -8.352918e-03
1.530000e+00 -1.376339e-02
1.535000e+00 -1.874130e-02
1.540000e+00 -2.282716e-02
1.545000e+00 -2.591884e-02
1.550000e+00 -2.800918e-02
1.555000e+00 -2.897520e-02
1.560000e+00 -2.890462e-02
1.565000e+00 -2.777978e-02
1.570000e+00 -2.537279e-02
1.575000e+00 -2.180377e-02
1.580000e+00 -1.746388e-02
1.585000e+00 -1.260493e-02
1.590000e+00 -7.255603e-03
1.595000e+00 -1.457360e-03
1.600000e+00 4.544371e-03
1.605000e+00 1.024273e-02
1.610000e+00 1.525546e-02
1.615000e+00 1.983217e-02
1.620000e+00 2.391492e-02
1.625000e+00 2.683343e-02
1.630000e+00 2.849751e-02
1.635000e+00 2.919199e-02
1.640000e+00 2.880998e-02
1.645000e+00 2.715045e-02
1.650000e+00 2.434579e-02
1.655000e+00 2.070958e-02
1.660000e+00 1.630863e-02
1.665000e+00 1.112238e-02
1.670000e+00 5.415432e-03
1.675000e+00 -3.848808e-04
1.680000e+00 -6.105214e-03
1.685000e+00 -1.173473e-02
1.690000e+00 -1.685866e-02
1.695000e+00 -2.121654e-02
1.700000e+00 -2.486587e-02
1.705000e+00 -2.745728e-02
1.710000e+00 -2.882694e-02
1.715000e+00 -2.923555e-02
1.720000e+00 -2.855710e-02
1.725000e+00 -2.653736e-02
1.730000e+00 -2.342088e-02
1.735000e+00 -1.951770e-02
1.740000e+00 -1.483902e-02
1.745000e+00 -9.476492e-03
1.750000e+00 -3.737363e-03
1.755000e+00 2.090178e-03
1.760000e+00 7.840285e-03
1.765000e+00 1.328951e-02
1.770000e+00 1.820555e-02
1.775000e+00 2.248779e-02
1.780000e+00 2.579783e-02
1.785000e+00 2.796622e-02
1.790000e+00 2.921774e-02
1.795000e+00 2.929264e-02
1.800000e+00 2.797011e-02
1.805000e+00 2.568526e-02
1.810000e+00 2.249796e-02
1.815000e+00 1.823190e-02
1.820000e+00 1.326389e-02
1.825000e+00 7.873414e-03
1.830000e+00 2.081416e-03
1.835000e+00 -3.836006e-03
1.840000e+00 -9.518990e-03
1.845000e+00 -1.482158e-02
1.850000e+00 -1.960058e-02
1.855000e+00 -2.356188e-02
1.860000e+00 -2.654837e-02
1.865000e+00 -2.849997e-02
1.870000e+00 -2.931672e-02
1.875000e+00 -2.901242e-02
1.880000e+00 -2.752640e-02
1.885000e+00 -2.485201e-02
1.890000e+00 -2.129599e-02
1.895000e+00 -1.690296e-02
1.900000e+00 -1.168806e-02
1.905000e+00 -6.135714e-03
1.910000e+00 -3.845703e-04
1.915000e+00 5.531086e-03
1.920000e+00 1.110800e-02
1.925000e+00 1.623376e-02
1.930000e+00 2.085169e-02
1.935000e+00 2.454345e-02
1.940000e+00 2.723100e-02
1.945000e+00 2.894301e-02
1.950000e+00 2.943684e-02
1.955000e+00 2.868016e-02
1.960000e+00 2.687710e-02
1.965000e+00 2.399728e-02
1.970000e+00 2.010313e-02
1.975000e+00 1.545676e-02
1.980000e+00 1.020630e-02
1.985000e+00 4.504753e-03
1.990000e+00 -1.361637e-03
1.995000e+00 -7.189071e-03
2 -1.271843e-02
2.005000e+00 -1.770694e-02
2.010000e+00 -2.206964e-02
2.015000e+00 -2.546825e-02
2.020000e+00 -2.784260e-02
2.025000e+00 -2.922255e-02
2.030000e+00 -2.933076e-02
2.035000e+00 -2.829044e-02
2.040000e+00 -2.621114e-02
2.045000e+00 -2.297798e-02
2.050000e+00 -1.884865e-02
2.055000e+00 -1.400864e-02
2.060000e+00 -8.534745e-03
2.065000e+00 -2.797783e-03
2.070000e+00 3.046346e-03
2.075000e+00 8.853689e-03
2.080000e+00 1.421892e-02
2.085000e+00 1.902294e-02
2.090000e+00 2.315253e-02
2.095000e+00 2.629197e-02
2.100000e+00 2.839294e-02
2.105000e+00 2.941149e-02
2.110000e+00 2.916888e-02
2.115000e+00 2.777402e-02
2.120000e+00 2.535259e-02
2.125000e+00 2.186283e-02
2.130000e+00 1.749498e-02
2.135000e+00 1.247769e-02
2.140000e+00 6.945584e-03
2.145000e+00 1.119220e-03
2.150000e+00 -4.768367e-03
2.155000e+00 -1.042660e-02
2.160000e+00 -1.569761e-02
2.165000e+00 -2.037387e-02
2.170000e+00 -2.413056e-02
2.175000e+00 -2.698991e-02
2.180000e+00 -2.881765e-02
2.185000e+00 -2.940481e-02
2.190000e+00 -2.889790e-02
2.195000e+00 -2.722693e-02
2.200000e+00 -2.442522e-02
2.205000e+00 -2.071751e-02
2.210000e+00 -1.611578e-02
2.215000e+00 -1.086884e-02
2.220000e+00 -5.253583e-03
2.225000e+00 6.228386e-04
2.230000e+00 6.450556e-03
2.235000e+00 1.198617e-02
2.240000e+00 1.711176e-02
2.245000e+00 2.153626e-02
2.250000e+00 2.506040e-02
2.255000e+00 2.764423e-02
2.260000e+00 2.911272e-02
2.265000e+00 2.939643e-02
2.270000e+00 2.852207e-02
2.275000e+00 2.647769e-02
2.280000e+00 2.341657e-02
2.285000e+00 1.942232e-02
2.290000e+00 1.464513e-02
2.295000e+00 9.313663e-03
2.300000e+00 3.555417e-03
2.305000e+00 -2.312253e-03
2.310000e+00 -8.080951e-03
2.315000e+00 -1.356523e-02
2.320000e+00 -1.847733e-02
2.325000e+00 -2.267969e-02
2.330000e+00 -2.591692e-02
2.335000e+00 -2.814167e-02
2.340000e+00 -2.932568e-02
2.345000e+00 -2.924058e-02
2.350000e+00 -2.805602e-02
2.355000e+00 -2.580458e-02
2.360000e+00 -2.243463e-02
2.365000e+00 -1.824786e-02
2.370000e+00 -1.332128e-02
2.375000e+00 -7.814633e-03
2.380000e+00 -2.041731e-03
2.385000e+00 3.881118e-03
2.390000e+00 9.638436e-03
2.395000e+00 1.500072e-02
2.400000e+00 1.986156e-02
2.405000e+00 2.388736e-02
2.410000e+00 2.693304e-02
2.415000e+00 2.892008e-02
2.420000e+00 2.962886e-02
2.425000e+00 2.905390e-02
2.430000e+00 2.718157e-02
2.435000e+00 2.394091e-02
2.440000e+00 1.944050e-02
2.445000e+00 1.378839e-02
2.450000e+00 7.191948e-03
2.455000e+00 -5.511229e-05
2.460000e+00 -7.591166e-03
2.465000e+00 -1.490950e-02
2.470000e+00 -2.156134e-02
2.475000e+00 -2.719334e-02
2.480000e+00 -3.152241e-02
2.485000e+00 -3.443146e-02
2.490000e+00 -3.592257e-02
2.495000e+00 -3.601234e-02
2.500000e+00 -3.473444e-02
2.505000e+00 -3.211185e-02
2.510000e+00 -2.811615e-02
2.515000e+00 -2.264955e-02
2.520000e+00 -1.583344e-02
2.525000e+00 -7.900641e-03
2.530000e+00 8.198042e-04
2.535000e+00 9.764241e-03
2.540000e+00 1.848656e-02
2.545000e+00 2.640980e-02
2.550000e+00 3.313249e-02
2.555000e+00 3.850944e-02
2.560000e+00 4.219279e-02
2.565000e+00 4.416130e-02
2.570000e+00 4.435766e-02
2.575000e+00 4.268375e-02
2.580000e+00 3.940571e-02
2.585000e+00 3.463336e-02
2.590000e+00 2.864353e-02
2.595000e+00 2.168612e-02
2.600000e+00 1.383563e-02
2.605000e+00 5.345787e-03
2.610000e+00 -3.579140e-03
2.615000e+00 -1.250893e-02
2.620000e+00 -2.093931e-02
2.625000e+00 -2.840390e-02
2.630000e+00 -3.454710e-02
2.635000e+00 -3.931909e-02
2.640000e+00 -4.262230e-02
2.645000e+00 -4.443934e-02
2.650000e+00 -4.462536e-02
2.655000e+00 -4.287989e-02
2.660000e+00 -3.920314e-02
2.665000e+00 -3.380290e-02
2.670000e+00 -2.706320e-02
2.675000e+00 -1.945083e-02
2.680000e+00 -1.128683e-02
2.685000e+00 -2.752470e-03
2.690000e+00 6.040797e-03
2.695000e+00 1.478217e-02
2.700000e+00 2.302976e-02
2.705000e+00 3.033706e-02
2.710000e+00 3.625982e-02
2.715000e+00 4.065958e-02
2.720000e+00 4.343332e-02
2.725000e+00 4.458022e-02
2.730000e+00 4.411320e-02
2.735000e+00 4.182491e-02
2.740000e+00 3.781545e-02
2.745000e+00 3.226004e-02
2.750000e+00 2.536492e-02
2.755000e+00 1.750912e-02
2.760000e+00 8.963130e-03
2.765000e+00 8.743864e-05
2.770000e+00 -8.775162e-03
2.775000e+00 -1.731567e-02
2.780000e+00 -2.515141e-02
2.785000e+00 -3.202584e-02
2.790000e+00 -3.766137e-02
2.795000e+00 -4.176481e-02
2.800000e+00 -4.418758e-02
2.805000e+00 -4.484949e-02
2.810000e+00 -4.369930e-02
2.815000e+00 -4.081238e-02
2.820000e+00 -3.633381e-02
2.825000e+00 -3.043244e-02
2.830000e+00 -2.329583e-02
2.835000e+00 -1.519282e-02
2.840000e+00 -6.503466e-03
2.845000e+00 2.429361e-03
2.850000e+00 1.130124e-02
2.855000e+00 1.974460e-02
2.860000e+00 2.735531e-02
2.865000e+00 3.385484e-02
2.870000e+00 3.903008e-02
2.875000e+00 4.266812e-02
2.880000e+00 4.458295e-02
2.885000e+00 4.473348e-02
2.890000e+00 4.317480e-02
2.895000e+00 3.987141e-02
2.900000e+00 3.486454e-02
2.905000e+00 2.843714e-02
2.910000e+00 2.100815e-02
2.915000e+00 1.282481e-02
2.920000e+00 4.052790e-03
2.925000e+00 -4.993774e-03
2.930000e+00 -1.387847e-02
2.935000e+00 -2.210003e-02
2.940000e+00 -2.933642e-02
2.945000e+00 -3.544928e-02
2.950000e+00 -4.029582e-02
2.955000e+00 -4.359746e-02
2.960000e+00 -4.503937e-02
2.965000e+00 -4.458393e-02
2.970000e+00 -4.235282e-02
2.975000e+00 -3.851583e-02
2.980000e+00 -3.327452e-02
2.985000e+00 -2.670957e-02
2.990000e+00 -1.887953e-02
2.995000e+00 -1.015300e-02
3 -1.211955e-03
