T X
0 0
2.000000e-03 -9.221251e-09
4.000000e-03 -8.428860e-09
6.000000e-03 1.825695e-08
8.000000e-03 1.439638e-08
1.000000e-02 -9.551489e-10
1.200000e-02 4.713966e-08
1.400000e-02 6.555506e-08
1.600000e-02 1.873988e-08
1.800000e-02 -1.927339e-08
2.000000e-02 1.029781e-08
2.200000e-02 2.077466e-07
2.400000e-02 8.449683e-07
2.600000e-02 4.848570e-06
2.800000e-02 1.901311e-05
3.000000e-02 5.952253e-05
3.200000e-02 1.642971e-04
3.400000e-02 3.995145e-04
3.600000e-02 8.513142e-04
3.800000e-02 1.581280e-03
4.000000e-02 2.559562e-03
4.200000e-02 3.635325e-03
4.400000e-02 4.612742e-03
4.600000e-02 5.412742e-03
4.800000e-02 6.135382e-03
5.000000e-02 6.910461e-03
5.200000e-02 7.709330e-03
5.400000e-02 8.400477e-03
5.600000e-02 8.969623e-03
5.800000e-02 9.517678e-03
6.000000e-02 1.005775e-02
6.200000e-02 1.050272e-02
6.400000e-02 1.084483e-02
6.600000e-02 1.114702e-02
6.800000e-02 1.139330e-02
7.000000e-02 1.153668e-02
7.200000e-02 1.160995e-02
7.400000e-02 1.164424e-02
7.600000e-02 1.158611e-02
7.800000e-02 1.142112e-02
8.000000e-02 1.120550e-02
8.200000e-02 1.092858e-02
8.400000e-02 1.056795e-02
8.600000e-02 1.014831e-02
8.800000e-02 9.664858e-03
9.000000e-02 9.119463e-03
9.200000e-02 8.522065e-03
9.400000e-02 7.863808e-03
9.600000e-02 7.158622e-03
9.800000e-02 6.405540e-03
1.000000e-01 5.595994e-03
1.020000e-01 4.760808e-03
1.040000e-01 3.905734e-03
1.060000e-01 3.016297e-03
1.080000e-01 2.116488e-03
1.100000e-01 1.217827e-03
1.120000e-01 3.107836e-04
1.140000e-01 -5.905523e-04
1.160000e-01 -1.470409e-03
1.180000e-01 -2.337892e-03
1.200000e-01 -3.201958e-03
1.220000e-01 -4.051718e-03
1.240000e-01 -4.902343e-03
1.260000e-01 -5.759817e-03
1.280000e-01 -6.578517e-03
1.300000e-01 -7.342379e-03
1.320000e-01 -8.039617e-03
1.340000e-01 -8.647256e-03
1.360000e-01 -9.200452e-03
1.380000e-01 -9.731372e-03
1.400000e-01 -1.021998e-02
1.420000e-01 -1.063599e-02
1.440000e-01 -1.096339e-02
1.460000e-01 -1.121834e-02
1.480000e-01 -1.142804e-02
1.500000e-01 -1.158098e-02
1.520000e-01 -1.164153e-02
1.540000e-01 -1.160591e-02
1.560000e-01 -1.149383e-02
1.580000e-01 -1.131946e-02
1.600000e-01 -1.108771e-02
1.620000e-01 -1.076727e-02
1.640000e-01 -1.035462e-02
1.660000e-01 -9.900752e-03
1.680000e-01 -9.394145e-03
1.700000e-01 -8.800316e-03
1.720000e-01 -8.153763e-03
1.740000e-01 -7.478048e-03
1.760000e-01 -6.747682e-03
1.780000e-01 -5.966285e-03
1.800000e-01 -5.161729e-03
1.820000e-01 -4.327505e-03
1.840000e-01 -3.452578e-03
1.860000e-01 -2.550968e-03
1.880000e-01 -1.641110e-03
1.900000e-01 -7.268911e-04
1.920000e-01 1.953279e-04
1.940000e-01 1.116965e-03
1.960000e-01 2.028310e-03
1.980000e-01 2.934251e-03
2.000000e-01 3.836554e-03
2.020000e-01 4.716456e-03
2.040000e-01 5.554909e-03
2.060000e-01 6.349325e-03
2.080000e-01 7.104622e-03
2.100000e-01 7.821323e-03
2.120000e-01 8.488457e-03
2.140000e-01 9.096197e-03
2.160000e-01 9.645967e-03
2.180000e-01 1.013022e-02
2.200000e-01 1.054150e-02
2.220000e-01 1.088606e-02
2.240000e-01 1.116029e-02
2.260000e-01 1.136331e-02
2.280000e-01 1.150356e-02
2.300000e-01 1.157757e-02
2.320000e-01 1.157154e-02
2.340000e-01 1.148700e-02
2.360000e-01 1.133938e-02
2.380000e-01 1.112494e-02
2.400000e-01 1.083245e-02
2.420000e-01 1.046250e-02
2.440000e-01 1.002461e-02
2.460000e-01 9.530378e-03
2.480000e-01 8.978337e-03
2.500000e-01 8.363029e-03
2.520000e-01 7.695076e-03
2.540000e-01 6.978397e-03
2.560000e-01 6.201351e-03
2.580000e-01 5.378750e-03
2.600000e-01 4.537437e-03
2.620000e-01 3.675669e-03
2.640000e-01 2.781274e-03
2.660000e-01 1.861118e-03
2.680000e-01 9.394305e-04
2.700000e-01 2.537637e-05
2.720000e-01 -8.933202e-04
2.740000e-01 -1.819516e-03
2.760000e-01 -2.731304e-03
2.780000e-01 -3.608130e-03
2.800000e-01 -4.459949e-03
2.820000e-01 -5.297430e-03
2.840000e-01 -6.104083e-03
2.860000e-01 -6.867572e-03
2.880000e-01 -7.594004e-03
2.900000e-01 -8.282480e-03
2.920000e-01 -8.910263e-03
2.940000e-01 -9.466382e-03
2.960000e-01 -9.966926e-03
2.980000e-01 -1.041396e-02
3.000000e-01 -1.079541e-02
3.020000e-01 -1.110015e-02
3.040000e-01 -1.132990e-02
3.060000e-01 -1.149945e-02
3.080000e-01 -1.159831e-02
3.100000e-01 -1.160815e-02
3.120000e-01 -1.153879e-02
3.140000e-01 -1.140286e-02
3.160000e-01 -1.119394e-02
3.180000e-01 -1.090724e-02
3.200000e-01 -1.055239e-02
3.220000e-01 -1.013699e-02
3.240000e-01 -9.655622e-03
3.260000e-01 -9.107122e-03
3.280000e-01 -8.504286e-03
3.300000e-01 -7.851325e-03
3.320000e-01 -7.147245e-03
3.340000e-01 -6.399104e-03
3.360000e-01 -5.617805e-03
3.380000e-01 -4.800901e-03
3.400000e-01 -3.938626e-03
3.420000e-01 -3.050610e-03
3.440000e-01 -2.151292e-03
3.460000e-01 -1.229515e-03
3.480000e-01 -2.952523e-04
3.500000e-01 6.348408e-04
3.520000e-01 1.557213e-03
3.540000e-01 2.466338e-03
3.560000e-01 3.365670e-03
3.580000e-01 4.256238e-03
3.600000e-01 5.118509e-03
3.620000e-01 5.933660e-03
3.640000e-01 6.707478e-03
3.660000e-01 7.446956e-03
3.680000e-01 8.131438e-03
3.700000e-01 8.757471e-03
3.720000e-01 9.336618e-03
3.740000e-01 9.853915e-03
3.760000e-01 1.030365e-02
3.780000e-01 1.069459e-02
3.800000e-01 1.101770e-02
3.820000e-01 1.126135e-02
3.840000e-01 1.143142e-02
3.860000e-01 1.153640e-02
3.880000e-01 1.157776e-02
3.900000e-01 1.154513e-02
3.920000e-01 1.143461e-02
3.940000e-01 1.125409e-02
3.960000e-01 1.100202e-02
3.980000e-01 1.068080e-02
4.000000e-01 1.028428e-02
4.020000e-01 9.808058e-03
4.040000e-01 9.274770e-03
4.060000e-01 8.695381e-03
4.080000e-01 8.053135e-03
4.100000e-01 7.346747e-03
4.120000e-01 6.600736e-03
4.140000e-01 5.821097e-03
4.160000e-01 4.996407e-03
4.180000e-01 4.134567e-03
4.200000e-01 3.254925e-03
4.220000e-01 2.361403e-03
4.240000e-01 1.453994e-03
4.260000e-01 5.368946e-04
4.280000e-01 -3.895073e-04
4.300000e-01 -1.313600e-03
4.320000e-01 -2.225886e-03
4.340000e-01 -3.124072e-03
4.360000e-01 -3.999725e-03
4.380000e-01 -4.847999e-03
4.400000e-01 -5.671071e-03
4.420000e-01 -6.461994e-03
4.440000e-01 -7.205807e-03
4.460000e-01 -7.910795e-03
4.480000e-01 -8.581202e-03
4.500000e-01 -9.190520e-03
4.520000e-01 -9.726058e-03
4.540000e-01 -1.020245e-02
4.560000e-01 -1.061896e-02
4.580000e-01 -1.095991e-02
4.600000e-01 -1.122762e-02
4.620000e-01 -1.142569e-02
4.640000e-01 -1.155162e-02
4.660000e-01 -1.160292e-02
4.680000e-01 -1.157129e-02
4.700000e-01 -1.146718e-02
4.720000e-01 -1.129940e-02
4.740000e-01 -1.105544e-02
4.760000e-01 -1.074116e-02
4.780000e-01 -1.036463e-02
4.800000e-01 -9.919924e-03
4.820000e-01 -9.413681e-03
4.840000e-01 -8.851756e-03
4.860000e-01 -8.228671e-03
4.880000e-01 -7.543818e-03
4.900000e-01 -6.815993e-03
4.920000e-01 -6.054772e-03
4.940000e-01 -5.247251e-03
4.960000e-01 -4.408945e-03
4.980000e-01 -3.551615e-03
5.000000e-01 -2.647625e-03
