T X
0 0
2.000000e-03 4.989874e-09
4.000000e-03 5.980545e-09
6.000000e-03 -6.005965e-09
8.000000e-03 -2.178881e-08
1.000000e-02 -3.490159e-08
1.200000e-02 -5.227525e-08
1.400000e-02 -6.528577e-08
1.600000e-02 -1.325452e-07
1.800000e-02 -1.896639e-07
2.000000e-02 -7.100183e-08
2.200000e-02 3.450148e-07
2.400000e-02 1.394678e-06
2.600000e-02 4.951517e-06
2.800000e-02 1.836490e-05
3.000000e-02 6.053354e-05
3.200000e-02 1.710672e-04
3.400000e-02 4.170991e-04
3.600000e-02 8.825372e-04
3.800000e-02 1.627574e-03
4.000000e-02 2.626180e-03
4.200000e-02 3.734881e-03
4.400000e-02 4.758234e-03
4.600000e-02 5.592650e-03
4.800000e-02 6.313597e-03
5.000000e-02 7.072020e-03
5.200000e-02 7.889332e-03
5.400000e-02 8.634505e-03
5.600000e-02 9.235537e-03
5.800000e-02 9.786478e-03
6.000000e-02 1.035109e-02
6.200000e-02 1.083351e-02
6.400000e-02 1.118254e-02
6.600000e-02 1.148759e-02
6.800000e-02 1.176248e-02
7.000000e-02 1.191725e-02
7.200000e-02 1.197499e-02
7.400000e-02 1.200444e-02
7.600000e-02 1.194640e-02
7.800000e-02 1.178015e-02
8.000000e-02 1.156845e-02
8.200000e-02 1.128335e-02
8.400000e-02 1.089365e-02
8.600000e-02 1.044451e-02
8.800000e-02 9.940940e-03
9.000000e-02 9.364244e-03
9.200000e-02 8.729454e-03
9.400000e-02 8.039990e-03
9.600000e-02 7.296794e-03
9.800000e-02 6.509080e-03
1.000000e-01 5.686548e-03
1.020000e-01 4.838215e-03
1.040000e-01 3.948679e-03
1.060000e-01 3.030178e-03
1.080000e-01 2.114670e-03
1.100000e-01 1.192241e-03
1.120000e-01 2.671099e-04
1.140000e-01 -6.318425e-04
1.160000e-01 -1.514554e-03
1.180000e-01 -2.406526e-03
1.200000e-01 -3.309194e-03
1.220000e-01 -4.221464e-03
1.240000e-01 -5.137642e-03
1.260000e-01 -6.034172e-03
1.280000e-01 -6.877939e-03
1.300000e-01 -7.650828e-03
1.320000e-01 -8.362122e-03
1.340000e-01 -9.023562e-03
1.360000e-01 -9.642707e-03
1.380000e-01 -1.021440e-02
1.400000e-01 -1.071885e-02
1.420000e-01 -1.114207e-02
1.440000e-01 -1.148081e-02
1.460000e-01 -1.174557e-02
1.480000e-01 -1.194672e-02
1.500000e-01 -1.207183e-02
1.520000e-01 -1.210881e-02
1.540000e-01 -1.206846e-02
1.560000e-01 -1.195792e-02
1.580000e-01 -1.177711e-02
1.600000e-01 -1.152815e-02
1.620000e-01 -1.119815e-02
1.640000e-01 -1.078225e-02
1.660000e-01 -1.030519e-02
1.680000e-01 -9.770702e-03
1.700000e-01 -9.166030e-03
1.720000e-01 -8.505242e-03
1.740000e-01 -7.796848e-03
1.760000e-01 -7.030567e-03
1.780000e-01 -6.209307e-03
1.800000e-01 -5.351334e-03
1.820000e-01 -4.466215e-03
1.840000e-01 -3.550297e-03
1.860000e-01 -2.603749e-03
1.880000e-01 -1.636233e-03
1.900000e-01 -6.613487e-04
1.920000e-01 3.137260e-04
1.940000e-01 1.286455e-03
1.960000e-01 2.251152e-03
1.980000e-01 3.199104e-03
2.000000e-01 4.112193e-03
2.020000e-01 4.992370e-03
2.040000e-01 5.863016e-03
2.060000e-01 6.703215e-03
2.080000e-01 7.485845e-03
2.100000e-01 8.228474e-03
2.120000e-01 8.927898e-03
2.140000e-01 9.560895e-03
2.160000e-01 1.012919e-02
2.180000e-01 1.063419e-02
2.200000e-01 1.106932e-02
2.220000e-01 1.144317e-02
2.240000e-01 1.175623e-02
2.260000e-01 1.198112e-02
2.280000e-01 1.211182e-02
2.300000e-01 1.217175e-02
2.320000e-01 1.216087e-02
2.340000e-01 1.206916e-02
2.360000e-01 1.190268e-02
2.380000e-01 1.166188e-02
2.400000e-01 1.133447e-02
2.420000e-01 1.092483e-02
2.440000e-01 1.046634e-02
2.460000e-01 9.955591e-03
2.480000e-01 9.363725e-03
2.500000e-01 8.701817e-03
2.520000e-01 7.983924e-03
2.540000e-01 7.217293e-03
2.560000e-01 6.417968e-03
2.580000e-01 5.588686e-03
2.600000e-01 4.713967e-03
2.620000e-01 3.799048e-03
2.640000e-01 2.864367e-03
2.660000e-01 1.910089e-03
2.680000e-01 9.448130e-04
2.700000e-01 -2.026717e-05
2.720000e-01 -9.944820e-04
2.740000e-01 -1.972634e-03
2.760000e-01 -2.929829e-03
2.780000e-01 -3.862128e-03
2.800000e-01 -4.775084e-03
2.820000e-01 -5.663088e-03
2.840000e-01 -6.507029e-03
2.860000e-01 -7.297753e-03
2.880000e-01 -8.049792e-03
2.900000e-01 -8.756717e-03
2.920000e-01 -9.404663e-03
2.940000e-01 -9.994150e-03
2.960000e-01 -1.052094e-02
2.980000e-01 -1.097265e-02
3.000000e-01 -1.135620e-02
3.020000e-01 -1.168179e-02
3.040000e-01 -1.192642e-02
3.060000e-01 -1.208048e-02
3.080000e-01 -1.215715e-02
3.100000e-01 -1.216578e-02
3.120000e-01 -1.210572e-02
3.140000e-01 -1.196319e-02
3.160000e-01 -1.173688e-02
3.180000e-01 -1.143938e-02
3.200000e-01 -1.107608e-02
3.220000e-01 -1.064293e-02
3.240000e-01 -1.013169e-02
3.260000e-01 -9.550544e-03
3.280000e-01 -8.916103e-03
3.300000e-01 -8.224608e-03
3.320000e-01 -7.473723e-03
3.340000e-01 -6.675729e-03
3.360000e-01 -5.839134e-03
3.380000e-01 -4.965192e-03
3.400000e-01 -4.051691e-03
3.420000e-01 -3.111430e-03
3.440000e-01 -2.164913e-03
3.460000e-01 -1.204512e-03
3.480000e-01 -2.330210e-04
3.500000e-01 7.340943e-04
3.520000e-01 1.710526e-03
3.540000e-01 2.680680e-03
3.560000e-01 3.617522e-03
3.580000e-01 4.530385e-03
3.600000e-01 5.417089e-03
3.620000e-01 6.267272e-03
3.640000e-01 7.085297e-03
3.660000e-01 7.863382e-03
3.680000e-01 8.578883e-03
3.700000e-01 9.235232e-03
3.720000e-01 9.845428e-03
3.740000e-01 1.039375e-02
3.760000e-01 1.086666e-02
3.780000e-01 1.127152e-02
3.800000e-01 1.161235e-02
3.820000e-01 1.188088e-02
3.840000e-01 1.206301e-02
3.860000e-01 1.215985e-02
3.880000e-01 1.218879e-02
3.900000e-01 1.214685e-02
3.920000e-01 1.201738e-02
3.940000e-01 1.180227e-02
3.960000e-01 1.151398e-02
3.980000e-01 1.115616e-02
4.000000e-01 1.073495e-02
4.020000e-01 1.025056e-02
4.040000e-01 9.694563e-03
4.060000e-01 9.074094e-03
4.080000e-01 8.395861e-03
4.100000e-01 7.667440e-03
4.120000e-01 6.890019e-03
4.140000e-01 6.060675e-03
4.160000e-01 5.196770e-03
4.180000e-01 4.307994e-03
4.200000e-01 3.388749e-03
4.220000e-01 2.437937e-03
4.240000e-01 1.469877e-03
4.260000e-01 4.994396e-04
4.280000e-01 -4.716291e-04
4.300000e-01 -1.441429e-03
4.320000e-01 -2.406658e-03
4.340000e-01 -3.357464e-03
4.360000e-01 -4.282219e-03
4.380000e-01 -5.179031e-03
4.400000e-01 -6.046741e-03
4.420000e-01 -6.879911e-03
4.440000e-01 -7.666915e-03
4.460000e-01 -8.396843e-03
4.480000e-01 -9.065158e-03
4.500000e-01 -9.679117e-03
4.520000e-01 -1.023664e-02
4.540000e-01 -1.072589e-02
4.560000e-01 -1.115536e-02
4.580000e-01 -1.151537e-02
4.600000e-01 -1.178999e-02
4.620000e-01 -1.199483e-02
4.640000e-01 -1.213291e-02
4.660000e-01 -1.218811e-02
4.680000e-01 -1.216161e-02
4.700000e-01 -1.205850e-02
4.720000e-01 -1.187579e-02
4.740000e-01 -1.161511e-02
4.760000e-01 -1.127902e-02
4.780000e-01 -1.087625e-02
4.800000e-01 -1.040961e-02
4.820000e-01 -9.870431e-03
4.840000e-01 -9.258447e-03
4.860000e-01 -8.584396e-03
4.880000e-01 -7.866612e-03
4.900000e-01 -7.109624e-03
4.920000e-01 -6.298145e-03
4.940000e-01 -5.430949e-03
4.960000e-01 -4.529443e-03
4.980000e-01 -3.609297e-03
5.000000e-01 -2.672432e-03
