T X
0 0
5.000000e-03 -5.961641e-09
1.000000e-02 3.602716e-08
1.500000e-02 5.281617e-07
2.000000e-02 4.863029e-06
2.500000e-02 3.087529e-05
3.000000e-02 1.439721e-04
3.500000e-02 5.108287e-04
4.000000e-02 1.406262e-03
4.500000e-02 3.042881e-03
5.000000e-02 5.232643e-03
5.500000e-02 7.286497e-03
6.000000e-02 8.576943e-03
6.500000e-02 9.235142e-03
7.000000e-02 9.814080e-03
7.500000e-02 1.025523e-02
8.000000e-02 1.003061e-02
8.500000e-02 9.247204e-03
9.000000e-02 8.370971e-03
9.500000e-02 7.197398e-03
1.000000e-01 5.495254e-03
1.050000e-01 3.694686e-03
1.100000e-01 1.891973e-03
1.150000e-01 -1.813312e-04
1.200000e-01 -2.206544e-03
1.250000e-01 -3.984208e-03
1.300000e-01 -5.762987e-03
1.350000e-01 -7.315817e-03
1.400000e-01 -8.498070e-03
1.450000e-01 -9.515585e-03
1.500000e-01 -1.008228e-02
1.550000e-01 -1.011515e-02
1.600000e-01 -9.882704e-03
1.650000e-01 -9.210665e-03
1.700000e-01 -8.155397e-03
1.750000e-01 -6.870135e-03
1.800000e-01 -5.165105e-03
1.850000e-01 -3.269089e-03
1.900000e-01 -1.353467e-03
1.950000e-01 6.651128e-04
2.000000e-01 2.615834e-03
2.050000e-01 4.524296e-03
2.100000e-01 6.297729e-03
2.150000e-01 7.714524e-03
2.200000e-01 8.877023e-03
2.250000e-01 9.695146e-03
2.300000e-01 1.010017e-02
2.350000e-01 1.010974e-02
2.400000e-01 9.664778e-03
2.450000e-01 8.921317e-03
2.500000e-01 7.811442e-03
2.550000e-01 6.332874e-03
2.600000e-01 4.685264e-03
2.650000e-01 2.799240e-03
2.700000e-01 7.767674e-04
2.750000e-01 -1.260917e-03
2.800000e-01 -3.255737e-03
2.850000e-01 -5.069984e-03
2.900000e-01 -6.724323e-03
2.950000e-01 -8.079856e-03
3.000000e-01 -9.106192e-03
3.050000e-01 -9.845689e-03
3.100000e-01 -1.013097e-02
3.150000e-01 -1.002764e-02
3.200000e-01 -9.546541e-03
3.250000e-01 -8.652579e-03
3.300000e-01 -7.405131e-03
3.350000e-01 -5.853972e-03
3.400000e-01 -4.118803e-03
3.450000e-01 -2.174921e-03
3.500000e-01 -1.693602e-04
3.550000e-01 1.791651e-03
3.600000e-01 3.773985e-03
3.650000e-01 5.575575e-03
3.700000e-01 7.141107e-03
3.750000e-01 8.450007e-03
3.800000e-01 9.401046e-03
3.850000e-01 9.975151e-03
3.900000e-01 1.014704e-02
3.950000e-01 9.909049e-03
4.000000e-01 9.264611e-03
4.050000e-01 8.303794e-03
4.100000e-01 7.000066e-03
4.150000e-01 5.388294e-03
4.200000e-01 3.600141e-03
4.250000e-01 1.633693e-03
4.300000e-01 -4.321029e-04
4.350000e-01 -2.426164e-03
4.400000e-01 -4.330390e-03
4.450000e-01 -6.085594e-03
4.500000e-01 -7.533873e-03
4.550000e-01 -8.734065e-03
4.600000e-01 -9.590285e-03
4.650000e-01 -1.003391e-02
4.700000e-01 -1.013002e-02
4.750000e-01 -9.806938e-03
4.800000e-01 -9.067572e-03
4.850000e-01 -7.953882e-03
4.900000e-01 -6.537959e-03
4.950000e-01 -4.854326e-03
5.000000e-01 -2.995277e-03
5.050000e-01 -1.021509e-03
5.100000e-01 9.898615e-04
5.150000e-01 2.946494e-03
5.200000e-01 4.849985e-03
5.250000e-01 6.527169e-03
5.300000e-01 7.941234e-03
5.350000e-01 9.062357e-03
5.400000e-01 9.779345e-03
5.450000e-01 1.012442e-02
5.500000e-01 1.004932e-02
5.550000e-01 9.577343e-03
5.600000e-01 8.754374e-03
5.650000e-01 7.573091e-03
5.700000e-01 6.100218e-03
5.750000e-01 4.372186e-03
5.800000e-01 2.452151e-03
5.850000e-01 4.302978e-04
5.900000e-01 -1.608348e-03
5.950000e-01 -3.564012e-03
6.000000e-01 -5.367132e-03
6.050000e-01 -6.960428e-03
6.100000e-01 -8.286666e-03
6.150000e-01 -9.263376e-03
6.200000e-01 -9.886864e-03
6.250000e-01 -1.013335e-02
6.300000e-01 -9.961051e-03
6.350000e-01 -9.390205e-03
6.400000e-01 -8.414457e-03
6.450000e-01 -7.127005e-03
6.500000e-01 -5.557599e-03
6.550000e-01 -3.768087e-03
6.600000e-01 -1.860635e-03
6.650000e-01 1.381729e-04
6.700000e-01 2.124011e-03
6.750000e-01 4.052282e-03
6.800000e-01 5.838324e-03
6.850000e-01 7.357222e-03
6.900000e-01 8.613426e-03
6.950000e-01 9.532449e-03
7.000000e-01 1.001148e-02
7.050000e-01 1.012198e-02
7.100000e-01 9.825871e-03
7.150000e-01 9.134652e-03
7.200000e-01 8.116110e-03
7.250000e-01 6.742623e-03
7.300000e-01 5.116923e-03
7.350000e-01 3.269643e-03
7.400000e-01 1.277952e-03
7.450000e-01 -7.585945e-04
7.500000e-01 -2.768367e-03
7.550000e-01 -4.627523e-03
7.600000e-01 -6.332030e-03
7.650000e-01 -7.775577e-03
7.700000e-01 -8.895751e-03
7.750000e-01 -9.692466e-03
7.800000e-01 -1.009333e-02
7.850000e-01 -1.011581e-02
7.900000e-01 -9.705790e-03
7.950000e-01 -8.893971e-03
8.000000e-01 -7.739879e-03
8.050000e-01 -6.259317e-03
8.100000e-01 -4.553942e-03
8.150000e-01 -2.666704e-03
8.200000e-01 -6.919064e-04
8.250000e-01 1.319022e-03
8.300000e-01 3.302869e-03
8.350000e-01 5.140353e-03
8.400000e-01 6.779553e-03
8.450000e-01 8.156934e-03
8.500000e-01 9.205239e-03
8.550000e-01 9.864410e-03
8.600000e-01 1.012528e-02
8.650000e-01 9.987672e-03
8.700000e-01 9.471281e-03
8.750000e-01 8.580272e-03
8.800000e-01 7.351197e-03
8.850000e-01 5.832747e-03
8.900000e-01 4.055445e-03
8.950000e-01 2.118316e-03
9.000000e-01 8.563989e-05
9.050000e-01 -1.940060e-03
9.100000e-01 -3.867674e-03
9.150000e-01 -5.659555e-03
9.200000e-01 -7.208781e-03
9.250000e-01 -8.460247e-03
9.300000e-01 -9.406826e-03
9.350000e-01 -9.980423e-03
9.400000e-01 -1.016292e-02
9.450000e-01 -9.926054e-03
9.500000e-01 -9.270051e-03
9.550000e-01 -8.266634e-03
9.600000e-01 -6.906991e-03
9.650000e-01 -5.276940e-03
9.700000e-01 -3.476011e-03
9.750000e-01 -1.522480e-03
9.800000e-01 4.791220e-04
9.850000e-01 2.487388e-03
9.900000e-01 4.404312e-03
9.950000e-01 6.117902e-03
1 7.630855e-03
1.005000e+00 8.818265e-03
1.010000e+00 9.627559e-03
1.015000e+00 1.006671e-02
1.020000e+00 1.008845e-02
1.025000e+00 9.728828e-03
1.030000e+00 9.001699e-03
1.035000e+00 7.904503e-03
1.040000e+00 6.498333e-03
1.045000e+00 4.823573e-03
1.050000e+00 2.930344e-03
1.055000e+00 9.316260e-04
1.060000e+00 -1.096840e-03
1.065000e+00 -3.084720e-03
1.070000e+00 -4.936118e-03
1.075000e+00 -6.590086e-03
1.080000e+00 -7.978186e-03
1.085000e+00 -9.053261e-03
1.090000e+00 -9.794043e-03
1.095000e+00 -1.014376e-02
1.100000e+00 -1.007053e-02
1.105000e+00 -9.590081e-03
1.110000e+00 -8.724689e-03
1.115000e+00 -7.501744e-03
1.120000e+00 -5.985255e-03
1.125000e+00 -4.251570e-03
1.130000e+00 -2.354333e-03
1.135000e+00 -3.519273e-04
1.140000e+00 1.667937e-03
1.145000e+00 3.632827e-03
1.150000e+00 5.464411e-03
1.155000e+00 7.093581e-03
1.160000e+00 8.440415e-03
1.165000e+00 9.369245e-03
1.170000e+00 9.837049e-03
1.175000e+00 9.735494e-03
1.180000e+00 8.932017e-03
1.185000e+00 7.403178e-03
1.190000e+00 5.088680e-03
1.195000e+00 2.121622e-03
1.200000e+00 -1.271221e-03
1.205000e+00 -4.819307e-03
1.210000e+00 -8.072428e-03
1.215000e+00 -1.076629e-02
1.220000e+00 -1.278351e-02
1.225000e+00 -1.411101e-02
1.230000e+00 -1.491775e-02
1.235000e+00 -1.531490e-02
1.240000e+00 -1.529411e-02
1.245000e+00 -1.471452e-02
1.250000e+00 -1.333881e-02
1.255000e+00 -1.097859e-02
1.260000e+00 -7.677571e-03
1.265000e+00 -3.653210e-03
1.270000e+00 8.377546e-04
1.275000e+00 5.518822e-03
1.280000e+00 1.019600e-02
1.285000e+00 1.466741e-02
1.290000e+00 1.863364e-02
1.295000e+00 2.169164e-02
1.300000e+00 2.353394e-02
1.305000e+00 2.413870e-02
1.310000e+00 2.373140e-02
1.315000e+00 2.264368e-02
1.320000e+00 2.100080e-02
1.325000e+00 1.871843e-02
1.330000e+00 1.560569e-02
1.335000e+00 1.157303e-02
1.340000e+00 6.895106e-03
1.345000e+00 1.977764e-03
1.350000e+00 -2.822634e-03
1.355000e+00 -7.327996e-03
1.360000e+00 -1.160076e-02
1.365000e+00 -1.556893e-02
1.370000e+00 -1.904834e-02
1.375000e+00 -2.183031e-02
1.380000e+00 -2.363830e-02
1.385000e+00 -2.441503e-02
1.390000e+00 -2.416885e-02
1.395000e+00 -2.290758e-02
1.400000e+00 -2.078427e-02
1.405000e+00 -1.791123e-02
1.410000e+00 -1.440809e-02
1.415000e+00 -1.035687e-02
1.420000e+00 -5.782681e-03
1.425000e+00 -8.534992e-04
1.430000e+00 4.134300e-03
1.435000e+00 8.854418e-03
1.440000e+00 1.306462e-02
1.445000e+00 1.669169e-02
1.450000e+00 1.981368e-02
1.455000e+00 2.239756e-02
1.460000e+00 2.402350e-02
1.465000e+00 2.432448e-02
1.470000e+00 2.362069e-02
1.475000e+00 2.237573e-02
1.480000e+00 2.036798e-02
1.485000e+00 1.715857e-02
1.490000e+00 1.306078e-02
1.495000e+00 8.749733e-03
1.500000e+00 4.287874e-03
1.505000e+00 -4.864825e-04
1.510000e+00 -5.313596e-03
1.515000e+00 -9.941642e-03
1.520000e+00 -1.428332e-02
1.525000e+00 -1.796472e-02
1.530000e+00 -2.072822e-02
1.535000e+00 -2.274427e-02
1.540000e+00 -2.401149e-02
1.545000e+00 -2.429695e-02
1.550000e+00 -2.356466e-02
1.555000e+00 -2.187920e-02
1.560000e+00 -1.922658e-02
1.565000e+00 -1.585714e-02
1.570000e+00 -1.210551e-02
1.575000e+00 -7.766338e-03
1.580000e+00 -2.815608e-03
1.585000e+00 2.155394e-03
1.590000e+00 6.822414e-03
1.595000e+00 1.118448e-02
1.600000e+00 1.520811e-02
1.605000e+00 1.878107e-02
1.610000e+00 2.154919e-02
1.615000e+00 2.322056e-02
1.620000e+00 2.407762e-02
1.625000e+00 2.423056e-02
1.630000e+00 2.320462e-02
1.635000e+00 2.108863e-02
1.640000e+00 1.836018e-02
1.645000e+00 1.493405e-02
1.650000e+00 1.074270e-02
1.655000e+00 6.171932e-03
1.660000e+00 1.453335e-03
1.665000e+00 -3.329353e-03
1.670000e+00 -8.041815e-03
1.675000e+00 -1.253022e-02
1.680000e+00 -1.641188e-02
1.685000e+00 -1.958920e-02
1.690000e+00 -2.210921e-02
1.695000e+00 -2.361829e-02
1.700000e+00 -2.417352e-02
1.705000e+00 -2.396954e-02
1.710000e+00 -2.267197e-02
1.715000e+00 -2.036183e-02
1.720000e+00 -1.744299e-02
1.725000e+00 -1.382864e-02
1.730000e+00 -9.502748e-03
1.735000e+00 -4.825238e-03
1.740000e+00 -7.230849e-06
1.745000e+00 4.802649e-03
1.750000e+00 9.400463e-03
1.755000e+00 1.366745e-02
1.760000e+00 1.738908e-02
1.765000e+00 2.037995e-02
1.770000e+00 2.257380e-02
1.775000e+00 2.390761e-02
1.780000e+00 2.431772e-02
1.785000e+00 2.366921e-02
1.790000e+00 2.202332e-02
1.795000e+00 1.965481e-02
1.800000e+00 1.646174e-02
1.805000e+00 1.246087e-02
1.810000e+00 8.144798e-03
1.815000e+00 3.526441e-03
1.820000e+00 -1.383543e-03
1.825000e+00 -6.139668e-03
1.830000e+00 -1.066451e-02
1.835000e+00 -1.483371e-02
1.840000e+00 -1.833382e-02
1.845000e+00 -2.111760e-02
1.850000e+00 -2.305923e-02
1.855000e+00 -2.404861e-02
1.860000e+00 -2.413335e-02
1.865000e+00 -2.323873e-02
1.870000e+00 -2.139595e-02
1.875000e+00 -1.876721e-02
1.880000e+00 -1.539770e-02
1.885000e+00 -1.134421e-02
1.890000e+00 -6.818960e-03
1.895000e+00 -2.083296e-03
1.900000e+00 2.755298e-03
1.905000e+00 7.528153e-03
1.910000e+00 1.191300e-02
1.915000e+00 1.585073e-02
1.920000e+00 1.924081e-02
1.925000e+00 2.175076e-02
1.930000e+00 2.344110e-02
1.935000e+00 2.427464e-02
1.940000e+00 2.401574e-02
1.945000e+00 2.284209e-02
1.950000e+00 2.077718e-02
1.955000e+00 1.779947e-02
1.960000e+00 1.417856e-02
1.965000e+00 1.004670e-02
1.970000e+00 5.478221e-03
1.975000e+00 6.575840e-04
1.980000e+00 -4.174104e-03
1.985000e+00 -8.811810e-03
1.990000e+00 -1.315071e-02
1.995000e+00 -1.696766e-02
2 -2.007998e-02
2.005000e+00 -2.237807e-02
2.010000e+00 -2.375770e-02
2.015000e+00 -2.424148e-02
2.020000e+00 -2.372900e-02
2.025000e+00 -2.229851e-02
2.030000e+00 -2.002467e-02
2.035000e+00 -1.685179e-02
2.040000e+00 -1.306609e-02
2.045000e+00 -8.766808e-03
2.050000e+00 -4.021364e-03
2.055000e+00 7.896159e-04
2.060000e+00 5.568762e-03
2.065000e+00 1.016922e-02
2.070000e+00 1.428562e-02
2.075000e+00 1.790215e-02
2.080000e+00 2.081331e-02
2.085000e+00 2.284068e-02
2.090000e+00 2.403523e-02
2.095000e+00 2.424669e-02
2.100000e+00 2.343848e-02
2.105000e+00 2.171388e-02
2.110000e+00 1.913485e-02
2.115000e+00 1.577595e-02
2.120000e+00 1.181226e-02
2.125000e+00 7.422131e-03
2.130000e+00 2.664919e-03
2.135000e+00 -2.177392e-03
2.140000e+00 -6.900349e-03
2.145000e+00 -1.142807e-02
2.150000e+00 -1.545711e-02
2.155000e+00 -1.886561e-02
2.160000e+00 -2.152015e-02
2.165000e+00 -2.328888e-02
2.170000e+00 -2.415842e-02
2.175000e+00 -2.403780e-02
2.180000e+00 -2.302612e-02
2.185000e+00 -2.107333e-02
2.190000e+00 -1.823435e-02
2.195000e+00 -1.474667e-02
2.200000e+00 -1.057907e-02
2.205000e+00 -6.001963e-03
2.210000e+00 -1.250059e-03
2.215000e+00 3.618446e-03
2.220000e+00 8.295601e-03
2.225000e+00 1.263581e-02
2.230000e+00 1.649374e-02
2.235000e+00 1.967630e-02
2.240000e+00 2.211193e-02
2.245000e+00 2.367295e-02
2.250000e+00 2.426283e-02
2.255000e+00 2.387646e-02
2.260000e+00 2.254862e-02
2.265000e+00 2.030138e-02
2.270000e+00 1.725202e-02
2.275000e+00 1.354034e-02
2.280000e+00 9.272628e-03
2.285000e+00 4.673464e-03
2.290000e+00 -1.393401e-04
2.295000e+00 -4.978945e-03
2.300000e+00 -9.595724e-03
2.305000e+00 -1.385845e-02
2.310000e+00 -1.754512e-02
2.315000e+00 -2.054140e-02
2.320000e+00 -2.272727e-02
2.325000e+00 -2.400691e-02
2.330000e+00 -2.435154e-02
2.335000e+00 -2.370995e-02
2.340000e+00 -2.217061e-02
2.345000e+00 -1.971264e-02
2.350000e+00 -1.642027e-02
2.355000e+00 -1.248902e-02
2.360000e+00 -7.977112e-03
2.365000e+00 -3.166110e-03
2.370000e+00 1.722140e-03
2.375000e+00 6.571509e-03
2.380000e+00 1.108611e-02
2.385000e+00 1.508208e-02
2.390000e+00 1.842025e-02
2.395000e+00 2.087913e-02
2.400000e+00 2.229039e-02
2.405000e+00 2.250735e-02
2.410000e+00 2.141927e-02
2.415000e+00 1.905599e-02
2.420000e+00 1.554224e-02
2.425000e+00 1.111546e-02
2.430000e+00 6.130687e-03
2.435000e+00 9.473822e-04
2.440000e+00 -4.096931e-03
2.445000e+00 -8.745376e-03
2.450000e+00 -1.285283e-02
2.455000e+00 -1.632211e-02
2.460000e+00 -1.917291e-02
2.465000e+00 -2.134277e-02
2.470000e+00 -2.266616e-02
2.475000e+00 -2.304011e-02
2.480000e+00 -2.224907e-02
2.485000e+00 -2.011445e-02
2.490000e+00 -1.664256e-02
2.495000e+00 -1.200247e-02
2.500000e+00 -6.518368e-03
2.505000e+00 -6.359927e-04
2.510000e+00 5.204454e-03
2.515000e+00 1.068279e-02
2.520000e+00 1.550629e-02
2.525000e+00 1.954244e-02
2.530000e+00 2.279464e-02
2.535000e+00 2.512331e-02
2.540000e+00 2.648695e-02
2.545000e+00 2.688998e-02
2.550000e+00 2.625601e-02
2.555000e+00 2.473313e-02
2.560000e+00 2.233526e-02
2.565000e+00 1.905589e-02
2.570000e+00 1.499886e-02
2.575000e+00 1.007733e-02
2.580000e+00 4.556460e-03
2.585000e+00 -1.170245e-03
2.590000e+00 -6.781138e-03
2.595000e+00 -1.187072e-02
2.600000e+00 -1.636055e-02
2.605000e+00 -2.024434e-02
2.610000e+00 -2.351146e-02
2.615000e+00 -2.609160e-02
2.620000e+00 -2.762284e-02
2.625000e+00 -2.784942e-02
2.630000e+00 -2.670867e-02
2.635000e+00 -2.437951e-02
2.640000e+00 -2.125515e-02
2.645000e+00 -1.754600e-02
2.650000e+00 -1.333416e-02
2.655000e+00 -8.534514e-03
2.660000e+00 -3.132749e-03
2.665000e+00 2.578620e-03
2.670000e+00 8.248822e-03
2.675000e+00 1.340362e-02
2.680000e+00 1.778373e-02
2.685000e+00 2.144043e-02
2.690000e+00 2.431260e-02
2.695000e+00 2.636702e-02
2.700000e+00 2.751946e-02
2.705000e+00 2.748030e-02
2.710000e+00 2.621326e-02
2.715000e+00 2.383844e-02
2.720000e+00 2.050282e-02
2.725000e+00 1.647955e-02
2.730000e+00 1.183750e-02
2.735000e+00 6.677570e-03
2.740000e+00 1.268708e-03
2.745000e+00 -4.219827e-03
2.750000e+00 -9.580789e-03
2.755000e+00 -1.453613e-02
2.760000e+00 -1.888239e-02
2.765000e+00 -2.247902e-02
2.770000e+00 -2.518116e-02
2.775000e+00 -2.687316e-02
2.780000e+00 -2.751454e-02
2.785000e+00 -2.706492e-02
2.790000e+00 -2.553084e-02
2.795000e+00 -2.297563e-02
2.800000e+00 -1.947665e-02
2.805000e+00 -1.520178e-02
2.810000e+00 -1.034979e-02
2.815000e+00 -5.121651e-03
2.820000e+00 3.322845e-04
2.825000e+00 5.812880e-03
2.830000e+00 1.106187e-02
2.835000e+00 1.588126e-02
2.840000e+00 2.000757e-02
2.845000e+00 2.332192e-02
2.850000e+00 2.576537e-02
2.855000e+00 2.717703e-02
2.860000e+00 2.750529e-02
2.865000e+00 2.671942e-02
2.870000e+00 2.483002e-02
2.875000e+00 2.196552e-02
2.880000e+00 1.830278e-02
2.885000e+00 1.395156e-02
2.890000e+00 8.929317e-03
2.895000e+00 3.453506e-03
2.900000e+00 -2.093141e-03
2.905000e+00 -7.423104e-03
2.910000e+00 -1.237723e-02
2.915000e+00 -1.698856e-02
2.920000e+00 -2.108210e-02
2.925000e+00 -2.424516e-02
2.930000e+00 -2.633394e-02
2.935000e+00 -2.728380e-02
2.940000e+00 -2.721985e-02
2.945000e+00 -2.627102e-02
2.950000e+00 -2.424072e-02
2.955000e+00 -2.108994e-02
2.960000e+00 -1.698932e-02
2.965000e+00 -1.230839e-02
2.970000e+00 -7.319796e-03
2.975000e+00 -2.057421e-03
2.980000e+00 3.400956e-03
2.985000e+00 8.940085e-03
2.990000e+00 1.410645e-02
2.995000e+00 1.838204e-02
3 2.182913e-02
