T X
0 0
5.000000e-03 1.006739e-12
1.000000e-02 -1.801921e-11
1.500000e-02 -6.708864e-11
2.000000e-02 -2.023960e-10
2.500000e-02 -4.771021e-10
3.000000e-02 8.637237e-10
3.500000e-02 2.105005e-08
4.000000e-02 1.750008e-07
4.500000e-02 1.065976e-06
5.000000e-02 5.299526e-06
5.500000e-02 2.220353e-05
6.000000e-02 7.940753e-05
6.500000e-02 2.435862e-04
7.000000e-02 6.423957e-04
7.500000e-02 1.457795e-03
8.000000e-02 2.845881e-03
8.500000e-02 4.775901e-03
9.000000e-02 6.896675e-03
9.500000e-02 8.633871e-03
1.000000e-01 9.581495e-03
1.050000e-01 9.856583e-03
1.100000e-01 9.922041e-03
1.150000e-01 9.955632e-03
1.200000e-01 9.599508e-03
1.250000e-01 8.544874e-03
1.300000e-01 7.072356e-03
1.350000e-01 5.593724e-03
1.400000e-01 3.977162e-03
1.450000e-01 1.947616e-03
1.500000e-01 -2.015176e-04
1.550000e-01 -2.069519e-03
1.600000e-01 -3.842679e-03
1.650000e-01 -5.701757e-03
1.700000e-01 -7.264295e-03
1.750000e-01 -8.356838e-03
1.800000e-01 -9.294062e-03
1.850000e-01 -9.983874e-03
1.900000e-01 -1.006365e-02
1.950000e-01 -9.733159e-03
2.000000e-01 -9.188345e-03
2.050000e-01 -8.161529e-03
2.100000e-01 -6.755767e-03
2.150000e-01 -5.284651e-03
2.200000e-01 -3.528580e-03
2.250000e-01 -1.462231e-03
2.300000e-01 5.104383e-04
2.350000e-01 2.428188e-03
2.400000e-01 4.360555e-03
2.450000e-01 6.014731e-03
2.500000e-01 7.461050e-03
2.550000e-01 8.735167e-03
2.600000e-01 9.484210e-03
2.650000e-01 9.836540e-03
2.700000e-01 9.986804e-03
2.750000e-01 9.643695e-03
2.800000e-01 8.865139e-03
2.850000e-01 7.825729e-03
2.900000e-01 6.391906e-03
2.950000e-01 4.724877e-03
3.000000e-01 2.921167e-03
3.050000e-01 8.976860e-04
3.100000e-01 -1.063790e-03
3.150000e-01 -2.931503e-03
3.200000e-01 -4.836197e-03
3.250000e-01 -6.479355e-03
3.300000e-01 -7.812531e-03
3.350000e-01 -8.922046e-03
3.400000e-01 -9.626265e-03
3.450000e-01 -9.953733e-03
3.500000e-01 -9.892623e-03
3.550000e-01 -9.384038e-03
3.600000e-01 -8.576434e-03
3.650000e-01 -7.403774e-03
3.700000e-01 -5.902185e-03
3.750000e-01 -4.250942e-03
3.800000e-01 -2.358361e-03
3.850000e-01 -3.425055e-04
3.900000e-01 1.614156e-03
3.950000e-01 3.548615e-03
4.000000e-01 5.338968e-03
4.050000e-01 6.886335e-03
4.100000e-01 8.169612e-03
4.150000e-01 9.136101e-03
4.200000e-01 9.760068e-03
4.250000e-01 9.966823e-03
4.300000e-01 9.786159e-03
4.350000e-01 9.228355e-03
4.400000e-01 8.253316e-03
4.450000e-01 6.984051e-03
4.500000e-01 5.452434e-03
4.550000e-01 3.661921e-03
4.600000e-01 1.751785e-03
4.650000e-01 -2.050205e-04
4.700000e-01 -2.192921e-03
4.750000e-01 -4.098127e-03
4.800000e-01 -5.793273e-03
4.850000e-01 -7.299886e-03
4.900000e-01 -8.523676e-03
4.950000e-01 -9.350912e-03
5.000000e-01 -9.862705e-03
5.050000e-01 -9.965175e-03
5.100000e-01 -9.629813e-03
5.150000e-01 -8.982662e-03
5.200000e-01 -7.942420e-03
5.250000e-01 -6.545596e-03
5.300000e-01 -4.955151e-03
5.350000e-01 -3.153142e-03
5.400000e-01 -1.175576e-03
5.450000e-01 7.963717e-04
5.500000e-01 2.741255e-03
5.550000e-01 4.639519e-03
5.600000e-01 6.273275e-03
5.650000e-01 7.663683e-03
5.700000e-01 8.825758e-03
5.750000e-01 9.549527e-03
5.800000e-01 9.921162e-03
5.850000e-01 9.951830e-03
5.900000e-01 9.525366e-03
5.950000e-01 8.746427e-03
6.000000e-01 7.612652e-03
6.050000e-01 6.154479e-03
6.100000e-01 4.458088e-03
6.150000e-01 2.576346e-03
6.200000e-01 6.033737e-04
6.250000e-01 -1.393158e-03
6.300000e-01 -3.323346e-03
6.350000e-01 -5.140211e-03
6.400000e-01 -6.732989e-03
6.450000e-01 -8.059177e-03
6.500000e-01 -9.086661e-03
6.550000e-01 -9.699689e-03
6.600000e-01 -9.965733e-03
6.650000e-01 -9.810511e-03
6.700000e-01 -9.251689e-03
6.750000e-01 -8.383237e-03
6.800000e-01 -7.125042e-03
6.850000e-01 -5.632675e-03
6.900000e-01 -3.914747e-03
6.950000e-01 -2.002748e-03
7.000000e-01 -5.299414e-05
7.050000e-01 1.940112e-03
7.100000e-01 3.840697e-03
7.150000e-01 5.576447e-03
7.200000e-01 7.105246e-03
7.250000e-01 8.344535e-03
7.300000e-01 9.252116e-03
7.350000e-01 9.797072e-03
7.400000e-01 9.964667e-03
7.450000e-01 9.719200e-03
7.500000e-01 9.093532e-03
7.550000e-01 8.083034e-03
7.600000e-01 6.749594e-03
7.650000e-01 5.172547e-03
7.700000e-01 3.361563e-03
7.750000e-01 1.441556e-03
7.800000e-01 -5.334427e-04
7.850000e-01 -2.506645e-03
7.900000e-01 -4.365157e-03
7.950000e-01 -6.070228e-03
8.000000e-01 -7.532995e-03
8.050000e-01 -8.691080e-03
8.100000e-01 -9.490732e-03
8.150000e-01 -9.900798e-03
8.200000e-01 -9.934324e-03
8.250000e-01 -9.570237e-03
8.300000e-01 -8.812743e-03
8.350000e-01 -7.716697e-03
8.400000e-01 -6.328189e-03
8.450000e-01 -4.648012e-03
8.500000e-01 -2.819990e-03
8.550000e-01 -8.553364e-04
8.600000e-01 1.166334e-03
8.650000e-01 3.070730e-03
8.700000e-01 4.909116e-03
8.750000e-01 6.522909e-03
8.800000e-01 7.877337e-03
8.850000e-01 8.938890e-03
8.900000e-01 9.626384e-03
8.950000e-01 9.946786e-03
9.000000e-01 9.862863e-03
9.050000e-01 9.393410e-03
9.100000e-01 8.522826e-03
9.150000e-01 7.346745e-03
9.200000e-01 5.859720e-03
9.250000e-01 4.129487e-03
9.300000e-01 2.261375e-03
9.350000e-01 2.899232e-04
9.400000e-01 -1.707746e-03
9.450000e-01 -3.615560e-03
9.500000e-01 -5.389148e-03
9.550000e-01 -6.976781e-03
9.600000e-01 -8.225100e-03
9.650000e-01 -9.204276e-03
9.700000e-01 -9.791012e-03
9.750000e-01 -9.963933e-03
9.800000e-01 -9.785667e-03
9.850000e-01 -9.173323e-03
9.900000e-01 -8.206848e-03
9.950000e-01 -6.941722e-03
1 -5.375977e-03
1.005000e+00 -3.578279e-03
1.010000e+00 -1.690166e-03
1.015000e+00 3.131013e-04
1.020000e+00 2.293327e-03
1.025000e+00 4.158839e-03
1.030000e+00 5.898550e-03
1.035000e+00 7.357540e-03
1.040000e+00 8.530535e-03
1.045000e+00 9.391327e-03
1.050000e+00 9.862896e-03
1.055000e+00 9.939756e-03
1.060000e+00 9.640868e-03
1.065000e+00 8.929622e-03
1.070000e+00 7.895430e-03
1.075000e+00 6.514449e-03
1.080000e+00 4.860200e-03
1.085000e+00 3.058977e-03
1.090000e+00 1.103276e-03
1.095000e+00 -8.777212e-04
1.100000e+00 -2.827218e-03
1.105000e+00 -4.647760e-03
1.110000e+00 -6.295218e-03
1.115000e+00 -7.666004e-03
1.120000e+00 -8.729123e-03
1.125000e+00 -9.491388e-03
1.130000e+00 -9.972485e-03
1.135000e+00 -1.031073e-02
1.140000e+00 -1.056997e-02
1.145000e+00 -1.091962e-02
1.150000e+00 -1.135040e-02
1.155000e+00 -1.175580e-02
1.160000e+00 -1.199578e-02
1.165000e+00 -1.171569e-02
1.170000e+00 -1.078342e-02
1.175000e+00 -9.149993e-03
1.180000e+00 -6.891602e-03
1.185000e+00 -4.412739e-03
1.190000e+00 -1.938163e-03
1.195000e+00 3.741524e-04
1.200000e+00 2.495116e-03
1.205000e+00 4.621898e-03
1.210000e+00 6.770617e-03
1.215000e+00 8.820662e-03
1.220000e+00 1.056012e-02
1.225000e+00 1.169258e-02
1.230000e+00 1.215562e-02
1.235000e+00 1.212248e-02
1.240000e+00 1.175594e-02
1.245000e+00 1.113281e-02
1.250000e+00 1.012977e-02
1.255000e+00 8.565773e-03
1.260000e+00 6.453286e-03
1.265000e+00 3.998336e-03
1.270000e+00 1.506991e-03
1.275000e+00 -8.097834e-04
1.280000e+00 -2.913026e-03
1.285000e+00 -4.880789e-03
1.290000e+00 -6.577362e-03
1.295000e+00 -7.695157e-03
1.300000e+00 -8.032694e-03
1.305000e+00 -7.469470e-03
1.310000e+00 -6.220948e-03
1.315000e+00 -4.579270e-03
1.320000e+00 -2.699695e-03
1.325000e+00 -7.362436e-04
1.330000e+00 1.167020e-03
1.335000e+00 2.769347e-03
1.340000e+00 3.928454e-03
1.345000e+00 4.851032e-03
1.350000e+00 5.785389e-03
1.355000e+00 6.815477e-03
1.360000e+00 7.830554e-03
1.365000e+00 8.557786e-03
1.370000e+00 8.672302e-03
1.375000e+00 8.089175e-03
1.380000e+00 7.241090e-03
1.385000e+00 6.419999e-03
1.390000e+00 5.360553e-03
1.395000e+00 3.847057e-03
1.400000e+00 2.393495e-03
1.405000e+00 1.149059e-03
1.410000e+00 -5.590010e-04
1.415000e+00 -2.692340e-03
1.420000e+00 -4.496950e-03
1.425000e+00 -5.699265e-03
1.430000e+00 -6.689903e-03
1.435000e+00 -7.494062e-03
1.440000e+00 -8.106091e-03
1.445000e+00 -8.696515e-03
1.450000e+00 -8.779792e-03
1.455000e+00 -8.231478e-03
1.460000e+00 -7.403563e-03
1.465000e+00 -6.340166e-03
1.470000e+00 -5.022145e-03
1.475000e+00 -3.641231e-03
1.480000e+00 -2.167035e-03
1.485000e+00 -3.438532e-04
1.490000e+00 1.496130e-03
1.495000e+00 3.125751e-03
1.500000e+00 4.671019e-03
1.505000e+00 5.933297e-03
1.510000e+00 6.965321e-03
1.515000e+00 7.949290e-03
1.520000e+00 8.517635e-03
1.525000e+00 8.632498e-03
1.530000e+00 8.509204e-03
1.535000e+00 7.943726e-03
1.540000e+00 7.080746e-03
1.545000e+00 6.160220e-03
1.550000e+00 4.904673e-03
1.555000e+00 3.245645e-03
1.560000e+00 1.515185e-03
1.565000e+00 -2.080190e-04
1.570000e+00 -1.828840e-03
1.575000e+00 -3.329950e-03
1.580000e+00 -5.002970e-03
1.585000e+00 -6.430206e-03
1.590000e+00 -7.418765e-03
1.595000e+00 -8.201509e-03
1.600000e+00 -8.516853e-03
1.605000e+00 -8.622323e-03
1.610000e+00 -8.562766e-03
1.615000e+00 -7.999017e-03
1.620000e+00 -7.011054e-03
1.625000e+00 -5.723413e-03
1.630000e+00 -4.327971e-03
1.635000e+00 -2.912095e-03
1.640000e+00 -1.247175e-03
1.645000e+00 6.932106e-04
1.650000e+00 2.467564e-03
1.655000e+00 3.987847e-03
1.660000e+00 5.362564e-03
1.665000e+00 6.656409e-03
1.670000e+00 7.830516e-03
1.675000e+00 8.432658e-03
1.680000e+00 8.621651e-03
1.685000e+00 8.758182e-03
1.690000e+00 8.546374e-03
1.695000e+00 7.780615e-03
1.700000e+00 6.689985e-03
1.705000e+00 5.493191e-03
1.710000e+00 4.112862e-03
1.715000e+00 2.414927e-03
1.720000e+00 5.921496e-04
1.725000e+00 -1.106807e-03
1.730000e+00 -2.800854e-03
1.735000e+00 -4.452908e-03
1.740000e+00 -5.943209e-03
1.745000e+00 -7.110860e-03
1.750000e+00 -8.057951e-03
1.755000e+00 -8.780150e-03
1.760000e+00 -8.874070e-03
1.765000e+00 -8.723482e-03
1.770000e+00 -8.450752e-03
1.775000e+00 -7.630061e-03
1.780000e+00 -6.484801e-03
1.785000e+00 -5.166061e-03
1.790000e+00 -3.619580e-03
1.795000e+00 -1.946748e-03
1.800000e+00 -9.507766e-05
1.805000e+00 1.703162e-03
1.810000e+00 3.377107e-03
1.815000e+00 4.999119e-03
1.820000e+00 6.346590e-03
1.825000e+00 7.520443e-03
1.830000e+00 8.414741e-03
1.835000e+00 8.818403e-03
1.840000e+00 9.001695e-03
1.845000e+00 8.884190e-03
1.850000e+00 8.260853e-03
1.855000e+00 7.304922e-03
1.860000e+00 6.171668e-03
1.865000e+00 4.845701e-03
1.870000e+00 3.187084e-03
1.875000e+00 1.419758e-03
1.880000e+00 -3.037613e-04
1.885000e+00 -2.133301e-03
1.890000e+00 -3.838039e-03
1.895000e+00 -5.364697e-03
1.900000e+00 -6.741393e-03
1.905000e+00 -7.814461e-03
1.910000e+00 -8.596739e-03
1.915000e+00 -9.000210e-03
1.920000e+00 -9.078310e-03
1.925000e+00 -8.818833e-03
1.930000e+00 -8.166601e-03
1.935000e+00 -7.196149e-03
1.940000e+00 -5.889624e-03
1.945000e+00 -4.435368e-03
1.950000e+00 -2.784222e-03
1.955000e+00 -9.326226e-04
1.960000e+00 8.495458e-04
1.965000e+00 2.627363e-03
1.970000e+00 4.329350e-03
1.975000e+00 5.850898e-03
1.980000e+00 7.102138e-03
1.985000e+00 8.074280e-03
1.990000e+00 8.833013e-03
1.995000e+00 9.103007e-03
2 9.060469e-03
2.005000e+00 8.733025e-03
2.010000e+00 7.930517e-03
2.015000e+00 6.901353e-03
2.020000e+00 5.564796e-03
2.025000e+00 3.974653e-03
2.030000e+00 2.272065e-03
2.035000e+00 4.811393e-04
2.040000e+00 -1.331858e-03
2.045000e+00 -3.129965e-03
2.050000e+00 -4.757536e-03
2.055000e+00 -6.214264e-03
2.060000e+00 -7.438748e-03
2.065000e+00 -8.353652e-03
2.070000e+00 -8.933127e-03
2.075000e+00 -9.148573e-03
2.080000e+00 -9.040343e-03
2.085000e+00 -8.530994e-03
2.090000e+00 -7.662289e-03
2.095000e+00 -6.585730e-03
2.100000e+00 -5.189015e-03
2.105000e+00 -3.545171e-03
2.110000e+00 -1.825521e-03
2.115000e+00 5.297579e-06
2.120000e+00 1.857842e-03
2.125000e+00 3.576231e-03
2.130000e+00 5.154090e-03
2.135000e+00 6.571093e-03
2.140000e+00 7.709269e-03
2.145000e+00 8.523491e-03
2.150000e+00 9.008672e-03
2.155000e+00 9.172319e-03
2.160000e+00 8.949835e-03
2.165000e+00 8.348032e-03
2.170000e+00 7.399062e-03
2.175000e+00 6.158082e-03
2.180000e+00 4.769480e-03
2.185000e+00 3.106920e-03
2.190000e+00 1.272263e-03
2.195000e+00 -4.759453e-04
2.200000e+00 -2.297270e-03
2.205000e+00 -4.055138e-03
2.210000e+00 -5.562601e-03
2.215000e+00 -6.903240e-03
2.220000e+00 -7.987569e-03
2.225000e+00 -8.685149e-03
2.230000e+00 -9.040258e-03
2.235000e+00 -9.121651e-03
2.240000e+00 -8.739344e-03
2.245000e+00 -8.037108e-03
2.250000e+00 -7.139322e-03
2.255000e+00 -5.782663e-03
2.260000e+00 -4.248994e-03
2.265000e+00 -2.603158e-03
2.270000e+00 -7.863445e-04
2.275000e+00 9.954912e-04
2.280000e+00 2.707403e-03
2.285000e+00 4.335043e-03
2.290000e+00 5.805238e-03
2.295000e+00 7.017175e-03
2.300000e+00 7.997152e-03
2.305000e+00 8.651504e-03
2.310000e+00 8.962376e-03
2.315000e+00 8.982760e-03
2.320000e+00 8.627289e-03
2.325000e+00 7.889795e-03
2.330000e+00 6.852876e-03
2.335000e+00 5.530456e-03
2.340000e+00 3.925253e-03
2.345000e+00 2.123926e-03
2.350000e+00 1.730857e-04
2.355000e+00 -2.007484e-03
2.360000e+00 -4.332970e-03
2.365000e+00 -6.839640e-03
2.370000e+00 -9.579202e-03
2.375000e+00 -1.232487e-02
2.380000e+00 -1.494002e-02
2.385000e+00 -1.722688e-02
2.390000e+00 -1.879571e-02
2.395000e+00 -1.951165e-02
2.400000e+00 -1.922483e-02
2.405000e+00 -1.787503e-02
2.410000e+00 -1.573980e-02
2.415000e+00 -1.291767e-02
2.420000e+00 -9.749540e-03
2.425000e+00 -6.421316e-03
2.430000e+00 -2.960604e-03
2.435000e+00 5.452762e-04
2.440000e+00 4.072789e-03
2.445000e+00 7.596344e-03
2.450000e+00 1.105802e-02
2.455000e+00 1.407061e-02
2.460000e+00 1.656762e-02
2.465000e+00 1.826402e-02
2.470000e+00 1.898494e-02
2.475000e+00 1.902982e-02
2.480000e+00 1.827808e-02
2.485000e+00 1.696718e-02
2.490000e+00 1.518117e-02
2.495000e+00 1.272881e-02
2.500000e+00 9.787692e-03
2.505000e+00 6.437570e-03
2.510000e+00 2.915557e-03
2.515000e+00 -2.752697e-04
2.520000e+00 -2.926418e-03
2.525000e+00 -4.976502e-03
2.530000e+00 -6.442695e-03
2.535000e+00 -7.600963e-03
2.540000e+00 -8.387049e-03
2.545000e+00 -8.741855e-03
2.550000e+00 -8.757716e-03
2.555000e+00 -8.383828e-03
2.560000e+00 -7.884184e-03
2.565000e+00 -7.414356e-03
2.570000e+00 -6.879165e-03
2.575000e+00 -6.062528e-03
2.580000e+00 -4.716939e-03
2.585000e+00 -2.840650e-03
2.590000e+00 -5.226308e-04
2.595000e+00 1.767749e-03
2.600000e+00 3.707901e-03
2.605000e+00 5.319241e-03
2.610000e+00 6.535224e-03
2.615000e+00 7.536853e-03
2.620000e+00 8.397586e-03
2.625000e+00 8.938194e-03
2.630000e+00 9.198367e-03
2.635000e+00 9.117754e-03
2.640000e+00 8.607949e-03
2.645000e+00 7.718737e-03
2.650000e+00 6.412687e-03
2.655000e+00 4.764023e-03
2.660000e+00 2.931155e-03
2.665000e+00 1.139932e-03
2.670000e+00 -5.432826e-04
2.675000e+00 -2.136504e-03
2.680000e+00 -3.793544e-03
2.685000e+00 -5.586523e-03
2.690000e+00 -7.198408e-03
2.695000e+00 -8.412468e-03
2.700000e+00 -9.018585e-03
2.705000e+00 -9.144476e-03
2.710000e+00 -8.962732e-03
2.715000e+00 -8.661342e-03
2.720000e+00 -8.291307e-03
2.725000e+00 -7.514516e-03
2.730000e+00 -6.270234e-03
2.735000e+00 -4.508413e-03
2.740000e+00 -2.576572e-03
2.745000e+00 -7.134684e-04
2.750000e+00 1.075669e-03
2.755000e+00 2.742862e-03
2.760000e+00 4.468793e-03
2.765000e+00 6.080784e-03
2.770000e+00 7.467738e-03
2.775000e+00 8.598752e-03
2.780000e+00 9.287693e-03
2.785000e+00 9.578279e-03
2.790000e+00 9.481784e-03
2.795000e+00 8.955317e-03
2.800000e+00 8.118577e-03
2.805000e+00 7.006438e-03
2.810000e+00 5.697707e-03
2.815000e+00 4.106520e-03
2.820000e+00 2.144824e-03
2.825000e+00 9.265235e-05
2.830000e+00 -1.798469e-03
2.835000e+00 -3.478593e-03
2.840000e+00 -5.128993e-03
2.845000e+00 -6.725067e-03
2.850000e+00 -8.070497e-03
2.855000e+00 -9.061084e-03
2.860000e+00 -9.471215e-03
2.865000e+00 -9.454625e-03
2.870000e+00 -9.352429e-03
2.875000e+00 -8.929319e-03
2.880000e+00 -8.048125e-03
2.885000e+00 -6.731564e-03
2.890000e+00 -5.030332e-03
2.895000e+00 -3.241425e-03
2.900000e+00 -1.502595e-03
2.905000e+00 2.474959e-04
2.910000e+00 2.203401e-03
2.915000e+00 4.315036e-03
2.920000e+00 6.060021e-03
2.925000e+00 7.257816e-03
2.930000e+00 8.211652e-03
2.935000e+00 9.167666e-03
2.940000e+00 9.909302e-03
2.945000e+00 9.852577e-03
2.950000e+00 9.262169e-03
2.955000e+00 8.608348e-03
2.960000e+00 7.654249e-03
2.965000e+00 6.196561e-03
2.970000e+00 4.521845e-03
2.975000e+00 2.867426e-03
2.980000e+00 9.214400e-04
2.985000e+00 -1.190347e-03
2.990000e+00 -3.126428e-03
2.995000e+00 -4.839476e-03
3 -6.378989e-03
