T X
0 0
5.000000e-03 3.218517e-09
1.000000e-02 -3.499736e-09
1.500000e-02 7.409549e-08
2.000000e-02 1.022776e-06
2.500000e-02 7.756031e-06
3.000000e-02 4.265509e-05
3.500000e-02 1.793419e-04
4.000000e-02 5.921673e-04
4.500000e-02 1.556379e-03
5.000000e-02 3.280322e-03
5.500000e-02 5.585423e-03
6.000000e-02 7.797829e-03
6.500000e-02 9.246757e-03
7.000000e-02 9.967893e-03
7.500000e-02 1.053181e-02
8.000000e-02 1.103019e-02
8.500000e-02 1.090873e-02
9.000000e-02 1.005548e-02
9.500000e-02 9.001158e-03
1.000000e-01 7.784909e-03
1.050000e-01 6.016224e-03
1.100000e-01 3.963595e-03
1.150000e-01 2.024465e-03
1.200000e-01 -6.226682e-05
1.250000e-01 -2.276736e-03
1.300000e-01 -4.215536e-03
1.350000e-01 -6.056793e-03
1.400000e-01 -7.873055e-03
1.450000e-01 -9.260148e-03
1.500000e-01 -1.029798e-02
1.550000e-01 -1.101715e-02
1.600000e-01 -1.108103e-02
1.650000e-01 -1.071762e-02
1.700000e-01 -1.007329e-02
1.750000e-01 -8.940374e-03
1.800000e-01 -7.519134e-03
1.850000e-01 -5.779673e-03
1.900000e-01 -3.678017e-03
1.950000e-01 -1.582163e-03
2.000000e-01 5.968462e-04
2.050000e-01 2.841937e-03
2.100000e-01 4.898246e-03
2.150000e-01 6.817765e-03
2.200000e-01 8.371646e-03
2.250000e-01 9.583651e-03
2.300000e-01 1.058202e-02
2.350000e-01 1.102738e-02
2.400000e-01 1.102549e-02
2.450000e-01 1.066549e-02
2.500000e-01 9.835492e-03
2.550000e-01 8.619479e-03
2.600000e-01 6.984969e-03
2.650000e-01 5.155247e-03
2.700000e-01 3.153674e-03
2.750000e-01 9.186360e-04
2.800000e-01 -1.264628e-03
2.850000e-01 -3.422093e-03
2.900000e-01 -5.458745e-03
2.950000e-01 -7.265080e-03
3.000000e-01 -8.821654e-03
3.050000e-01 -9.961103e-03
3.100000e-01 -1.076314e-02
3.150000e-01 -1.110206e-02
3.200000e-01 -1.096893e-02
3.250000e-01 -1.046927e-02
3.300000e-01 -9.494019e-03
3.350000e-01 -8.172653e-03
3.400000e-01 -6.522677e-03
3.450000e-01 -4.608100e-03
3.500000e-01 -2.517397e-03
3.550000e-01 -2.954129e-04
3.600000e-01 1.911492e-03
3.650000e-01 4.072351e-03
3.700000e-01 6.028272e-03
3.750000e-01 7.741127e-03
3.800000e-01 9.190809e-03
3.850000e-01 1.023984e-02
3.900000e-01 1.088090e-02
3.950000e-01 1.109531e-02
4.000000e-01 1.089026e-02
4.050000e-01 1.023698e-02
4.100000e-01 9.162038e-03
4.150000e-01 7.730927e-03
4.200000e-01 5.970395e-03
4.250000e-01 3.991363e-03
4.300000e-01 1.859407e-03
4.350000e-01 -3.523127e-04
4.400000e-01 -2.532254e-03
4.450000e-01 -4.632067e-03
4.500000e-01 -6.559505e-03
4.550000e-01 -8.201232e-03
4.600000e-01 -9.535677e-03
4.650000e-01 -1.048804e-02
4.700000e-01 -1.100624e-02
4.750000e-01 -1.109403e-02
4.800000e-01 -1.072503e-02
4.850000e-01 -9.937135e-03
4.900000e-01 -8.761028e-03
4.950000e-01 -7.245020e-03
5.000000e-01 -5.436227e-03
5.050000e-01 -3.399387e-03
5.100000e-01 -1.228555e-03
5.150000e-01 9.979485e-04
5.200000e-01 3.187429e-03
5.250000e-01 5.245943e-03
5.300000e-01 7.066938e-03
5.350000e-01 8.617656e-03
5.400000e-01 9.859058e-03
5.450000e-01 1.066815e-02
5.500000e-01 1.105712e-02
5.550000e-01 1.105273e-02
5.600000e-01 1.056841e-02
5.650000e-01 9.675208e-03
5.700000e-01 8.404744e-03
5.750000e-01 6.759738e-03
5.800000e-01 4.866359e-03
5.850000e-01 2.780349e-03
5.900000e-01 5.925285e-04
5.950000e-01 -1.629490e-03
6.000000e-01 -3.796182e-03
6.050000e-01 -5.797442e-03
6.100000e-01 -7.588797e-03
6.150000e-01 -9.062015e-03
6.200000e-01 -1.015741e-02
6.250000e-01 -1.086370e-02
6.300000e-01 -1.114181e-02
6.350000e-01 -1.093719e-02
6.400000e-01 -1.030292e-02
6.450000e-01 -9.306259e-03
6.500000e-01 -7.908003e-03
6.550000e-01 -6.208300e-03
6.600000e-01 -4.283980e-03
6.650000e-01 -2.133886e-03
6.700000e-01 7.924113e-05
6.750000e-01 2.283415e-03
6.800000e-01 4.415462e-03
6.850000e-01 6.335207e-03
6.900000e-01 8.024968e-03
6.950000e-01 9.393719e-03
7.000000e-01 1.036994e-02
7.050000e-01 1.094223e-02
7.100000e-01 1.110198e-02
7.150000e-01 1.081552e-02
7.200000e-01 1.007436e-02
7.250000e-01 8.947476e-03
7.300000e-01 7.446972e-03
7.350000e-01 5.655275e-03
7.400000e-01 3.638872e-03
7.450000e-01 1.488563e-03
7.500000e-01 -7.121230e-04
7.550000e-01 -2.901776e-03
7.600000e-01 -4.963276e-03
7.650000e-01 -6.861729e-03
7.700000e-01 -8.460008e-03
7.750000e-01 -9.712701e-03
7.800000e-01 -1.061533e-02
7.850000e-01 -1.105658e-02
7.900000e-01 -1.106931e-02
7.950000e-01 -1.062698e-02
8.000000e-01 -9.758633e-03
8.050000e-01 -8.545801e-03
8.100000e-01 -6.957924e-03
8.150000e-01 -5.099038e-03
8.200000e-01 -3.053094e-03
8.250000e-01 -8.456950e-04
8.300000e-01 1.387982e-03
8.350000e-01 3.537314e-03
8.400000e-01 5.556256e-03
8.450000e-01 7.366696e-03
8.500000e-01 8.863271e-03
8.550000e-01 1.000792e-02
8.600000e-01 1.075795e-02
8.650000e-01 1.108295e-02
8.700000e-01 1.098586e-02
8.750000e-01 1.043211e-02
8.800000e-01 9.467062e-03
8.850000e-01 8.113107e-03
8.900000e-01 6.420149e-03
8.950000e-01 4.508831e-03
9.000000e-01 2.396948e-03
9.050000e-01 1.983666e-04
9.100000e-01 -1.987612e-03
9.150000e-01 -4.139503e-03
9.200000e-01 -6.098955e-03
9.250000e-01 -7.812957e-03
9.300000e-01 -9.246822e-03
9.350000e-01 -1.029214e-02
9.400000e-01 -1.092748e-02
9.450000e-01 -1.111275e-02
9.500000e-01 -1.085883e-02
9.550000e-01 -1.017356e-02
9.600000e-01 -9.091987e-03
9.650000e-01 -7.654687e-03
9.700000e-01 -5.896601e-03
9.750000e-01 -3.932475e-03
9.800000e-01 -1.767225e-03
9.850000e-01 4.648007e-04
9.900000e-01 2.647614e-03
9.950000e-01 4.749452e-03
1 6.641735e-03
1.005000e+00 8.282162e-03
1.010000e+00 9.579614e-03
1.015000e+00 1.048899e-02
1.020000e+00 1.100312e-02
1.025000e+00 1.108248e-02
1.030000e+00 1.071322e-02
1.035000e+00 9.915355e-03
1.040000e+00 8.723132e-03
1.045000e+00 7.155027e-03
1.050000e+00 5.325706e-03
1.055000e+00 3.293715e-03
1.060000e+00 1.119543e-03
1.065000e+00 -1.083579e-03
1.070000e+00 -3.261711e-03
1.075000e+00 -5.308778e-03
1.080000e+00 -7.135946e-03
1.085000e+00 -8.693586e-03
1.090000e+00 -9.900990e-03
1.095000e+00 -1.072255e-02
1.100000e+00 -1.109599e-02
1.105000e+00 -1.100483e-02
1.110000e+00 -1.051615e-02
1.115000e+00 -9.588775e-03
1.120000e+00 -8.288871e-03
1.125000e+00 -6.674809e-03
1.130000e+00 -4.762143e-03
1.135000e+00 -2.682311e-03
1.140000e+00 -4.684069e-04
1.145000e+00 1.751188e-03
1.150000e+00 3.890035e-03
1.155000e+00 5.917832e-03
1.160000e+00 7.666091e-03
1.165000e+00 9.123523e-03
1.170000e+00 1.021176e-02
1.175000e+00 1.081780e-02
1.180000e+00 1.090625e-02
1.185000e+00 1.032284e-02
1.190000e+00 9.004605e-03
1.195000e+00 6.891807e-03
1.200000e+00 3.992426e-03
1.205000e+00 4.749004e-04
1.210000e+00 -3.413689e-03
1.215000e+00 -7.283029e-03
1.220000e+00 -1.080266e-02
1.225000e+00 -1.367311e-02
1.230000e+00 -1.570297e-02
1.235000e+00 -1.697367e-02
1.240000e+00 -1.759844e-02
1.245000e+00 -1.768012e-02
1.250000e+00 -1.724675e-02
1.255000e+00 -1.611824e-02
1.260000e+00 -1.410065e-02
1.265000e+00 -1.109736e-02
1.270000e+00 -7.154761e-03
1.275000e+00 -2.497261e-03
1.280000e+00 2.582061e-03
1.285000e+00 7.807501e-03
1.290000e+00 1.299091e-02
1.295000e+00 1.788987e-02
1.300000e+00 2.214292e-02
1.305000e+00 2.536576e-02
1.310000e+00 2.723285e-02
1.315000e+00 2.767698e-02
1.320000e+00 2.689732e-02
1.325000e+00 2.527668e-02
1.330000e+00 2.304570e-02
1.335000e+00 2.014107e-02
1.340000e+00 1.641876e-02
1.345000e+00 1.176268e-02
1.350000e+00 6.402196e-03
1.355000e+00 7.915136e-04
1.360000e+00 -4.689171e-03
1.365000e+00 -9.810544e-03
1.370000e+00 -1.454446e-02
1.375000e+00 -1.886102e-02
1.380000e+00 -2.260368e-02
1.385000e+00 -2.548875e-02
1.390000e+00 -2.731584e-02
1.395000e+00 -2.796967e-02
1.400000e+00 -2.740128e-02
1.405000e+00 -2.570855e-02
1.410000e+00 -2.295585e-02
1.415000e+00 -1.935503e-02
1.420000e+00 -1.512219e-02
1.425000e+00 -1.033547e-02
1.430000e+00 -5.101554e-03
1.435000e+00 4.543205e-04
1.440000e+00 6.069427e-03
1.445000e+00 1.143679e-02
1.450000e+00 1.621443e-02
1.455000e+00 2.018966e-02
1.460000e+00 2.346757e-02
1.465000e+00 2.609915e-02
1.470000e+00 2.771755e-02
1.475000e+00 2.784906e-02
1.480000e+00 2.673739e-02
1.485000e+00 2.497097e-02
1.490000e+00 2.242268e-02
1.495000e+00 1.863337e-02
1.500000e+00 1.384759e-02
1.505000e+00 8.720530e-03
1.510000e+00 3.430155e-03
1.515000e+00 -2.070090e-03
1.520000e+00 -7.519127e-03
1.525000e+00 -1.268816e-02
1.530000e+00 -1.750835e-02
1.535000e+00 -2.157341e-02
1.540000e+00 -2.456070e-02
1.545000e+00 -2.659141e-02
1.550000e+00 -2.773079e-02
1.555000e+00 -2.780496e-02
1.560000e+00 -2.672839e-02
1.565000e+00 -2.455024e-02
1.570000e+00 -2.122491e-02
1.575000e+00 -1.708257e-02
1.580000e+00 -1.254576e-02
1.585000e+00 -7.479626e-03
1.590000e+00 -1.866383e-03
1.595000e+00 3.879088e-03
1.600000e+00 9.317725e-03
1.605000e+00 1.421326e-02
1.610000e+00 1.860838e-02
1.615000e+00 2.251846e-02
1.620000e+00 2.556191e-02
1.625000e+00 2.727065e-02
1.630000e+00 2.784349e-02
1.635000e+00 2.761895e-02
1.640000e+00 2.627077e-02
1.645000e+00 2.362577e-02
1.650000e+00 2.010875e-02
1.655000e+00 1.598977e-02
1.660000e+00 1.114473e-02
1.665000e+00 5.676623e-03
1.670000e+00 5.569865e-05
1.675000e+00 -5.411079e-03
1.680000e+00 -1.072421e-02
1.685000e+00 -1.576564e-02
1.690000e+00 -2.008637e-02
1.695000e+00 -2.350369e-02
1.700000e+00 -2.609971e-02
1.705000e+00 -2.762545e-02
1.710000e+00 -2.798885e-02
1.715000e+00 -2.740018e-02
1.720000e+00 -2.566434e-02
1.725000e+00 -2.269279e-02
1.730000e+00 -1.896911e-02
1.735000e+00 -1.462504e-02
1.740000e+00 -9.534050e-03
1.745000e+00 -4.009186e-03
1.750000e+00 1.561447e-03
1.755000e+00 7.055138e-03
1.760000e+00 1.233503e-02
1.765000e+00 1.713559e-02
1.770000e+00 2.123223e-02
1.775000e+00 2.445777e-02
1.780000e+00 2.671816e-02
1.785000e+00 2.793350e-02
1.790000e+00 2.805694e-02
1.795000e+00 2.701890e-02
1.800000e+00 2.482098e-02
1.805000e+00 2.179286e-02
1.810000e+00 1.791453e-02
1.815000e+00 1.310070e-02
1.820000e+00 7.885041e-03
1.825000e+00 2.446118e-03
1.830000e+00 -3.235412e-03
1.835000e+00 -8.780089e-03
1.840000e+00 -1.387303e-02
1.845000e+00 -1.845485e-02
1.850000e+00 -2.235475e-02
1.855000e+00 -2.526374e-02
1.860000e+00 -2.720100e-02
1.865000e+00 -2.811529e-02
1.870000e+00 -2.784757e-02
1.875000e+00 -2.648023e-02
1.880000e+00 -2.408450e-02
1.885000e+00 -2.071230e-02
1.890000e+00 -1.650248e-02
1.895000e+00 -1.164114e-02
1.900000e+00 -6.288963e-03
1.905000e+00 -7.461616e-04
1.910000e+00 4.813680e-03
1.915000e+00 1.031222e-02
1.920000e+00 1.531319e-02
1.925000e+00 1.965083e-02
1.930000e+00 2.331919e-02
1.935000e+00 2.600206e-02
1.940000e+00 2.761797e-02
1.945000e+00 2.819483e-02
1.950000e+00 2.759590e-02
1.955000e+00 2.587698e-02
1.960000e+00 2.320608e-02
1.965000e+00 1.958489e-02
1.970000e+00 1.514538e-02
1.975000e+00 1.014689e-02
1.980000e+00 4.713307e-03
1.985000e+00 -9.350996e-04
1.990000e+00 -6.482304e-03
1.995000e+00 -1.179211e-02
2 -1.668542e-02
2.005000e+00 -2.085272e-02
2.010000e+00 -2.419467e-02
2.015000e+00 -2.659127e-02
2.020000e+00 -2.791655e-02
2.025000e+00 -2.816849e-02
2.030000e+00 -2.724751e-02
2.035000e+00 -2.524703e-02
2.040000e+00 -2.228125e-02
2.045000e+00 -1.835841e-02
2.050000e+00 -1.373637e-02
2.055000e+00 -8.600177e-03
2.060000e+00 -3.062833e-03
2.065000e+00 2.549111e-03
2.070000e+00 8.049052e-03
2.075000e+00 1.329861e-02
2.080000e+00 1.797326e-02
2.085000e+00 2.191082e-02
2.090000e+00 2.502970e-02
2.095000e+00 2.712388e-02
2.100000e+00 2.811919e-02
2.105000e+00 2.802475e-02
2.110000e+00 2.677609e-02
2.115000e+00 2.446949e-02
2.120000e+00 2.124244e-02
2.125000e+00 1.711715e-02
2.130000e+00 1.230958e-02
2.135000e+00 7.039141e-03
2.140000e+00 1.440854e-03
2.145000e+00 -4.180944e-03
2.150000e+00 -9.621161e-03
2.155000e+00 -1.472395e-02
2.160000e+00 -1.920601e-02
2.165000e+00 -2.291663e-02
2.170000e+00 -2.573332e-02
2.175000e+00 -2.751037e-02
2.180000e+00 -2.821043e-02
2.185000e+00 -2.778064e-02
2.190000e+00 -2.625236e-02
2.195000e+00 -2.366048e-02
2.200000e+00 -2.008783e-02
2.205000e+00 -1.579073e-02
2.210000e+00 -1.083357e-02
2.215000e+00 -5.398141e-03
2.220000e+00 1.632458e-04
2.225000e+00 5.772809e-03
2.230000e+00 1.117631e-02
2.235000e+00 1.605657e-02
2.240000e+00 2.035619e-02
2.245000e+00 2.386357e-02
2.250000e+00 2.636792e-02
2.255000e+00 2.783281e-02
2.260000e+00 2.819614e-02
2.265000e+00 2.742362e-02
2.270000e+00 2.558082e-02
2.275000e+00 2.270258e-02
2.280000e+00 1.891246e-02
2.285000e+00 1.441729e-02
2.290000e+00 9.295157e-03
2.295000e+00 3.814562e-03
2.300000e+00 -1.805347e-03
2.305000e+00 -7.397592e-03
2.310000e+00 -1.262442e-02
2.315000e+00 -1.738945e-02
2.320000e+00 -2.147707e-02
2.325000e+00 -2.468252e-02
2.330000e+00 -2.693100e-02
2.335000e+00 -2.809328e-02
2.340000e+00 -2.819144e-02
2.345000e+00 -2.713943e-02
2.350000e+00 -2.500213e-02
2.355000e+00 -2.189103e-02
2.360000e+00 -1.783339e-02
2.365000e+00 -1.310375e-02
2.370000e+00 -7.816440e-03
2.375000e+00 -2.174679e-03
2.380000e+00 3.497249e-03
2.385000e+00 9.107899e-03
2.390000e+00 1.430374e-02
2.395000e+00 1.881120e-02
2.400000e+00 2.257768e-02
2.405000e+00 2.528033e-02
2.410000e+00 2.674220e-02
2.415000e+00 2.690997e-02
2.420000e+00 2.563904e-02
2.425000e+00 2.296345e-02
2.430000e+00 1.897839e-02
2.435000e+00 1.384012e-02
2.440000e+00 7.887635e-03
2.445000e+00 1.496321e-03
2.450000e+00 -4.926770e-03
2.455000e+00 -1.094045e-02
2.460000e+00 -1.628302e-02
2.465000e+00 -2.079731e-02
2.470000e+00 -2.432093e-02
2.475000e+00 -2.686031e-02
2.480000e+00 -2.840808e-02
2.485000e+00 -2.882945e-02
2.490000e+00 -2.802066e-02
2.495000e+00 -2.579274e-02
2.500000e+00 -2.207073e-02
2.505000e+00 -1.695496e-02
2.510000e+00 -1.064521e-02
2.515000e+00 -3.575833e-03
2.520000e+00 3.800712e-03
2.525000e+00 1.095931e-02
2.530000e+00 1.747452e-02
2.535000e+00 2.315717e-02
2.540000e+00 2.778464e-02
2.545000e+00 3.122148e-02
2.550000e+00 3.341265e-02
2.555000e+00 3.430372e-02
2.560000e+00 3.386696e-02
2.565000e+00 3.217420e-02
2.570000e+00 2.933655e-02
2.575000e+00 2.544216e-02
2.580000e+00 2.061521e-02
2.585000e+00 1.487205e-02
2.590000e+00 8.343044e-03
2.595000e+00 1.322591e-03
2.600000e+00 -5.887943e-03
2.605000e+00 -1.279952e-02
2.610000e+00 -1.899527e-02
2.615000e+00 -2.432976e-02
2.620000e+00 -2.873734e-02
2.625000e+00 -3.216435e-02
2.630000e+00 -3.445816e-02
2.635000e+00 -3.538108e-02
2.640000e+00 -3.472078e-02
2.645000e+00 -3.242081e-02
2.650000e+00 -2.877488e-02
2.655000e+00 -2.412275e-02
2.660000e+00 -1.872616e-02
2.665000e+00 -1.281764e-02
2.670000e+00 -6.359500e-03
2.675000e+00 5.981069e-04
2.680000e+00 7.726795e-03
2.685000e+00 1.460940e-02
2.690000e+00 2.077298e-02
2.695000e+00 2.591309e-02
2.700000e+00 2.994993e-02
2.705000e+00 3.288717e-02
2.710000e+00 3.468644e-02
2.715000e+00 3.517945e-02
2.720000e+00 3.420919e-02
2.725000e+00 3.177038e-02
2.730000e+00 2.801036e-02
2.735000e+00 2.310271e-02
2.740000e+00 1.731757e-02
2.745000e+00 1.094611e-02
2.750000e+00 4.120760e-03
2.755000e+00 -2.884224e-03
2.760000e+00 -9.795666e-03
2.765000e+00 -1.634366e-02
2.770000e+00 -2.221867e-02
2.775000e+00 -2.726410e-02
2.780000e+00 -3.119518e-02
2.785000e+00 -3.383813e-02
2.790000e+00 -3.517029e-02
2.795000e+00 -3.503388e-02
2.800000e+00 -3.353989e-02
2.805000e+00 -3.078375e-02
2.810000e+00 -2.673446e-02
2.815000e+00 -2.166419e-02
2.820000e+00 -1.570125e-02
2.825000e+00 -9.039551e-03
2.830000e+00 -2.095917e-03
2.835000e+00 4.926370e-03
2.840000e+00 1.180043e-02
2.845000e+00 1.819949e-02
2.850000e+00 2.386627e-02
2.855000e+00 2.855296e-02
2.860000e+00 3.209483e-02
2.865000e+00 3.444416e-02
2.870000e+00 3.543041e-02
2.875000e+00 3.492314e-02
2.880000e+00 3.303572e-02
2.885000e+00 2.983326e-02
2.890000e+00 2.539567e-02
2.895000e+00 1.999437e-02
2.900000e+00 1.387516e-02
2.905000e+00 7.172463e-03
2.910000e+00 4.551955e-05
2.915000e+00 -7.109606e-03
2.920000e+00 -1.382455e-02
2.925000e+00 -1.993579e-02
2.930000e+00 -2.535818e-02
2.935000e+00 -2.983676e-02
2.940000e+00 -3.314985e-02
2.945000e+00 -3.508410e-02
2.950000e+00 -3.548029e-02
2.955000e+00 -3.447777e-02
2.960000e+00 -3.226252e-02
2.965000e+00 -2.881972e-02
2.970000e+00 -2.414018e-02
2.975000e+00 -1.836509e-02
2.980000e+00 -1.182207e-02
2.985000e+00 -4.910942e-03
2.990000e+00 2.050708e-03
2.995000e+00 8.930252e-03
3 1.570903e-02
