T X
0 0
5.000000e-03 5.310459e-09
1.000000e-02 4.841716e-08
1.500000e-02 7.500039e-07
2.000000e-02 6.725745e-06
2.500000e-02 4.114259e-05
3.000000e-02 1.846402e-04
3.500000e-02 6.295460e-04
4.000000e-02 1.663695e-03
4.500000e-02 3.449851e-03
5.000000e-02 5.680777e-03
5.500000e-02 7.602022e-03
6.000000e-02 8.710097e-03
6.500000e-02 9.321846e-03
7.000000e-02 9.948603e-03
7.500000e-02 1.033613e-02
8.000000e-02 9.975566e-03
8.500000e-02 9.141282e-03
9.000000e-02 8.245918e-03
9.500000e-02 6.966635e-03
1.000000e-01 5.185465e-03
1.050000e-01 3.397235e-03
1.100000e-01 1.585563e-03
1.150000e-01 -4.849350e-04
1.200000e-01 -2.445064e-03
1.250000e-01 -4.226847e-03
1.300000e-01 -6.073442e-03
1.350000e-01 -7.654208e-03
1.400000e-01 -8.847571e-03
1.450000e-01 -9.818683e-03
1.500000e-01 -1.026118e-02
1.550000e-01 -1.020822e-02
1.600000e-01 -9.921214e-03
1.650000e-01 -9.188189e-03
1.700000e-01 -8.086969e-03
1.750000e-01 -6.710075e-03
1.800000e-01 -4.926604e-03
1.850000e-01 -3.042713e-03
1.900000e-01 -1.089698e-03
1.950000e-01 1.034513e-03
2.000000e-01 3.045452e-03
2.050000e-01 4.947491e-03
2.100000e-01 6.632517e-03
2.150000e-01 8.006411e-03
2.200000e-01 9.211684e-03
2.250000e-01 9.957487e-03
2.300000e-01 1.025935e-02
2.350000e-01 1.026629e-02
2.400000e-01 9.791113e-03
2.450000e-01 8.928931e-03
2.500000e-01 7.689131e-03
2.550000e-01 6.171806e-03
2.600000e-01 4.465841e-03
2.650000e-01 2.469723e-03
2.700000e-01 4.518816e-04
2.750000e-01 -1.583026e-03
2.800000e-01 -3.615070e-03
2.850000e-01 -5.446531e-03
2.900000e-01 -7.108420e-03
2.950000e-01 -8.440109e-03
3.000000e-01 -9.462514e-03
3.050000e-01 -1.010507e-02
3.100000e-01 -1.029761e-02
3.150000e-01 -1.017078e-02
3.200000e-01 -9.566613e-03
3.250000e-01 -8.602867e-03
3.300000e-01 -7.326128e-03
3.350000e-01 -5.703349e-03
3.400000e-01 -3.890374e-03
3.450000e-01 -1.888805e-03
3.500000e-01 1.595001e-04
3.550000e-01 2.210616e-03
3.600000e-01 4.161831e-03
3.650000e-01 5.941412e-03
3.700000e-01 7.536929e-03
3.750000e-01 8.760316e-03
3.800000e-01 9.674753e-03
3.850000e-01 1.021989e-02
3.900000e-01 1.033377e-02
3.950000e-01 1.003480e-02
4.000000e-01 9.321384e-03
4.050000e-01 8.262973e-03
4.100000e-01 6.847741e-03
4.150000e-01 5.194702e-03
4.200000e-01 3.326103e-03
4.250000e-01 1.306208e-03
4.300000e-01 -7.429917e-04
4.350000e-01 -2.792386e-03
4.400000e-01 -4.713722e-03
4.450000e-01 -6.445082e-03
4.500000e-01 -7.929388e-03
4.550000e-01 -9.080611e-03
4.600000e-01 -9.871254e-03
4.650000e-01 -1.027441e-02
4.700000e-01 -1.026563e-02
4.750000e-01 -9.862993e-03
4.800000e-01 -9.065596e-03
4.850000e-01 -7.895327e-03
4.900000e-01 -6.405750e-03
4.950000e-01 -4.657004e-03
5.000000e-01 -2.735240e-03
5.050000e-01 -6.940584e-04
5.100000e-01 1.360787e-03
5.150000e-01 3.355777e-03
5.200000e-01 5.229154e-03
5.250000e-01 6.903360e-03
5.300000e-01 8.294474e-03
5.350000e-01 9.342528e-03
5.400000e-01 1.005590e-02
5.450000e-01 1.033573e-02
5.500000e-01 1.019175e-02
5.550000e-01 9.665779e-03
5.600000e-01 8.733599e-03
5.650000e-01 7.468958e-03
5.700000e-01 5.925704e-03
5.750000e-01 4.125369e-03
5.800000e-01 2.152514e-03
5.850000e-01 1.023461e-04
5.900000e-01 -1.955454e-03
5.950000e-01 -3.931412e-03
6.000000e-01 -5.753018e-03
6.050000e-01 -7.323996e-03
6.100000e-01 -8.614951e-03
6.150000e-01 -9.565490e-03
6.200000e-01 -1.010692e-02
6.250000e-01 -1.029150e-02
6.300000e-01 -1.007791e-02
6.350000e-01 -9.425094e-03
6.400000e-01 -8.408988e-03
6.450000e-01 -7.069474e-03
6.500000e-01 -5.415659e-03
6.550000e-01 -3.567622e-03
6.600000e-01 -1.590363e-03
6.650000e-01 4.832686e-04
6.700000e-01 2.513871e-03
6.750000e-01 4.458652e-03
6.800000e-01 6.234711e-03
6.850000e-01 7.738541e-03
6.900000e-01 8.965193e-03
6.950000e-01 9.817610e-03
7.000000e-01 1.025375e-02
7.050000e-01 1.030012e-02
7.100000e-01 9.932133e-03
7.150000e-01 9.176616e-03
7.200000e-01 8.054404e-03
7.250000e-01 6.610929e-03
7.300000e-01 4.903530e-03
7.350000e-01 2.988294e-03
7.400000e-01 9.580309e-04
7.450000e-01 -1.120249e-03
7.500000e-01 -3.133889e-03
7.550000e-01 -5.025803e-03
7.600000e-01 -6.724172e-03
7.650000e-01 -8.143372e-03
7.700000e-01 -9.234236e-03
7.750000e-01 -9.962381e-03
7.800000e-01 -1.031610e-02
7.850000e-01 -1.023715e-02
7.900000e-01 -9.759003e-03
7.950000e-01 -8.873131e-03
8.000000e-01 -7.637279e-03
8.050000e-01 -6.124588e-03
8.100000e-01 -4.330267e-03
8.150000e-01 -2.404946e-03
8.200000e-01 -3.738500e-04
8.250000e-01 1.702685e-03
8.300000e-01 3.673176e-03
8.350000e-01 5.519224e-03
8.400000e-01 7.156115e-03
8.450000e-01 8.505254e-03
8.500000e-01 9.501264e-03
8.550000e-01 1.011156e-02
8.600000e-01 1.033209e-02
8.650000e-01 1.013291e-02
8.700000e-01 9.542953e-03
8.750000e-01 8.573305e-03
8.800000e-01 7.253415e-03
8.850000e-01 5.639220e-03
8.900000e-01 3.799649e-03
8.950000e-01 1.809648e-03
9.000000e-01 -2.603554e-04
9.050000e-01 -2.304632e-03
9.100000e-01 -4.262792e-03
9.150000e-01 -6.046911e-03
9.200000e-01 -7.570633e-03
9.250000e-01 -8.820196e-03
9.300000e-01 -9.719948e-03
9.350000e-01 -1.022589e-02
9.400000e-01 -1.032197e-02
9.450000e-01 -9.995033e-03
9.500000e-01 -9.286386e-03
9.550000e-01 -8.188790e-03
9.600000e-01 -6.774675e-03
9.650000e-01 -5.112750e-03
9.700000e-01 -3.227586e-03
9.750000e-01 -1.225036e-03
9.800000e-01 8.410840e-04
9.850000e-01 2.863396e-03
9.900000e-01 4.777308e-03
9.950000e-01 6.522524e-03
1 7.979189e-03
1.005000e+00 9.125416e-03
1.010000e+00 9.894062e-03
1.015000e+00 1.028450e-02
1.020000e+00 1.027244e-02
1.025000e+00 9.837735e-03
1.030000e+00 9.032269e-03
1.035000e+00 7.837797e-03
1.040000e+00 6.337839e-03
1.045000e+00 4.583440e-03
1.050000e+00 2.644119e-03
1.055000e+00 6.063839e-04
1.060000e+00 -1.468337e-03
1.065000e+00 -3.458240e-03
1.070000e+00 -5.318046e-03
1.075000e+00 -6.970347e-03
1.080000e+00 -8.346462e-03
1.085000e+00 -9.400183e-03
1.090000e+00 -1.007326e-02
1.095000e+00 -1.032545e-02
1.100000e+00 -1.016962e-02
1.105000e+00 -9.623643e-03
1.110000e+00 -8.668451e-03
1.115000e+00 -7.383783e-03
1.120000e+00 -5.818281e-03
1.125000e+00 -4.017375e-03
1.130000e+00 -2.114795e-03
1.135000e+00 -2.190699e-04
1.140000e+00 1.523686e-03
1.145000e+00 2.941061e-03
1.150000e+00 3.883418e-03
1.155000e+00 4.204408e-03
1.160000e+00 3.928919e-03
1.165000e+00 3.132756e-03
1.170000e+00 1.968567e-03
1.175000e+00 7.511821e-04
1.180000e+00 -3.441264e-04
1.185000e+00 -1.170262e-03
1.190000e+00 -1.726550e-03
1.195000e+00 -2.163656e-03
1.200000e+00 -2.581435e-03
1.205000e+00 -3.066117e-03
1.210000e+00 -3.493833e-03
1.215000e+00 -3.637339e-03
1.220000e+00 -3.243014e-03
1.225000e+00 -2.180802e-03
1.230000e+00 -5.772954e-04
1.235000e+00 1.425812e-03
1.240000e+00 3.582138e-03
1.245000e+00 5.714312e-03
1.250000e+00 7.762992e-03
1.255000e+00 9.521410e-03
1.260000e+00 1.081675e-02
1.265000e+00 1.144265e-02
1.270000e+00 1.129069e-02
1.275000e+00 1.056701e-02
1.280000e+00 9.565187e-03
1.285000e+00 8.526192e-03
1.290000e+00 7.452156e-03
1.295000e+00 6.101938e-03
1.300000e+00 4.269804e-03
1.305000e+00 1.969286e-03
1.310000e+00 -5.094439e-04
1.315000e+00 -2.784796e-03
1.320000e+00 -4.725405e-03
1.325000e+00 -6.433900e-03
1.330000e+00 -8.040472e-03
1.335000e+00 -9.538692e-03
1.340000e+00 -1.074068e-02
1.345000e+00 -1.140961e-02
1.350000e+00 -1.146031e-02
1.355000e+00 -1.098733e-02
1.360000e+00 -1.007465e-02
1.365000e+00 -8.823856e-03
1.370000e+00 -7.286900e-03
1.375000e+00 -5.505338e-03
1.380000e+00 -3.554404e-03
1.385000e+00 -1.404867e-03
1.390000e+00 8.943481e-04
1.395000e+00 3.219683e-03
1.400000e+00 5.382985e-03
1.405000e+00 7.208802e-03
1.410000e+00 8.698004e-03
1.415000e+00 9.920945e-03
1.420000e+00 1.087692e-02
1.425000e+00 1.140981e-02
1.430000e+00 1.139234e-02
1.435000e+00 1.078913e-02
1.440000e+00 9.765754e-03
1.445000e+00 8.599935e-03
1.450000e+00 7.155983e-03
1.455000e+00 5.141690e-03
1.460000e+00 2.721145e-03
1.465000e+00 4.527153e-04
1.470000e+00 -1.504381e-03
1.475000e+00 -3.603449e-03
1.480000e+00 -5.936560e-03
1.485000e+00 -7.921953e-03
1.490000e+00 -9.259952e-03
1.495000e+00 -1.030170e-02
1.500000e+00 -1.110663e-02
1.505000e+00 -1.141573e-02
1.510000e+00 -1.128486e-02
1.515000e+00 -1.076344e-02
1.520000e+00 -9.660912e-03
1.525000e+00 -8.060165e-03
1.530000e+00 -6.351490e-03
1.535000e+00 -4.516731e-03
1.540000e+00 -2.328665e-03
1.545000e+00 4.493753e-05
1.550000e+00 2.373611e-03
1.555000e+00 4.585677e-03
1.560000e+00 6.509907e-03
1.565000e+00 8.143986e-03
1.570000e+00 9.699599e-03
1.575000e+00 1.091755e-02
1.580000e+00 1.137602e-02
1.585000e+00 1.133746e-02
1.590000e+00 1.112221e-02
1.595000e+00 1.050131e-02
1.600000e+00 9.324772e-03
1.605000e+00 7.674363e-03
1.610000e+00 5.743899e-03
1.615000e+00 3.785537e-03
1.620000e+00 1.608990e-03
1.625000e+00 -8.590132e-04
1.630000e+00 -3.146785e-03
1.635000e+00 -5.109594e-03
1.640000e+00 -7.054564e-03
1.645000e+00 -8.884783e-03
1.650000e+00 -1.012124e-02
1.655000e+00 -1.088143e-02
1.660000e+00 -1.143778e-02
1.665000e+00 -1.153196e-02
1.670000e+00 -1.101102e-02
1.675000e+00 -1.004834e-02
1.680000e+00 -8.783875e-03
1.685000e+00 -7.179082e-03
1.690000e+00 -5.232275e-03
1.695000e+00 -3.093437e-03
1.700000e+00 -8.366359e-04
1.705000e+00 1.524306e-03
1.710000e+00 3.766990e-03
1.715000e+00 5.757887e-03
1.720000e+00 7.698306e-03
1.725000e+00 9.352407e-03
1.730000e+00 1.039132e-02
1.735000e+00 1.113471e-02
1.740000e+00 1.158238e-02
1.745000e+00 1.139510e-02
1.750000e+00 1.074610e-02
1.755000e+00 9.767887e-03
1.760000e+00 8.350608e-03
1.765000e+00 6.586916e-03
1.770000e+00 4.565485e-03
1.775000e+00 2.346176e-03
1.780000e+00 8.365338e-05
1.785000e+00 -2.171539e-03
1.790000e+00 -4.392825e-03
1.795000e+00 -6.441231e-03
1.800000e+00 -8.177701e-03
1.805000e+00 -9.579519e-03
1.810000e+00 -1.070509e-02
1.815000e+00 -1.136715e-02
1.820000e+00 -1.146277e-02
1.825000e+00 -1.121844e-02
1.830000e+00 -1.056774e-02
1.835000e+00 -9.347118e-03
1.840000e+00 -7.848859e-03
1.845000e+00 -6.094786e-03
1.850000e+00 -3.948517e-03
1.855000e+00 -1.725241e-03
1.860000e+00 5.504968e-04
1.865000e+00 2.891102e-03
1.870000e+00 5.064870e-03
1.875000e+00 7.014211e-03
1.880000e+00 8.690270e-03
1.885000e+00 1.003771e-02
1.890000e+00 1.098272e-02
1.895000e+00 1.147737e-02
1.900000e+00 1.150680e-02
1.905000e+00 1.109152e-02
1.910000e+00 1.026998e-02
1.915000e+00 8.974269e-03
1.920000e+00 7.295785e-03
1.925000e+00 5.408213e-03
1.930000e+00 3.277617e-03
1.935000e+00 9.634284e-04
1.940000e+00 -1.291060e-03
1.945000e+00 -3.539944e-03
1.950000e+00 -5.715351e-03
1.955000e+00 -7.532082e-03
1.960000e+00 -9.124814e-03
1.965000e+00 -1.039579e-02
1.970000e+00 -1.114626e-02
1.975000e+00 -1.152739e-02
1.980000e+00 -1.143483e-02
1.985000e+00 -1.084314e-02
1.990000e+00 -9.894373e-03
1.995000e+00 -8.540124e-03
2 -6.806254e-03
2.005000e+00 -4.811708e-03
2.010000e+00 -2.654809e-03
2.015000e+00 -3.530000e-04
2.020000e+00 1.983212e-03
2.025000e+00 4.189129e-03
2.030000e+00 6.248790e-03
2.035000e+00 8.068122e-03
2.040000e+00 9.549890e-03
2.045000e+00 1.066588e-02
2.050000e+00 1.135436e-02
2.055000e+00 1.159718e-02
2.060000e+00 1.135918e-02
2.065000e+00 1.066561e-02
2.070000e+00 9.573443e-03
2.075000e+00 8.038145e-03
2.080000e+00 6.213205e-03
2.085000e+00 4.198595e-03
2.090000e+00 1.940085e-03
2.095000e+00 -3.618401e-04
2.100000e+00 -2.624608e-03
2.105000e+00 -4.846622e-03
2.110000e+00 -6.827532e-03
2.115000e+00 -8.526280e-03
2.120000e+00 -9.941459e-03
2.125000e+00 -1.091045e-02
2.130000e+00 -1.143262e-02
2.135000e+00 -1.154264e-02
2.140000e+00 -1.117583e-02
2.145000e+00 -1.036883e-02
2.150000e+00 -9.170162e-03
2.155000e+00 -7.580858e-03
2.160000e+00 -5.678532e-03
2.165000e+00 -3.576185e-03
2.170000e+00 -1.306762e-03
2.175000e+00 1.004892e-03
2.180000e+00 3.270827e-03
2.185000e+00 5.431567e-03
2.190000e+00 7.337816e-03
2.195000e+00 8.975305e-03
2.200000e+00 1.026415e-02
2.205000e+00 1.114326e-02
2.210000e+00 1.158209e-02
2.215000e+00 1.151707e-02
2.220000e+00 1.103810e-02
2.225000e+00 1.008448e-02
2.230000e+00 8.712194e-03
2.235000e+00 7.063004e-03
2.240000e+00 5.049712e-03
2.245000e+00 2.857128e-03
2.250000e+00 6.054283e-04
2.255000e+00 -1.769265e-03
2.260000e+00 -4.046438e-03
2.265000e+00 -6.147019e-03
2.270000e+00 -8.038339e-03
2.275000e+00 -9.553419e-03
2.280000e+00 -1.070815e-02
2.285000e+00 -1.142620e-02
2.290000e+00 -1.163460e-02
2.295000e+00 -1.139957e-02
2.300000e+00 -1.071124e-02
2.305000e+00 -9.605032e-03
2.310000e+00 -8.177158e-03
2.315000e+00 -6.486946e-03
2.320000e+00 -4.638835e-03
2.325000e+00 -2.826875e-03
2.330000e+00 -1.115500e-03
2.335000e+00 3.900669e-04
2.340000e+00 1.485631e-03
2.345000e+00 2.202508e-03
2.350000e+00 2.483804e-03
2.355000e+00 2.340905e-03
2.360000e+00 1.980167e-03
2.365000e+00 1.471478e-03
2.370000e+00 1.035172e-03
2.375000e+00 7.673835e-04
2.380000e+00 6.923364e-04
2.385000e+00 8.479870e-04
2.390000e+00 1.041682e-03
2.395000e+00 1.216859e-03
2.400000e+00 1.323923e-03
2.405000e+00 1.452096e-03
2.410000e+00 1.728405e-03
2.415000e+00 2.250525e-03
2.420000e+00 3.240157e-03
2.425000e+00 4.555229e-03
2.430000e+00 6.046403e-03
2.435000e+00 7.519908e-03
2.440000e+00 8.573485e-03
2.445000e+00 9.093142e-03
2.450000e+00 9.022929e-03
2.455000e+00 8.377652e-03
2.460000e+00 7.350054e-03
2.465000e+00 6.046571e-03
2.470000e+00 4.600823e-03
2.475000e+00 3.101225e-03
2.480000e+00 1.537538e-03
2.485000e+00 -4.125408e-05
2.490000e+00 -1.562012e-03
2.495000e+00 -2.985941e-03
2.500000e+00 -4.338004e-03
2.505000e+00 -5.622054e-03
2.510000e+00 -6.828615e-03
2.515000e+00 -7.882035e-03
2.520000e+00 -8.606386e-03
2.525000e+00 -8.893496e-03
2.530000e+00 -8.700819e-03
2.535000e+00 -8.072365e-03
2.540000e+00 -7.178706e-03
2.545000e+00 -6.169097e-03
2.550000e+00 -5.019048e-03
2.555000e+00 -3.594595e-03
2.560000e+00 -1.877225e-03
2.565000e+00 5.800565e-05
2.570000e+00 2.015682e-03
2.575000e+00 3.679716e-03
2.580000e+00 4.974433e-03
2.585000e+00 6.031298e-03
2.590000e+00 6.985219e-03
2.595000e+00 7.930141e-03
2.600000e+00 8.680691e-03
2.605000e+00 8.997189e-03
2.610000e+00 8.773016e-03
2.615000e+00 8.002211e-03
2.620000e+00 6.941574e-03
2.625000e+00 5.820256e-03
2.630000e+00 4.608165e-03
2.635000e+00 3.195268e-03
2.640000e+00 1.535129e-03
2.645000e+00 -3.626805e-04
2.650000e+00 -2.268498e-03
2.655000e+00 -3.938411e-03
2.660000e+00 -5.360463e-03
2.665000e+00 -6.542687e-03
2.670000e+00 -7.532889e-03
2.675000e+00 -8.295621e-03
2.680000e+00 -8.759037e-03
2.685000e+00 -8.853956e-03
2.690000e+00 -8.528763e-03
2.695000e+00 -7.886826e-03
2.700000e+00 -6.928756e-03
2.705000e+00 -5.678835e-03
2.710000e+00 -4.247719e-03
2.715000e+00 -2.635700e-03
2.720000e+00 -9.062507e-04
2.725000e+00 8.417572e-04
2.730000e+00 2.572651e-03
2.735000e+00 4.210852e-03
2.740000e+00 5.703274e-03
2.745000e+00 6.984452e-03
2.750000e+00 7.937246e-03
2.755000e+00 8.575174e-03
2.760000e+00 8.896853e-03
2.765000e+00 8.856548e-03
2.770000e+00 8.473591e-03
2.775000e+00 7.749824e-03
2.780000e+00 6.710728e-03
2.785000e+00 5.391828e-03
2.790000e+00 3.872155e-03
2.795000e+00 2.193061e-03
2.800000e+00 3.918174e-04
2.805000e+00 -1.413303e-03
2.810000e+00 -3.125541e-03
2.815000e+00 -4.687260e-03
2.820000e+00 -6.109526e-03
2.825000e+00 -7.323302e-03
2.830000e+00 -8.258306e-03
2.835000e+00 -8.825303e-03
2.840000e+00 -8.966920e-03
2.845000e+00 -8.835290e-03
2.850000e+00 -8.367138e-03
2.855000e+00 -7.555053e-03
2.860000e+00 -6.479290e-03
2.865000e+00 -5.052778e-03
2.870000e+00 -3.402071e-03
2.875000e+00 -1.657164e-03
2.880000e+00 6.974526e-05
2.885000e+00 1.770093e-03
2.890000e+00 3.594039e-03
2.895000e+00 5.342732e-03
2.900000e+00 6.690546e-03
2.905000e+00 7.673608e-03
2.910000e+00 8.452859e-03
2.915000e+00 9.010977e-03
2.920000e+00 9.207265e-03
2.925000e+00 8.957765e-03
2.930000e+00 8.260030e-03
2.935000e+00 7.207559e-03
2.940000e+00 6.019081e-03
2.945000e+00 4.691636e-03
2.950000e+00 3.040910e-03
2.955000e+00 1.097452e-03
2.960000e+00 -8.431826e-04
2.965000e+00 -2.546886e-03
2.970000e+00 -4.088170e-03
2.975000e+00 -5.595760e-03
2.980000e+00 -7.062740e-03
2.985000e+00 -8.225962e-03
2.990000e+00 -8.779377e-03
2.995000e+00 -8.949805e-03
3 -9.046156e-03
