T X
0 0
5.000000e-03 -5.192490e-09
1.000000e-02 5.247090e-08
1.500000e-02 7.475287e-07
2.000000e-02 6.658602e-06
2.500000e-02 4.088480e-05
3.000000e-02 1.841027e-04
3.500000e-02 6.292505e-04
4.000000e-02 1.664494e-03
4.500000e-02 3.452385e-03
5.000000e-02 5.685282e-03
5.500000e-02 7.608599e-03
6.000000e-02 8.719002e-03
6.500000e-02 9.327883e-03
7.000000e-02 9.929603e-03
7.500000e-02 1.026767e-02
8.000000e-02 9.879820e-03
8.500000e-02 9.068938e-03
9.000000e-02 8.186890e-03
9.500000e-02 6.887948e-03
1.000000e-01 5.126507e-03
1.050000e-01 3.367141e-03
1.100000e-01 1.510578e-03
1.150000e-01 -5.986684e-04
1.200000e-01 -2.542580e-03
1.250000e-01 -4.318294e-03
1.300000e-01 -6.108561e-03
1.350000e-01 -7.581446e-03
1.400000e-01 -8.749277e-03
1.450000e-01 -9.705897e-03
1.500000e-01 -1.010705e-02
1.550000e-01 -1.008799e-02
1.600000e-01 -9.805073e-03
1.650000e-01 -9.029652e-03
1.700000e-01 -7.937680e-03
1.750000e-01 -6.544017e-03
1.800000e-01 -4.756615e-03
1.850000e-01 -2.911487e-03
1.900000e-01 -9.878826e-04
1.950000e-01 1.049344e-03
2.000000e-01 3.012536e-03
2.050000e-01 4.933091e-03
2.100000e-01 6.607332e-03
2.150000e-01 7.963641e-03
2.200000e-01 9.095775e-03
2.250000e-01 9.811275e-03
2.300000e-01 1.012361e-02
2.350000e-01 1.004121e-02
2.400000e-01 9.561157e-03
2.450000e-01 8.764291e-03
2.500000e-01 7.539338e-03
2.550000e-01 6.041358e-03
2.600000e-01 4.337072e-03
2.650000e-01 2.365602e-03
2.700000e-01 3.495248e-04
2.750000e-01 -1.669240e-03
2.800000e-01 -3.617311e-03
2.850000e-01 -5.405150e-03
2.900000e-01 -7.013570e-03
2.950000e-01 -8.305289e-03
3.000000e-01 -9.322942e-03
3.050000e-01 -9.958843e-03
3.100000e-01 -1.014502e-02
3.150000e-01 -9.992272e-03
3.200000e-01 -9.391626e-03
3.250000e-01 -8.403008e-03
3.300000e-01 -7.108809e-03
3.350000e-01 -5.537728e-03
3.400000e-01 -3.751564e-03
3.450000e-01 -1.796086e-03
3.500000e-01 1.834553e-04
3.550000e-01 2.222241e-03
3.600000e-01 4.182674e-03
3.650000e-01 5.904274e-03
3.700000e-01 7.453802e-03
3.750000e-01 8.676605e-03
3.800000e-01 9.534519e-03
3.850000e-01 1.003193e-02
3.900000e-01 1.011739e-02
3.950000e-01 9.819143e-03
4.000000e-01 9.147763e-03
4.050000e-01 8.103514e-03
4.100000e-01 6.697699e-03
4.150000e-01 5.056005e-03
4.200000e-01 3.189483e-03
4.250000e-01 1.176337e-03
4.300000e-01 -8.208160e-04
4.350000e-01 -2.800840e-03
4.400000e-01 -4.693609e-03
4.450000e-01 -6.358938e-03
4.500000e-01 -7.806755e-03
4.550000e-01 -8.969743e-03
4.600000e-01 -9.721932e-03
4.650000e-01 -1.013824e-02
4.700000e-01 -1.011726e-02
4.750000e-01 -9.651745e-03
4.800000e-01 -8.847421e-03
4.850000e-01 -7.687163e-03
4.900000e-01 -6.228520e-03
4.950000e-01 -4.524519e-03
5.000000e-01 -2.647932e-03
5.050000e-01 -6.422189e-04
5.100000e-01 1.395198e-03
5.150000e-01 3.391053e-03
5.200000e-01 5.227303e-03
5.250000e-01 6.835935e-03
5.300000e-01 8.208610e-03
5.350000e-01 9.203024e-03
5.400000e-01 9.858600e-03
5.450000e-01 1.013929e-02
5.500000e-01 1.000236e-02
5.550000e-01 9.498918e-03
5.600000e-01 8.578067e-03
5.650000e-01 7.314173e-03
5.700000e-01 5.755823e-03
5.750000e-01 3.956132e-03
5.800000e-01 2.029555e-03
5.850000e-01 2.503162e-05
5.900000e-01 -1.975916e-03
5.950000e-01 -3.905800e-03
6.000000e-01 -5.689579e-03
6.050000e-01 -7.238451e-03
6.100000e-01 -8.505545e-03
6.150000e-01 -9.442378e-03
6.200000e-01 -9.989833e-03
6.250000e-01 -1.011266e-02
6.300000e-01 -9.852157e-03
6.350000e-01 -9.209141e-03
6.400000e-01 -8.211334e-03
6.450000e-01 -6.894092e-03
6.500000e-01 -5.287973e-03
6.550000e-01 -3.481757e-03
6.600000e-01 -1.496490e-03
6.650000e-01 5.443778e-04
6.700000e-01 2.555446e-03
6.750000e-01 4.467445e-03
6.800000e-01 6.179911e-03
6.850000e-01 7.664921e-03
6.900000e-01 8.813390e-03
6.950000e-01 9.619505e-03
7.000000e-01 1.009360e-02
7.050000e-01 1.013111e-02
7.100000e-01 9.760586e-03
7.150000e-01 9.017211e-03
7.200000e-01 7.867682e-03
7.250000e-01 6.429090e-03
7.300000e-01 4.732707e-03
7.350000e-01 2.845541e-03
7.400000e-01 8.829098e-04
7.450000e-01 -1.147083e-03
7.500000e-01 -3.125013e-03
7.550000e-01 -4.991221e-03
7.600000e-01 -6.653522e-03
7.650000e-01 -8.052658e-03
7.700000e-01 -9.146115e-03
7.750000e-01 -9.823468e-03
7.800000e-01 -1.012538e-02
7.850000e-01 -1.002429e-02
7.900000e-01 -9.533204e-03
7.950000e-01 -8.685227e-03
8.000000e-01 -7.470047e-03
8.050000e-01 -5.981160e-03
8.100000e-01 -4.224272e-03
8.150000e-01 -2.290192e-03
8.200000e-01 -2.781253e-04
8.250000e-01 1.750197e-03
8.300000e-01 3.690358e-03
8.350000e-01 5.499866e-03
8.400000e-01 7.064201e-03
8.450000e-01 8.353619e-03
8.500000e-01 9.343026e-03
8.550000e-01 9.959336e-03
8.600000e-01 1.017549e-02
8.650000e-01 9.971530e-03
8.700000e-01 9.364153e-03
8.750000e-01 8.373922e-03
8.800000e-01 7.053041e-03
8.850000e-01 5.459800e-03
8.900000e-01 3.665967e-03
8.950000e-01 1.717818e-03
9.000000e-01 -3.008392e-04
9.050000e-01 -2.311064e-03
9.100000e-01 -4.242419e-03
9.150000e-01 -5.999081e-03
9.200000e-01 -7.531492e-03
9.250000e-01 -8.731265e-03
9.300000e-01 -9.562707e-03
9.350000e-01 -1.003922e-02
9.400000e-01 -1.011114e-02
9.450000e-01 -9.790574e-03
9.500000e-01 -9.093202e-03
9.550000e-01 -8.026715e-03
9.600000e-01 -6.645664e-03
9.650000e-01 -4.965885e-03
9.700000e-01 -3.089230e-03
9.750000e-01 -1.121003e-03
9.800000e-01 9.141285e-04
9.850000e-01 2.894426e-03
9.900000e-01 4.754093e-03
9.950000e-01 6.430223e-03
1 7.845895e-03
1.005000e+00 8.998615e-03
1.010000e+00 9.769101e-03
1.015000e+00 1.013412e-02
1.020000e+00 1.011072e-02
1.025000e+00 9.643333e-03
1.030000e+00 8.813340e-03
1.035000e+00 7.640222e-03
1.040000e+00 6.156561e-03
1.045000e+00 4.451999e-03
1.050000e+00 2.551269e-03
1.055000e+00 5.407933e-04
1.060000e+00 -1.482618e-03
1.065000e+00 -3.467434e-03
1.070000e+00 -5.315839e-03
1.075000e+00 -6.928072e-03
1.080000e+00 -8.255515e-03
1.085000e+00 -9.245927e-03
1.090000e+00 -9.879136e-03
1.095000e+00 -1.013680e-02
1.100000e+00 -9.982438e-03
1.105000e+00 -9.436679e-03
1.110000e+00 -8.513403e-03
1.115000e+00 -7.224784e-03
1.120000e+00 -5.645945e-03
1.125000e+00 -3.866843e-03
1.130000e+00 -1.978853e-03
1.135000e+00 -1.062068e-04
1.140000e+00 1.585217e-03
1.145000e+00 2.936734e-03
1.150000e+00 3.816819e-03
1.155000e+00 4.118155e-03
1.160000e+00 3.801133e-03
1.165000e+00 2.942641e-03
1.170000e+00 1.745038e-03
1.175000e+00 4.835501e-04
1.180000e+00 -6.279462e-04
1.185000e+00 -1.434209e-03
1.190000e+00 -1.924861e-03
1.195000e+00 -2.288704e-03
1.200000e+00 -2.659206e-03
1.205000e+00 -3.122295e-03
1.210000e+00 -3.560127e-03
1.215000e+00 -3.678894e-03
1.220000e+00 -3.286628e-03
1.225000e+00 -2.184248e-03
1.230000e+00 -4.417236e-04
1.235000e+00 1.655558e-03
1.240000e+00 3.906974e-03
1.245000e+00 6.082936e-03
1.250000e+00 8.083896e-03
1.255000e+00 9.813352e-03
1.260000e+00 1.103893e-02
1.265000e+00 1.158145e-02
1.270000e+00 1.139123e-02
1.275000e+00 1.062223e-02
1.280000e+00 9.586402e-03
1.285000e+00 8.543891e-03
1.290000e+00 7.437303e-03
1.295000e+00 6.006123e-03
1.300000e+00 4.066012e-03
1.305000e+00 1.680626e-03
1.310000e+00 -8.194188e-04
1.315000e+00 -3.100310e-03
1.320000e+00 -5.018836e-03
1.325000e+00 -6.692619e-03
1.330000e+00 -8.276256e-03
1.335000e+00 -9.754384e-03
1.340000e+00 -1.090883e-02
1.345000e+00 -1.149283e-02
1.350000e+00 -1.146852e-02
1.355000e+00 -1.090586e-02
1.360000e+00 -9.954113e-03
1.365000e+00 -8.699294e-03
1.370000e+00 -7.147410e-03
1.375000e+00 -5.364956e-03
1.380000e+00 -3.339394e-03
1.385000e+00 -1.103730e-03
1.390000e+00 1.237030e-03
1.395000e+00 3.584956e-03
1.400000e+00 5.686000e-03
1.405000e+00 7.422655e-03
1.410000e+00 8.862867e-03
1.415000e+00 1.003449e-02
1.420000e+00 1.096623e-02
1.425000e+00 1.147541e-02
1.430000e+00 1.135707e-02
1.435000e+00 1.066495e-02
1.440000e+00 9.589654e-03
1.445000e+00 8.346274e-03
1.450000e+00 6.841619e-03
1.455000e+00 4.809024e-03
1.460000e+00 2.401043e-03
1.465000e+00 1.560685e-04
1.470000e+00 -1.771726e-03
1.475000e+00 -3.846049e-03
1.480000e+00 -6.166481e-03
1.485000e+00 -8.118692e-03
1.490000e+00 -9.394078e-03
1.495000e+00 -1.032361e-02
1.500000e+00 -1.104252e-02
1.505000e+00 -1.131105e-02
1.510000e+00 -1.110116e-02
1.515000e+00 -1.051949e-02
1.520000e+00 -9.405606e-03
1.525000e+00 -7.806841e-03
1.530000e+00 -6.086944e-03
1.535000e+00 -4.223594e-03
1.540000e+00 -2.016792e-03
1.545000e+00 3.368942e-04
1.550000e+00 2.616253e-03
1.555000e+00 4.764143e-03
1.560000e+00 6.603948e-03
1.565000e+00 8.176241e-03
1.570000e+00 9.677706e-03
1.575000e+00 1.083654e-02
1.580000e+00 1.126523e-02
1.585000e+00 1.119203e-02
1.590000e+00 1.094164e-02
1.595000e+00 1.026301e-02
1.600000e+00 8.995643e-03
1.605000e+00 7.356210e-03
1.610000e+00 5.496305e-03
1.615000e+00 3.542971e-03
1.620000e+00 1.394697e-03
1.625000e+00 -1.010721e-03
1.630000e+00 -3.242673e-03
1.635000e+00 -5.192817e-03
1.640000e+00 -7.163720e-03
1.645000e+00 -8.891460e-03
1.650000e+00 -9.981788e-03
1.655000e+00 -1.073906e-02
1.660000e+00 -1.127486e-02
1.665000e+00 -1.126680e-02
1.670000e+00 -1.075792e-02
1.675000e+00 -9.867720e-03
1.680000e+00 -8.574003e-03
1.685000e+00 -6.936407e-03
1.690000e+00 -5.004217e-03
1.695000e+00 -2.874212e-03
1.700000e+00 -6.670082e-04
1.705000e+00 1.642504e-03
1.710000e+00 3.820934e-03
1.715000e+00 5.723464e-03
1.720000e+00 7.634225e-03
1.725000e+00 9.256722e-03
1.730000e+00 1.027145e-02
1.735000e+00 1.100791e-02
1.740000e+00 1.138281e-02
1.745000e+00 1.116309e-02
1.750000e+00 1.052619e-02
1.755000e+00 9.503326e-03
1.760000e+00 8.085500e-03
1.765000e+00 6.401394e-03
1.770000e+00 4.433023e-03
1.775000e+00 2.226231e-03
1.780000e+00 -3.932213e-06
1.785000e+00 -2.216498e-03
1.790000e+00 -4.408444e-03
1.795000e+00 -6.426188e-03
1.800000e+00 -8.104953e-03
1.805000e+00 -9.427550e-03
1.810000e+00 -1.049865e-02
1.815000e+00 -1.114420e-02
1.820000e+00 -1.123392e-02
1.825000e+00 -1.100381e-02
1.830000e+00 -1.035965e-02
1.835000e+00 -9.147349e-03
1.840000e+00 -7.670767e-03
1.845000e+00 -5.905402e-03
1.850000e+00 -3.778014e-03
1.855000e+00 -1.611030e-03
1.860000e+00 6.118452e-04
1.865000e+00 2.862694e-03
1.870000e+00 4.953687e-03
1.875000e+00 6.923031e-03
1.880000e+00 8.592479e-03
1.885000e+00 9.854513e-03
1.890000e+00 1.079994e-02
1.895000e+00 1.128705e-02
1.900000e+00 1.126174e-02
1.905000e+00 1.083678e-02
1.910000e+00 9.998324e-03
1.915000e+00 8.734206e-03
1.920000e+00 7.144305e-03
1.925000e+00 5.305250e-03
1.930000e+00 3.183461e-03
1.935000e+00 9.000401e-04
1.940000e+00 -1.330595e-03
1.945000e+00 -3.543315e-03
1.950000e+00 -5.630401e-03
1.955000e+00 -7.398202e-03
1.960000e+00 -8.957883e-03
1.965000e+00 -1.016937e-02
1.970000e+00 -1.087133e-02
1.975000e+00 -1.127465e-02
1.980000e+00 -1.123560e-02
1.985000e+00 -1.063796e-02
1.990000e+00 -9.661889e-03
1.995000e+00 -8.301204e-03
2 -6.609573e-03
2.005000e+00 -4.664415e-03
2.010000e+00 -2.536577e-03
2.015000e+00 -3.267613e-04
2.020000e+00 1.926386e-03
2.025000e+00 4.109571e-03
2.030000e+00 6.132383e-03
2.035000e+00 7.927670e-03
2.040000e+00 9.387629e-03
2.045000e+00 1.046266e-02
2.050000e+00 1.109155e-02
2.055000e+00 1.131607e-02
2.060000e+00 1.108430e-02
2.065000e+00 1.036666e-02
2.070000e+00 9.338544e-03
2.075000e+00 7.879997e-03
2.080000e+00 6.068165e-03
2.085000e+00 4.076078e-03
2.090000e+00 1.838383e-03
2.095000e+00 -4.144921e-04
2.100000e+00 -2.611757e-03
2.105000e+00 -4.783657e-03
2.110000e+00 -6.680363e-03
2.115000e+00 -8.324983e-03
2.120000e+00 -9.709259e-03
2.125000e+00 -1.063854e-02
2.130000e+00 -1.119241e-02
2.135000e+00 -1.131368e-02
2.140000e+00 -1.091106e-02
2.145000e+00 -1.009381e-02
2.150000e+00 -8.902127e-03
2.155000e+00 -7.345026e-03
2.160000e+00 -5.491171e-03
2.165000e+00 -3.466662e-03
2.170000e+00 -1.263816e-03
2.175000e+00 1.015894e-03
2.180000e+00 3.208838e-03
2.185000e+00 5.334158e-03
2.190000e+00 7.229047e-03
2.195000e+00 8.807501e-03
2.200000e+00 1.005373e-02
2.205000e+00 1.086949e-02
2.210000e+00 1.127396e-02
2.215000e+00 1.120929e-02
2.220000e+00 1.074749e-02
2.225000e+00 9.852904e-03
2.230000e+00 8.486842e-03
2.235000e+00 6.860910e-03
2.240000e+00 4.899022e-03
2.245000e+00 2.723394e-03
2.250000e+00 5.006838e-04
2.255000e+00 -1.806731e-03
2.260000e+00 -3.984237e-03
2.265000e+00 -6.019131e-03
2.270000e+00 -7.867126e-03
2.275000e+00 -9.349634e-03
2.280000e+00 -1.047521e-02
2.285000e+00 -1.115994e-02
2.290000e+00 -1.136578e-02
2.295000e+00 -1.111749e-02
2.300000e+00 -1.041567e-02
2.305000e+00 -9.315506e-03
2.310000e+00 -7.916734e-03
2.315000e+00 -6.302636e-03
2.320000e+00 -4.532411e-03
2.325000e+00 -2.752813e-03
2.330000e+00 -1.054702e-03
2.335000e+00 4.200505e-04
2.340000e+00 1.499248e-03
2.345000e+00 2.166236e-03
2.350000e+00 2.346483e-03
2.355000e+00 2.114982e-03
2.360000e+00 1.637503e-03
2.365000e+00 1.076275e-03
2.370000e+00 6.463358e-04
2.375000e+00 4.286139e-04
2.380000e+00 4.671070e-04
2.385000e+00 6.403370e-04
2.390000e+00 8.763676e-04
2.395000e+00 1.107651e-03
2.400000e+00 1.199366e-03
2.405000e+00 1.343888e-03
2.410000e+00 1.658355e-03
2.415000e+00 2.248013e-03
2.420000e+00 3.307875e-03
2.425000e+00 4.726338e-03
2.430000e+00 6.335092e-03
2.435000e+00 7.878246e-03
2.440000e+00 9.009468e-03
2.445000e+00 9.551299e-03
2.450000e+00 9.426875e-03
2.455000e+00 8.691474e-03
2.460000e+00 7.541269e-03
2.465000e+00 6.160075e-03
2.470000e+00 4.655030e-03
2.475000e+00 3.088627e-03
2.480000e+00 1.499694e-03
2.485000e+00 -7.419682e-05
2.490000e+00 -1.636089e-03
2.495000e+00 -3.159673e-03
2.500000e+00 -4.578629e-03
2.505000e+00 -5.931114e-03
2.510000e+00 -7.207170e-03
2.515000e+00 -8.278762e-03
2.520000e+00 -9.031387e-03
2.525000e+00 -9.271549e-03
2.530000e+00 -8.947431e-03
2.535000e+00 -8.217908e-03
2.540000e+00 -7.241731e-03
2.545000e+00 -6.165433e-03
2.550000e+00 -5.001608e-03
2.555000e+00 -3.594620e-03
2.560000e+00 -1.803921e-03
2.565000e+00 2.410901e-04
2.570000e+00 2.282490e-03
2.575000e+00 4.057505e-03
2.580000e+00 5.384067e-03
2.585000e+00 6.415193e-03
2.590000e+00 7.349755e-03
2.595000e+00 8.252483e-03
2.600000e+00 9.044612e-03
2.605000e+00 9.337462e-03
2.610000e+00 8.976850e-03
2.615000e+00 8.116998e-03
2.620000e+00 6.905997e-03
2.625000e+00 5.666265e-03
2.630000e+00 4.402041e-03
2.635000e+00 2.938660e-03
2.640000e+00 1.251218e-03
2.645000e+00 -7.086674e-04
2.650000e+00 -2.658044e-03
2.655000e+00 -4.371359e-03
2.660000e+00 -5.799795e-03
2.665000e+00 -6.908016e-03
2.670000e+00 -7.842345e-03
2.675000e+00 -8.562701e-03
2.680000e+00 -8.967709e-03
2.685000e+00 -8.996052e-03
2.690000e+00 -8.574210e-03
2.695000e+00 -7.803279e-03
2.700000e+00 -6.751992e-03
2.705000e+00 -5.473776e-03
2.710000e+00 -3.983079e-03
2.715000e+00 -2.277247e-03
2.720000e+00 -5.314041e-04
2.725000e+00 1.254983e-03
2.730000e+00 3.039225e-03
2.735000e+00 4.652479e-03
2.740000e+00 6.098674e-03
2.745000e+00 7.277990e-03
2.750000e+00 8.157311e-03
2.755000e+00 8.769814e-03
2.760000e+00 8.995921e-03
2.765000e+00 8.871202e-03
2.770000e+00 8.422306e-03
2.775000e+00 7.548053e-03
2.780000e+00 6.387481e-03
2.785000e+00 5.027387e-03
2.790000e+00 3.455310e-03
2.795000e+00 1.761854e-03
2.800000e+00 -3.302237e-05
2.805000e+00 -1.848510e-03
2.810000e+00 -3.553092e-03
2.815000e+00 -5.086487e-03
2.820000e+00 -6.434841e-03
2.825000e+00 -7.565651e-03
2.830000e+00 -8.392292e-03
2.835000e+00 -8.852339e-03
2.840000e+00 -8.916920e-03
2.845000e+00 -8.629676e-03
2.850000e+00 -8.082942e-03
2.855000e+00 -7.267675e-03
2.860000e+00 -6.115811e-03
2.865000e+00 -4.617243e-03
2.870000e+00 -2.897749e-03
2.875000e+00 -1.155176e-03
2.880000e+00 5.030525e-04
2.885000e+00 2.168200e-03
2.890000e+00 3.954167e-03
2.895000e+00 5.606410e-03
2.900000e+00 6.863958e-03
2.905000e+00 7.758799e-03
2.910000e+00 8.406928e-03
2.915000e+00 8.895609e-03
2.920000e+00 9.051731e-03
2.925000e+00 8.680586e-03
2.930000e+00 7.835803e-03
2.935000e+00 6.742255e-03
2.940000e+00 5.574181e-03
2.945000e+00 4.237364e-03
2.950000e+00 2.588932e-03
2.955000e+00 6.620536e-04
2.960000e+00 -1.241150e-03
2.965000e+00 -2.845475e-03
2.970000e+00 -4.300385e-03
2.975000e+00 -5.765138e-03
2.980000e+00 -7.143093e-03
2.985000e+00 -8.180287e-03
2.990000e+00 -8.599273e-03
2.995000e+00 -8.666020e-03
3 -8.723194e-03
