T X
0 0
5.000000e-03 1.804312e-07
1.000000e-02 7.838528e-07
1.500000e-02 1.788653e-06
2.000000e-02 3.087515e-06
2.500000e-02 4.606382e-06
3.000000e-02 6.282779e-06
3.500000e-02 8.083455e-06
4.000000e-02 9.979844e-06
4.500000e-02 1.191282e-05
5.000000e-02 1.377807e-05
5.500000e-02 1.547975e-05
6.000000e-02 1.693642e-05
6.500000e-02 1.809760e-05
7.000000e-02 1.893635e-05
7.500000e-02 1.943783e-05
8.000000e-02 1.956842e-05
8.500000e-02 1.924123e-05
9.000000e-02 1.835531e-05
9.500000e-02 1.681855e-05
1.000000e-01 1.458734e-05
1.050000e-01 1.170873e-05
1.100000e-01 8.334733e-06
1.150000e-01 4.669915e-06
1.200000e-01 8.717229e-07
1.250000e-01 -2.951219e-06
1.300000e-01 -6.699807e-06
1.350000e-01 -1.022324e-05
1.400000e-01 -1.333040e-05
1.450000e-01 -1.587424e-05
1.500000e-01 -1.778116e-05
1.550000e-01 -1.901010e-05
1.600000e-01 -1.949303e-05
1.650000e-01 -1.921925e-05
1.700000e-01 -1.823973e-05
1.750000e-01 -1.656488e-05
1.800000e-01 -1.419774e-05
1.850000e-01 -1.122889e-05
1.900000e-01 -7.841536e-06
1.950000e-01 -4.177683e-06
2.000000e-01 -3.487160e-07
2.050000e-01 3.489600e-06
2.100000e-01 7.200730e-06
2.150000e-01 1.066766e-05
2.200000e-01 1.373277e-05
2.250000e-01 1.622174e-05
2.300000e-01 1.803498e-05
2.350000e-01 1.912270e-05
2.400000e-01 1.944988e-05
2.450000e-01 1.903921e-05
2.500000e-01 1.792124e-05
2.550000e-01 1.609149e-05
2.600000e-01 1.357969e-05
2.650000e-01 1.049761e-05
2.700000e-01 6.989369e-06
2.750000e-01 3.224408e-06
2.800000e-01 -6.233401e-07
2.850000e-01 -4.433182e-06
2.900000e-01 -8.088711e-06
2.950000e-01 -1.146095e-05
3.000000e-01 -1.440873e-05
3.050000e-01 -1.677022e-05
3.100000e-01 -1.842427e-05
3.150000e-01 -1.931492e-05
3.200000e-01 -1.943505e-05
3.250000e-01 -1.881681e-05
3.300000e-01 -1.749424e-05
3.350000e-01 -1.547227e-05
3.400000e-01 -1.280133e-05
3.450000e-01 -9.602192e-06
3.500000e-01 -6.010572e-06
3.550000e-01 -2.188457e-06
3.600000e-01 1.695832e-06
3.650000e-01 5.492441e-06
3.700000e-01 9.074550e-06
3.750000e-01 1.232256e-05
3.800000e-01 1.509558e-05
3.850000e-01 1.726806e-05
3.900000e-01 1.874703e-05
3.950000e-01 1.945972e-05
4.000000e-01 1.937599e-05
4.050000e-01 1.852530e-05
4.100000e-01 1.695750e-05
4.150000e-01 1.472773e-05
4.200000e-01 1.191657e-05
4.250000e-01 8.624412e-06
4.300000e-01 4.971601e-06
4.350000e-01 1.096506e-06
4.400000e-01 -2.821483e-06
4.450000e-01 -6.593951e-06
4.500000e-01 -1.008368e-05
4.550000e-01 -1.316595e-05
4.600000e-01 -1.573975e-05
4.650000e-01 -1.772411e-05
4.700000e-01 -1.901688e-05
4.750000e-01 -1.953238e-05
4.800000e-01 -1.923362e-05
4.850000e-01 -1.814784e-05
4.900000e-01 -1.634325e-05
4.950000e-01 -1.391779e-05
5.000000e-01 -1.097802e-05
5.050000e-01 -7.600141e-06
5.100000e-01 -3.880499e-06
5.150000e-01 3.252227e-08
5.200000e-01 3.952666e-06
5.250000e-01 7.680104e-06
5.300000e-01 1.105782e-05
5.350000e-01 1.398138e-05
5.400000e-01 1.636775e-05
5.450000e-01 1.814718e-05
5.500000e-01 1.922863e-05
5.550000e-01 1.952058e-05
5.600000e-01 1.899991e-05
5.650000e-01 1.769515e-05
5.700000e-01 1.568532e-05
5.750000e-01 1.308422e-05
5.800000e-01 9.999013e-06
5.850000e-01 6.519619e-06
5.900000e-01 2.740511e-06
5.950000e-01 -1.176918e-06
6.000000e-01 -5.051164e-06
6.050000e-01 -8.710823e-06
6.100000e-01 -1.198962e-05
6.150000e-01 -1.477383e-05
6.200000e-01 -1.697813e-05
6.250000e-01 -1.853185e-05
6.300000e-01 -1.936606e-05
6.350000e-01 -1.942361e-05
6.400000e-01 -1.869187e-05
6.450000e-01 -1.719520e-05
6.500000e-01 -1.500316e-05
6.550000e-01 -1.222376e-05
6.600000e-01 -8.977658e-06
6.650000e-01 -5.383651e-06
6.700000e-01 -1.575712e-06
6.750000e-01 2.306974e-06
6.800000e-01 6.120099e-06
6.850000e-01 9.696993e-06
6.900000e-01 1.287966e-05
6.950000e-01 1.553032e-05
7.000000e-01 1.754484e-05
7.050000e-01 1.885645e-05
7.100000e-01 1.943028e-05
7.150000e-01 1.925658e-05
7.200000e-01 1.833013e-05
7.250000e-01 1.665672e-05
7.300000e-01 1.428177e-05
7.350000e-01 1.132174e-05
7.400000e-01 7.923331e-06
7.450000e-01 4.236229e-06
7.500000e-01 4.115715e-07
7.550000e-01 -3.431099e-06
7.600000e-01 -7.169670e-06
7.650000e-01 -1.065863e-05
7.700000e-01 -1.373101e-05
7.750000e-01 -1.622463e-05
7.800000e-01 -1.803553e-05
7.850000e-01 -1.911003e-05
7.900000e-01 -1.944239e-05
7.950000e-01 -1.904493e-05
8.000000e-01 -1.791431e-05
8.050000e-01 -1.604924e-05
8.100000e-01 -1.349697e-05
8.150000e-01 -1.038443e-05
8.200000e-01 -6.865847e-06
8.250000e-01 -3.106808e-06
8.300000e-01 7.395554e-07
8.350000e-01 4.556555e-06
8.400000e-01 8.222858e-06
8.450000e-01 1.159763e-05
8.500000e-01 1.451677e-05
8.550000e-01 1.683558e-05
8.600000e-01 1.845003e-05
8.650000e-01 1.930975e-05
8.700000e-01 1.941935e-05
8.750000e-01 1.878736e-05
8.800000e-01 1.742342e-05
8.850000e-01 1.535384e-05
8.900000e-01 1.265104e-05
8.950000e-01 9.426068e-06
9.000000e-01 5.818219e-06
9.050000e-01 1.994702e-06
9.100000e-01 -1.887027e-06
9.150000e-01 -5.685000e-06
9.200000e-01 -9.266057e-06
9.250000e-01 -1.248950e-05
9.300000e-01 -1.522756e-05
9.350000e-01 -1.736833e-05
9.400000e-01 -1.880268e-05
9.450000e-01 -1.946802e-05
9.500000e-01 -1.934758e-05
9.550000e-01 -1.846222e-05
9.600000e-01 -1.685638e-05
9.650000e-01 -1.459388e-05
9.700000e-01 -1.176040e-05
9.750000e-01 -8.444293e-06
9.800000e-01 -4.763968e-06
9.850000e-01 -8.774583e-07
9.900000e-01 3.034290e-06
9.950000e-01 6.797502e-06
1 1.026471e-05
1.005000e+00 1.332351e-05
1.010000e+00 1.588529e-05
1.015000e+00 1.784339e-05
1.020000e+00 1.909367e-05
1.025000e+00 1.955498e-05
1.030000e+00 1.920061e-05
1.035000e+00 1.807057e-05
1.040000e+00 1.623707e-05
1.045000e+00 1.379941e-05
1.050000e+00 1.083670e-05
1.055000e+00 7.422193e-06
1.060000e+00 3.672459e-06
1.065000e+00 -2.533512e-07
1.070000e+00 -4.158921e-06
1.075000e+00 -7.861581e-06
1.080000e+00 -1.121558e-05
1.085000e+00 -1.412326e-05
1.090000e+00 -1.650718e-05
1.095000e+00 -1.826718e-05
1.100000e+00 -1.930260e-05
1.105000e+00 -1.954111e-05
1.110000e+00 -1.896965e-05
1.115000e+00 -1.762513e-05
1.120000e+00 -1.559325e-05
1.125000e+00 -1.297946e-05
1.130000e+00 -9.865707e-06
1.135000e+00 -6.345756e-06
1.140000e+00 -2.544617e-06
1.145000e+00 1.376850e-06
1.150000e+00 5.241087e-06
1.155000e+00 8.876776e-06
1.160000e+00 1.213430e-05
1.165000e+00 1.490270e-05
1.170000e+00 1.709232e-05
1.175000e+00 1.861806e-05
1.180000e+00 1.940756e-05
1.185000e+00 1.942582e-05
1.190000e+00 1.866730e-05
1.195000e+00 1.716586e-05
1.200000e+00 1.500144e-05
1.205000e+00 1.226723e-05
1.210000e+00 9.058936e-06
1.215000e+00 5.451955e-06
1.220000e+00 1.495228e-06
1.225000e+00 -2.773464e-06
1.230000e+00 -7.297302e-06
1.235000e+00 -1.196034e-05
1.240000e+00 -1.659635e-05
1.245000e+00 -2.100134e-05
1.250000e+00 -2.495740e-05
1.255000e+00 -2.828414e-05
1.260000e+00 -3.086641e-05
1.265000e+00 -3.263501e-05
1.270000e+00 -3.353645e-05
1.275000e+00 -3.353876e-05
1.280000e+00 -3.264162e-05
1.285000e+00 -3.087096e-05
1.290000e+00 -2.826838e-05
1.295000e+00 -2.488554e-05
1.300000e+00 -2.074436e-05
1.305000e+00 -1.582182e-05
1.310000e+00 -1.010367e-05
1.315000e+00 -3.613409e-06
1.320000e+00 3.530544e-06
1.325000e+00 1.107004e-05
1.330000e+00 1.864430e-05
1.335000e+00 2.587169e-05
1.340000e+00 3.242175e-05
1.345000e+00 3.800589e-05
1.350000e+00 4.241377e-05
1.355000e+00 4.555379e-05
1.360000e+00 4.736527e-05
1.365000e+00 4.775440e-05
1.370000e+00 4.666984e-05
1.375000e+00 4.414646e-05
1.380000e+00 4.019660e-05
1.385000e+00 3.483261e-05
1.390000e+00 2.821412e-05
1.395000e+00 2.060798e-05
1.400000e+00 1.226148e-05
1.405000e+00 3.394803e-06
1.410000e+00 -5.727156e-06
1.415000e+00 -1.475547e-05
1.420000e+00 -2.324119e-05
1.425000e+00 -3.071373e-05
1.430000e+00 -3.684281e-05
1.435000e+00 -4.144855e-05
1.440000e+00 -4.441890e-05
1.445000e+00 -4.567335e-05
1.450000e+00 -4.515134e-05
1.455000e+00 -4.283597e-05
1.460000e+00 -3.879778e-05
1.465000e+00 -3.319672e-05
1.470000e+00 -2.626621e-05
1.475000e+00 -1.830486e-05
1.480000e+00 -9.628835e-06
1.485000e+00 -5.818426e-07
1.490000e+00 8.446226e-06
1.495000e+00 1.707575e-05
1.500000e+00 2.499308e-05
1.505000e+00 3.197554e-05
1.510000e+00 3.778369e-05
1.515000e+00 4.206690e-05
1.520000e+00 4.453664e-05
1.525000e+00 4.517719e-05
1.530000e+00 4.410441e-05
1.535000e+00 4.134070e-05
1.540000e+00 3.691431e-05
1.545000e+00 3.101272e-05
1.550000e+00 2.391432e-05
1.555000e+00 1.586324e-05
1.560000e+00 7.151414e-06
1.565000e+00 -1.823795e-06
1.570000e+00 -1.070455e-05
1.575000e+00 -1.915276e-05
1.580000e+00 -2.679844e-05
1.585000e+00 -3.336071e-05
1.590000e+00 -3.864875e-05
1.595000e+00 -4.245596e-05
1.600000e+00 -4.458557e-05
1.605000e+00 -4.493820e-05
1.610000e+00 -4.348679e-05
1.615000e+00 -4.027539e-05
1.620000e+00 -3.549246e-05
1.625000e+00 -2.938516e-05
1.630000e+00 -2.214298e-05
1.635000e+00 -1.397002e-05
1.640000e+00 -5.163035e-06
1.645000e+00 3.895983e-06
1.650000e+00 1.276648e-05
1.655000e+00 2.106761e-05
1.660000e+00 2.854710e-05
1.665000e+00 3.495236e-05
1.670000e+00 3.999343e-05
1.675000e+00 4.345436e-05
1.680000e+00 4.520459e-05
1.685000e+00 4.514854e-05
1.690000e+00 4.326521e-05
1.695000e+00 3.964165e-05
1.700000e+00 3.444921e-05
1.705000e+00 2.792385e-05
1.710000e+00 2.028512e-05
1.715000e+00 1.178158e-05
1.720000e+00 2.784989e-06
1.725000e+00 -6.338680e-06
1.730000e+00 -1.525207e-05
1.735000e+00 -2.355551e-05
1.740000e+00 -3.089910e-05
1.745000e+00 -3.703802e-05
1.750000e+00 -4.171314e-05
1.755000e+00 -4.471117e-05
1.760000e+00 -4.594944e-05
1.765000e+00 -4.537019e-05
1.770000e+00 -4.294285e-05
1.775000e+00 -3.875394e-05
1.780000e+00 -3.300278e-05
1.785000e+00 -2.594216e-05
1.790000e+00 -1.784571e-05
1.795000e+00 -9.034177e-06
1.800000e+00 1.395156e-07
1.805000e+00 9.337616e-06
1.810000e+00 1.821073e-05
1.815000e+00 2.637213e-05
1.820000e+00 3.346243e-05
1.825000e+00 3.918294e-05
1.830000e+00 4.330461e-05
1.835000e+00 4.571052e-05
1.840000e+00 4.633458e-05
1.845000e+00 4.511539e-05
1.850000e+00 4.206252e-05
1.855000e+00 3.727966e-05
1.860000e+00 3.096408e-05
1.865000e+00 2.340232e-05
1.870000e+00 1.492593e-05
1.875000e+00 5.883358e-06
1.880000e+00 -3.381840e-06
1.885000e+00 -1.254449e-05
1.890000e+00 -2.124975e-05
1.895000e+00 -2.911052e-05
1.900000e+00 -3.577798e-05
1.905000e+00 -4.097062e-05
1.910000e+00 -4.449398e-05
1.915000e+00 -4.624613e-05
1.920000e+00 -4.618301e-05
1.925000e+00 -4.429387e-05
1.930000e+00 -4.061131e-05
1.935000e+00 -3.526588e-05
1.940000e+00 -2.848425e-05
1.945000e+00 -2.054893e-05
1.950000e+00 -1.181104e-05
1.955000e+00 -2.642636e-06
1.960000e+00 6.625708e-06
1.965000e+00 1.564812e-05
1.970000e+00 2.404897e-05
1.975000e+00 3.149605e-05
1.980000e+00 3.767947e-05
1.985000e+00 4.231552e-05
1.990000e+00 4.522780e-05
1.995000e+00 4.633223e-05
2 4.559746e-05
2.005000e+00 4.304453e-05
2.010000e+00 3.877266e-05
2.015000e+00 3.295748e-05
2.020000e+00 2.581203e-05
2.025000e+00 1.761475e-05
2.030000e+00 8.712265e-06
2.035000e+00 -5.214861e-07
2.040000e+00 -9.708528e-06
2.045000e+00 -1.848607e-05
2.050000e+00 -2.651730e-05
2.055000e+00 -3.350811e-05
2.060000e+00 -3.917773e-05
2.065000e+00 -4.326411e-05
2.070000e+00 -4.559318e-05
2.075000e+00 -4.608128e-05
2.080000e+00 -4.470901e-05
2.085000e+00 -4.154932e-05
2.090000e+00 -3.676649e-05
2.095000e+00 -3.055150e-05
2.100000e+00 -2.311267e-05
2.105000e+00 -1.470959e-05
2.110000e+00 -5.691916e-06
2.115000e+00 3.528741e-06
2.120000e+00 1.256294e-05
2.125000e+00 2.106167e-05
2.130000e+00 2.871284e-05
2.135000e+00 3.523234e-05
2.140000e+00 4.037332e-05
2.145000e+00 4.391820e-05
2.150000e+00 4.568168e-05
2.155000e+00 4.557646e-05
2.160000e+00 4.362263e-05
2.165000e+00 3.994153e-05
2.170000e+00 3.471583e-05
2.175000e+00 2.813432e-05
2.180000e+00 2.041733e-05
2.185000e+00 1.185118e-05
2.190000e+00 2.797895e-06
2.195000e+00 -6.351571e-06
2.200000e+00 -1.521717e-05
2.205000e+00 -2.343727e-05
2.210000e+00 -3.070569e-05
2.215000e+00 -3.676404e-05
2.220000e+00 -4.137834e-05
2.225000e+00 -4.435569e-05
2.230000e+00 -4.554885e-05
2.235000e+00 -4.488911e-05
2.240000e+00 -4.242705e-05
2.245000e+00 -3.828340e-05
2.250000e+00 -3.262530e-05
2.255000e+00 -2.568532e-05
2.260000e+00 -1.772766e-05
2.265000e+00 -9.058025e-06
2.270000e+00 -2.068497e-08
2.275000e+00 9.030765e-06
2.280000e+00 1.771242e-05
2.285000e+00 2.565316e-05
2.290000e+00 3.255162e-05
2.295000e+00 3.815306e-05
2.300000e+00 4.222873e-05
2.305000e+00 4.462434e-05
2.310000e+00 4.525966e-05
2.315000e+00 4.409419e-05
2.320000e+00 4.115627e-05
2.325000e+00 3.654891e-05
2.330000e+00 3.047355e-05
2.335000e+00 2.320713e-05
2.340000e+00 1.504738e-05
2.345000e+00 6.309440e-06
2.350000e+00 -2.692242e-06
2.355000e+00 -1.161560e-05
2.360000e+00 -2.008971e-05
2.365000e+00 -2.774816e-05
2.370000e+00 -3.426423e-05
2.375000e+00 -3.938736e-05
2.380000e+00 -4.292902e-05
2.385000e+00 -4.477612e-05
2.390000e+00 -4.487456e-05
2.395000e+00 -4.319652e-05
2.400000e+00 -3.977233e-05
2.405000e+00 -3.472277e-05
2.410000e+00 -2.826664e-05
2.415000e+00 -2.069985e-05
2.420000e+00 -1.235858e-05
2.425000e+00 -3.564834e-06
2.430000e+00 5.378484e-06
2.435000e+00 1.413761e-05
2.440000e+00 2.234261e-05
2.445000e+00 2.963014e-05
2.450000e+00 3.569599e-05
2.455000e+00 4.030087e-05
2.460000e+00 4.329024e-05
2.465000e+00 4.458702e-05
2.470000e+00 4.413107e-05
2.475000e+00 4.191614e-05
2.480000e+00 3.801872e-05
2.485000e+00 3.258792e-05
2.490000e+00 2.585775e-05
2.495000e+00 1.812550e-05
2.500000e+00 9.724202e-06
2.505000e+00 9.903902e-07
2.510000e+00 -7.777386e-06
2.515000e+00 -1.631650e-05
2.520000e+00 -2.436772e-05
2.525000e+00 -3.168401e-05
2.530000e+00 -3.804439e-05
2.535000e+00 -4.326043e-05
2.540000e+00 -4.718992e-05
2.545000e+00 -4.970242e-05
2.550000e+00 -5.066760e-05
2.555000e+00 -5.000436e-05
2.560000e+00 -4.772081e-05
2.565000e+00 -4.391673e-05
2.570000e+00 -3.876220e-05
2.575000e+00 -3.249197e-05
2.580000e+00 -2.540254e-05
2.585000e+00 -1.780517e-05
2.590000e+00 -9.950891e-06
2.595000e+00 -2.012054e-06
2.600000e+00 5.888097e-06
2.605000e+00 1.362316e-05
2.610000e+00 2.100829e-05
2.615000e+00 2.784609e-05
2.620000e+00 3.396768e-05
2.625000e+00 3.920152e-05
2.630000e+00 4.337436e-05
2.635000e+00 4.630707e-05
2.640000e+00 4.782006e-05
2.645000e+00 4.776779e-05
2.650000e+00 4.609407e-05
2.655000e+00 4.290009e-05
2.660000e+00 3.841477e-05
2.665000e+00 3.292101e-05
2.670000e+00 2.667888e-05
2.675000e+00 1.984602e-05
2.680000e+00 1.251407e-05
2.685000e+00 4.810371e-06
2.690000e+00 -3.023183e-06
2.695000e+00 -1.064501e-05
2.700000e+00 -1.772317e-05
2.705000e+00 -2.399876e-05
2.710000e+00 -2.930673e-05
2.715000e+00 -3.354850e-05
2.720000e+00 -3.659660e-05
2.725000e+00 -3.825402e-05
2.730000e+00 -3.832847e-05
2.735000e+00 -3.675272e-05
2.740000e+00 -3.361461e-05
2.745000e+00 -2.911666e-05
2.750000e+00 -2.353206e-05
2.755000e+00 -1.712477e-05
2.760000e+00 -1.011584e-05
2.765000e+00 -2.710382e-06
2.770000e+00 4.857098e-06
2.775000e+00 1.228787e-05
2.780000e+00 1.923185e-05
2.785000e+00 2.533065e-05
2.790000e+00 3.031633e-05
2.795000e+00 3.404963e-05
2.800000e+00 3.645215e-05
2.805000e+00 3.747281e-05
2.810000e+00 3.707204e-05
2.815000e+00 3.521507e-05
2.820000e+00 3.191708e-05
2.825000e+00 2.728338e-05
2.830000e+00 2.151709e-05
2.835000e+00 1.490709e-05
2.840000e+00 7.767181e-06
2.845000e+00 3.798660e-07
2.850000e+00 -7.014092e-06
2.855000e+00 -1.417561e-05
2.860000e+00 -2.081532e-05
2.865000e+00 -2.663744e-05
2.870000e+00 -3.137339e-05
2.875000e+00 -3.480535e-05
2.880000e+00 -3.683122e-05
2.885000e+00 -3.743667e-05
2.890000e+00 -3.661880e-05
2.895000e+00 -3.434886e-05
2.900000e+00 -3.065618e-05
2.905000e+00 -2.572168e-05
2.910000e+00 -1.978250e-05
2.915000e+00 -1.305773e-05
2.920000e+00 -5.801068e-06
2.925000e+00 1.686650e-06
2.930000e+00 9.106443e-06
2.935000e+00 1.616856e-05
2.940000e+00 2.259775e-05
2.945000e+00 2.815891e-05
2.950000e+00 3.261476e-05
2.955000e+00 3.573329e-05
2.960000e+00 3.737465e-05
2.965000e+00 3.752527e-05
2.970000e+00 3.622443e-05
2.975000e+00 3.350417e-05
2.980000e+00 2.943022e-05
2.985000e+00 2.413116e-05
2.990000e+00 1.781603e-05
2.995000e+00 1.077148e-05
3 3.333760e-06
