T X
0 0
5.000000e-03 -6.079803e-11
1.000000e-02 -7.059736e-11
1.500000e-02 -1.312799e-10
2.000000e-02 3.514430e-10
2.500000e-02 6.417549e-10
3.000000e-02 1.178645e-09
3.500000e-02 8.299242e-09
4.000000e-02 5.251987e-08
4.500000e-02 3.287614e-07
5.000000e-02 1.771102e-06
5.500000e-02 8.114092e-06
6.000000e-02 3.182323e-05
6.500000e-02 1.072396e-04
7.000000e-02 3.116579e-04
7.500000e-02 7.832138e-04
8.000000e-02 1.703366e-03
8.500000e-02 3.202994e-03
9.000000e-02 5.200221e-03
9.500000e-02 7.295572e-03
1.000000e-01 8.917238e-03
1.050000e-01 9.727299e-03
1.100000e-01 9.916820e-03
1.150000e-01 9.947679e-03
1.200000e-01 9.928442e-03
1.250000e-01 9.464076e-03
1.300000e-01 8.295263e-03
1.350000e-01 6.762036e-03
1.400000e-01 5.255851e-03
1.450000e-01 3.593556e-03
1.500000e-01 1.523493e-03
1.550000e-01 -6.050720e-04
1.600000e-01 -2.429129e-03
1.650000e-01 -4.208861e-03
1.700000e-01 -6.081689e-03
1.750000e-01 -7.594871e-03
1.800000e-01 -8.638122e-03
1.850000e-01 -9.575200e-03
1.900000e-01 -1.022260e-02
1.950000e-01 -1.019302e-02
2.000000e-01 -9.764641e-03
2.050000e-01 -9.106920e-03
2.100000e-01 -7.940368e-03
2.150000e-01 -6.468984e-03
2.200000e-01 -4.947717e-03
2.250000e-01 -3.064966e-03
2.300000e-01 -9.430811e-04
2.350000e-01 1.001261e-03
2.400000e-01 2.957023e-03
2.450000e-01 4.890336e-03
2.500000e-01 6.475162e-03
2.550000e-01 7.901606e-03
2.600000e-01 9.080776e-03
2.650000e-01 9.698649e-03
2.700000e-01 1.004396e-02
2.750000e-01 1.008245e-02
2.800000e-01 9.542814e-03
2.850000e-01 8.718678e-03
2.900000e-01 7.580671e-03
2.950000e-01 6.022848e-03
3.000000e-01 4.356207e-03
3.050000e-01 2.451582e-03
3.100000e-01 3.779832e-04
3.150000e-01 -1.518083e-03
3.200000e-01 -3.487916e-03
3.250000e-01 -5.383339e-03
3.300000e-01 -6.892379e-03
3.350000e-01 -8.231395e-03
3.400000e-01 -9.229477e-03
3.450000e-01 -9.834507e-03
3.500000e-01 -1.012782e-02
3.550000e-01 -9.873223e-03
3.600000e-01 -9.322917e-03
3.650000e-01 -8.464246e-03
3.700000e-01 -7.101981e-03
3.750000e-01 -5.588965e-03
3.800000e-01 -3.826233e-03
3.850000e-01 -1.841827e-03
3.900000e-01 1.019113e-04
3.950000e-01 2.132598e-03
4.000000e-01 4.034468e-03
4.050000e-01 5.779572e-03
4.100000e-01 7.354362e-03
4.150000e-01 8.507772e-03
4.200000e-01 9.432713e-03
4.250000e-01 9.971851e-03
4.300000e-01 1.003961e-02
4.350000e-01 9.814058e-03
4.400000e-01 9.102406e-03
4.450000e-01 8.057649e-03
4.500000e-01 6.738969e-03
4.550000e-01 5.087181e-03
4.600000e-01 3.280710e-03
4.650000e-01 1.293341e-03
4.700000e-01 -7.032003e-04
4.750000e-01 -2.662597e-03
4.800000e-01 -4.579603e-03
4.850000e-01 -6.237353e-03
4.900000e-01 -7.703924e-03
4.950000e-01 -8.839466e-03
5.000000e-01 -9.601677e-03
5.050000e-01 -1.004962e-02
5.100000e-01 -1.001729e-02
5.150000e-01 -9.625718e-03
5.200000e-01 -8.859590e-03
5.250000e-01 -7.715653e-03
5.300000e-01 -6.285502e-03
5.350000e-01 -4.580214e-03
5.400000e-01 -2.720944e-03
5.450000e-01 -7.184442e-04
5.500000e-01 1.271440e-03
5.550000e-01 3.228429e-03
5.600000e-01 5.095801e-03
5.650000e-01 6.683630e-03
5.700000e-01 8.072716e-03
5.750000e-01 9.105985e-03
5.800000e-01 9.763655e-03
5.850000e-01 1.008657e-02
5.900000e-01 9.955356e-03
5.950000e-01 9.437879e-03
6.000000e-01 8.549310e-03
6.050000e-01 7.326886e-03
6.100000e-01 5.815007e-03
6.150000e-01 4.076470e-03
6.200000e-01 2.162171e-03
6.250000e-01 1.643917e-04
6.300000e-01 -1.809351e-03
6.350000e-01 -3.747154e-03
6.400000e-01 -5.525060e-03
6.450000e-01 -7.099964e-03
6.500000e-01 -8.395869e-03
6.550000e-01 -9.323648e-03
6.600000e-01 -9.907696e-03
6.650000e-01 -1.010023e-02
6.700000e-01 -9.880872e-03
6.750000e-01 -9.260180e-03
6.800000e-01 -8.265179e-03
6.850000e-01 -6.929401e-03
6.900000e-01 -5.330812e-03
6.950000e-01 -3.518035e-03
7.000000e-01 -1.556687e-03
7.050000e-01 4.609328e-04
7.100000e-01 2.479588e-03
7.150000e-01 4.366765e-03
7.200000e-01 6.078099e-03
7.250000e-01 7.554050e-03
7.300000e-01 8.724151e-03
7.350000e-01 9.558108e-03
7.400000e-01 9.992272e-03
7.450000e-01 1.002615e-02
7.500000e-01 9.678185e-03
7.550000e-01 8.943524e-03
7.600000e-01 7.859423e-03
7.650000e-01 6.476814e-03
7.700000e-01 4.800591e-03
7.750000e-01 2.961286e-03
7.800000e-01 9.990332e-04
7.850000e-01 -1.011849e-03
7.900000e-01 -2.973725e-03
7.950000e-01 -4.856281e-03
8.000000e-01 -6.510542e-03
8.050000e-01 -7.924241e-03
8.100000e-01 -9.005992e-03
8.150000e-01 -9.727144e-03
8.200000e-01 -1.007809e-02
8.250000e-01 -1.001207e-02
8.300000e-01 -9.546968e-03
8.350000e-01 -8.688816e-03
8.400000e-01 -7.503350e-03
8.450000e-01 -6.007810e-03
8.500000e-01 -4.285267e-03
8.550000e-01 -2.374672e-03
8.600000e-01 -3.869530e-04
8.650000e-01 1.616944e-03
8.700000e-01 3.558669e-03
8.750000e-01 5.348547e-03
8.800000e-01 6.947670e-03
8.850000e-01 8.235334e-03
8.900000e-01 9.237384e-03
8.950000e-01 9.838381e-03
9.000000e-01 1.005983e-02
9.050000e-01 9.901855e-03
9.100000e-01 9.315734e-03
9.150000e-01 8.391640e-03
9.200000e-01 7.105007e-03
9.250000e-01 5.554751e-03
9.300000e-01 3.776856e-03
9.350000e-01 1.838974e-03
9.400000e-01 -1.655311e-04
9.450000e-01 -2.173437e-03
9.500000e-01 -4.085808e-03
9.550000e-01 -5.848919e-03
9.600000e-01 -7.365867e-03
9.650000e-01 -8.591943e-03
9.700000e-01 -9.484070e-03
9.750000e-01 -9.982755e-03
9.800000e-01 -1.009061e-02
9.850000e-01 -9.787894e-03
9.900000e-01 -9.091014e-03
9.950000e-01 -8.047566e-03
1 -6.664487e-03
1.005000e+00 -5.032451e-03
1.010000e+00 -3.190168e-03
1.015000e+00 -1.218003e-03
1.020000e+00 7.825756e-04
1.025000e+00 2.760973e-03
1.030000e+00 4.622499e-03
1.035000e+00 6.315715e-03
1.040000e+00 7.742719e-03
1.045000e+00 8.865845e-03
1.050000e+00 9.629596e-03
1.055000e+00 1.002163e-02
1.060000e+00 1.002139e-02
1.065000e+00 9.606105e-03
1.070000e+00 8.831456e-03
1.075000e+00 7.672952e-03
1.080000e+00 6.233612e-03
1.085000e+00 4.544930e-03
1.090000e+00 2.659640e-03
1.095000e+00 6.813990e-04
1.100000e+00 -1.351360e-03
1.105000e+00 -3.307693e-03
1.110000e+00 -5.134054e-03
1.115000e+00 -6.767184e-03
1.120000e+00 -8.126509e-03
1.125000e+00 -9.161247e-03
1.130000e+00 -9.828624e-03
1.135000e+00 -1.009276e-02
1.140000e+00 -9.959795e-03
1.145000e+00 -9.436930e-03
1.150000e+00 -8.523808e-03
1.155000e+00 -7.285501e-03
1.160000e+00 -5.747509e-03
1.165000e+00 -3.989223e-03
1.170000e+00 -2.086832e-03
1.175000e+00 -7.172643e-05
1.180000e+00 1.980793e-03
1.185000e+00 4.010994e-03
1.190000e+00 5.926621e-03
1.195000e+00 7.598304e-03
1.200000e+00 8.875547e-03
1.205000e+00 9.531590e-03
1.210000e+00 9.375151e-03
1.215000e+00 8.291134e-03
1.220000e+00 6.330239e-03
1.225000e+00 3.752858e-03
1.230000e+00 9.013157e-04
1.235000e+00 -1.846499e-03
1.240000e+00 -4.308990e-03
1.245000e+00 -6.476371e-03
1.250000e+00 -8.424138e-03
1.255000e+00 -1.022059e-02
1.260000e+00 -1.179437e-02
1.265000e+00 -1.299924e-02
1.270000e+00 -1.355262e-02
1.275000e+00 -1.329389e-02
1.280000e+00 -1.246379e-02
1.285000e+00 -1.133312e-02
1.290000e+00 -9.806248e-03
1.295000e+00 -7.850784e-03
1.300000e+00 -5.664204e-03
1.305000e+00 -3.201803e-03
1.310000e+00 -3.031587e-04
1.315000e+00 2.567207e-03
1.320000e+00 4.796124e-03
1.325000e+00 6.831674e-03
1.330000e+00 9.061046e-03
1.335000e+00 1.100480e-02
1.340000e+00 1.227472e-02
1.345000e+00 1.286379e-02
1.350000e+00 1.294464e-02
1.355000e+00 1.271802e-02
1.360000e+00 1.217489e-02
1.365000e+00 1.106541e-02
1.370000e+00 9.627864e-03
1.375000e+00 8.302748e-03
1.380000e+00 7.098401e-03
1.385000e+00 6.114598e-03
1.390000e+00 5.346492e-03
1.395000e+00 4.499051e-03
1.400000e+00 3.538320e-03
1.405000e+00 2.388786e-03
1.410000e+00 8.192227e-04
1.415000e+00 -9.762007e-04
1.420000e+00 -2.736115e-03
1.425000e+00 -4.343882e-03
1.430000e+00 -5.464893e-03
1.435000e+00 -6.172276e-03
1.440000e+00 -6.792725e-03
1.445000e+00 -7.213840e-03
1.450000e+00 -7.531520e-03
1.455000e+00 -7.628840e-03
1.460000e+00 -7.167830e-03
1.465000e+00 -6.327478e-03
1.470000e+00 -5.137423e-03
1.475000e+00 -3.768282e-03
1.480000e+00 -2.567154e-03
1.485000e+00 -1.344553e-03
1.490000e+00 -2.770308e-06
1.495000e+00 1.397133e-03
1.500000e+00 2.958228e-03
1.505000e+00 4.382019e-03
1.510000e+00 5.471820e-03
1.515000e+00 6.316148e-03
1.520000e+00 6.802476e-03
1.525000e+00 7.181465e-03
1.530000e+00 7.427742e-03
1.535000e+00 7.232622e-03
1.540000e+00 6.746542e-03
1.545000e+00 5.874455e-03
1.550000e+00 4.750004e-03
1.555000e+00 3.697639e-03
1.560000e+00 2.459237e-03
1.565000e+00 9.723486e-04
1.570000e+00 -6.845357e-04
1.575000e+00 -2.323347e-03
1.580000e+00 -3.508654e-03
1.585000e+00 -4.484781e-03
1.590000e+00 -5.579225e-03
1.595000e+00 -6.676666e-03
1.600000e+00 -7.346497e-03
1.605000e+00 -7.308078e-03
1.610000e+00 -7.190172e-03
1.615000e+00 -7.089254e-03
1.620000e+00 -6.524787e-03
1.625000e+00 -5.570453e-03
1.630000e+00 -4.428617e-03
1.635000e+00 -3.286627e-03
1.640000e+00 -1.921559e-03
1.645000e+00 -2.703742e-04
1.650000e+00 1.136428e-03
1.655000e+00 2.442869e-03
1.660000e+00 3.877885e-03
1.665000e+00 5.101681e-03
1.670000e+00 6.037735e-03
1.675000e+00 6.750327e-03
1.680000e+00 7.255955e-03
1.685000e+00 7.371652e-03
1.690000e+00 7.202723e-03
1.695000e+00 6.952297e-03
1.700000e+00 6.232144e-03
1.705000e+00 5.176670e-03
1.710000e+00 4.068738e-03
1.715000e+00 2.829325e-03
1.720000e+00 1.404781e-03
1.725000e+00 -1.049972e-04
1.730000e+00 -1.540989e-03
1.735000e+00 -2.990845e-03
1.740000e+00 -4.269485e-03
1.745000e+00 -5.295601e-03
1.750000e+00 -6.269553e-03
1.755000e+00 -6.997009e-03
1.760000e+00 -7.253514e-03
1.765000e+00 -7.300564e-03
1.770000e+00 -7.208107e-03
1.775000e+00 -6.694716e-03
1.780000e+00 -5.841965e-03
1.785000e+00 -4.886563e-03
1.790000e+00 -3.728100e-03
1.795000e+00 -2.338394e-03
1.800000e+00 -9.486961e-04
1.805000e+00 5.175357e-04
1.810000e+00 2.011463e-03
1.815000e+00 3.313440e-03
1.820000e+00 4.558940e-03
1.825000e+00 5.646820e-03
1.830000e+00 6.401772e-03
1.835000e+00 6.989542e-03
1.840000e+00 7.357991e-03
1.845000e+00 7.289228e-03
1.850000e+00 6.965156e-03
1.855000e+00 6.505335e-03
1.860000e+00 5.623925e-03
1.865000e+00 4.531303e-03
1.870000e+00 3.414071e-03
1.875000e+00 1.990202e-03
1.880000e+00 4.982608e-04
1.885000e+00 -9.040198e-04
1.890000e+00 -2.358428e-03
1.895000e+00 -3.713086e-03
1.900000e+00 -4.871170e-03
1.905000e+00 -5.899458e-03
1.910000e+00 -6.684648e-03
1.915000e+00 -7.106224e-03
1.920000e+00 -7.315452e-03
1.925000e+00 -7.253367e-03
1.930000e+00 -6.850014e-03
1.935000e+00 -6.221121e-03
1.940000e+00 -5.286997e-03
1.945000e+00 -4.170432e-03
1.950000e+00 -2.971871e-03
1.955000e+00 -1.544449e-03
1.960000e+00 -8.823749e-05
1.965000e+00 1.308816e-03
1.970000e+00 2.751883e-03
1.975000e+00 4.059637e-03
1.980000e+00 5.124622e-03
1.985000e+00 6.089359e-03
1.990000e+00 6.834288e-03
1.995000e+00 7.191209e-03
2 7.376990e-03
2.005000e+00 7.222540e-03
2.010000e+00 6.725266e-03
2.015000e+00 6.092862e-03
2.020000e+00 5.103185e-03
2.025000e+00 3.904692e-03
2.030000e+00 2.616242e-03
2.035000e+00 1.157819e-03
2.040000e+00 -3.340446e-04
2.045000e+00 -1.762052e-03
2.050000e+00 -3.181883e-03
2.055000e+00 -4.477597e-03
2.060000e+00 -5.537204e-03
2.065000e+00 -6.407841e-03
2.070000e+00 -6.979602e-03
2.075000e+00 -7.325164e-03
2.080000e+00 -7.387550e-03
2.085000e+00 -7.090300e-03
2.090000e+00 -6.573029e-03
2.095000e+00 -5.743901e-03
2.100000e+00 -4.696879e-03
2.105000e+00 -3.548632e-03
2.110000e+00 -2.160844e-03
2.115000e+00 -6.803987e-04
2.120000e+00 7.703519e-04
2.125000e+00 2.248642e-03
2.130000e+00 3.563835e-03
2.135000e+00 4.738560e-03
2.140000e+00 5.847225e-03
2.145000e+00 6.607833e-03
2.150000e+00 7.096308e-03
2.155000e+00 7.383835e-03
2.160000e+00 7.270558e-03
2.165000e+00 6.942505e-03
2.170000e+00 6.370479e-03
2.175000e+00 5.437777e-03
2.180000e+00 4.345367e-03
2.185000e+00 3.082443e-03
2.190000e+00 1.675286e-03
2.195000e+00 2.609551e-04
2.200000e+00 -1.214112e-03
2.205000e+00 -2.675721e-03
2.210000e+00 -3.945122e-03
2.215000e+00 -5.108189e-03
2.220000e+00 -6.051284e-03
2.225000e+00 -6.733431e-03
2.230000e+00 -7.197185e-03
2.235000e+00 -7.322326e-03
2.240000e+00 -7.203419e-03
2.245000e+00 -6.743918e-03
2.250000e+00 -6.036289e-03
2.255000e+00 -5.133666e-03
2.260000e+00 -3.961777e-03
2.265000e+00 -2.679857e-03
2.270000e+00 -1.265705e-03
2.275000e+00 1.918139e-04
2.280000e+00 1.622883e-03
2.285000e+00 3.013099e-03
2.290000e+00 4.272480e-03
2.295000e+00 5.345264e-03
2.300000e+00 6.242830e-03
2.305000e+00 6.873534e-03
2.310000e+00 7.187399e-03
2.315000e+00 7.310305e-03
2.320000e+00 7.065008e-03
2.325000e+00 6.547936e-03
2.330000e+00 5.825510e-03
2.335000e+00 4.785556e-03
2.340000e+00 3.637204e-03
2.345000e+00 2.315072e-03
2.350000e+00 8.611215e-04
2.355000e+00 -5.580182e-04
2.360000e+00 -2.007279e-03
2.365000e+00 -3.361102e-03
2.370000e+00 -4.548300e-03
2.375000e+00 -5.624957e-03
2.380000e+00 -6.422307e-03
2.385000e+00 -6.977208e-03
2.390000e+00 -7.273446e-03
2.395000e+00 -7.214058e-03
2.400000e+00 -6.936958e-03
2.405000e+00 -6.375735e-03
2.410000e+00 -5.540641e-03
2.415000e+00 -4.521979e-03
2.420000e+00 -3.334798e-03
2.425000e+00 -2.041038e-03
2.430000e+00 -6.675611e-04
2.435000e+00 7.255902e-04
2.440000e+00 2.129891e-03
2.445000e+00 3.499078e-03
2.450000e+00 4.710650e-03
2.455000e+00 5.748754e-03
2.460000e+00 6.574789e-03
2.465000e+00 7.103605e-03
2.470000e+00 7.360696e-03
2.475000e+00 7.348882e-03
2.480000e+00 7.090466e-03
2.485000e+00 6.648234e-03
2.490000e+00 5.967651e-03
2.495000e+00 5.031211e-03
2.500000e+00 3.687783e-03
2.505000e+00 1.826771e-03
2.510000e+00 -5.434133e-04
2.515000e+00 -3.386641e-03
2.520000e+00 -6.508610e-03
2.525000e+00 -9.732165e-03
2.530000e+00 -1.268011e-02
2.535000e+00 -1.504646e-02
2.540000e+00 -1.669189e-02
2.545000e+00 -1.749014e-02
2.550000e+00 -1.752236e-02
2.555000e+00 -1.690742e-02
2.560000e+00 -1.580728e-02
2.565000e+00 -1.425015e-02
2.570000e+00 -1.215351e-02
2.575000e+00 -9.531395e-03
2.580000e+00 -6.379546e-03
2.585000e+00 -2.805017e-03
2.590000e+00 9.430581e-04
2.595000e+00 4.536147e-03
2.600000e+00 7.715771e-03
2.605000e+00 1.048659e-02
2.610000e+00 1.292481e-02
2.615000e+00 1.503826e-02
2.620000e+00 1.662368e-02
2.625000e+00 1.747347e-02
2.630000e+00 1.757677e-02
2.635000e+00 1.684400e-02
2.640000e+00 1.532865e-02
2.645000e+00 1.332563e-02
2.650000e+00 1.093370e-02
2.655000e+00 8.101997e-03
2.660000e+00 4.930003e-03
2.665000e+00 1.630055e-03
2.670000e+00 -1.411567e-03
2.675000e+00 -3.935322e-03
2.680000e+00 -5.852851e-03
2.685000e+00 -7.039081e-03
2.690000e+00 -7.600304e-03
2.695000e+00 -7.725775e-03
2.700000e+00 -7.590953e-03
2.705000e+00 -7.300569e-03
2.710000e+00 -6.825287e-03
2.715000e+00 -6.143589e-03
2.720000e+00 -5.288521e-03
2.725000e+00 -4.321314e-03
2.730000e+00 -3.086589e-03
2.735000e+00 -1.428221e-03
2.740000e+00 5.637410e-04
2.745000e+00 2.505167e-03
2.750000e+00 4.008592e-03
2.755000e+00 5.209664e-03
2.760000e+00 6.212691e-03
2.765000e+00 6.966135e-03
2.770000e+00 7.698223e-03
2.775000e+00 8.373818e-03
2.780000e+00 8.542071e-03
2.785000e+00 7.889115e-03
2.790000e+00 6.796456e-03
2.795000e+00 5.889189e-03
2.800000e+00 4.811884e-03
2.805000e+00 3.237236e-03
2.810000e+00 1.662086e-03
2.815000e+00 3.526039e-04
2.820000e+00 -1.005849e-03
2.825000e+00 -2.683785e-03
2.830000e+00 -4.426005e-03
2.835000e+00 -5.908674e-03
2.840000e+00 -6.934482e-03
2.845000e+00 -7.482857e-03
2.850000e+00 -7.796779e-03
2.855000e+00 -8.081796e-03
2.860000e+00 -8.164496e-03
2.865000e+00 -7.753709e-03
2.870000e+00 -6.914377e-03
2.875000e+00 -5.781407e-03
2.880000e+00 -4.401899e-03
2.885000e+00 -2.959222e-03
2.890000e+00 -1.476908e-03
2.895000e+00 1.387965e-04
2.900000e+00 1.754180e-03
2.905000e+00 3.295997e-03
2.910000e+00 4.766709e-03
2.915000e+00 6.023610e-03
2.920000e+00 6.959229e-03
2.925000e+00 7.650322e-03
2.930000e+00 8.079438e-03
2.935000e+00 8.237043e-03
2.940000e+00 8.091686e-03
2.945000e+00 7.484871e-03
2.950000e+00 6.525999e-03
2.955000e+00 5.392087e-03
2.960000e+00 4.157870e-03
2.965000e+00 2.746704e-03
2.970000e+00 1.147236e-03
2.975000e+00 -5.446036e-04
2.980000e+00 -2.305047e-03
2.985000e+00 -3.839765e-03
2.990000e+00 -5.097049e-03
2.995000e+00 -6.221156e-03
3 -7.179214e-03
