T X
0 0
5.000000e-03 1.757391e-07
1.000000e-02 7.644208e-07
1.500000e-02 1.745581e-06
2.000000e-02 3.014365e-06
2.500000e-02 4.505728e-06
3.000000e-02 6.171207e-06
3.500000e-02 7.986588e-06
4.000000e-02 9.913115e-06
4.500000e-02 1.186601e-05
5.000000e-02 1.373408e-05
5.500000e-02 1.543149e-05
6.000000e-02 1.689502e-05
6.500000e-02 1.809100e-05
7.000000e-02 1.899345e-05
7.500000e-02 1.956508e-05
8.000000e-02 1.973394e-05
8.500000e-02 1.940967e-05
9.000000e-02 1.851569e-05
9.500000e-02 1.698191e-05
1.000000e-01 1.477646e-05
1.050000e-01 1.193262e-05
1.100000e-01 8.568103e-06
1.150000e-01 4.857427e-06
1.200000e-01 9.789675e-07
1.250000e-01 -2.918614e-06
1.300000e-01 -6.719778e-06
1.350000e-01 -1.027423e-05
1.400000e-01 -1.340940e-05
1.450000e-01 -1.600238e-05
1.500000e-01 -1.799056e-05
1.550000e-01 -1.930725e-05
1.600000e-01 -1.986668e-05
1.650000e-01 -1.963088e-05
1.700000e-01 -1.861012e-05
1.750000e-01 -1.685766e-05
1.800000e-01 -1.445757e-05
1.850000e-01 -1.151596e-05
1.900000e-01 -8.137173e-06
1.950000e-01 -4.404954e-06
2.000000e-01 -4.471697e-07
2.050000e-01 3.548850e-06
2.100000e-01 7.380660e-06
2.150000e-01 1.088552e-05
2.200000e-01 1.394501e-05
2.250000e-01 1.646982e-05
2.300000e-01 1.839045e-05
2.350000e-01 1.960984e-05
2.400000e-01 2.002373e-05
2.450000e-01 1.959892e-05
2.500000e-01 1.838158e-05
2.550000e-01 1.645116e-05
2.600000e-01 1.390761e-05
2.650000e-01 1.082863e-05
2.700000e-01 7.284449e-06
2.750000e-01 3.410840e-06
2.800000e-01 -6.162685e-07
2.850000e-01 -4.605028e-06
2.900000e-01 -8.372376e-06
2.950000e-01 -1.178328e-05
3.000000e-01 -1.474811e-05
3.050000e-01 -1.716922e-05
3.100000e-01 -1.892888e-05
3.150000e-01 -1.992378e-05
3.200000e-01 -2.007729e-05
3.250000e-01 -1.940784e-05
3.300000e-01 -1.799765e-05
3.350000e-01 -1.590450e-05
3.400000e-01 -1.318925e-05
3.450000e-01 -9.931116e-06
3.500000e-01 -6.236500e-06
3.550000e-01 -2.273339e-06
3.600000e-01 1.759046e-06
3.650000e-01 5.691467e-06
3.700000e-01 9.385116e-06
3.750000e-01 1.272191e-05
3.800000e-01 1.557261e-05
3.850000e-01 1.781014e-05
3.900000e-01 1.934115e-05
3.950000e-01 2.007743e-05
4.000000e-01 1.999820e-05
4.050000e-01 1.913405e-05
4.100000e-01 1.751616e-05
4.150000e-01 1.521347e-05
4.200000e-01 1.230957e-05
4.250000e-01 8.905165e-06
4.300000e-01 5.128856e-06
4.350000e-01 1.133084e-06
4.400000e-01 -2.902510e-06
4.450000e-01 -6.802118e-06
4.500000e-01 -1.041422e-05
4.550000e-01 -1.361124e-05
4.600000e-01 -1.628977e-05
4.650000e-01 -1.834302e-05
4.700000e-01 -1.965765e-05
4.750000e-01 -2.016482e-05
4.800000e-01 -1.984716e-05
4.850000e-01 -1.873570e-05
4.900000e-01 -1.690280e-05
4.950000e-01 -1.443213e-05
5.000000e-01 -1.139379e-05
5.050000e-01 -7.860482e-06
5.100000e-01 -3.979440e-06
5.150000e-01 5.860865e-08
5.200000e-01 4.064004e-06
5.250000e-01 7.867207e-06
5.300000e-01 1.135801e-05
5.350000e-01 1.443354e-05
5.400000e-01 1.697138e-05
5.450000e-01 1.882999e-05
5.500000e-01 1.989638e-05
5.550000e-01 2.013582e-05
5.600000e-01 1.957055e-05
5.650000e-01 1.826608e-05
5.700000e-01 1.627423e-05
5.750000e-01 1.363074e-05
5.800000e-01 1.040354e-05
5.850000e-01 6.727959e-06
5.900000e-01 2.792328e-06
5.950000e-01 -1.222298e-06
6.000000e-01 -5.155796e-06
6.050000e-01 -8.888226e-06
6.100000e-01 -1.230397e-05
6.150000e-01 -1.525385e-05
6.200000e-01 -1.759058e-05
6.250000e-01 -1.919896e-05
6.300000e-01 -2.001681e-05
6.350000e-01 -2.003391e-05
6.400000e-01 -1.927861e-05
6.450000e-01 -1.777861e-05
6.500000e-01 -1.556781e-05
6.550000e-01 -1.272059e-05
6.600000e-01 -9.348733e-06
6.650000e-01 -5.601196e-06
6.700000e-01 -1.642891e-06
6.750000e-01 2.362057e-06
6.800000e-01 6.267032e-06
6.850000e-01 9.931230e-06
6.900000e-01 1.321334e-05
6.950000e-01 1.598115e-05
7.000000e-01 1.811058e-05
7.050000e-01 1.950666e-05
7.100000e-01 2.010458e-05
7.150000e-01 1.989432e-05
7.200000e-01 1.890864e-05
7.250000e-01 1.718714e-05
7.300000e-01 1.479015e-05
7.350000e-01 1.179263e-05
7.400000e-01 8.296767e-06
7.450000e-01 4.458404e-06
7.500000e-01 4.603272e-07
7.550000e-01 -3.527027e-06
7.600000e-01 -7.356241e-06
7.650000e-01 -1.090632e-05
7.700000e-01 -1.405964e-05
7.750000e-01 -1.667577e-05
7.800000e-01 -1.860771e-05
7.850000e-01 -1.975343e-05
7.900000e-01 -2.009436e-05
7.950000e-01 -1.965777e-05
8.000000e-01 -1.847405e-05
8.050000e-01 -1.657347e-05
8.100000e-01 -1.399276e-05
8.150000e-01 -1.080876e-05
8.200000e-01 -7.173317e-06
8.250000e-01 -3.280350e-06
8.300000e-01 7.008126e-07
8.350000e-01 4.635787e-06
8.400000e-01 8.406769e-06
8.450000e-01 1.188644e-05
8.500000e-01 1.491212e-05
8.550000e-01 1.731732e-05
8.600000e-01 1.899081e-05
8.650000e-01 1.989453e-05
8.700000e-01 2.003049e-05
8.750000e-01 1.940229e-05
8.800000e-01 1.801252e-05
8.850000e-01 1.588473e-05
8.900000e-01 1.309015e-05
8.950000e-01 9.758689e-06
9.000000e-01 6.057751e-06
9.050000e-01 2.145494e-06
9.100000e-01 -1.841696e-06
9.150000e-01 -5.766510e-06
9.200000e-01 -9.485426e-06
9.250000e-01 -1.283924e-05
9.300000e-01 -1.566846e-05
9.350000e-01 -1.785367e-05
9.400000e-01 -1.931972e-05
9.450000e-01 -2.001923e-05
9.500000e-01 -1.993301e-05
9.550000e-01 -1.906703e-05
9.600000e-01 -1.744378e-05
9.650000e-01 -1.511264e-05
9.700000e-01 -1.216309e-05
9.750000e-01 -8.721561e-06
9.800000e-01 -4.936372e-06
9.850000e-01 -9.728191e-07
9.900000e-01 3.012714e-06
9.950000e-01 6.883794e-06
1 1.050045e-05
1.005000e+00 1.371549e-05
1.010000e+00 1.638079e-05
1.015000e+00 1.837151e-05
1.020000e+00 1.960488e-05
1.025000e+00 2.005502e-05
1.030000e+00 1.973713e-05
1.035000e+00 1.866129e-05
1.040000e+00 1.684078e-05
1.045000e+00 1.431795e-05
1.050000e+00 1.119140e-05
1.055000e+00 7.618004e-06
1.060000e+00 3.774854e-06
1.065000e+00 -1.833435e-07
1.070000e+00 -4.138994e-06
1.075000e+00 -7.964685e-06
1.080000e+00 -1.150354e-05
1.085000e+00 -1.458435e-05
1.090000e+00 -1.704601e-05
1.095000e+00 -1.878868e-05
1.100000e+00 -1.978621e-05
1.105000e+00 -2.003649e-05
1.110000e+00 -1.952113e-05
1.115000e+00 -1.822300e-05
1.120000e+00 -1.616242e-05
1.125000e+00 -1.342492e-05
1.130000e+00 -1.015562e-05
1.135000e+00 -6.518685e-06
1.140000e+00 -2.653433e-06
1.145000e+00 1.328065e-06
1.150000e+00 5.290438e-06
1.155000e+00 9.065031e-06
1.160000e+00 1.247564e-05
1.165000e+00 1.535890e-05
1.170000e+00 1.760057e-05
1.175000e+00 1.914175e-05
1.180000e+00 1.994655e-05
1.185000e+00 1.997980e-05
1.190000e+00 1.922255e-05
1.195000e+00 1.770058e-05
1.200000e+00 1.548269e-05
1.205000e+00 1.267036e-05
1.210000e+00 9.371668e-06
1.215000e+00 5.663648e-06
1.220000e+00 1.593326e-06
1.225000e+00 -2.795557e-06
1.230000e+00 -7.437324e-06
1.235000e+00 -1.222533e-05
1.240000e+00 -1.698229e-05
1.245000e+00 -2.147933e-05
1.250000e+00 -2.549728e-05
1.255000e+00 -2.885132e-05
1.260000e+00 -3.142267e-05
1.265000e+00 -3.315827e-05
1.270000e+00 -3.403181e-05
1.275000e+00 -3.401924e-05
1.280000e+00 -3.310077e-05
1.285000e+00 -3.128795e-05
1.290000e+00 -2.861735e-05
1.295000e+00 -2.513625e-05
1.300000e+00 -2.087923e-05
1.305000e+00 -1.583392e-05
1.310000e+00 -9.965197e-06
1.315000e+00 -3.298264e-06
1.320000e+00 4.001849e-06
1.325000e+00 1.164907e-05
1.330000e+00 1.929928e-05
1.335000e+00 2.657040e-05
1.340000e+00 3.309556e-05
1.345000e+00 3.861418e-05
1.350000e+00 4.298775e-05
1.355000e+00 4.610136e-05
1.360000e+00 4.783141e-05
1.365000e+00 4.813384e-05
1.370000e+00 4.699711e-05
1.375000e+00 4.435036e-05
1.380000e+00 4.016412e-05
1.385000e+00 3.456510e-05
1.390000e+00 2.779560e-05
1.395000e+00 2.011283e-05
1.400000e+00 1.172482e-05
1.405000e+00 2.802526e-06
1.410000e+00 -6.402541e-06
1.415000e+00 -1.546961e-05
1.420000e+00 -2.389067e-05
1.425000e+00 -3.122945e-05
1.430000e+00 -3.720849e-05
1.435000e+00 -4.170067e-05
1.440000e+00 -4.462167e-05
1.445000e+00 -4.584981e-05
1.450000e+00 -4.528141e-05
1.455000e+00 -4.287997e-05
1.460000e+00 -3.872259e-05
1.465000e+00 -3.302987e-05
1.470000e+00 -2.608105e-05
1.475000e+00 -1.814065e-05
1.480000e+00 -9.477798e-06
1.485000e+00 -4.126954e-07
1.490000e+00 8.661474e-06
1.495000e+00 1.735993e-05
1.500000e+00 2.541758e-05
1.505000e+00 3.256162e-05
1.510000e+00 3.839953e-05
1.515000e+00 4.261896e-05
1.520000e+00 4.511782e-05
1.525000e+00 4.587810e-05
1.530000e+00 4.484097e-05
1.535000e+00 4.198662e-05
1.540000e+00 3.742486e-05
1.545000e+00 3.133513e-05
1.550000e+00 2.397900e-05
1.555000e+00 1.570945e-05
1.560000e+00 6.844786e-06
1.565000e+00 -2.336306e-06
1.570000e+00 -1.147713e-05
1.575000e+00 -2.017513e-05
1.580000e+00 -2.806065e-05
1.585000e+00 -3.478047e-05
1.590000e+00 -4.005077e-05
1.595000e+00 -4.372842e-05
1.600000e+00 -4.571757e-05
1.605000e+00 -4.588818e-05
1.610000e+00 -4.417821e-05
1.615000e+00 -4.065307e-05
1.620000e+00 -3.547093e-05
1.625000e+00 -2.890317e-05
1.630000e+00 -2.125999e-05
1.635000e+00 -1.279141e-05
1.640000e+00 -3.785078e-06
1.645000e+00 5.377795e-06
1.650000e+00 1.432135e-05
1.655000e+00 2.268658e-05
1.660000e+00 3.010489e-05
1.665000e+00 3.628156e-05
1.670000e+00 4.101572e-05
1.675000e+00 4.414695e-05
1.680000e+00 4.555223e-05
1.685000e+00 4.513147e-05
1.690000e+00 4.286432e-05
1.695000e+00 3.888095e-05
1.700000e+00 3.338282e-05
1.705000e+00 2.659890e-05
1.710000e+00 1.880126e-05
1.715000e+00 1.026068e-05
1.720000e+00 1.281352e-06
1.725000e+00 -7.747394e-06
1.730000e+00 -1.644352e-05
1.735000e+00 -2.447405e-05
1.740000e+00 -3.152162e-05
1.745000e+00 -3.732414e-05
1.750000e+00 -4.167503e-05
1.755000e+00 -4.439576e-05
1.760000e+00 -4.536696e-05
1.765000e+00 -4.452899e-05
1.770000e+00 -4.189853e-05
1.775000e+00 -3.760708e-05
1.780000e+00 -3.184294e-05
1.785000e+00 -2.482899e-05
1.790000e+00 -1.684013e-05
1.795000e+00 -8.168760e-06
1.800000e+00 8.491368e-07
1.805000e+00 9.838348e-06
1.810000e+00 1.844827e-05
1.815000e+00 2.633370e-05
1.820000e+00 3.316179e-05
1.825000e+00 3.868177e-05
1.830000e+00 4.269796e-05
1.835000e+00 4.504806e-05
1.840000e+00 4.562611e-05
1.845000e+00 4.436996e-05
1.850000e+00 4.131625e-05
1.855000e+00 3.660827e-05
1.860000e+00 3.044465e-05
1.865000e+00 2.308518e-05
1.870000e+00 1.481073e-05
1.875000e+00 5.909925e-06
1.880000e+00 -3.278814e-06
1.885000e+00 -1.236260e-05
1.890000e+00 -2.093334e-05
1.895000e+00 -2.864307e-05
1.900000e+00 -3.521417e-05
1.905000e+00 -4.041009e-05
1.910000e+00 -4.404758e-05
1.915000e+00 -4.595710e-05
1.920000e+00 -4.598905e-05
1.925000e+00 -4.413542e-05
1.930000e+00 -4.051457e-05
1.935000e+00 -3.528740e-05
1.940000e+00 -2.867164e-05
1.945000e+00 -2.091530e-05
1.950000e+00 -1.227425e-05
1.955000e+00 -3.082302e-06
1.960000e+00 6.243959e-06
1.965000e+00 1.529574e-05
1.970000e+00 2.370840e-05
1.975000e+00 3.116560e-05
1.980000e+00 3.740368e-05
1.985000e+00 4.218565e-05
1.990000e+00 4.528260e-05
1.995000e+00 4.653043e-05
2 4.589449e-05
2.005000e+00 4.341907e-05
2.010000e+00 3.921115e-05
2.015000e+00 3.345574e-05
2.020000e+00 2.636425e-05
2.025000e+00 1.818378e-05
2.030000e+00 9.241264e-06
2.035000e+00 -7.440211e-08
2.040000e+00 -9.373185e-06
2.045000e+00 -1.829065e-05
2.050000e+00 -2.646441e-05
2.055000e+00 -3.356565e-05
2.060000e+00 -3.933630e-05
2.065000e+00 -4.354138e-05
2.070000e+00 -4.598640e-05
2.075000e+00 -4.658100e-05
2.080000e+00 -4.530558e-05
2.085000e+00 -4.220258e-05
2.090000e+00 -3.741352e-05
2.095000e+00 -3.115076e-05
2.100000e+00 -2.365449e-05
2.105000e+00 -1.520197e-05
2.110000e+00 -6.121142e-06
2.115000e+00 3.220362e-06
2.120000e+00 1.242558e-05
2.125000e+00 2.110234e-05
2.130000e+00 2.890365e-05
2.135000e+00 3.554410e-05
2.140000e+00 4.078622e-05
2.145000e+00 4.441239e-05
2.150000e+00 4.624806e-05
2.155000e+00 4.620004e-05
2.160000e+00 4.427484e-05
2.165000e+00 4.058819e-05
2.170000e+00 3.532226e-05
2.175000e+00 2.868182e-05
2.180000e+00 2.089556e-05
2.185000e+00 1.223597e-05
2.190000e+00 3.059665e-06
2.195000e+00 -6.213811e-06
2.200000e+00 -1.519031e-05
2.205000e+00 -2.353289e-05
2.210000e+00 -3.094390e-05
2.215000e+00 -3.714405e-05
2.220000e+00 -4.187612e-05
2.225000e+00 -4.492794e-05
2.230000e+00 -4.613869e-05
2.235000e+00 -4.546455e-05
2.240000e+00 -4.299894e-05
2.245000e+00 -3.886933e-05
2.250000e+00 -3.320934e-05
2.255000e+00 -2.621225e-05
2.260000e+00 -1.814920e-05
2.265000e+00 -9.354637e-06
2.270000e+00 -2.114940e-07
2.275000e+00 8.906036e-06
2.280000e+00 1.765354e-05
2.285000e+00 2.569366e-05
2.290000e+00 3.272859e-05
2.295000e+00 3.847567e-05
2.300000e+00 4.267439e-05
2.305000e+00 4.514508e-05
2.310000e+00 4.579586e-05
2.315000e+00 4.462972e-05
2.320000e+00 4.170190e-05
2.325000e+00 3.711829e-05
2.330000e+00 3.106184e-05
2.335000e+00 2.376837e-05
2.340000e+00 1.553013e-05
2.345000e+00 6.677820e-06
2.350000e+00 -2.434700e-06
2.355000e+00 -1.143182e-05
2.360000e+00 -1.994998e-05
2.365000e+00 -2.766767e-05
2.370000e+00 -3.430084e-05
2.375000e+00 -3.958503e-05
2.380000e+00 -4.328938e-05
2.385000e+00 -4.525308e-05
2.390000e+00 -4.539960e-05
2.395000e+00 -4.372510e-05
2.400000e+00 -4.031653e-05
2.405000e+00 -3.533602e-05
2.410000e+00 -2.896457e-05
2.415000e+00 -2.142074e-05
2.420000e+00 -1.299750e-05
2.425000e+00 -4.059184e-06
2.430000e+00 4.997176e-06
2.435000e+00 1.380243e-05
2.440000e+00 2.203401e-05
2.445000e+00 2.940223e-05
2.450000e+00 3.562777e-05
2.455000e+00 4.043735e-05
2.460000e+00 4.361230e-05
2.465000e+00 4.502029e-05
2.470000e+00 4.462323e-05
2.475000e+00 4.247790e-05
2.480000e+00 3.868721e-05
2.485000e+00 3.337375e-05
2.490000e+00 2.671389e-05
2.495000e+00 1.897843e-05
2.500000e+00 1.052666e-05
2.505000e+00 1.724976e-06
2.510000e+00 -7.116684e-06
2.515000e+00 -1.573844e-05
2.520000e+00 -2.390322e-05
2.525000e+00 -3.137631e-05
2.530000e+00 -3.792974e-05
2.535000e+00 -4.335481e-05
2.540000e+00 -4.747240e-05
2.545000e+00 -5.013950e-05
2.550000e+00 -5.125844e-05
2.555000e+00 -5.076605e-05
2.560000e+00 -4.862725e-05
2.565000e+00 -4.490133e-05
2.570000e+00 -3.977992e-05
2.575000e+00 -3.353531e-05
2.580000e+00 -2.646260e-05
2.585000e+00 -1.883327e-05
2.590000e+00 -1.086177e-05
2.595000e+00 -2.743028e-06
2.600000e+00 5.341495e-06
2.605000e+00 1.324389e-05
2.610000e+00 2.080519e-05
2.615000e+00 2.785617e-05
2.620000e+00 3.422564e-05
2.625000e+00 3.973665e-05
2.630000e+00 4.419209e-05
2.635000e+00 4.736521e-05
2.640000e+00 4.904256e-05
2.645000e+00 4.907129e-05
2.650000e+00 4.742001e-05
2.655000e+00 4.421340e-05
2.660000e+00 3.970266e-05
2.665000e+00 3.415403e-05
2.670000e+00 2.777590e-05
2.675000e+00 2.072360e-05
2.680000e+00 1.312622e-05
2.685000e+00 5.169886e-06
2.690000e+00 -2.878537e-06
2.695000e+00 -1.070659e-05
2.700000e+00 -1.802170e-05
2.705000e+00 -2.460427e-05
2.710000e+00 -3.027428e-05
2.715000e+00 -3.485079e-05
2.720000e+00 -3.811753e-05
2.725000e+00 -3.984763e-05
2.730000e+00 -3.990429e-05
2.735000e+00 -3.828999e-05
2.740000e+00 -3.511350e-05
2.745000e+00 -3.055198e-05
2.750000e+00 -2.482276e-05
2.755000e+00 -1.816257e-05
2.760000e+00 -1.083095e-05
2.765000e+00 -3.098628e-06
2.770000e+00 4.759287e-06
2.775000e+00 1.245865e-05
2.780000e+00 1.968857e-05
2.785000e+00 2.611731e-05
2.790000e+00 3.146340e-05
2.795000e+00 3.551632e-05
2.800000e+00 3.813810e-05
2.805000e+00 3.927569e-05
2.810000e+00 3.892184e-05
2.815000e+00 3.706546e-05
2.820000e+00 3.370888e-05
2.825000e+00 2.894089e-05
2.830000e+00 2.295154e-05
2.835000e+00 1.602713e-05
2.840000e+00 8.516704e-06
2.845000e+00 7.459394e-07
2.850000e+00 -7.031941e-06
2.855000e+00 -1.458778e-05
2.860000e+00 -2.160713e-05
2.865000e+00 -2.773447e-05
2.870000e+00 -3.271625e-05
2.875000e+00 -3.641359e-05
2.880000e+00 -3.870000e-05
2.885000e+00 -3.943946e-05
2.890000e+00 -3.858890e-05
2.895000e+00 -3.620717e-05
2.900000e+00 -3.241424e-05
2.905000e+00 -2.736923e-05
2.910000e+00 -2.122828e-05
2.915000e+00 -1.417950e-05
2.920000e+00 -6.514943e-06
2.925000e+00 1.384981e-06
2.930000e+00 9.172417e-06
2.935000e+00 1.658394e-05
2.940000e+00 2.337406e-05
2.945000e+00 2.927537e-05
2.950000e+00 3.402127e-05
2.955000e+00 3.738625e-05
2.960000e+00 3.922229e-05
2.965000e+00 3.948749e-05
2.970000e+00 3.822428e-05
2.975000e+00 3.550311e-05
2.980000e+00 3.137434e-05
2.985000e+00 2.591176e-05
2.990000e+00 1.933149e-05
2.995000e+00 1.200326e-05
3 4.289030e-06
