T X
0 0
5.000000e-03 2.126996e-12
1.000000e-02 -1.481707e-11
1.500000e-02 -5.698896e-11
2.000000e-02 -1.732988e-10
2.500000e-02 -4.480646e-10
3.000000e-02 7.143550e-10
3.500000e-02 1.898980e-08
4.000000e-02 1.586306e-07
4.500000e-02 9.680088e-07
5.000000e-02 4.827573e-06
5.500000e-02 2.031913e-05
6.000000e-02 7.309188e-05
6.500000e-02 2.257480e-04
7.000000e-02 5.999945e-04
7.500000e-02 1.373552e-03
8.000000e-02 2.707926e-03
8.500000e-02 4.594251e-03
9.000000e-02 6.712526e-03
9.500000e-02 8.501361e-03
1.000000e-01 9.524378e-03
1.050000e-01 9.844333e-03
1.100000e-01 9.908706e-03
1.150000e-01 9.944970e-03
1.200000e-01 9.640432e-03
1.250000e-01 8.651080e-03
1.300000e-01 7.195924e-03
1.350000e-01 5.708646e-03
1.400000e-01 4.122253e-03
1.450000e-01 2.136470e-03
1.500000e-01 -2.624882e-05
1.550000e-01 -1.930630e-03
1.600000e-01 -3.691182e-03
1.650000e-01 -5.537234e-03
1.700000e-01 -7.142681e-03
1.750000e-01 -8.264123e-03
1.800000e-01 -9.191985e-03
1.850000e-01 -9.922216e-03
1.900000e-01 -1.007131e-02
1.950000e-01 -9.752273e-03
2.000000e-01 -9.221523e-03
2.050000e-01 -8.251155e-03
2.100000e-01 -6.853776e-03
2.150000e-01 -5.374045e-03
2.200000e-01 -3.674731e-03
2.250000e-01 -1.639024e-03
2.300000e-01 3.618492e-04
2.350000e-01 2.274999e-03
2.400000e-01 4.206385e-03
2.450000e-01 5.886551e-03
2.500000e-01 7.322202e-03
2.550000e-01 8.622331e-03
2.600000e-01 9.446375e-03
2.650000e-01 9.798160e-03
2.700000e-01 9.941501e-03
2.750000e-01 9.657985e-03
2.800000e-01 8.907808e-03
2.850000e-01 7.892757e-03
2.900000e-01 6.508972e-03
2.950000e-01 4.852087e-03
3.000000e-01 3.069593e-03
3.050000e-01 1.059700e-03
3.100000e-01 -9.452479e-04
3.150000e-01 -2.799992e-03
3.200000e-01 -4.672908e-03
3.250000e-01 -6.352772e-03
3.300000e-01 -7.697064e-03
3.350000e-01 -8.812938e-03
3.400000e-01 -9.560316e-03
3.450000e-01 -9.917575e-03
3.500000e-01 -9.905664e-03
3.550000e-01 -9.429702e-03
3.600000e-01 -8.621112e-03
3.650000e-01 -7.481239e-03
3.700000e-01 -5.989323e-03
3.750000e-01 -4.348504e-03
3.800000e-01 -2.512813e-03
3.850000e-01 -5.044844e-04
3.900000e-01 1.460929e-03
3.950000e-01 3.385636e-03
4.000000e-01 5.202323e-03
4.050000e-01 6.779204e-03
4.100000e-01 8.080152e-03
4.150000e-01 9.055179e-03
4.200000e-01 9.689857e-03
4.250000e-01 9.931451e-03
4.300000e-01 9.778744e-03
4.350000e-01 9.261486e-03
4.400000e-01 8.334742e-03
4.450000e-01 7.078545e-03
4.500000e-01 5.565916e-03
4.550000e-01 3.801542e-03
4.600000e-01 1.887115e-03
4.650000e-01 -7.061106e-05
4.700000e-01 -2.036646e-03
4.750000e-01 -3.949145e-03
4.800000e-01 -5.664526e-03
4.850000e-01 -7.167429e-03
4.900000e-01 -8.423177e-03
4.950000e-01 -9.283286e-03
5.000000e-01 -9.805805e-03
5.050000e-01 -9.962256e-03
5.100000e-01 -9.650567e-03
5.150000e-01 -9.003935e-03
5.200000e-01 -8.023770e-03
5.250000e-01 -6.655082e-03
5.300000e-01 -5.054106e-03
5.350000e-01 -3.287734e-03
5.400000e-01 -1.326984e-03
5.450000e-01 6.609528e-04
5.500000e-01 2.571411e-03
5.550000e-01 4.468826e-03
5.600000e-01 6.162172e-03
5.650000e-01 7.543164e-03
5.700000e-01 8.715129e-03
5.750000e-01 9.505703e-03
5.800000e-01 9.878990e-03
5.850000e-01 9.923332e-03
5.900000e-01 9.537779e-03
5.950000e-01 8.779193e-03
6.000000e-01 7.686274e-03
6.050000e-01 6.265723e-03
6.100000e-01 4.602640e-03
6.150000e-01 2.740938e-03
6.200000e-01 7.670855e-04
6.250000e-01 -1.236746e-03
6.300000e-01 -3.178850e-03
6.350000e-01 -5.004508e-03
6.400000e-01 -6.611489e-03
6.450000e-01 -7.937828e-03
6.500000e-01 -8.993138e-03
6.550000e-01 -9.639464e-03
6.600000e-01 -9.926463e-03
6.650000e-01 -9.840377e-03
6.700000e-01 -9.301776e-03
6.750000e-01 -8.450013e-03
6.800000e-01 -7.222172e-03
6.850000e-01 -5.709892e-03
6.900000e-01 -4.020670e-03
6.950000e-01 -2.122019e-03
7.000000e-01 -1.835166e-04
7.050000e-01 1.769295e-03
7.100000e-01 3.680398e-03
7.150000e-01 5.431982e-03
7.200000e-01 6.981009e-03
7.250000e-01 8.252297e-03
7.300000e-01 9.190916e-03
7.350000e-01 9.753150e-03
7.400000e-01 9.932297e-03
7.450000e-01 9.700299e-03
7.500000e-01 9.101257e-03
7.550000e-01 8.154541e-03
7.600000e-01 6.847048e-03
7.650000e-01 5.292699e-03
7.700000e-01 3.515619e-03
7.750000e-01 1.577850e-03
7.800000e-01 -3.979131e-04
7.850000e-01 -2.371850e-03
7.900000e-01 -4.242476e-03
7.950000e-01 -5.940649e-03
8.000000e-01 -7.394469e-03
8.050000e-01 -8.552777e-03
8.100000e-01 -9.408502e-03
8.150000e-01 -9.869142e-03
8.200000e-01 -9.920339e-03
8.250000e-01 -9.603054e-03
8.300000e-01 -8.880518e-03
8.350000e-01 -7.777687e-03
8.400000e-01 -6.422003e-03
8.450000e-01 -4.767800e-03
8.500000e-01 -2.922661e-03
8.550000e-01 -1.025611e-03
8.600000e-01 9.853208e-04
8.650000e-01 2.921564e-03
8.700000e-01 4.752971e-03
8.750000e-01 6.411693e-03
8.800000e-01 7.781497e-03
8.850000e-01 8.862944e-03
8.900000e-01 9.575878e-03
8.950000e-01 9.914303e-03
9.000000e-01 9.840827e-03
9.050000e-01 9.411471e-03
9.100000e-01 8.589186e-03
9.150000e-01 7.413229e-03
9.200000e-01 5.972798e-03
9.250000e-01 4.269760e-03
9.300000e-01 2.388770e-03
9.350000e-01 4.321011e-04
9.400000e-01 -1.551458e-03
9.450000e-01 -3.490303e-03
9.500000e-01 -5.241186e-03
9.550000e-01 -6.835134e-03
9.600000e-01 -8.132535e-03
9.650000e-01 -9.092444e-03
9.700000e-01 -9.735220e-03
9.750000e-01 -9.941501e-03
9.800000e-01 -9.770264e-03
9.850000e-01 -9.227712e-03
9.900000e-01 -8.295457e-03
9.950000e-01 -7.016282e-03
1 -5.492237e-03
1.005000e+00 -3.725691e-03
1.010000e+00 -1.810746e-03
1.015000e+00 1.506868e-04
1.020000e+00 2.137832e-03
1.025000e+00 4.017668e-03
1.030000e+00 5.729920e-03
1.035000e+00 7.235657e-03
1.040000e+00 8.453800e-03
1.045000e+00 9.325681e-03
1.050000e+00 9.834419e-03
1.055000e+00 9.920716e-03
1.060000e+00 9.649071e-03
1.065000e+00 8.978087e-03
1.070000e+00 7.926380e-03
1.075000e+00 6.604596e-03
1.080000e+00 4.994160e-03
1.085000e+00 3.201119e-03
1.090000e+00 1.260873e-03
1.095000e+00 -7.236775e-04
1.100000e+00 -2.688556e-03
1.105000e+00 -4.546267e-03
1.110000e+00 -6.204177e-03
1.115000e+00 -7.601628e-03
1.120000e+00 -8.670770e-03
1.125000e+00 -9.407092e-03
1.130000e+00 -9.751066e-03
1.135000e+00 -9.814983e-03
1.140000e+00 -9.642834e-03
1.145000e+00 -9.335140e-03
1.150000e+00 -9.124029e-03
1.155000e+00 -8.990306e-03
1.160000e+00 -8.999329e-03
1.165000e+00 -9.069403e-03
1.170000e+00 -8.887483e-03
1.175000e+00 -8.320243e-03
1.180000e+00 -7.167990e-03
1.185000e+00 -5.441226e-03
1.190000e+00 -3.397534e-03
1.195000e+00 -1.281060e-03
1.200000e+00 6.595461e-04
1.205000e+00 2.341807e-03
1.210000e+00 3.880113e-03
1.215000e+00 5.405236e-03
1.220000e+00 6.910766e-03
1.225000e+00 8.257965e-03
1.230000e+00 9.211204e-03
1.235000e+00 9.613876e-03
1.240000e+00 9.511364e-03
1.245000e+00 9.082629e-03
1.250000e+00 8.463853e-03
1.255000e+00 7.661810e-03
1.260000e+00 6.538359e-03
1.265000e+00 4.941330e-03
1.270000e+00 3.016050e-03
1.275000e+00 9.851466e-04
1.280000e+00 -9.398103e-04
1.285000e+00 -2.599381e-03
1.290000e+00 -4.108696e-03
1.295000e+00 -5.435625e-03
1.300000e+00 -6.377824e-03
1.305000e+00 -6.708675e-03
1.310000e+00 -6.209231e-03
1.315000e+00 -4.973137e-03
1.320000e+00 -3.246992e-03
1.325000e+00 -1.227304e-03
1.330000e+00 8.768597e-04
1.335000e+00 2.967299e-03
1.340000e+00 4.800930e-03
1.345000e+00 6.098285e-03
1.350000e+00 6.912792e-03
1.355000e+00 7.453317e-03
1.360000e+00 7.905596e-03
1.365000e+00 8.328087e-03
1.370000e+00 8.701002e-03
1.375000e+00 8.666594e-03
1.380000e+00 7.882143e-03
1.385000e+00 6.605010e-03
1.390000e+00 5.333814e-03
1.395000e+00 3.984879e-03
1.400000e+00 2.194654e-03
1.405000e+00 4.002758e-04
1.410000e+00 -9.727103e-04
1.415000e+00 -2.393521e-03
1.420000e+00 -4.278085e-03
1.425000e+00 -6.098591e-03
1.430000e+00 -7.331316e-03
1.435000e+00 -8.167363e-03
1.440000e+00 -8.570336e-03
1.445000e+00 -8.662828e-03
1.450000e+00 -8.770847e-03
1.455000e+00 -8.566269e-03
1.460000e+00 -7.783846e-03
1.465000e+00 -6.660025e-03
1.470000e+00 -5.282053e-03
1.475000e+00 -3.594414e-03
1.480000e+00 -1.915745e-03
1.485000e+00 -3.111027e-04
1.490000e+00 1.473756e-03
1.495000e+00 3.273996e-03
1.500000e+00 4.891125e-03
1.505000e+00 6.352291e-03
1.510000e+00 7.442370e-03
1.515000e+00 8.151555e-03
1.520000e+00 8.759076e-03
1.525000e+00 9.013422e-03
1.530000e+00 8.806236e-03
1.535000e+00 8.317670e-03
1.540000e+00 7.376856e-03
1.545000e+00 6.084546e-03
1.550000e+00 4.777146e-03
1.555000e+00 3.350780e-03
1.560000e+00 1.626805e-03
1.565000e+00 -1.945267e-04
1.570000e+00 -2.067049e-03
1.575000e+00 -3.773676e-03
1.580000e+00 -5.121695e-03
1.585000e+00 -6.485216e-03
1.590000e+00 -7.650141e-03
1.595000e+00 -8.455104e-03
1.600000e+00 -8.937293e-03
1.605000e+00 -8.885958e-03
1.610000e+00 -8.538620e-03
1.615000e+00 -8.017929e-03
1.620000e+00 -7.218471e-03
1.625000e+00 -6.057808e-03
1.630000e+00 -4.488678e-03
1.635000e+00 -2.720450e-03
1.640000e+00 -1.068840e-03
1.645000e+00 5.597279e-04
1.650000e+00 2.360508e-03
1.655000e+00 4.121300e-03
1.660000e+00 5.656844e-03
1.665000e+00 6.802245e-03
1.670000e+00 7.724504e-03
1.675000e+00 8.615761e-03
1.680000e+00 9.039993e-03
1.685000e+00 8.877534e-03
1.690000e+00 8.467299e-03
1.695000e+00 7.883944e-03
1.700000e+00 6.952372e-03
1.705000e+00 5.584248e-03
1.710000e+00 4.002325e-03
1.715000e+00 2.511814e-03
1.720000e+00 8.088859e-04
1.725000e+00 -1.088421e-03
1.730000e+00 -2.853036e-03
1.735000e+00 -4.483955e-03
1.740000e+00 -5.869398e-03
1.745000e+00 -7.130129e-03
1.750000e+00 -8.060210e-03
1.755000e+00 -8.606211e-03
1.760000e+00 -9.028808e-03
1.765000e+00 -8.949277e-03
1.770000e+00 -8.390369e-03
1.775000e+00 -7.709687e-03
1.780000e+00 -6.680211e-03
1.785000e+00 -5.299251e-03
1.790000e+00 -3.708320e-03
1.795000e+00 -1.997253e-03
1.800000e+00 -3.124270e-04
1.805000e+00 1.486137e-03
1.810000e+00 3.263933e-03
1.815000e+00 4.847177e-03
1.820000e+00 6.281440e-03
1.825000e+00 7.399716e-03
1.830000e+00 8.253937e-03
1.835000e+00 8.861420e-03
1.840000e+00 9.025468e-03
1.845000e+00 8.796333e-03
1.850000e+00 8.294285e-03
1.855000e+00 7.517099e-03
1.860000e+00 6.316499e-03
1.865000e+00 4.858103e-03
1.870000e+00 3.350877e-03
1.875000e+00 1.602231e-03
1.880000e+00 -2.153121e-04
1.885000e+00 -1.928163e-03
1.890000e+00 -3.618956e-03
1.895000e+00 -5.149843e-03
1.900000e+00 -6.535528e-03
1.905000e+00 -7.623074e-03
1.910000e+00 -8.354580e-03
1.915000e+00 -8.866152e-03
1.920000e+00 -8.950364e-03
1.925000e+00 -8.665447e-03
1.930000e+00 -8.091805e-03
1.935000e+00 -7.191106e-03
1.940000e+00 -6.017334e-03
1.945000e+00 -4.545928e-03
1.950000e+00 -2.948178e-03
1.955000e+00 -1.235827e-03
1.960000e+00 6.057944e-04
1.965000e+00 2.402829e-03
1.970000e+00 4.075286e-03
1.975000e+00 5.513806e-03
1.980000e+00 6.833705e-03
1.985000e+00 7.865348e-03
1.990000e+00 8.476914e-03
1.995000e+00 8.916655e-03
2 8.911358e-03
2.005000e+00 8.525643e-03
2.010000e+00 7.897217e-03
2.015000e+00 6.863069e-03
2.020000e+00 5.563141e-03
2.025000e+00 4.065163e-03
2.030000e+00 2.435460e-03
2.035000e+00 6.886402e-04
2.040000e+00 -1.078161e-03
2.045000e+00 -2.796578e-03
2.050000e+00 -4.448348e-03
2.055000e+00 -5.911867e-03
2.060000e+00 -7.135578e-03
2.065000e+00 -8.044138e-03
2.070000e+00 -8.648631e-03
2.075000e+00 -8.906839e-03
2.080000e+00 -8.756213e-03
2.085000e+00 -8.344248e-03
2.090000e+00 -7.582356e-03
2.095000e+00 -6.471207e-03
2.100000e+00 -5.174022e-03
2.105000e+00 -3.635339e-03
2.110000e+00 -1.909329e-03
2.115000e+00 -1.270485e-04
2.120000e+00 1.619759e-03
2.125000e+00 3.294108e-03
2.130000e+00 4.868021e-03
2.135000e+00 6.258268e-03
2.140000e+00 7.350884e-03
2.145000e+00 8.170501e-03
2.150000e+00 8.705109e-03
2.155000e+00 8.872306e-03
2.160000e+00 8.707374e-03
2.165000e+00 8.121261e-03
2.170000e+00 7.230434e-03
2.175000e+00 6.118533e-03
2.180000e+00 4.658875e-03
2.185000e+00 3.104356e-03
2.190000e+00 1.448315e-03
2.195000e+00 -3.672048e-04
2.200000e+00 -2.127468e-03
2.205000e+00 -3.784977e-03
2.210000e+00 -5.323555e-03
2.215000e+00 -6.650454e-03
2.220000e+00 -7.606109e-03
2.225000e+00 -8.366156e-03
2.230000e+00 -8.841901e-03
2.235000e+00 -8.769674e-03
2.240000e+00 -8.528722e-03
2.245000e+00 -7.906861e-03
2.250000e+00 -6.852861e-03
2.255000e+00 -5.692758e-03
2.260000e+00 -4.224220e-03
2.265000e+00 -2.564110e-03
2.270000e+00 -8.400128e-04
2.275000e+00 9.111375e-04
2.280000e+00 2.648358e-03
2.285000e+00 4.258081e-03
2.290000e+00 5.670704e-03
2.295000e+00 6.911145e-03
2.300000e+00 7.786129e-03
2.305000e+00 8.354740e-03
2.310000e+00 8.670840e-03
2.315000e+00 8.572474e-03
2.320000e+00 8.182616e-03
2.325000e+00 7.495696e-03
2.330000e+00 6.527576e-03
2.335000e+00 5.296524e-03
2.340000e+00 3.832931e-03
2.345000e+00 2.247606e-03
2.350000e+00 4.595215e-04
2.355000e+00 -1.319111e-03
2.360000e+00 -3.011831e-03
2.365000e+00 -4.755098e-03
2.370000e+00 -6.371993e-03
2.375000e+00 -7.987105e-03
2.380000e+00 -9.724964e-03
2.385000e+00 -1.137074e-02
2.390000e+00 -1.308561e-02
2.395000e+00 -1.466434e-02
2.400000e+00 -1.582963e-02
2.405000e+00 -1.653730e-02
2.410000e+00 -1.646460e-02
2.415000e+00 -1.552773e-02
2.420000e+00 -1.381379e-02
2.425000e+00 -1.135145e-02
2.430000e+00 -8.322630e-03
2.435000e+00 -5.163281e-03
2.440000e+00 -1.918525e-03
2.445000e+00 1.247309e-03
2.450000e+00 4.158078e-03
2.455000e+00 7.069992e-03
2.460000e+00 9.747956e-03
2.465000e+00 1.221173e-02
2.470000e+00 1.438575e-02
2.475000e+00 1.586941e-02
2.480000e+00 1.667740e-02
2.485000e+00 1.670009e-02
2.490000e+00 1.587773e-02
2.495000e+00 1.451812e-02
2.500000e+00 1.277000e-02
2.505000e+00 1.056632e-02
2.510000e+00 8.042556e-03
2.515000e+00 5.114105e-03
2.520000e+00 1.884465e-03
2.525000e+00 -1.278200e-03
2.530000e+00 -4.128755e-03
2.535000e+00 -6.244842e-03
2.540000e+00 -7.647219e-03
2.545000e+00 -8.396843e-03
2.550000e+00 -8.567461e-03
2.555000e+00 -8.351343e-03
2.560000e+00 -7.613977e-03
2.565000e+00 -6.554996e-03
2.570000e+00 -5.166272e-03
2.575000e+00 -3.674946e-03
2.580000e+00 -2.453795e-03
2.585000e+00 -1.303186e-03
2.590000e+00 -2.581165e-04
2.595000e+00 9.371649e-04
2.600000e+00 2.535468e-03
2.605000e+00 4.246153e-03
2.610000e+00 5.854143e-03
2.615000e+00 7.174487e-03
2.620000e+00 7.954545e-03
2.625000e+00 8.254104e-03
2.630000e+00 8.240166e-03
2.635000e+00 7.880777e-03
2.640000e+00 7.284941e-03
2.645000e+00 6.496251e-03
2.650000e+00 5.441569e-03
2.655000e+00 4.241303e-03
2.660000e+00 2.833000e-03
2.665000e+00 1.132768e-03
2.670000e+00 -6.691197e-04
2.675000e+00 -2.493280e-03
2.680000e+00 -4.123381e-03
2.685000e+00 -5.386259e-03
2.690000e+00 -6.322161e-03
2.695000e+00 -7.087017e-03
2.700000e+00 -7.830723e-03
2.705000e+00 -8.368289e-03
2.710000e+00 -8.567720e-03
2.715000e+00 -8.218610e-03
2.720000e+00 -7.290308e-03
2.725000e+00 -6.068358e-03
2.730000e+00 -4.814834e-03
2.735000e+00 -3.608615e-03
2.740000e+00 -2.289061e-03
2.745000e+00 -7.882177e-04
2.750000e+00 9.189596e-04
2.755000e+00 2.720591e-03
2.760000e+00 4.302335e-03
2.765000e+00 5.550202e-03
2.770000e+00 6.622445e-03
2.775000e+00 7.398888e-03
2.780000e+00 7.939404e-03
2.785000e+00 8.275286e-03
2.790000e+00 8.233276e-03
2.795000e+00 7.924011e-03
2.800000e+00 7.236548e-03
2.805000e+00 6.243094e-03
2.810000e+00 4.964578e-03
2.815000e+00 3.430021e-03
2.820000e+00 1.887090e-03
2.825000e+00 3.332712e-04
2.830000e+00 -1.249513e-03
2.835000e+00 -2.962097e-03
2.840000e+00 -4.622949e-03
2.845000e+00 -5.926642e-03
2.850000e+00 -6.930314e-03
2.855000e+00 -7.633229e-03
2.860000e+00 -8.176880e-03
2.865000e+00 -8.586533e-03
2.870000e+00 -8.495423e-03
2.875000e+00 -7.876568e-03
2.880000e+00 -6.964335e-03
2.885000e+00 -5.840465e-03
2.890000e+00 -4.660474e-03
2.895000e+00 -3.328779e-03
2.900000e+00 -1.667432e-03
2.905000e+00 1.324797e-04
2.910000e+00 1.960087e-03
2.915000e+00 3.503353e-03
2.920000e+00 4.745701e-03
2.925000e+00 6.021314e-03
2.930000e+00 7.310446e-03
2.935000e+00 8.224559e-03
2.940000e+00 8.445735e-03
2.945000e+00 8.318511e-03
2.950000e+00 8.249468e-03
2.955000e+00 7.973913e-03
2.960000e+00 7.014378e-03
2.965000e+00 5.736964e-03
2.970000e+00 4.454259e-03
2.975000e+00 2.891782e-03
2.980000e+00 1.139075e-03
2.985000e+00 -5.597542e-04
2.990000e+00 -2.140012e-03
2.995000e+00 -3.743130e-03
3 -5.316321e-03
