T X
0 0
5.000000e-03 -6.041509e-09
1.000000e-02 3.439870e-08
1.500000e-02 5.060366e-07
2.000000e-02 4.678178e-06
2.500000e-02 2.982249e-05
3.000000e-02 1.396508e-04
3.500000e-02 4.977374e-04
4.000000e-02 1.376837e-03
4.500000e-02 2.994491e-03
5.000000e-02 5.176634e-03
5.500000e-02 7.244164e-03
6.000000e-02 8.557391e-03
6.500000e-02 9.224204e-03
7.000000e-02 9.800002e-03
7.500000e-02 1.025117e-02
8.000000e-02 1.004737e-02
8.500000e-02 9.269896e-03
9.000000e-02 8.392824e-03
9.500000e-02 7.233177e-03
1.000000e-01 5.541041e-03
1.050000e-01 3.735495e-03
1.100000e-01 1.937205e-03
1.150000e-01 -1.294288e-04
1.200000e-01 -2.163872e-03
1.250000e-01 -3.944538e-03
1.300000e-01 -5.720779e-03
1.350000e-01 -7.283046e-03
1.400000e-01 -8.468211e-03
1.450000e-01 -9.489327e-03
1.500000e-01 -1.007603e-02
1.550000e-01 -1.011890e-02
1.600000e-01 -9.891365e-03
1.650000e-01 -9.232045e-03
1.700000e-01 -8.180830e-03
1.750000e-01 -6.906184e-03
1.800000e-01 -5.215622e-03
1.850000e-01 -3.316196e-03
1.900000e-01 -1.398491e-03
1.950000e-01 6.194108e-04
2.000000e-01 2.569946e-03
2.050000e-01 4.473786e-03
2.100000e-01 6.256416e-03
2.150000e-01 7.684115e-03
2.200000e-01 8.850040e-03
2.250000e-01 9.678205e-03
2.300000e-01 1.009454e-02
2.350000e-01 1.011798e-02
2.400000e-01 9.679895e-03
2.450000e-01 8.938780e-03
2.500000e-01 7.842943e-03
2.550000e-01 6.369468e-03
2.600000e-01 4.724336e-03
2.650000e-01 2.849221e-03
2.700000e-01 8.302164e-04
2.750000e-01 -1.208142e-03
2.800000e-01 -3.209421e-03
2.850000e-01 -5.028669e-03
2.900000e-01 -6.687521e-03
2.950000e-01 -8.054274e-03
3.000000e-01 -9.081733e-03
3.050000e-01 -9.828204e-03
3.100000e-01 -1.012837e-02
3.150000e-01 -1.003114e-02
3.200000e-01 -9.560414e-03
3.250000e-01 -8.680341e-03
3.300000e-01 -7.443512e-03
3.350000e-01 -5.894172e-03
3.400000e-01 -4.163074e-03
3.450000e-01 -2.225115e-03
3.500000e-01 -2.112091e-04
3.550000e-01 1.746111e-03
3.600000e-01 3.722198e-03
3.650000e-01 5.533310e-03
3.700000e-01 7.103458e-03
3.750000e-01 8.418583e-03
3.800000e-01 9.381399e-03
3.850000e-01 9.966097e-03
3.900000e-01 1.014916e-02
3.950000e-01 9.923876e-03
4.000000e-01 9.283320e-03
4.050000e-01 8.324360e-03
4.100000e-01 7.033866e-03
4.150000e-01 5.427514e-03
4.200000e-01 3.642839e-03
4.250000e-01 1.690009e-03
4.300000e-01 -3.767204e-04
4.350000e-01 -2.379994e-03
4.400000e-01 -4.282845e-03
4.450000e-01 -6.049111e-03
4.500000e-01 -7.507030e-03
4.550000e-01 -8.705724e-03
4.600000e-01 -9.574438e-03
4.650000e-01 -1.002464e-02
4.700000e-01 -1.012356e-02
4.750000e-01 -9.816240e-03
4.800000e-01 -9.093618e-03
4.850000e-01 -7.988881e-03
4.900000e-01 -6.578991e-03
4.950000e-01 -4.899148e-03
5.000000e-01 -3.039836e-03
5.050000e-01 -1.066560e-03
5.100000e-01 9.488288e-04
5.150000e-01 2.898722e-03
5.200000e-01 4.798413e-03
5.250000e-01 6.487269e-03
5.300000e-01 7.904706e-03
5.350000e-01 9.037087e-03
5.400000e-01 9.768556e-03
5.450000e-01 1.012348e-02
5.500000e-01 1.006132e-02
5.550000e-01 9.592654e-03
5.600000e-01 8.773577e-03
5.650000e-01 7.599648e-03
5.700000e-01 6.133497e-03
5.750000e-01 4.416738e-03
5.800000e-01 2.505630e-03
5.850000e-01 4.871751e-04
5.900000e-01 -1.555230e-03
5.950000e-01 -3.519972e-03
6.000000e-01 -5.329897e-03
6.050000e-01 -6.925986e-03
6.100000e-01 -8.261021e-03
6.150000e-01 -9.247671e-03
6.200000e-01 -9.873064e-03
6.250000e-01 -1.012736e-02
6.300000e-01 -9.967446e-03
6.350000e-01 -9.413359e-03
6.400000e-01 -8.449010e-03
6.450000e-01 -7.163021e-03
6.500000e-01 -5.598531e-03
6.550000e-01 -3.805552e-03
6.600000e-01 -1.896031e-03
6.650000e-01 1.003399e-04
6.700000e-01 2.082901e-03
6.750000e-01 4.001167e-03
6.800000e-01 5.793333e-03
6.850000e-01 7.320484e-03
6.900000e-01 8.573811e-03
6.950000e-01 9.512933e-03
7.000000e-01 1.001134e-02
7.050000e-01 1.012563e-02
7.100000e-01 9.840810e-03
7.150000e-01 9.150342e-03
7.200000e-01 8.137025e-03
7.250000e-01 6.774251e-03
7.300000e-01 5.154367e-03
7.350000e-01 3.319621e-03
7.400000e-01 1.333839e-03
7.450000e-01 -7.011877e-04
7.500000e-01 -2.721977e-03
7.550000e-01 -4.589477e-03
7.600000e-01 -6.293053e-03
7.650000e-01 -7.748817e-03
7.700000e-01 -8.873353e-03
7.750000e-01 -9.672721e-03
7.800000e-01 -1.007804e-02
7.850000e-01 -1.010982e-02
7.900000e-01 -9.722440e-03
7.950000e-01 -8.922725e-03
8.000000e-01 -7.779339e-03
8.050000e-01 -6.305102e-03
8.100000e-01 -4.598552e-03
8.150000e-01 -2.708905e-03
8.200000e-01 -7.306021e-04
8.250000e-01 1.271514e-03
8.300000e-01 3.252311e-03
8.350000e-01 5.096086e-03
8.400000e-01 6.737211e-03
8.450000e-01 8.118961e-03
8.500000e-01 9.182399e-03
8.550000e-01 9.860534e-03
8.600000e-01 1.013366e-02
8.650000e-01 9.999217e-03
8.700000e-01 9.484144e-03
8.750000e-01 8.598613e-03
8.800000e-01 7.373376e-03
8.850000e-01 5.867078e-03
8.900000e-01 4.103374e-03
8.950000e-01 2.173900e-03
9.000000e-01 1.449835e-04
9.050000e-01 -1.891142e-03
9.100000e-01 -3.824080e-03
9.150000e-01 -5.618805e-03
9.200000e-01 -7.183753e-03
9.250000e-01 -8.438507e-03
9.300000e-01 -9.381454e-03
9.350000e-01 -9.958963e-03
9.400000e-01 -1.015111e-02
9.450000e-01 -9.937344e-03
9.500000e-01 -9.293911e-03
9.550000e-01 -8.300087e-03
9.600000e-01 -6.958186e-03
9.650000e-01 -5.321958e-03
9.700000e-01 -3.514039e-03
9.750000e-01 -1.561003e-03
9.800000e-01 4.375020e-04
9.850000e-01 2.433155e-03
9.900000e-01 4.358597e-03
9.950000e-01 6.074422e-03
1 7.582848e-03
1.005000e+00 8.793167e-03
1.010000e+00 9.619255e-03
1.015000e+00 1.007037e-02
1.020000e+00 1.010297e-02
1.025000e+00 9.738186e-03
1.030000e+00 9.013314e-03
1.035000e+00 7.925026e-03
1.040000e+00 6.525275e-03
1.045000e+00 4.868624e-03
1.050000e+00 2.988847e-03
1.055000e+00 9.870682e-04
1.060000e+00 -1.043532e-03
1.065000e+00 -3.036796e-03
1.070000e+00 -4.897829e-03
1.075000e+00 -6.559627e-03
1.080000e+00 -7.956070e-03
1.085000e+00 -9.028821e-03
1.090000e+00 -9.764824e-03
1.095000e+00 -1.012741e-02
1.100000e+00 -1.007439e-02
1.105000e+00 -9.608567e-03
1.110000e+00 -8.757892e-03
1.115000e+00 -7.547824e-03
1.120000e+00 -6.030240e-03
1.125000e+00 -4.288503e-03
1.130000e+00 -2.393123e-03
1.135000e+00 -3.972392e-04
1.140000e+00 1.617335e-03
1.145000e+00 3.576077e-03
1.150000e+00 5.401623e-03
1.155000e+00 7.024124e-03
1.160000e+00 8.399818e-03
1.165000e+00 9.396730e-03
1.170000e+00 9.961636e-03
1.175000e+00 1.003810e-02
1.180000e+00 9.485217e-03
1.185000e+00 8.268535e-03
1.190000e+00 6.294308e-03
1.195000e+00 3.586734e-03
1.200000e+00 3.190565e-04
1.205000e+00 -3.333814e-03
1.210000e+00 -6.962637e-03
1.215000e+00 -1.018540e-02
1.220000e+00 -1.277375e-02
1.225000e+00 -1.458260e-02
1.230000e+00 -1.568806e-02
1.235000e+00 -1.624353e-02
1.240000e+00 -1.634813e-02
1.245000e+00 -1.598669e-02
1.250000e+00 -1.500310e-02
1.255000e+00 -1.315031e-02
1.260000e+00 -1.030905e-02
1.265000e+00 -6.583183e-03
1.270000e+00 -2.184713e-03
1.275000e+00 2.589796e-03
1.280000e+00 7.491429e-03
1.285000e+00 1.232727e-02
1.290000e+00 1.688287e-02
1.295000e+00 2.080984e-02
1.300000e+00 2.368957e-02
1.305000e+00 2.526928e-02
1.310000e+00 2.555802e-02
1.315000e+00 2.485265e-02
1.320000e+00 2.344216e-02
1.325000e+00 2.143349e-02
1.330000e+00 1.873755e-02
1.335000e+00 1.513372e-02
1.340000e+00 1.065395e-02
1.345000e+00 5.600857e-03
1.350000e+00 3.830118e-04
1.355000e+00 -4.613913e-03
1.360000e+00 -9.316989e-03
1.365000e+00 -1.372311e-02
1.370000e+00 -1.771774e-02
1.375000e+00 -2.116575e-02
1.380000e+00 -2.377006e-02
1.385000e+00 -2.533867e-02
1.390000e+00 -2.583721e-02
1.395000e+00 -2.521720e-02
1.400000e+00 -2.357413e-02
1.405000e+00 -2.103386e-02
1.410000e+00 -1.773619e-02
1.415000e+00 -1.383433e-02
1.420000e+00 -9.372883e-03
1.425000e+00 -4.420569e-03
1.430000e+00 8.238330e-04
1.435000e+00 6.047457e-03
1.440000e+00 1.091479e-02
1.445000e+00 1.517645e-02
1.450000e+00 1.878754e-02
1.455000e+00 2.188355e-02
1.460000e+00 2.434726e-02
1.465000e+00 2.563740e-02
1.470000e+00 2.555007e-02
1.475000e+00 2.457112e-02
1.480000e+00 2.302566e-02
1.485000e+00 2.051577e-02
1.490000e+00 1.677108e-02
1.495000e+00 1.233157e-02
1.500000e+00 7.707548e-03
1.505000e+00 2.834805e-03
1.510000e+00 -2.246169e-03
1.515000e+00 -7.234753e-03
1.520000e+00 -1.204689e-02
1.525000e+00 -1.647102e-02
1.530000e+00 -2.005152e-02
1.535000e+00 -2.270736e-02
1.540000e+00 -2.458267e-02
1.545000e+00 -2.556451e-02
1.550000e+00 -2.549689e-02
1.555000e+00 -2.442634e-02
1.560000e+00 -2.231468e-02
1.565000e+00 -1.917299e-02
1.570000e+00 -1.545801e-02
1.575000e+00 -1.133053e-02
1.580000e+00 -6.512834e-03
1.585000e+00 -1.248183e-03
1.590000e+00 3.943471e-03
1.595000e+00 8.816508e-03
1.600000e+00 1.328572e-02
1.605000e+00 1.736309e-02
1.610000e+00 2.092435e-02
1.615000e+00 2.347667e-02
1.620000e+00 2.489805e-02
1.625000e+00 2.559233e-02
1.630000e+00 2.537062e-02
1.635000e+00 2.386024e-02
1.640000e+00 2.140353e-02
1.645000e+00 1.828691e-02
1.650000e+00 1.436412e-02
1.655000e+00 9.781002e-03
1.660000e+00 4.869838e-03
1.665000e+00 -1.757698e-04
1.670000e+00 -5.179247e-03
1.675000e+00 -1.011062e-02
1.680000e+00 -1.467507e-02
1.685000e+00 -1.850337e-02
1.690000e+00 -2.169266e-02
1.695000e+00 -2.402622e-02
1.700000e+00 -2.522502e-02
1.705000e+00 -2.557352e-02
1.710000e+00 -2.499782e-02
1.715000e+00 -2.322043e-02
1.720000e+00 -2.055044e-02
1.725000e+00 -1.722652e-02
1.730000e+00 -1.313697e-02
1.735000e+00 -8.440439e-03
1.740000e+00 -3.429051e-03
1.745000e+00 1.706211e-03
1.750000e+00 6.725453e-03
1.755000e+00 1.148385e-02
1.760000e+00 1.582314e-02
1.765000e+00 1.951191e-02
1.770000e+00 2.240253e-02
1.775000e+00 2.439856e-02
1.780000e+00 2.549287e-02
1.785000e+00 2.559473e-02
1.790000e+00 2.452201e-02
1.795000e+00 2.251253e-02
1.800000e+00 1.975843e-02
1.805000e+00 1.604287e-02
1.810000e+00 1.167533e-02
1.815000e+00 7.019860e-03
1.820000e+00 1.979741e-03
1.825000e+00 -3.156701e-03
1.830000e+00 -8.098220e-03
1.835000e+00 -1.279737e-02
1.840000e+00 -1.696921e-02
1.845000e+00 -2.043708e-02
1.850000e+00 -2.311425e-02
1.855000e+00 -2.481901e-02
1.860000e+00 -2.555131e-02
1.865000e+00 -2.530060e-02
1.870000e+00 -2.399681e-02
1.875000e+00 -2.174691e-02
1.880000e+00 -1.869604e-02
1.885000e+00 -1.489803e-02
1.890000e+00 -1.042760e-02
1.895000e+00 -5.551492e-03
1.900000e+00 -5.104641e-04
1.905000e+00 4.624335e-03
1.910000e+00 9.556650e-03
1.915000e+00 1.401610e-02
1.920000e+00 1.803059e-02
1.925000e+00 2.130536e-02
1.930000e+00 2.364530e-02
1.935000e+00 2.516823e-02
1.940000e+00 2.564969e-02
1.945000e+00 2.505200e-02
1.950000e+00 2.352464e-02
1.955000e+00 2.100270e-02
1.960000e+00 1.760461e-02
1.965000e+00 1.356636e-02
1.970000e+00 9.026477e-03
1.975000e+00 4.103056e-03
1.980000e+00 -1.024444e-03
1.985000e+00 -6.069376e-03
1.990000e+00 -1.087798e-02
1.995000e+00 -1.529100e-02
2 -1.908905e-02
2.005000e+00 -2.213399e-02
2.010000e+00 -2.423314e-02
2.015000e+00 -2.539392e-02
2.020000e+00 -2.554843e-02
2.025000e+00 -2.464158e-02
2.030000e+00 -2.285556e-02
2.035000e+00 -2.011059e-02
2.040000e+00 -1.651967e-02
2.045000e+00 -1.236147e-02
2.050000e+00 -7.622744e-03
2.055000e+00 -2.564745e-03
2.060000e+00 2.517738e-03
2.065000e+00 7.564528e-03
2.070000e+00 1.225559e-02
2.075000e+00 1.643705e-02
2.080000e+00 2.003957e-02
2.085000e+00 2.278644e-02
2.090000e+00 2.464017e-02
2.095000e+00 2.556394e-02
2.100000e+00 2.543725e-02
2.105000e+00 2.426294e-02
2.110000e+00 2.213547e-02
2.115000e+00 1.912602e-02
2.120000e+00 1.531654e-02
2.125000e+00 1.097079e-02
2.130000e+00 6.184147e-03
2.135000e+00 1.092902e-03
2.140000e+00 -3.973075e-03
2.145000e+00 -8.923155e-03
2.150000e+00 -1.353732e-02
2.155000e+00 -1.759476e-02
2.160000e+00 -2.096742e-02
2.165000e+00 -2.345864e-02
2.170000e+00 -2.504472e-02
2.175000e+00 -2.558898e-02
2.180000e+00 -2.512966e-02
2.185000e+00 -2.374291e-02
2.190000e+00 -2.132259e-02
2.195000e+00 -1.811105e-02
2.200000e+00 -1.418165e-02
2.205000e+00 -9.599750e-03
2.210000e+00 -4.702445e-03
2.215000e+00 4.019673e-04
2.220000e+00 5.501402e-03
2.225000e+00 1.034498e-02
2.230000e+00 1.479284e-02
2.235000e+00 1.863321e-02
2.240000e+00 2.173161e-02
2.245000e+00 2.399700e-02
2.250000e+00 2.531604e-02
2.255000e+00 2.559924e-02
2.260000e+00 2.486666e-02
2.265000e+00 2.314007e-02
2.270000e+00 2.046187e-02
2.275000e+00 1.699931e-02
2.280000e+00 1.284070e-02
2.285000e+00 8.188948e-03
2.290000e+00 3.246395e-03
2.295000e+00 -1.869193e-03
2.300000e+00 -6.899748e-03
2.305000e+00 -1.167918e-02
2.310000e+00 -1.599327e-02
2.315000e+00 -1.965945e-02
2.320000e+00 -2.255438e-02
2.325000e+00 -2.453445e-02
2.330000e+00 -2.557227e-02
2.335000e+00 -2.556493e-02
2.340000e+00 -2.455870e-02
2.345000e+00 -2.262406e-02
2.350000e+00 -1.972738e-02
2.355000e+00 -1.606504e-02
2.360000e+00 -1.172941e-02
2.365000e+00 -6.843860e-03
2.370000e+00 -1.724452e-03
2.375000e+00 3.471685e-03
2.380000e+00 8.541995e-03
2.385000e+00 1.320974e-02
2.390000e+00 1.730810e-02
2.395000e+00 2.066634e-02
2.400000e+00 2.310123e-02
2.405000e+00 2.447118e-02
2.410000e+00 2.461436e-02
2.415000e+00 2.342419e-02
2.420000e+00 2.089539e-02
2.425000e+00 1.709914e-02
2.430000e+00 1.225260e-02
2.435000e+00 6.684142e-03
2.440000e+00 7.765803e-04
2.445000e+00 -5.055290e-03
2.450000e+00 -1.050496e-02
2.455000e+00 -1.529884e-02
2.460000e+00 -1.929033e-02
2.465000e+00 -2.249712e-02
2.470000e+00 -2.483473e-02
2.475000e+00 -2.624041e-02
2.480000e+00 -2.664304e-02
2.485000e+00 -2.586388e-02
2.490000e+00 -2.372511e-02
2.495000e+00 -2.016137e-02
2.500000e+00 -1.525317e-02
2.505000e+00 -9.246584e-03
2.510000e+00 -2.597539e-03
2.515000e+00 4.241834e-03
2.520000e+00 1.085213e-02
2.525000e+00 1.678930e-02
2.530000e+00 2.187978e-02
2.535000e+00 2.601774e-02
2.540000e+00 2.903728e-02
2.545000e+00 3.095789e-02
2.550000e+00 3.166200e-02
2.555000e+00 3.114105e-02
2.560000e+00 2.953903e-02
2.565000e+00 2.682867e-02
2.570000e+00 2.319812e-02
2.575000e+00 1.867683e-02
2.580000e+00 1.320898e-02
2.585000e+00 7.032574e-03
2.590000e+00 3.846158e-04
2.595000e+00 -6.276036e-03
2.600000e+00 -1.249956e-02
2.605000e+00 -1.804490e-02
2.610000e+00 -2.274912e-02
2.615000e+00 -2.668502e-02
2.620000e+00 -2.981369e-02
2.625000e+00 -3.189111e-02
2.630000e+00 -3.264502e-02
2.635000e+00 -3.181573e-02
2.640000e+00 -2.950042e-02
2.645000e+00 -2.599832e-02
2.650000e+00 -2.166476e-02
2.655000e+00 -1.677085e-02
2.660000e+00 -1.127859e-02
2.665000e+00 -5.220786e-03
2.670000e+00 1.285716e-03
2.675000e+00 7.951734e-03
2.680000e+00 1.420081e-02
2.685000e+00 1.968356e-02
2.690000e+00 2.426064e-02
2.695000e+00 2.780510e-02
2.700000e+00 3.039557e-02
2.705000e+00 3.195532e-02
2.710000e+00 3.224417e-02
2.715000e+00 3.119188e-02
2.720000e+00 2.875026e-02
2.725000e+00 2.510671e-02
2.730000e+00 2.056469e-02
2.735000e+00 1.524019e-02
2.740000e+00 9.315178e-03
2.745000e+00 3.043071e-03
2.750000e+00 -3.377014e-03
2.755000e+00 -9.707348e-03
2.760000e+00 -1.564839e-02
2.765000e+00 -2.094165e-02
2.770000e+00 -2.540055e-02
2.775000e+00 -2.883406e-02
2.780000e+00 -3.111299e-02
2.785000e+00 -3.216804e-02
2.790000e+00 -3.194198e-02
2.795000e+00 -3.045716e-02
2.800000e+00 -2.775463e-02
2.805000e+00 -2.392607e-02
2.810000e+00 -1.911601e-02
2.815000e+00 -1.356122e-02
2.820000e+00 -7.518086e-03
2.825000e+00 -1.160648e-03
2.830000e+00 5.243458e-03
2.835000e+00 1.147770e-02
2.840000e+00 1.728560e-02
2.845000e+00 2.233729e-02
2.850000e+00 2.648498e-02
2.855000e+00 2.959506e-02
2.860000e+00 3.153660e-02
2.865000e+00 3.224220e-02
2.870000e+00 3.165772e-02
2.875000e+00 2.976896e-02
2.880000e+00 2.664802e-02
2.885000e+00 2.253936e-02
2.890000e+00 1.763096e-02
2.895000e+00 1.196048e-02
2.900000e+00 5.704219e-03
2.905000e+00 -8.465842e-04
2.910000e+00 -7.252409e-03
2.915000e+00 -1.318051e-02
2.920000e+00 -1.866729e-02
2.925000e+00 -2.354969e-02
2.930000e+00 -2.755257e-02
2.935000e+00 -3.041174e-02
2.940000e+00 -3.186446e-02
2.945000e+00 -3.204546e-02
2.950000e+00 -3.110438e-02
2.955000e+00 -2.903707e-02
2.960000e+00 -2.573923e-02
2.965000e+00 -2.122472e-02
2.970000e+00 -1.585575e-02
2.975000e+00 -9.964410e-03
2.980000e+00 -3.833842e-03
2.985000e+00 2.411213e-03
2.990000e+00 8.823586e-03
2.995000e+00 1.506084e-02
3 2.047063e-02
