T X
0 0
5.000000e-03 4.876631e-09
1.000000e-02 3.036462e-08
1.500000e-02 5.048592e-07
2.000000e-02 4.731498e-06
2.500000e-02 3.005382e-05
3.000000e-02 1.402189e-04
3.500000e-02 4.982831e-04
4.000000e-02 1.376702e-03
4.500000e-02 2.993242e-03
5.000000e-02 5.174231e-03
5.500000e-02 7.240638e-03
6.000000e-02 8.551682e-03
6.500000e-02 9.217132e-03
7.000000e-02 9.807888e-03
7.500000e-02 1.030522e-02
8.000000e-02 1.014465e-02
8.500000e-02 9.356957e-03
9.000000e-02 8.455330e-03
9.500000e-02 7.312553e-03
1.000000e-01 5.616640e-03
1.050000e-01 3.765755e-03
1.100000e-01 1.981831e-03
1.150000e-01 -3.365904e-05
1.200000e-01 -2.068673e-03
1.250000e-01 -3.845281e-03
1.300000e-01 -5.633884e-03
1.350000e-01 -7.300658e-03
1.400000e-01 -8.554202e-03
1.450000e-01 -9.588562e-03
1.500000e-01 -1.023225e-02
1.550000e-01 -1.027427e-02
1.600000e-01 -1.001069e-02
1.650000e-01 -9.381218e-03
1.700000e-01 -8.331268e-03
1.750000e-01 -7.059247e-03
1.800000e-01 -5.391907e-03
1.850000e-01 -3.468037e-03
1.900000e-01 -1.544290e-03
1.950000e-01 5.275647e-04
2.000000e-01 2.575685e-03
2.050000e-01 4.509240e-03
2.100000e-01 6.308152e-03
2.150000e-01 7.718418e-03
2.200000e-01 8.912716e-03
2.250000e-01 9.826018e-03
2.300000e-01 1.022244e-02
2.350000e-01 1.027483e-02
2.400000e-01 9.919593e-03
2.450000e-01 9.170516e-03
2.500000e-01 8.043837e-03
2.550000e-01 6.523071e-03
2.600000e-01 4.863045e-03
2.650000e-01 2.964437e-03
2.700000e-01 9.073593e-04
2.750000e-01 -1.111519e-03
2.800000e-01 -3.145730e-03
2.850000e-01 -5.018247e-03
2.900000e-01 -6.727247e-03
2.950000e-01 -8.160185e-03
3.000000e-01 -9.231357e-03
3.050000e-01 -1.000823e-02
3.100000e-01 -1.029725e-02
3.150000e-01 -1.021299e-02
3.200000e-01 -9.750258e-03
3.250000e-01 -8.844916e-03
3.300000e-01 -7.639280e-03
3.350000e-01 -6.099626e-03
3.400000e-01 -4.337331e-03
3.450000e-01 -2.381300e-03
3.500000e-01 -3.281879e-04
3.550000e-01 1.722818e-03
3.600000e-01 3.744629e-03
3.650000e-01 5.544428e-03
3.700000e-01 7.166267e-03
3.750000e-01 8.517062e-03
3.800000e-01 9.492845e-03
3.850000e-01 1.010449e-02
3.900000e-01 1.031356e-02
3.950000e-01 1.014184e-02
4.000000e-01 9.526782e-03
4.050000e-01 8.548133e-03
4.100000e-01 7.223312e-03
4.150000e-01 5.587255e-03
4.200000e-01 3.765936e-03
4.250000e-01 1.777605e-03
4.300000e-01 -2.719094e-04
4.350000e-01 -2.304852e-03
4.400000e-01 -4.265467e-03
4.450000e-01 -6.049021e-03
4.500000e-01 -7.591047e-03
4.550000e-01 -8.840333e-03
4.600000e-01 -9.726554e-03
4.650000e-01 -1.022546e-02
4.700000e-01 -1.031342e-02
4.750000e-01 -9.981626e-03
4.800000e-01 -9.261674e-03
4.850000e-01 -8.175314e-03
4.900000e-01 -6.779081e-03
4.950000e-01 -5.097041e-03
5.000000e-01 -3.207032e-03
5.050000e-01 -1.192549e-03
5.100000e-01 8.769183e-04
5.150000e-01 2.911524e-03
5.200000e-01 4.829546e-03
5.250000e-01 6.522067e-03
5.300000e-01 7.987208e-03
5.350000e-01 9.136484e-03
5.400000e-01 9.890700e-03
5.450000e-01 1.028279e-02
5.500000e-01 1.026620e-02
5.550000e-01 9.824647e-03
5.600000e-01 9.002940e-03
5.650000e-01 7.813225e-03
5.700000e-01 6.293385e-03
5.750000e-01 4.540022e-03
5.800000e-01 2.613441e-03
5.850000e-01 5.906370e-04
5.900000e-01 -1.471775e-03
5.950000e-01 -3.472758e-03
6.000000e-01 -5.325070e-03
6.050000e-01 -6.996874e-03
6.100000e-01 -8.365983e-03
6.150000e-01 -9.388323e-03
6.200000e-01 -1.006759e-02
6.250000e-01 -1.032411e-02
6.300000e-01 -1.013288e-02
6.350000e-01 -9.575728e-03
6.400000e-01 -8.646769e-03
6.450000e-01 -7.351168e-03
6.500000e-01 -5.800359e-03
6.550000e-01 -3.999981e-03
6.600000e-01 -2.024215e-03
6.650000e-01 8.490201e-06
6.700000e-01 2.065526e-03
6.750000e-01 4.024329e-03
6.800000e-01 5.814656e-03
6.850000e-01 7.402426e-03
6.900000e-01 8.675937e-03
6.950000e-01 9.604624e-03
7.000000e-01 1.016301e-02
7.050000e-01 1.032086e-02
7.100000e-01 1.006513e-02
7.150000e-01 9.389816e-03
7.200000e-01 8.345240e-03
7.250000e-01 6.956504e-03
7.300000e-01 5.302015e-03
7.350000e-01 3.436732e-03
7.400000e-01 1.434095e-03
7.450000e-01 -6.116170e-04
7.500000e-01 -2.644156e-03
7.550000e-01 -4.576028e-03
7.600000e-01 -6.338946e-03
7.650000e-01 -7.823674e-03
7.700000e-01 -9.013086e-03
7.750000e-01 -9.847051e-03
7.800000e-01 -1.026626e-02
7.850000e-01 -1.029815e-02
7.900000e-01 -9.882350e-03
7.950000e-01 -9.102337e-03
8.000000e-01 -7.980633e-03
8.050000e-01 -6.499988e-03
8.100000e-01 -4.791886e-03
8.150000e-01 -2.879374e-03
8.200000e-01 -8.330622e-04
8.250000e-01 1.231540e-03
8.300000e-01 3.239019e-03
8.350000e-01 5.117652e-03
8.400000e-01 6.806670e-03
8.450000e-01 8.204755e-03
8.500000e-01 9.274232e-03
8.550000e-01 9.987730e-03
8.600000e-01 1.030664e-02
8.650000e-01 1.021802e-02
8.700000e-01 9.716957e-03
8.750000e-01 8.827178e-03
8.800000e-01 7.569814e-03
8.850000e-01 6.018758e-03
8.900000e-01 4.239121e-03
8.950000e-01 2.278599e-03
9.000000e-01 2.459851e-04
9.050000e-01 -1.806033e-03
9.100000e-01 -3.798168e-03
9.150000e-01 -5.622757e-03
9.200000e-01 -7.238252e-03
9.250000e-01 -8.561641e-03
9.300000e-01 -9.551446e-03
9.350000e-01 -1.015058e-02
9.400000e-01 -1.031853e-02
9.450000e-01 -1.010604e-02
9.500000e-01 -9.479784e-03
9.550000e-01 -8.480852e-03
9.600000e-01 -7.151984e-03
9.650000e-01 -5.528257e-03
9.700000e-01 -3.697890e-03
9.750000e-01 -1.687636e-03
9.800000e-01 3.737847e-04
9.850000e-01 2.413624e-03
9.900000e-01 4.363751e-03
9.950000e-01 6.128065e-03
1 7.664905e-03
1.005000e+00 8.867647e-03
1.010000e+00 9.735286e-03
1.015000e+00 1.022664e-02
1.020000e+00 1.030307e-02
1.025000e+00 9.979344e-03
1.030000e+00 9.237493e-03
1.035000e+00 8.134477e-03
1.040000e+00 6.695664e-03
1.045000e+00 4.997026e-03
1.050000e+00 3.115119e-03
1.055000e+00 1.099561e-03
1.060000e+00 -9.627122e-04
1.065000e+00 -2.981763e-03
1.070000e+00 -4.884026e-03
1.075000e+00 -6.604406e-03
1.080000e+00 -8.047538e-03
1.085000e+00 -9.184652e-03
1.090000e+00 -9.956031e-03
1.095000e+00 -1.029509e-02
1.100000e+00 -1.024119e-02
1.105000e+00 -9.790472e-03
1.110000e+00 -8.938687e-03
1.115000e+00 -7.746586e-03
1.120000e+00 -6.235519e-03
1.125000e+00 -4.479357e-03
1.130000e+00 -2.538055e-03
1.135000e+00 -4.806223e-04
1.140000e+00 1.561438e-03
1.145000e+00 3.577566e-03
1.150000e+00 5.450687e-03
1.155000e+00 7.084302e-03
1.160000e+00 8.465427e-03
1.165000e+00 9.484694e-03
1.170000e+00 1.009539e-02
1.175000e+00 1.019208e-02
1.180000e+00 9.675786e-03
1.185000e+00 8.468839e-03
1.190000e+00 6.488869e-03
1.195000e+00 3.798244e-03
1.200000e+00 4.985685e-04
1.205000e+00 -3.127640e-03
1.210000e+00 -6.722050e-03
1.215000e+00 -1.000344e-02
1.220000e+00 -1.263533e-02
1.225000e+00 -1.452370e-02
1.230000e+00 -1.574043e-02
1.235000e+00 -1.636729e-02
1.240000e+00 -1.653885e-02
1.245000e+00 -1.619962e-02
1.250000e+00 -1.517294e-02
1.255000e+00 -1.330190e-02
1.260000e+00 -1.048327e-02
1.265000e+00 -6.798061e-03
1.270000e+00 -2.474319e-03
1.275000e+00 2.240072e-03
1.280000e+00 7.114561e-03
1.285000e+00 1.198060e-02
1.290000e+00 1.660233e-02
1.295000e+00 2.060630e-02
1.300000e+00 2.360264e-02
1.305000e+00 2.531169e-02
1.310000e+00 2.570668e-02
1.315000e+00 2.503362e-02
1.320000e+00 2.365017e-02
1.325000e+00 2.167630e-02
1.330000e+00 1.900973e-02
1.335000e+00 1.549173e-02
1.340000e+00 1.107303e-02
1.345000e+00 6.056673e-03
1.350000e+00 8.496153e-04
1.355000e+00 -4.211850e-03
1.360000e+00 -8.971903e-03
1.365000e+00 -1.343733e-02
1.370000e+00 -1.751815e-02
1.375000e+00 -2.102676e-02
1.380000e+00 -2.372268e-02
1.385000e+00 -2.543262e-02
1.390000e+00 -2.605053e-02
1.395000e+00 -2.555035e-02
1.400000e+00 -2.398869e-02
1.405000e+00 -2.143985e-02
1.410000e+00 -1.813593e-02
1.415000e+00 -1.424091e-02
1.420000e+00 -9.786321e-03
1.425000e+00 -4.878787e-03
1.430000e+00 3.216013e-04
1.435000e+00 5.578036e-03
1.440000e+00 1.055877e-02
1.445000e+00 1.493238e-02
1.450000e+00 1.865096e-02
1.455000e+00 2.184795e-02
1.460000e+00 2.440418e-02
1.465000e+00 2.579683e-02
1.470000e+00 2.578557e-02
1.475000e+00 2.490161e-02
1.480000e+00 2.346001e-02
1.485000e+00 2.101617e-02
1.490000e+00 1.733780e-02
1.495000e+00 1.295255e-02
1.500000e+00 8.304470e-03
1.505000e+00 3.347103e-03
1.510000e+00 -1.806528e-03
1.515000e+00 -6.856329e-03
1.520000e+00 -1.173761e-02
1.525000e+00 -1.626659e-02
1.530000e+00 -1.997273e-02
1.535000e+00 -2.273081e-02
1.540000e+00 -2.473361e-02
1.545000e+00 -2.586042e-02
1.550000e+00 -2.591297e-02
1.555000e+00 -2.495218e-02
1.560000e+00 -2.289041e-02
1.565000e+00 -1.975273e-02
1.570000e+00 -1.605175e-02
1.575000e+00 -1.189540e-02
1.580000e+00 -7.063350e-03
1.585000e+00 -1.790678e-03
1.590000e+00 3.505075e-03
1.595000e+00 8.483234e-03
1.600000e+00 1.304398e-02
1.605000e+00 1.726537e-02
1.610000e+00 2.099370e-02
1.615000e+00 2.371480e-02
1.620000e+00 2.522895e-02
1.625000e+00 2.594113e-02
1.630000e+00 2.582407e-02
1.635000e+00 2.445266e-02
1.640000e+00 2.199475e-02
1.645000e+00 1.887066e-02
1.650000e+00 1.505195e-02
1.655000e+00 1.044710e-02
1.660000e+00 5.381811e-03
1.665000e+00 2.384581e-04
1.670000e+00 -4.858870e-03
1.675000e+00 -9.900339e-03
1.680000e+00 -1.458417e-02
1.685000e+00 -1.853462e-02
1.690000e+00 -2.180135e-02
1.695000e+00 -2.426720e-02
1.700000e+00 -2.563408e-02
1.705000e+00 -2.608623e-02
1.710000e+00 -2.560184e-02
1.715000e+00 -2.386608e-02
1.720000e+00 -2.117089e-02
1.725000e+00 -1.784099e-02
1.730000e+00 -1.373071e-02
1.735000e+00 -8.955880e-03
1.740000e+00 -3.892204e-03
1.745000e+00 1.282476e-03
1.750000e+00 6.424629e-03
1.755000e+00 1.135277e-02
1.760000e+00 1.582937e-02
1.765000e+00 1.964962e-02
1.770000e+00 2.268030e-02
1.775000e+00 2.480186e-02
1.780000e+00 2.596761e-02
1.785000e+00 2.610742e-02
1.790000e+00 2.510778e-02
1.795000e+00 2.315212e-02
1.800000e+00 2.041828e-02
1.805000e+00 1.669955e-02
1.810000e+00 1.228104e-02
1.815000e+00 7.548277e-03
1.820000e+00 2.405585e-03
1.825000e+00 -2.880066e-03
1.830000e+00 -7.958093e-03
1.835000e+00 -1.273953e-02
1.840000e+00 -1.704446e-02
1.845000e+00 -2.063686e-02
1.850000e+00 -2.339535e-02
1.855000e+00 -2.526528e-02
1.860000e+00 -2.611407e-02
1.865000e+00 -2.590216e-02
1.870000e+00 -2.467492e-02
1.875000e+00 -2.246131e-02
1.880000e+00 -1.934762e-02
1.885000e+00 -1.547652e-02
1.890000e+00 -1.095513e-02
1.895000e+00 -6.015750e-03
1.900000e+00 -9.207259e-04
1.905000e+00 4.334768e-03
1.910000e+00 9.435090e-03
1.915000e+00 1.402658e-02
1.920000e+00 1.818036e-02
1.925000e+00 2.161071e-02
1.930000e+00 2.408305e-02
1.935000e+00 2.568374e-02
1.940000e+00 2.622482e-02
1.945000e+00 2.567101e-02
1.950000e+00 2.415732e-02
1.955000e+00 2.168498e-02
1.960000e+00 1.831863e-02
1.965000e+00 1.422896e-02
1.970000e+00 9.587021e-03
1.975000e+00 4.525330e-03
1.980000e+00 -6.999241e-04
1.985000e+00 -5.860137e-03
1.990000e+00 -1.084320e-02
1.995000e+00 -1.538731e-02
2 -1.926942e-02
2.005000e+00 -2.241208e-02
2.010000e+00 -2.467457e-02
2.015000e+00 -2.596186e-02
2.020000e+00 -2.619524e-02
2.025000e+00 -2.537245e-02
2.030000e+00 -2.357881e-02
2.035000e+00 -2.079394e-02
2.040000e+00 -1.718443e-02
2.045000e+00 -1.294283e-02
2.050000e+00 -8.124169e-03
2.055000e+00 -3.005739e-03
2.060000e+00 2.178221e-03
2.065000e+00 7.355283e-03
2.070000e+00 1.222884e-02
2.075000e+00 1.656562e-02
2.080000e+00 2.029852e-02
2.085000e+00 2.320890e-02
2.090000e+00 2.516178e-02
2.095000e+00 2.614053e-02
2.100000e+00 2.607148e-02
2.105000e+00 2.493441e-02
2.110000e+00 2.284956e-02
2.115000e+00 1.986099e-02
2.120000e+00 1.603512e-02
2.125000e+00 1.160116e-02
2.130000e+00 6.683864e-03
2.135000e+00 1.500462e-03
2.140000e+00 -3.719745e-03
2.145000e+00 -8.824108e-03
2.150000e+00 -1.354416e-02
2.155000e+00 -1.773775e-02
2.160000e+00 -2.122205e-02
2.165000e+00 -2.384465e-02
2.170000e+00 -2.556608e-02
2.175000e+00 -2.622854e-02
2.180000e+00 -2.586415e-02
2.185000e+00 -2.448086e-02
2.190000e+00 -2.204669e-02
2.195000e+00 -1.881043e-02
2.200000e+00 -1.482385e-02
2.205000e+00 -1.017532e-02
2.210000e+00 -5.205817e-03
2.215000e+00 -9.740315e-07
2.220000e+00 5.238434e-03
2.225000e+00 1.021016e-02
2.230000e+00 1.481684e-02
2.235000e+00 1.884562e-02
2.240000e+00 2.209328e-02
2.245000e+00 2.446386e-02
2.250000e+00 2.585384e-02
2.255000e+00 2.621110e-02
2.260000e+00 2.554721e-02
2.265000e+00 2.385558e-02
2.270000e+00 2.118707e-02
2.275000e+00 1.772814e-02
2.280000e+00 1.353836e-02
2.285000e+00 8.777300e-03
2.290000e+00 3.718550e-03
2.295000e+00 -1.551197e-03
2.300000e+00 -6.723222e-03
2.305000e+00 -1.159108e-02
2.310000e+00 -1.606384e-02
2.315000e+00 -1.985665e-02
2.320000e+00 -2.288224e-02
2.325000e+00 -2.499465e-02
2.330000e+00 -2.612357e-02
2.335000e+00 -2.624875e-02
2.340000e+00 -2.529102e-02
2.345000e+00 -2.335434e-02
2.350000e+00 -2.045426e-02
2.355000e+00 -1.673400e-02
2.360000e+00 -1.234332e-02
2.365000e+00 -7.407914e-03
2.370000e+00 -2.211382e-03
2.375000e+00 3.130239e-03
2.380000e+00 8.361732e-03
2.385000e+00 1.316815e-02
2.390000e+00 1.746380e-02
2.395000e+00 2.099238e-02
2.400000e+00 2.351836e-02
2.405000e+00 2.495100e-02
2.410000e+00 2.513045e-02
2.415000e+00 2.398619e-02
2.420000e+00 2.152144e-02
2.425000e+00 1.780064e-02
2.430000e+00 1.301151e-02
2.435000e+00 7.455730e-03
2.440000e+00 1.505230e-03
2.445000e+00 -4.448338e-03
2.450000e+00 -1.003482e-02
2.455000e+00 -1.501496e-02
2.460000e+00 -1.922332e-02
2.465000e+00 -2.255699e-02
2.470000e+00 -2.502604e-02
2.475000e+00 -2.658135e-02
2.480000e+00 -2.708081e-02
2.485000e+00 -2.636360e-02
2.490000e+00 -2.428939e-02
2.495000e+00 -2.079571e-02
2.500000e+00 -1.595575e-02
2.505000e+00 -1.004220e-02
2.510000e+00 -3.431610e-03
2.515000e+00 3.430928e-03
2.520000e+00 1.003505e-02
2.525000e+00 1.609740e-02
2.530000e+00 2.141754e-02
2.535000e+00 2.574950e-02
2.540000e+00 2.901988e-02
2.545000e+00 3.112907e-02
2.550000e+00 3.199622e-02
2.555000e+00 3.164306e-02
2.560000e+00 3.011908e-02
2.565000e+00 2.752593e-02
2.570000e+00 2.397076e-02
2.575000e+00 1.946677e-02
2.580000e+00 1.405696e-02
2.585000e+00 7.940438e-03
2.590000e+00 1.313073e-03
2.595000e+00 -5.404997e-03
2.600000e+00 -1.173709e-02
2.605000e+00 -1.746202e-02
2.610000e+00 -2.243753e-02
2.615000e+00 -2.662494e-02
2.620000e+00 -2.993370e-02
2.625000e+00 -3.215822e-02
2.630000e+00 -3.303085e-02
2.635000e+00 -3.234108e-02
2.640000e+00 -3.020084e-02
2.645000e+00 -2.687269e-02
2.650000e+00 -2.263672e-02
2.655000e+00 -1.776686e-02
2.660000e+00 -1.229212e-02
2.665000e+00 -6.165035e-03
2.670000e+00 4.118231e-04
2.675000e+00 7.110431e-03
2.680000e+00 1.349293e-02
2.685000e+00 1.914657e-02
2.690000e+00 2.392288e-02
2.695000e+00 2.776027e-02
2.700000e+00 3.062526e-02
2.705000e+00 3.239102e-02
2.710000e+00 3.285866e-02
2.715000e+00 3.194452e-02
2.720000e+00 2.967830e-02
2.725000e+00 2.619771e-02
2.730000e+00 2.167605e-02
2.735000e+00 1.635962e-02
2.740000e+00 1.043241e-02
2.745000e+00 4.060204e-03
2.750000e+00 -2.486278e-03
2.755000e+00 -8.957922e-03
2.760000e+00 -1.505868e-02
2.765000e+00 -2.059226e-02
2.770000e+00 -2.530693e-02
2.775000e+00 -2.896575e-02
2.780000e+00 -3.151194e-02
2.785000e+00 -3.274969e-02
2.790000e+00 -3.268535e-02
2.795000e+00 -3.137927e-02
2.800000e+00 -2.879098e-02
2.805000e+00 -2.508064e-02
2.810000e+00 -2.035501e-02
2.815000e+00 -1.476749e-02
2.820000e+00 -8.632530e-03
2.825000e+00 -2.163880e-03
2.830000e+00 4.415960e-03
2.835000e+00 1.083377e-02
2.840000e+00 1.682626e-02
2.845000e+00 2.209193e-02
2.850000e+00 2.647771e-02
2.855000e+00 2.988166e-02
2.860000e+00 3.211055e-02
2.865000e+00 3.300996e-02
2.870000e+00 3.258014e-02
2.875000e+00 3.087580e-02
2.880000e+00 2.788127e-02
2.885000e+00 2.377624e-02
2.890000e+00 1.884862e-02
2.895000e+00 1.316998e-02
2.900000e+00 6.824477e-03
2.905000e+00 1.365264e-04
2.910000e+00 -6.426352e-03
2.915000e+00 -1.263235e-02
2.920000e+00 -1.841748e-02
2.925000e+00 -2.353856e-02
2.930000e+00 -2.777347e-02
2.935000e+00 -3.087117e-02
2.940000e+00 -3.259832e-02
2.945000e+00 -3.299511e-02
2.950000e+00 -3.220550e-02
2.955000e+00 -3.024293e-02
2.960000e+00 -2.701888e-02
2.965000e+00 -2.258403e-02
2.970000e+00 -1.718144e-02
2.975000e+00 -1.116065e-02
2.980000e+00 -4.850981e-03
2.985000e+00 1.601679e-03
2.990000e+00 8.184091e-03
2.995000e+00 1.464722e-02
3 2.035431e-02
