T X
0 0
5.000000e-03 4.140402e-11
1.000000e-02 -3.154642e-11
1.500000e-02 -7.984115e-11
2.000000e-02 -7.531619e-11
2.500000e-02 -2.375535e-10
3.000000e-02 6.556561e-10
3.500000e-02 1.663877e-08
4.000000e-02 1.520584e-07
4.500000e-02 9.783163e-07
5.000000e-02 4.985200e-06
5.500000e-02 2.106363e-05
6.000000e-02 7.549382e-05
6.500000e-02 2.320290e-04
7.000000e-02 6.141885e-04
7.500000e-02 1.401321e-03
8.000000e-02 2.753165e-03
8.500000e-02 4.651918e-03
9.000000e-02 6.764023e-03
9.500000e-02 8.522263e-03
1.000000e-01 9.502935e-03
1.050000e-01 9.792300e-03
1.100000e-01 9.849529e-03
1.150000e-01 9.890456e-03
1.200000e-01 9.582984e-03
1.250000e-01 8.579281e-03
1.300000e-01 7.109325e-03
1.350000e-01 5.611439e-03
1.400000e-01 4.014545e-03
1.450000e-01 2.024778e-03
1.500000e-01 -1.248731e-04
1.550000e-01 -2.008644e-03
1.600000e-01 -3.752989e-03
1.650000e-01 -5.578262e-03
1.700000e-01 -7.159769e-03
1.750000e-01 -8.271469e-03
1.800000e-01 -9.188653e-03
1.850000e-01 -9.887001e-03
1.900000e-01 -1.001609e-02
1.950000e-01 -9.706831e-03
2.000000e-01 -9.171922e-03
2.050000e-01 -8.183089e-03
2.100000e-01 -6.795025e-03
2.150000e-01 -5.317680e-03
2.200000e-01 -3.581295e-03
2.250000e-01 -1.532314e-03
2.300000e-01 4.441373e-04
2.350000e-01 2.345313e-03
2.400000e-01 4.260144e-03
2.450000e-01 5.922349e-03
2.500000e-01 7.367537e-03
2.550000e-01 8.643880e-03
2.600000e-01 9.420338e-03
2.650000e-01 9.775630e-03
2.700000e-01 9.910493e-03
2.750000e-01 9.594764e-03
2.800000e-01 8.855586e-03
2.850000e-01 7.821195e-03
2.900000e-01 6.399327e-03
2.950000e-01 4.772325e-03
3.000000e-01 2.996776e-03
3.050000e-01 9.799691e-04
3.100000e-01 -9.803262e-04
3.150000e-01 -2.845053e-03
3.200000e-01 -4.735315e-03
3.250000e-01 -6.374847e-03
3.300000e-01 -7.728249e-03
3.350000e-01 -8.842155e-03
3.400000e-01 -9.545432e-03
3.450000e-01 -9.892544e-03
3.500000e-01 -9.844904e-03
3.550000e-01 -9.354552e-03
3.600000e-01 -8.574618e-03
3.650000e-01 -7.415240e-03
3.700000e-01 -5.930261e-03
3.750000e-01 -4.296443e-03
3.800000e-01 -2.417447e-03
3.850000e-01 -4.217447e-04
3.900000e-01 1.537419e-03
3.950000e-01 3.476374e-03
4.000000e-01 5.234369e-03
4.050000e-01 6.775965e-03
4.100000e-01 8.094829e-03
4.150000e-01 9.057454e-03
4.200000e-01 9.668890e-03
4.250000e-01 9.905739e-03
4.300000e-01 9.750049e-03
4.350000e-01 9.205695e-03
4.400000e-01 8.241100e-03
4.450000e-01 6.992021e-03
4.500000e-01 5.490258e-03
4.550000e-01 3.711385e-03
4.600000e-01 1.829908e-03
4.650000e-01 -1.222986e-04
4.700000e-01 -2.114513e-03
4.750000e-01 -3.982660e-03
4.800000e-01 -5.703217e-03
4.850000e-01 -7.221474e-03
4.900000e-01 -8.428097e-03
4.950000e-01 -9.284253e-03
5.000000e-01 -9.784674e-03
5.050000e-01 -9.910849e-03
5.100000e-01 -9.604078e-03
5.150000e-01 -8.952199e-03
5.200000e-01 -7.953570e-03
5.250000e-01 -6.563195e-03
5.300000e-01 -4.993878e-03
5.350000e-01 -3.210057e-03
5.400000e-01 -1.229007e-03
5.450000e-01 7.114539e-04
5.500000e-01 2.663939e-03
5.550000e-01 4.529448e-03
5.600000e-01 6.165391e-03
5.650000e-01 7.595745e-03
5.700000e-01 8.710519e-03
5.750000e-01 9.465749e-03
5.800000e-01 9.872103e-03
5.850000e-01 9.895247e-03
5.900000e-01 9.488881e-03
5.950000e-01 8.719848e-03
6.000000e-01 7.634277e-03
6.050000e-01 6.175883e-03
6.100000e-01 4.505207e-03
6.150000e-01 2.657947e-03
6.200000e-01 6.692569e-04
6.250000e-01 -1.282658e-03
6.300000e-01 -3.241801e-03
6.350000e-01 -5.053499e-03
6.400000e-01 -6.624061e-03
6.450000e-01 -7.991338e-03
6.500000e-01 -8.991174e-03
6.550000e-01 -9.637490e-03
6.600000e-01 -9.908862e-03
6.650000e-01 -9.764626e-03
6.700000e-01 -9.243448e-03
6.750000e-01 -8.354900e-03
6.800000e-01 -7.157011e-03
6.850000e-01 -5.652184e-03
6.900000e-01 -3.943736e-03
6.950000e-01 -2.078140e-03
7.000000e-01 -1.033538e-04
7.050000e-01 1.847097e-03
7.100000e-01 3.739711e-03
7.150000e-01 5.485422e-03
7.200000e-01 7.013900e-03
7.250000e-01 8.244574e-03
7.300000e-01 9.161389e-03
7.350000e-01 9.737906e-03
7.400000e-01 9.906274e-03
7.450000e-01 9.679650e-03
7.500000e-01 9.061055e-03
7.550000e-01 8.093541e-03
7.600000e-01 6.768427e-03
7.650000e-01 5.196413e-03
7.700000e-01 3.423587e-03
7.750000e-01 1.496119e-03
7.800000e-01 -4.464400e-04
7.850000e-01 -2.419499e-03
7.900000e-01 -4.277027e-03
7.950000e-01 -5.968319e-03
8.000000e-01 -7.440591e-03
8.050000e-01 -8.597032e-03
8.100000e-01 -9.410023e-03
8.150000e-01 -9.834337e-03
8.200000e-01 -9.890824e-03
8.250000e-01 -9.517284e-03
8.300000e-01 -8.804501e-03
8.350000e-01 -7.732299e-03
8.400000e-01 -6.333498e-03
8.450000e-01 -4.715058e-03
8.500000e-01 -2.866902e-03
8.550000e-01 -9.188205e-04
8.600000e-01 1.060614e-03
8.650000e-01 2.990605e-03
8.700000e-01 4.822063e-03
8.750000e-01 6.422097e-03
8.800000e-01 7.784825e-03
8.850000e-01 8.854555e-03
8.900000e-01 9.548361e-03
8.950000e-01 9.903334e-03
9.000000e-01 9.806297e-03
9.050000e-01 9.364069e-03
9.100000e-01 8.525775e-03
9.150000e-01 7.340168e-03
9.200000e-01 5.887303e-03
9.250000e-01 4.168935e-03
9.300000e-01 2.330350e-03
9.350000e-01 3.588828e-04
9.400000e-01 -1.615555e-03
9.450000e-01 -3.524712e-03
9.500000e-01 -5.299365e-03
9.550000e-01 -6.866008e-03
9.600000e-01 -8.154449e-03
9.650000e-01 -9.102071e-03
9.700000e-01 -9.720010e-03
9.750000e-01 -9.912023e-03
9.800000e-01 -9.720882e-03
9.850000e-01 -9.168021e-03
9.900000e-01 -8.216078e-03
9.950000e-01 -6.943660e-03
1 -5.415114e-03
1.005000e+00 -3.641376e-03
1.010000e+00 -1.742227e-03
1.015000e+00 2.266118e-04
1.020000e+00 2.208479e-03
1.025000e+00 4.068079e-03
1.030000e+00 5.787813e-03
1.035000e+00 7.268751e-03
1.040000e+00 8.449810e-03
1.045000e+00 9.317665e-03
1.050000e+00 9.796101e-03
1.055000e+00 9.879032e-03
1.060000e+00 9.608613e-03
1.065000e+00 8.922925e-03
1.070000e+00 7.872349e-03
1.075000e+00 6.534912e-03
1.080000e+00 4.912277e-03
1.085000e+00 3.113039e-03
1.090000e+00 1.173990e-03
1.095000e+00 -8.057265e-04
1.100000e+00 -2.741124e-03
1.105000e+00 -4.565447e-03
1.110000e+00 -6.218419e-03
1.115000e+00 -7.604533e-03
1.120000e+00 -8.654514e-03
1.125000e+00 -9.387662e-03
1.130000e+00 -9.771334e-03
1.135000e+00 -9.913368e-03
1.140000e+00 -9.912286e-03
1.145000e+00 -9.916400e-03
1.150000e+00 -1.001677e-02
1.155000e+00 -1.023093e-02
1.160000e+00 -1.046684e-02
1.165000e+00 -1.047502e-02
1.170000e+00 -1.002611e-02
1.175000e+00 -8.927178e-03
1.180000e+00 -7.206641e-03
1.185000e+00 -5.020705e-03
1.190000e+00 -2.689530e-03
1.195000e+00 -4.951923e-04
1.200000e+00 1.506579e-03
1.205000e+00 3.336240e-03
1.210000e+00 5.139216e-03
1.215000e+00 6.998462e-03
1.220000e+00 8.700074e-03
1.225000e+00 1.001143e-02
1.230000e+00 1.075113e-02
1.235000e+00 1.089252e-02
1.240000e+00 1.062651e-02
1.245000e+00 1.012139e-02
1.250000e+00 9.398082e-03
1.255000e+00 8.305601e-03
1.260000e+00 6.701417e-03
1.265000e+00 4.606317e-03
1.270000e+00 2.339700e-03
1.275000e+00 1.244372e-04
1.280000e+00 -1.880409e-03
1.285000e+00 -3.669393e-03
1.290000e+00 -5.337443e-03
1.295000e+00 -6.657694e-03
1.300000e+00 -7.382042e-03
1.305000e+00 -7.294053e-03
1.310000e+00 -6.372513e-03
1.315000e+00 -4.848734e-03
1.320000e+00 -3.005117e-03
1.325000e+00 -9.651939e-04
1.330000e+00 1.115047e-03
1.335000e+00 3.016919e-03
1.340000e+00 4.495621e-03
1.345000e+00 5.480747e-03
1.350000e+00 6.246251e-03
1.355000e+00 6.979429e-03
1.360000e+00 7.757142e-03
1.365000e+00 8.461754e-03
1.370000e+00 8.815295e-03
1.375000e+00 8.447890e-03
1.380000e+00 7.453905e-03
1.385000e+00 6.398397e-03
1.390000e+00 5.353399e-03
1.395000e+00 3.893058e-03
1.400000e+00 2.161304e-03
1.405000e+00 7.971680e-04
1.410000e+00 -5.474006e-04
1.415000e+00 -2.475599e-03
1.420000e+00 -4.536526e-03
1.425000e+00 -6.045386e-03
1.430000e+00 -7.070446e-03
1.435000e+00 -7.817131e-03
1.440000e+00 -8.257920e-03
1.445000e+00 -8.634324e-03
1.450000e+00 -8.846886e-03
1.455000e+00 -8.459883e-03
1.460000e+00 -7.581694e-03
1.465000e+00 -6.465275e-03
1.470000e+00 -5.043905e-03
1.475000e+00 -3.500549e-03
1.480000e+00 -2.018116e-03
1.485000e+00 -3.445295e-04
1.490000e+00 1.493937e-03
1.495000e+00 3.219023e-03
1.500000e+00 4.837970e-03
1.505000e+00 6.177839e-03
1.510000e+00 7.146355e-03
1.515000e+00 8.040357e-03
1.520000e+00 8.667511e-03
1.525000e+00 8.832078e-03
1.530000e+00 8.702625e-03
1.535000e+00 8.148499e-03
1.540000e+00 7.162234e-03
1.545000e+00 6.113563e-03
1.550000e+00 4.875275e-03
1.555000e+00 3.272263e-03
1.560000e+00 1.561687e-03
1.565000e+00 -2.947618e-04
1.570000e+00 -2.048896e-03
1.575000e+00 -3.529533e-03
1.580000e+00 -5.062176e-03
1.585000e+00 -6.511882e-03
1.590000e+00 -7.620085e-03
1.595000e+00 -8.409909e-03
1.600000e+00 -8.766046e-03
1.605000e+00 -8.707476e-03
1.610000e+00 -8.528960e-03
1.615000e+00 -8.078397e-03
1.620000e+00 -7.156708e-03
1.625000e+00 -5.861447e-03
1.630000e+00 -4.291423e-03
1.635000e+00 -2.758441e-03
1.640000e+00 -1.197912e-03
1.645000e+00 6.351795e-04
1.650000e+00 2.480927e-03
1.655000e+00 4.167009e-03
1.660000e+00 5.573819e-03
1.665000e+00 6.700222e-03
1.670000e+00 7.859540e-03
1.675000e+00 8.705905e-03
1.680000e+00 8.863690e-03
1.685000e+00 8.801616e-03
1.690000e+00 8.558424e-03
1.695000e+00 7.930352e-03
1.700000e+00 6.868957e-03
1.705000e+00 5.459931e-03
1.710000e+00 4.045951e-03
1.715000e+00 2.464555e-03
1.720000e+00 6.200295e-04
1.725000e+00 -1.222198e-03
1.730000e+00 -2.930727e-03
1.735000e+00 -4.520398e-03
1.740000e+00 -6.006015e-03
1.745000e+00 -7.252778e-03
1.750000e+00 -8.150009e-03
1.755000e+00 -8.820103e-03
1.760000e+00 -9.075933e-03
1.765000e+00 -8.844940e-03
1.770000e+00 -8.477647e-03
1.775000e+00 -7.732566e-03
1.780000e+00 -6.584472e-03
1.785000e+00 -5.238246e-03
1.790000e+00 -3.639845e-03
1.795000e+00 -1.949041e-03
1.800000e+00 -1.225116e-04
1.805000e+00 1.740229e-03
1.810000e+00 3.423121e-03
1.815000e+00 5.069621e-03
1.820000e+00 6.454418e-03
1.825000e+00 7.535387e-03
1.830000e+00 8.520986e-03
1.835000e+00 9.025128e-03
1.840000e+00 9.101096e-03
1.845000e+00 8.940386e-03
1.850000e+00 8.422085e-03
1.855000e+00 7.505833e-03
1.860000e+00 6.175776e-03
1.865000e+00 4.813538e-03
1.870000e+00 3.273932e-03
1.875000e+00 1.426738e-03
1.880000e+00 -3.306300e-04
1.885000e+00 -2.168132e-03
1.890000e+00 -3.905187e-03
1.895000e+00 -5.412955e-03
1.900000e+00 -6.813643e-03
1.905000e+00 -7.890586e-03
1.910000e+00 -8.656680e-03
1.915000e+00 -9.056800e-03
1.920000e+00 -9.143947e-03
1.925000e+00 -8.874800e-03
1.930000e+00 -8.223160e-03
1.935000e+00 -7.320377e-03
1.940000e+00 -6.017380e-03
1.945000e+00 -4.470177e-03
1.950000e+00 -2.832472e-03
1.955000e+00 -1.017144e-03
1.960000e+00 8.577575e-04
1.965000e+00 2.652421e-03
1.970000e+00 4.325517e-03
1.975000e+00 5.900744e-03
1.980000e+00 7.174815e-03
1.985000e+00 8.138817e-03
1.990000e+00 8.911179e-03
1.995000e+00 9.201811e-03
2 9.145847e-03
2.005000e+00 8.781239e-03
2.010000e+00 7.995374e-03
2.015000e+00 6.961063e-03
2.020000e+00 5.624881e-03
2.025000e+00 4.063421e-03
2.030000e+00 2.319938e-03
2.035000e+00 5.117563e-04
2.040000e+00 -1.284599e-03
2.045000e+00 -3.131754e-03
2.050000e+00 -4.783659e-03
2.055000e+00 -6.258341e-03
2.060000e+00 -7.500656e-03
2.065000e+00 -8.386771e-03
2.070000e+00 -9.008445e-03
2.075000e+00 -9.237415e-03
2.080000e+00 -9.096919e-03
2.085000e+00 -8.606399e-03
2.090000e+00 -7.759813e-03
2.095000e+00 -6.623236e-03
2.100000e+00 -5.224941e-03
2.105000e+00 -3.610057e-03
2.110000e+00 -1.821218e-03
2.115000e+00 -3.478305e-05
2.120000e+00 1.809182e-03
2.125000e+00 3.612254e-03
2.130000e+00 5.158475e-03
2.135000e+00 6.573585e-03
2.140000e+00 7.759880e-03
2.145000e+00 8.568006e-03
2.150000e+00 9.068391e-03
2.155000e+00 9.245675e-03
2.160000e+00 8.980231e-03
2.165000e+00 8.419523e-03
2.170000e+00 7.504223e-03
2.175000e+00 6.205283e-03
2.180000e+00 4.788150e-03
2.185000e+00 3.136985e-03
2.190000e+00 1.328794e-03
2.195000e+00 -4.741581e-04
2.200000e+00 -2.289551e-03
2.205000e+00 -4.048358e-03
2.210000e+00 -5.619998e-03
2.215000e+00 -6.919880e-03
2.220000e+00 -7.999770e-03
2.225000e+00 -8.749135e-03
2.230000e+00 -9.121593e-03
2.235000e+00 -9.148784e-03
2.240000e+00 -8.805902e-03
2.245000e+00 -8.116140e-03
2.250000e+00 -7.140906e-03
2.255000e+00 -5.861132e-03
2.260000e+00 -4.307901e-03
2.265000e+00 -2.615307e-03
2.270000e+00 -8.011800e-04
2.275000e+00 1.037031e-03
2.280000e+00 2.820871e-03
2.285000e+00 4.406523e-03
2.290000e+00 5.846171e-03
2.295000e+00 7.143922e-03
2.300000e+00 8.022055e-03
2.305000e+00 8.676106e-03
2.310000e+00 8.997658e-03
2.315000e+00 8.902040e-03
2.320000e+00 8.574364e-03
2.325000e+00 7.820574e-03
2.330000e+00 6.805148e-03
2.335000e+00 5.508649e-03
2.340000e+00 3.967837e-03
2.345000e+00 2.282250e-03
2.350000e+00 3.954646e-04
2.355000e+00 -1.489098e-03
2.360000e+00 -3.467092e-03
2.365000e+00 -5.497985e-03
2.370000e+00 -7.591456e-03
2.375000e+00 -9.820365e-03
2.380000e+00 -1.205880e-02
2.385000e+00 -1.427209e-02
2.390000e+00 -1.623554e-02
2.395000e+00 -1.768696e-02
2.400000e+00 -1.844472e-02
2.405000e+00 -1.825140e-02
2.410000e+00 -1.705959e-02
2.415000e+00 -1.499637e-02
2.420000e+00 -1.225046e-02
2.425000e+00 -9.070557e-03
2.430000e+00 -5.679173e-03
2.435000e+00 -2.308496e-03
2.440000e+00 1.036511e-03
2.445000e+00 4.303618e-03
2.450000e+00 7.550715e-03
2.455000e+00 1.072725e-02
2.460000e+00 1.348922e-02
2.465000e+00 1.587620e-02
2.470000e+00 1.752406e-02
2.475000e+00 1.821678e-02
2.480000e+00 1.821384e-02
2.485000e+00 1.737789e-02
2.490000e+00 1.593505e-02
2.495000e+00 1.413088e-02
2.500000e+00 1.177096e-02
2.505000e+00 8.903022e-03
2.510000e+00 5.672126e-03
2.515000e+00 2.176296e-03
2.520000e+00 -1.166169e-03
2.525000e+00 -3.963608e-03
2.530000e+00 -6.103029e-03
2.535000e+00 -7.500948e-03
2.540000e+00 -8.378497e-03
2.545000e+00 -8.854882e-03
2.550000e+00 -8.850982e-03
2.555000e+00 -8.479131e-03
2.560000e+00 -7.700254e-03
2.565000e+00 -6.624111e-03
2.570000e+00 -5.613802e-03
2.575000e+00 -4.669142e-03
2.580000e+00 -3.687018e-03
2.585000e+00 -2.512719e-03
2.590000e+00 -8.439177e-04
2.595000e+00 1.164199e-03
2.600000e+00 3.266886e-03
2.605000e+00 5.207846e-03
2.610000e+00 6.656925e-03
2.615000e+00 7.649013e-03
2.620000e+00 8.308944e-03
2.625000e+00 8.628461e-03
2.630000e+00 8.697852e-03
2.635000e+00 8.517223e-03
2.640000e+00 8.022832e-03
2.645000e+00 7.201052e-03
2.650000e+00 6.122494e-03
2.655000e+00 4.697997e-03
2.660000e+00 2.877319e-03
2.665000e+00 9.641470e-04
2.670000e+00 -9.750118e-04
2.675000e+00 -2.651223e-03
2.680000e+00 -4.044843e-03
2.685000e+00 -5.386905e-03
2.690000e+00 -6.626309e-03
2.695000e+00 -7.862965e-03
2.700000e+00 -8.857857e-03
2.705000e+00 -9.215856e-03
2.710000e+00 -9.015157e-03
2.715000e+00 -8.380900e-03
2.720000e+00 -7.526930e-03
2.725000e+00 -6.710813e-03
2.730000e+00 -5.719293e-03
2.735000e+00 -4.374470e-03
2.740000e+00 -2.649540e-03
2.745000e+00 -6.609505e-04
2.750000e+00 1.315832e-03
2.755000e+00 3.047417e-03
2.760000e+00 4.579581e-03
2.765000e+00 5.934036e-03
2.770000e+00 7.118722e-03
2.775000e+00 8.180618e-03
2.780000e+00 8.890756e-03
2.785000e+00 9.222118e-03
2.790000e+00 9.127176e-03
2.795000e+00 8.639272e-03
2.800000e+00 7.798583e-03
2.805000e+00 6.602662e-03
2.810000e+00 5.227576e-03
2.815000e+00 3.755112e-03
2.820000e+00 2.151857e-03
2.825000e+00 2.747910e-04
2.830000e+00 -1.769309e-03
2.835000e+00 -3.639913e-03
2.840000e+00 -5.196780e-03
2.845000e+00 -6.461289e-03
2.850000e+00 -7.562769e-03
2.855000e+00 -8.631648e-03
2.860000e+00 -9.285258e-03
2.865000e+00 -9.381430e-03
2.870000e+00 -9.051712e-03
2.875000e+00 -8.368464e-03
2.880000e+00 -7.597366e-03
2.885000e+00 -6.513101e-03
2.890000e+00 -5.008734e-03
2.895000e+00 -3.248880e-03
2.900000e+00 -1.263949e-03
2.905000e+00 5.886636e-04
2.910000e+00 2.198751e-03
2.915000e+00 3.869484e-03
2.920000e+00 5.667987e-03
2.925000e+00 7.269320e-03
2.930000e+00 8.282848e-03
2.935000e+00 8.765208e-03
2.940000e+00 9.156560e-03
2.945000e+00 9.530571e-03
2.950000e+00 9.239723e-03
2.955000e+00 8.314572e-03
2.960000e+00 7.291011e-03
2.965000e+00 6.069307e-03
2.970000e+00 4.453999e-03
2.975000e+00 2.629822e-03
2.980000e+00 8.930291e-04
2.985000e+00 -9.231679e-04
2.990000e+00 -2.928370e-03
2.995000e+00 -4.775173e-03
3 -6.291763e-03
