T X
0 0
5.000000e-03 0
1.000000e-02 0
1.500000e-02 0
2.000000e-02 0
2.500000e-02 0
3.000000e-02 0
3.500000e-02 0
4.000000e-02 0
4.500000e-02 0
5.000000e-02 0
5.500000e-02 0
6.000000e-02 0
6.500000e-02 0
7.000000e-02 0
7.500000e-02 0
8.000000e-02 0
8.500000e-02 0
9.000000e-02 0
9.500000e-02 0
1.000000e-01 0
1.050000e-01 2.290497e-03
1.100000e-01 6.921906e-03
1.150000e-01 1.084869e-02
1.200000e-01 1.417850e-02
1.250000e-01 1.709774e-02
1.300000e-01 1.968021e-02
1.350000e-01 2.205281e-02
1.400000e-01 2.409177e-02
1.450000e-01 2.602920e-02
1.500000e-01 2.784302e-02
1.550000e-01 2.977434e-02
1.600000e-01 3.168956e-02
1.650000e-01 3.351666e-02
1.700000e-01 3.509797e-02
1.750000e-01 3.642434e-02
1.800000e-01 3.760551e-02
1.850000e-01 3.875032e-02
1.900000e-01 3.992316e-02
1.950000e-01 4.111447e-02
2.000000e-01 4.238651e-02
2.050000e-01 4.379078e-02
2.100000e-01 4.535850e-02
2.150000e-01 4.698655e-02
2.200000e-01 4.861971e-02
2.250000e-01 5.010767e-02
2.300000e-01 5.145069e-02
2.350000e-01 5.273530e-02
2.400000e-01 5.386724e-02
2.450000e-01 5.484703e-02
2.500000e-01 5.569873e-02
2.550000e-01 5.654033e-02
2.600000e-01 5.747670e-02
2.650000e-01 5.844566e-02
2.700000e-01 5.937381e-02
2.750000e-01 6.010421e-02
2.800000e-01 6.054617e-02
2.850000e-01 6.086849e-02
2.900000e-01 6.106387e-02
2.950000e-01 6.108784e-02
3.000000e-01 6.097467e-02
3.050000e-01 6.067485e-02
3.100000e-01 6.021401e-02
3.150000e-01 5.958018e-02
3.200000e-01 5.876433e-02
3.250000e-01 5.783146e-02
3.300000e-01 5.695265e-02
3.350000e-01 5.628159e-02
3.400000e-01 5.583667e-02
3.450000e-01 5.555777e-02
3.500000e-01 5.544005e-02
3.550000e-01 5.552528e-02
3.600000e-01 5.590335e-02
3.650000e-01 5.666794e-02
3.700000e-01 5.757882e-02
3.750000e-01 5.828190e-02
3.800000e-01 5.862651e-02
3.850000e-01 5.875553e-02
3.900000e-01 5.902857e-02
3.950000e-01 5.954029e-02
4.000000e-01 5.993307e-02
4.050000e-01 5.983919e-02
4.100000e-01 5.938413e-02
4.150000e-01 5.913634e-02
4.200000e-01 5.935327e-02
4.250000e-01 5.969914e-02
4.300000e-01 5.989972e-02
4.350000e-01 6.006382e-02
4.400000e-01 6.054408e-02
4.450000e-01 6.129901e-02
4.500000e-01 6.183154e-02
4.550000e-01 6.206105e-02
4.600000e-01 6.237961e-02
4.650000e-01 6.298734e-02
4.700000e-01 6.351624e-02
4.750000e-01 6.378073e-02
4.800000e-01 6.400576e-02
4.850000e-01 6.423273e-02
4.900000e-01 6.421624e-02
4.950000e-01 6.386080e-02
5.000000e-01 6.347259e-02
5.050000e-01 6.311380e-02
5.100000e-01 6.276416e-02
5.150000e-01 6.252098e-02
5.200000e-01 6.244627e-02
5.250000e-01 6.240429e-02
5.300000e-01 6.220393e-02
5.350000e-01 6.205494e-02
5.400000e-01 6.203863e-02
5.450000e-01 6.192280e-02
5.500000e-01 6.167348e-02
5.550000e-01 6.153169e-02
5.600000e-01 6.153278e-02
5.650000e-01 6.165548e-02
5.700000e-01 6.200345e-02
5.750000e-01 6.239339e-02
5.800000e-01 6.252342e-02
5.850000e-01 6.247850e-02
5.900000e-01 6.242528e-02
5.950000e-01 6.218563e-02
6.000000e-01 6.173509e-02
6.050000e-01 6.137388e-02
6.100000e-01 6.117107e-02
6.150000e-01 6.099756e-02
6.200000e-01 6.094374e-02
6.250000e-01 6.096214e-02
6.300000e-01 6.084865e-02
6.350000e-01 6.067132e-02
6.400000e-01 6.048688e-02
6.450000e-01 6.016380e-02
6.500000e-01 5.982775e-02
6.550000e-01 5.974081e-02
6.600000e-01 5.976422e-02
6.650000e-01 5.985047e-02
6.700000e-01 6.019387e-02
6.750000e-01 6.057922e-02
6.800000e-01 6.079065e-02
6.850000e-01 6.094804e-02
6.900000e-01 6.097754e-02
6.950000e-01 6.080373e-02
7.000000e-01 6.064860e-02
7.050000e-01 6.057505e-02
7.100000e-01 6.047129e-02
7.150000e-01 6.041926e-02
7.200000e-01 6.043531e-02
7.250000e-01 6.044022e-02
7.300000e-01 6.057054e-02
7.350000e-01 6.069529e-02
7.400000e-01 6.057881e-02
7.450000e-01 6.044195e-02
7.500000e-01 6.034825e-02
7.550000e-01 6.021723e-02
7.600000e-01 6.023767e-02
7.650000e-01 6.044490e-02
7.700000e-01 6.064659e-02
7.750000e-01 6.086987e-02
7.800000e-01 6.114292e-02
7.850000e-01 6.132433e-02
7.900000e-01 6.148289e-02
7.950000e-01 6.159516e-02
8.000000e-01 6.157048e-02
8.050000e-01 6.157235e-02
8.100000e-01 6.154922e-02
8.150000e-01 6.145547e-02
8.200000e-01 6.155843e-02
8.250000e-01 6.165753e-02
8.300000e-01 6.167493e-02
8.350000e-01 6.180802e-02
8.400000e-01 6.178588e-02
8.450000e-01 6.170544e-02
8.500000e-01 6.175343e-02
8.550000e-01 6.167136e-02
8.600000e-01 6.151767e-02
8.650000e-01 6.155081e-02
8.700000e-01 6.161776e-02
8.750000e-01 6.165065e-02
8.800000e-01 6.174725e-02
8.850000e-01 6.182971e-02
8.900000e-01 6.187505e-02
8.950000e-01 6.190477e-02
9.000000e-01 6.190891e-02
9.050000e-01 6.186995e-02
9.100000e-01 6.175549e-02
9.150000e-01 6.163465e-02
9.200000e-01 6.161540e-02
9.250000e-01 6.160581e-02
9.300000e-01 6.159325e-02
9.350000e-01 6.159105e-02
9.400000e-01 6.148609e-02
9.450000e-01 6.141513e-02
9.500000e-01 6.140239e-02
9.550000e-01 6.130358e-02
9.600000e-01 6.124500e-02
9.650000e-01 6.119343e-02
9.700000e-01 6.112401e-02
9.750000e-01 6.110467e-02
9.800000e-01 6.108486e-02
9.850000e-01 6.110884e-02
9.900000e-01 6.112360e-02
9.950000e-01 6.105443e-02
1 6.099525e-02
1.005000e+00 6.093534e-02
1.010000e+00 6.083258e-02
1.015000e+00 6.079783e-02
1.020000e+00 6.080797e-02
1.025000e+00 6.082119e-02
1.030000e+00 6.080865e-02
1.035000e+00 6.077233e-02
1.040000e+00 6.077817e-02
1.045000e+00 6.075324e-02
1.050000e+00 6.068192e-02
1.055000e+00 6.066990e-02
1.060000e+00 6.067629e-02
1.065000e+00 6.072389e-02
1.070000e+00 6.077760e-02
1.075000e+00 6.078434e-02
1.080000e+00 6.088564e-02
1.085000e+00 6.095166e-02
1.090000e+00 6.097974e-02
1.095000e+00 6.100261e-02
1.100000e+00 6.094778e-02
1.105000e+00 6.088521e-02
1.110000e+00 6.084920e-02
1.115000e+00 6.086389e-02
1.120000e+00 6.093230e-02
1.125000e+00 6.097971e-02
1.130000e+00 6.103868e-02
1.135000e+00 6.114450e-02
1.140000e+00 6.114625e-02
1.145000e+00 6.115905e-02
1.150000e+00 6.114189e-02
1.155000e+00 6.110600e-02
1.160000e+00 6.114283e-02
1.165000e+00 6.115640e-02
1.170000e+00 6.126123e-02
1.175000e+00 6.133635e-02
1.180000e+00 6.141728e-02
1.185000e+00 6.155276e-02
1.190000e+00 6.163998e-02
1.195000e+00 6.168354e-02
1.200000e+00 6.164778e-02
1.205000e+00 6.158744e-02
1.210000e+00 6.151651e-02
1.215000e+00 6.142162e-02
1.220000e+00 6.144091e-02
1.225000e+00 6.151071e-02
1.230000e+00 6.145616e-02
1.235000e+00 6.156061e-02
1.240000e+00 6.155716e-02
1.245000e+00 6.149290e-02
1.250000e+00 6.162825e-02
1.255000e+00 6.148994e-02
1.260000e+00 6.136961e-02
1.265000e+00 6.138043e-02
1.270000e+00 6.132173e-02
1.275000e+00 6.129719e-02
1.280000e+00 6.138317e-02
1.285000e+00 6.150050e-02
1.290000e+00 6.150444e-02
1.295000e+00 6.153598e-02
1.300000e+00 6.154991e-02
1.305000e+00 6.151796e-02
1.310000e+00 6.147196e-02
1.315000e+00 6.131331e-02
1.320000e+00 6.122003e-02
1.325000e+00 6.123037e-02
1.330000e+00 6.113795e-02
1.335000e+00 6.105081e-02
1.340000e+00 6.112090e-02
1.345000e+00 6.121915e-02
1.350000e+00 6.110746e-02
1.355000e+00 6.102531e-02
1.360000e+00 6.112648e-02
1.365000e+00 6.102679e-02
1.370000e+00 6.082806e-02
1.375000e+00 6.081596e-02
1.380000e+00 6.083434e-02
1.385000e+00 6.087472e-02
1.390000e+00 6.095576e-02
1.395000e+00 6.094202e-02
1.400000e+00 6.096937e-02
1.405000e+00 6.105334e-02
1.410000e+00 6.112234e-02
1.415000e+00 6.116195e-02
1.420000e+00 6.107269e-02
1.425000e+00 6.094942e-02
1.430000e+00 6.087214e-02
1.435000e+00 6.075017e-02
1.440000e+00 6.067378e-02
1.445000e+00 6.072115e-02
1.450000e+00 6.091344e-02
1.455000e+00 6.124459e-02
1.460000e+00 6.139836e-02
1.465000e+00 6.142385e-02
1.470000e+00 6.149640e-02
1.475000e+00 6.146561e-02
1.480000e+00 6.133092e-02
1.485000e+00 6.106055e-02
1.490000e+00 6.086950e-02
1.495000e+00 6.080712e-02
1.500000e+00 6.059534e-02
1.505000e+00 6.020466e-02
1.510000e+00 5.950174e-02
1.515000e+00 5.859101e-02
1.520000e+00 5.765762e-02
1.525000e+00 5.668068e-02
1.530000e+00 5.569042e-02
1.535000e+00 5.464740e-02
1.540000e+00 5.340227e-02
1.545000e+00 5.182187e-02
1.550000e+00 5.015359e-02
1.555000e+00 4.873772e-02
1.560000e+00 4.749584e-02
1.565000e+00 4.633326e-02
1.570000e+00 4.528831e-02
1.575000e+00 4.423756e-02
1.580000e+00 4.318987e-02
1.585000e+00 4.219076e-02
1.590000e+00 4.120024e-02
1.595000e+00 4.015495e-02
1.600000e+00 3.915897e-02
1.605000e+00 3.835784e-02
1.610000e+00 3.756026e-02
1.615000e+00 3.683269e-02
1.620000e+00 3.616660e-02
1.625000e+00 3.549700e-02
1.630000e+00 3.485249e-02
1.635000e+00 3.403971e-02
1.640000e+00 3.312759e-02
1.645000e+00 3.199105e-02
1.650000e+00 3.063551e-02
1.655000e+00 2.928206e-02
1.660000e+00 2.780948e-02
1.665000e+00 2.627276e-02
1.670000e+00 2.480502e-02
1.675000e+00 2.345155e-02
1.680000e+00 2.211700e-02
1.685000e+00 2.070549e-02
1.690000e+00 1.948261e-02
1.695000e+00 1.879105e-02
1.700000e+00 1.840572e-02
1.705000e+00 1.808375e-02
1.710000e+00 1.822396e-02
1.715000e+00 1.883702e-02
1.720000e+00 1.957481e-02
1.725000e+00 2.064677e-02
1.730000e+00 2.218443e-02
1.735000e+00 2.388030e-02
1.740000e+00 2.562228e-02
1.745000e+00 2.751836e-02
1.750000e+00 2.938738e-02
1.755000e+00 3.079741e-02
1.760000e+00 3.172119e-02
1.765000e+00 3.240916e-02
1.770000e+00 3.322134e-02
1.775000e+00 3.451102e-02
1.780000e+00 3.606978e-02
1.785000e+00 3.730995e-02
1.790000e+00 3.799307e-02
1.795000e+00 3.827425e-02
1.800000e+00 3.849409e-02
1.805000e+00 3.913957e-02
1.810000e+00 4.018769e-02
1.815000e+00 4.126307e-02
1.820000e+00 4.233838e-02
1.825000e+00 4.387363e-02
1.830000e+00 4.571625e-02
1.835000e+00 4.727635e-02
1.840000e+00 4.876305e-02
1.845000e+00 5.011545e-02
1.850000e+00 5.116549e-02
1.855000e+00 5.222710e-02
1.860000e+00 5.336794e-02
1.865000e+00 5.464783e-02
1.870000e+00 5.649995e-02
1.875000e+00 5.860119e-02
1.880000e+00 6.005484e-02
1.885000e+00 6.129247e-02
1.890000e+00 6.272659e-02
1.895000e+00 6.374145e-02
1.900000e+00 6.421993e-02
1.905000e+00 6.422863e-02
1.910000e+00 6.365395e-02
1.915000e+00 6.274175e-02
1.920000e+00 6.172233e-02
1.925000e+00 6.069910e-02
1.930000e+00 5.993851e-02
1.935000e+00 5.949077e-02
1.940000e+00 5.897649e-02
1.945000e+00 5.834853e-02
1.950000e+00 5.794864e-02
1.955000e+00 5.776729e-02
1.960000e+00 5.781398e-02
1.965000e+00 5.795834e-02
1.970000e+00 5.788112e-02
1.975000e+00 5.785145e-02
1.980000e+00 5.802080e-02
1.985000e+00 5.829318e-02
1.990000e+00 5.872457e-02
1.995000e+00 5.921550e-02
2 5.970689e-02
2.005000e+00 6.027700e-02
2.010000e+00 6.085788e-02
2.015000e+00 6.126848e-02
2.020000e+00 6.135476e-02
2.025000e+00 6.128761e-02
2.030000e+00 6.169813e-02
2.035000e+00 6.255304e-02
2.040000e+00 6.303379e-02
2.045000e+00 6.280518e-02
2.050000e+00 6.232976e-02
2.055000e+00 6.233369e-02
2.060000e+00 6.297567e-02
2.065000e+00 6.374642e-02
2.070000e+00 6.434636e-02
2.075000e+00 6.472140e-02
2.080000e+00 6.491848e-02
2.085000e+00 6.541209e-02
2.090000e+00 6.603795e-02
2.095000e+00 6.605932e-02
2.100000e+00 6.543017e-02
2.105000e+00 6.450427e-02
2.110000e+00 6.375462e-02
2.115000e+00 6.345520e-02
2.120000e+00 6.335230e-02
2.125000e+00 6.311997e-02
2.130000e+00 6.277005e-02
2.135000e+00 6.230142e-02
2.140000e+00 6.181611e-02
2.145000e+00 6.166174e-02
2.150000e+00 6.162068e-02
2.155000e+00 6.135211e-02
2.160000e+00 6.081150e-02
2.165000e+00 6.004433e-02
2.170000e+00 5.909287e-02
2.175000e+00 5.799135e-02
2.180000e+00 5.708680e-02
2.185000e+00 5.649192e-02
2.190000e+00 5.594109e-02
2.195000e+00 5.547173e-02
2.200000e+00 5.516793e-02
2.205000e+00 5.505249e-02
2.210000e+00 5.516111e-02
2.215000e+00 5.546254e-02
2.220000e+00 5.613481e-02
2.225000e+00 5.688721e-02
2.230000e+00 5.743775e-02
2.235000e+00 5.791256e-02
2.240000e+00 5.841997e-02
2.245000e+00 5.907291e-02
2.250000e+00 5.962819e-02
2.255000e+00 6.001791e-02
2.260000e+00 6.031883e-02
2.265000e+00 6.068237e-02
2.270000e+00 6.123801e-02
2.275000e+00 6.178778e-02
2.280000e+00 6.224313e-02
2.285000e+00 6.280898e-02
2.290000e+00 6.362557e-02
2.295000e+00 6.436773e-02
2.300000e+00 6.489705e-02
2.305000e+00 6.550178e-02
2.310000e+00 6.618720e-02
2.315000e+00 6.676944e-02
2.320000e+00 6.735698e-02
2.325000e+00 6.790464e-02
2.330000e+00 6.811750e-02
2.335000e+00 6.795958e-02
2.340000e+00 6.761816e-02
2.345000e+00 6.722251e-02
2.350000e+00 6.664125e-02
2.355000e+00 6.582785e-02
2.360000e+00 6.499001e-02
2.365000e+00 6.421434e-02
2.370000e+00 6.348009e-02
2.375000e+00 6.273254e-02
2.380000e+00 6.189287e-02
2.385000e+00 6.120351e-02
2.390000e+00 6.069870e-02
2.395000e+00 6.031452e-02
2.400000e+00 6.029994e-02
2.405000e+00 6.026792e-02
2.410000e+00 5.983487e-02
2.415000e+00 5.907894e-02
2.420000e+00 5.823500e-02
2.425000e+00 5.753229e-02
2.430000e+00 5.691604e-02
2.435000e+00 5.650469e-02
2.440000e+00 5.617197e-02
2.445000e+00 5.571579e-02
2.450000e+00 5.525428e-02
2.455000e+00 5.482918e-02
2.460000e+00 5.465367e-02
2.465000e+00 5.495756e-02
2.470000e+00 5.552102e-02
2.475000e+00 5.612391e-02
2.480000e+00 5.685037e-02
2.485000e+00 5.761124e-02
2.490000e+00 5.813044e-02
2.495000e+00 5.854533e-02
2.500000e+00 5.908832e-02
2.505000e+00 5.956848e-02
2.510000e+00 6.010461e-02
2.515000e+00 6.078968e-02
2.520000e+00 6.124128e-02
2.525000e+00 6.160712e-02
2.530000e+00 6.200388e-02
2.535000e+00 6.215749e-02
2.540000e+00 6.240588e-02
2.545000e+00 6.288520e-02
2.550000e+00 6.347334e-02
2.555000e+00 6.418916e-02
2.560000e+00 6.482026e-02
2.565000e+00 6.533524e-02
2.570000e+00 6.574849e-02
2.575000e+00 6.608889e-02
2.580000e+00 6.625327e-02
2.585000e+00 6.624573e-02
2.590000e+00 6.619699e-02
2.595000e+00 6.608546e-02
2.600000e+00 6.598426e-02
2.605000e+00 6.573165e-02
2.610000e+00 6.533137e-02
2.615000e+00 6.494054e-02
2.620000e+00 6.438053e-02
2.625000e+00 6.378799e-02
2.630000e+00 6.352737e-02
2.635000e+00 6.334825e-02
2.640000e+00 6.293110e-02
2.645000e+00 6.254308e-02
2.650000e+00 6.228507e-02
2.655000e+00 6.189562e-02
2.660000e+00 6.129769e-02
2.665000e+00 6.074347e-02
2.670000e+00 6.028392e-02
2.675000e+00 5.985755e-02
2.680000e+00 5.961251e-02
2.685000e+00 5.938776e-02
2.690000e+00 5.907341e-02
2.695000e+00 5.859669e-02
2.700000e+00 5.799703e-02
2.705000e+00 5.751144e-02
2.710000e+00 5.723106e-02
2.715000e+00 5.721717e-02
2.720000e+00 5.726757e-02
2.725000e+00 5.733078e-02
2.730000e+00 5.738656e-02
2.735000e+00 5.738639e-02
2.740000e+00 5.749840e-02
2.745000e+00 5.762942e-02
2.750000e+00 5.777879e-02
2.755000e+00 5.812584e-02
2.760000e+00 5.848075e-02
2.765000e+00 5.869319e-02
2.770000e+00 5.895728e-02
2.775000e+00 5.917585e-02
2.780000e+00 5.929474e-02
2.785000e+00 5.957097e-02
2.790000e+00 5.994475e-02
2.795000e+00 6.032907e-02
2.800000e+00 6.082494e-02
2.805000e+00 6.127204e-02
2.810000e+00 6.154041e-02
2.815000e+00 6.183892e-02
2.820000e+00 6.218284e-02
2.825000e+00 6.250436e-02
2.830000e+00 6.286956e-02
2.835000e+00 6.324027e-02
2.840000e+00 6.368477e-02
2.845000e+00 6.412370e-02
2.850000e+00 6.433029e-02
2.855000e+00 6.451307e-02
2.860000e+00 6.461236e-02
2.865000e+00 6.446535e-02
2.870000e+00 6.437399e-02
2.875000e+00 6.439756e-02
2.880000e+00 6.439406e-02
2.885000e+00 6.423911e-02
2.890000e+00 6.407838e-02
2.895000e+00 6.392320e-02
2.900000e+00 6.368983e-02
2.905000e+00 6.351900e-02
2.910000e+00 6.332440e-02
2.915000e+00 6.310853e-02
2.920000e+00 6.295292e-02
2.925000e+00 6.282950e-02
2.930000e+00 6.260168e-02
2.935000e+00 6.243534e-02
2.940000e+00 6.235502e-02
2.945000e+00 6.207222e-02
2.950000e+00 6.168644e-02
2.955000e+00 6.128782e-02
2.960000e+00 6.097758e-02
2.965000e+00 6.072229e-02
2.970000e+00 6.036446e-02
2.975000e+00 5.992653e-02
2.980000e+00 5.949169e-02
2.985000e+00 5.919533e-02
2.990000e+00 5.892353e-02
2.995000e+00 5.852876e-02
3 5.835888e-02
3.005000e+00 5.853864e-02
3.010000e+00 5.863221e-02
3.015000e+00 5.845210e-02
3.020000e+00 5.803765e-02
3.025000e+00 5.766390e-02
3.030000e+00 5.757188e-02
3.035000e+00 5.762908e-02
3.040000e+00 5.796528e-02
3.045000e+00 5.874314e-02
3.050000e+00 5.968571e-02
3.055000e+00 6.042256e-02
3.060000e+00 6.089539e-02
3.065000e+00 6.109907e-02
3.070000e+00 6.095160e-02
3.075000e+00 6.057595e-02
3.080000e+00 6.019481e-02
3.085000e+00 5.991210e-02
3.090000e+00 5.955237e-02
3.095000e+00 5.900575e-02
3.100000e+00 5.850935e-02
3.105000e+00 5.818967e-02
3.110000e+00 5.779962e-02
3.115000e+00 5.737648e-02
3.120000e+00 5.709239e-02
3.125000e+00 5.675275e-02
3.130000e+00 5.622684e-02
3.135000e+00 5.545675e-02
3.140000e+00 5.447299e-02
3.145000e+00 5.338717e-02
3.150000e+00 5.234877e-02
3.155000e+00 5.141836e-02
3.160000e+00 5.050336e-02
3.165000e+00 4.936964e-02
3.170000e+00 4.800423e-02
3.175000e+00 4.667334e-02
3.180000e+00 4.521993e-02
3.185000e+00 4.382975e-02
3.190000e+00 4.270345e-02
3.195000e+00 4.160692e-02
3.200000e+00 4.054239e-02
3.205000e+00 3.942252e-02
3.210000e+00 3.836991e-02
3.215000e+00 3.743353e-02
3.220000e+00 3.655354e-02
3.225000e+00 3.601428e-02
3.230000e+00 3.567100e-02
3.235000e+00 3.497250e-02
3.240000e+00 3.365733e-02
3.245000e+00 3.182998e-02
3.250000e+00 2.967522e-02
3.255000e+00 2.729230e-02
3.260000e+00 2.482366e-02
3.265000e+00 2.269330e-02
3.270000e+00 2.143984e-02
3.275000e+00 2.079466e-02
3.280000e+00 2.014943e-02
3.285000e+00 1.974075e-02
3.290000e+00 1.949793e-02
3.295000e+00 1.893893e-02
3.300000e+00 1.832472e-02
3.305000e+00 1.804958e-02
3.310000e+00 1.818494e-02
3.315000e+00 1.856147e-02
3.320000e+00 1.909680e-02
3.325000e+00 1.985792e-02
3.330000e+00 2.083584e-02
3.335000e+00 2.226172e-02
3.340000e+00 2.410185e-02
3.345000e+00 2.600272e-02
3.350000e+00 2.785474e-02
3.355000e+00 2.951487e-02
3.360000e+00 3.110765e-02
3.365000e+00 3.265637e-02
3.370000e+00 3.396379e-02
3.375000e+00 3.521505e-02
3.380000e+00 3.653623e-02
3.385000e+00 3.777507e-02
3.390000e+00 3.864099e-02
3.395000e+00 3.926411e-02
3.400000e+00 3.983870e-02
3.405000e+00 4.040328e-02
3.410000e+00 4.111905e-02
3.415000e+00 4.194983e-02
3.420000e+00 4.284241e-02
3.425000e+00 4.359663e-02
3.430000e+00 4.421343e-02
3.435000e+00 4.509732e-02
3.440000e+00 4.645145e-02
3.445000e+00 4.839088e-02
3.450000e+00 5.092470e-02
3.455000e+00 5.360434e-02
3.460000e+00 5.576325e-02
3.465000e+00 5.715361e-02
3.470000e+00 5.832294e-02
3.475000e+00 5.962810e-02
3.480000e+00 6.084477e-02
3.485000e+00 6.181813e-02
3.490000e+00 6.247711e-02
3.495000e+00 6.298906e-02
3.500000e+00 6.343330e-02
3.505000e+00 6.373971e-02
3.510000e+00 6.400644e-02
3.515000e+00 6.407867e-02
3.520000e+00 6.364844e-02
3.525000e+00 6.295150e-02
3.530000e+00 6.234455e-02
3.535000e+00 6.200927e-02
3.540000e+00 6.210638e-02
3.545000e+00 6.214829e-02
3.550000e+00 6.179727e-02
3.555000e+00 6.141929e-02
3.560000e+00 6.125566e-02
3.565000e+00 6.128309e-02
3.570000e+00 6.126690e-02
3.575000e+00 6.116973e-02
3.580000e+00 6.122914e-02
3.585000e+00 6.142313e-02
3.590000e+00 6.153876e-02
3.595000e+00 6.155696e-02
3.600000e+00 6.161171e-02
3.605000e+00 6.168863e-02
3.610000e+00 6.167097e-02
3.615000e+00 6.149803e-02
3.620000e+00 6.115748e-02
3.625000e+00 6.071541e-02
3.630000e+00 6.027265e-02
3.635000e+00 5.989061e-02
3.640000e+00 5.951881e-02
3.645000e+00 5.924780e-02
3.650000e+00 5.937392e-02
3.655000e+00 5.971570e-02
3.660000e+00 5.975814e-02
3.665000e+00 5.949946e-02
3.670000e+00 5.917081e-02
3.675000e+00 5.874477e-02
3.680000e+00 5.835084e-02
3.685000e+00 5.803037e-02
3.690000e+00 5.791513e-02
3.695000e+00 5.829172e-02
3.700000e+00 5.890017e-02
3.705000e+00 5.946967e-02
3.710000e+00 5.997357e-02
3.715000e+00 6.044216e-02
3.720000e+00 6.061159e-02
3.725000e+00 6.047823e-02
3.730000e+00 6.054917e-02
3.735000e+00 6.081666e-02
3.740000e+00 6.117706e-02
3.745000e+00 6.159020e-02
3.750000e+00 6.193091e-02
3.755000e+00 6.233512e-02
3.760000e+00 6.275456e-02
3.765000e+00 6.303635e-02
3.770000e+00 6.326141e-02
3.775000e+00 6.344236e-02
3.780000e+00 6.369450e-02
3.785000e+00 6.418051e-02
3.790000e+00 6.473317e-02
3.795000e+00 6.497292e-02
3.800000e+00 6.463967e-02
3.805000e+00 6.400255e-02
3.810000e+00 6.340634e-02
3.815000e+00 6.267991e-02
3.820000e+00 6.192057e-02
3.825000e+00 6.152871e-02
3.830000e+00 6.137273e-02
3.835000e+00 6.112848e-02
3.840000e+00 6.085368e-02
3.845000e+00 6.087834e-02
3.850000e+00 6.117926e-02
3.855000e+00 6.133587e-02
3.860000e+00 6.111977e-02
3.865000e+00 6.078173e-02
3.870000e+00 6.060628e-02
3.875000e+00 6.049048e-02
3.880000e+00 6.045706e-02
3.885000e+00 6.060131e-02
3.890000e+00 6.074704e-02
3.895000e+00 6.080673e-02
3.900000e+00 6.078287e-02
3.905000e+00 6.072523e-02
3.910000e+00 6.084842e-02
3.915000e+00 6.103911e-02
3.920000e+00 6.080018e-02
3.925000e+00 6.029197e-02
3.930000e+00 6.013265e-02
3.935000e+00 6.022230e-02
3.940000e+00 6.029357e-02
3.945000e+00 6.026195e-02
3.950000e+00 6.010865e-02
3.955000e+00 6.014355e-02
3.960000e+00 6.056159e-02
3.965000e+00 6.116587e-02
3.970000e+00 6.172227e-02
3.975000e+00 6.223938e-02
3.980000e+00 6.263476e-02
3.985000e+00 6.298843e-02
3.990000e+00 6.320259e-02
3.995000e+00 6.295491e-02
4 6.258482e-02
4.005000e+00 6.237319e-02
4.010000e+00 6.222295e-02
4.015000e+00 6.193936e-02
4.020000e+00 6.157328e-02
4.025000e+00 6.128298e-02
4.030000e+00 6.095788e-02
4.035000e+00 6.073648e-02
4.040000e+00 6.061302e-02
4.045000e+00 6.034761e-02
4.050000e+00 5.994009e-02
4.055000e+00 5.922566e-02
4.060000e+00 5.839695e-02
4.065000e+00 5.809832e-02
4.070000e+00 5.821961e-02
4.075000e+00 5.835921e-02
4.080000e+00 5.842945e-02
4.085000e+00 5.849536e-02
4.090000e+00 5.870051e-02
4.095000e+00 5.898204e-02
4.100000e+00 5.943137e-02
4.105000e+00 6.006393e-02
4.110000e+00 6.037232e-02
4.115000e+00 6.042473e-02
4.120000e+00 6.063117e-02
4.125000e+00 6.074951e-02
4.130000e+00 6.073034e-02
4.135000e+00 6.067000e-02
4.140000e+00 6.060859e-02
4.145000e+00 6.067570e-02
4.150000e+00 6.083892e-02
4.155000e+00 6.117843e-02
4.160000e+00 6.175252e-02
4.165000e+00 6.252880e-02
4.170000e+00 6.335186e-02
4.175000e+00 6.399907e-02
4.180000e+00 6.454609e-02
4.185000e+00 6.515032e-02
4.190000e+00 6.570127e-02
4.195000e+00 6.610085e-02
4.200000e+00 6.634745e-02
4.205000e+00 6.632603e-02
4.210000e+00 6.608479e-02
4.215000e+00 6.583931e-02
4.220000e+00 6.566931e-02
4.225000e+00 6.550157e-02
4.230000e+00 6.509664e-02
4.235000e+00 6.440240e-02
4.240000e+00 6.375749e-02
4.245000e+00 6.327503e-02
4.250000e+00 6.276073e-02
4.255000e+00 6.215651e-02
4.260000e+00 6.151729e-02
4.265000e+00 6.081502e-02
4.270000e+00 6.011408e-02
4.275000e+00 5.943458e-02
4.280000e+00 5.860618e-02
4.285000e+00 5.779737e-02
4.290000e+00 5.732007e-02
4.295000e+00 5.708944e-02
4.300000e+00 5.681427e-02
4.305000e+00 5.651276e-02
4.310000e+00 5.633785e-02
4.315000e+00 5.623848e-02
4.320000e+00 5.631701e-02
4.325000e+00 5.655984e-02
4.330000e+00 5.682253e-02
4.335000e+00 5.705184e-02
4.340000e+00 5.716331e-02
4.345000e+00 5.727410e-02
4.350000e+00 5.744053e-02
4.355000e+00 5.771181e-02
4.360000e+00 5.805406e-02
4.365000e+00 5.832005e-02
4.370000e+00 5.849124e-02
4.375000e+00 5.859181e-02
4.380000e+00 5.886667e-02
4.385000e+00 5.932439e-02
4.390000e+00 5.992494e-02
4.395000e+00 6.078083e-02
4.400000e+00 6.176529e-02
4.405000e+00 6.277763e-02
4.410000e+00 6.387080e-02
4.415000e+00 6.497507e-02
4.420000e+00 6.576662e-02
4.425000e+00 6.627031e-02
4.430000e+00 6.667460e-02
4.435000e+00 6.701358e-02
4.440000e+00 6.741232e-02
4.445000e+00 6.751865e-02
4.450000e+00 6.703927e-02
4.455000e+00 6.643281e-02
4.460000e+00 6.588295e-02
4.465000e+00 6.521390e-02
4.470000e+00 6.452314e-02
4.475000e+00 6.399718e-02
4.480000e+00 6.358507e-02
4.485000e+00 6.312855e-02
4.490000e+00 6.270926e-02
4.495000e+00 6.244842e-02
4.500000e+00 6.239411e-02
4.505000e+00 6.237041e-02
4.510000e+00 6.220121e-02
4.515000e+00 6.186662e-02
4.520000e+00 6.144909e-02
4.525000e+00 6.108632e-02
4.530000e+00 6.048028e-02
4.535000e+00 5.980493e-02
4.540000e+00 5.920394e-02
4.545000e+00 5.843440e-02
4.550000e+00 5.781883e-02
4.555000e+00 5.730663e-02
4.560000e+00 5.688221e-02
4.565000e+00 5.672646e-02
4.570000e+00 5.662509e-02
4.575000e+00 5.663054e-02
4.580000e+00 5.695117e-02
4.585000e+00 5.734318e-02
4.590000e+00 5.743774e-02
4.595000e+00 5.748459e-02
4.600000e+00 5.775786e-02
4.605000e+00 5.804950e-02
4.610000e+00 5.831341e-02
4.615000e+00 5.851789e-02
4.620000e+00 5.863668e-02
4.625000e+00 5.883338e-02
4.630000e+00 5.916963e-02
4.635000e+00 5.979840e-02
4.640000e+00 6.062274e-02
4.645000e+00 6.150310e-02
4.650000e+00 6.256459e-02
4.655000e+00 6.360098e-02
4.660000e+00 6.436178e-02
4.665000e+00 6.487790e-02
4.670000e+00 6.527282e-02
4.675000e+00 6.548388e-02
4.680000e+00 6.536143e-02
4.685000e+00 6.504651e-02
4.690000e+00 6.448859e-02
4.695000e+00 6.345352e-02
4.700000e+00 6.220080e-02
4.705000e+00 6.095976e-02
4.710000e+00 5.961360e-02
4.715000e+00 5.822658e-02
4.720000e+00 5.714830e-02
4.725000e+00 5.637955e-02
4.730000e+00 5.543737e-02
4.735000e+00 5.417348e-02
4.740000e+00 5.290060e-02
4.745000e+00 5.185702e-02
4.750000e+00 5.098990e-02
4.755000e+00 5.009747e-02
4.760000e+00 4.900266e-02
4.765000e+00 4.775701e-02
4.770000e+00 4.630795e-02
4.775000e+00 4.457857e-02
4.780000e+00 4.263282e-02
4.785000e+00 4.047266e-02
4.790000e+00 3.860270e-02
4.795000e+00 3.728107e-02
4.800000e+00 3.598299e-02
4.805000e+00 3.454982e-02
4.810000e+00 3.320974e-02
4.815000e+00 3.212488e-02
4.820000e+00 3.136937e-02
4.825000e+00 3.066540e-02
4.830000e+00 2.981090e-02
4.835000e+00 2.877204e-02
4.840000e+00 2.745275e-02
4.845000e+00 2.610109e-02
4.850000e+00 2.472601e-02
4.855000e+00 2.322693e-02
4.860000e+00 2.196003e-02
4.865000e+00 2.109852e-02
4.870000e+00 2.061926e-02
4.875000e+00 2.031345e-02
4.880000e+00 2.013611e-02
4.885000e+00 2.038309e-02
4.890000e+00 2.078369e-02
4.895000e+00 2.111393e-02
4.900000e+00 2.156584e-02
4.905000e+00 2.226196e-02
4.910000e+00 2.312863e-02
4.915000e+00 2.391452e-02
4.920000e+00 2.468714e-02
4.925000e+00 2.552489e-02
4.930000e+00 2.650072e-02
4.935000e+00 2.763478e-02
4.940000e+00 2.879205e-02
4.945000e+00 2.993294e-02
4.950000e+00 3.130181e-02
4.955000e+00 3.319837e-02
4.960000e+00 3.514464e-02
4.965000e+00 3.673899e-02
4.970000e+00 3.811984e-02
4.975000e+00 3.931550e-02
4.980000e+00 4.035175e-02
4.985000e+00 4.129578e-02
4.990000e+00 4.212154e-02
4.995000e+00 4.279024e-02
5 4.340562e-02
5.005000e+00 4.406003e-02
5.010000e+00 4.455829e-02
5.015000e+00 4.461431e-02
5.020000e+00 4.435939e-02
5.025000e+00 4.421051e-02
5.030000e+00 4.438706e-02
5.035000e+00 4.507335e-02
5.040000e+00 4.626804e-02
5.045000e+00 4.758491e-02
5.050000e+00 4.891813e-02
5.055000e+00 5.027351e-02
5.060000e+00 5.155327e-02
5.065000e+00 5.264677e-02
5.070000e+00 5.361422e-02
5.075000e+00 5.480990e-02
5.080000e+00 5.629437e-02
5.085000e+00 5.766559e-02
5.090000e+00 5.831363e-02
5.095000e+00 5.840824e-02
5.100000e+00 5.859519e-02
5.105000e+00 5.898679e-02
5.110000e+00 5.954347e-02
5.115000e+00 6.014876e-02
5.120000e+00 6.055263e-02
5.125000e+00 6.074963e-02
5.130000e+00 6.075161e-02
5.135000e+00 6.031247e-02
5.140000e+00 5.969396e-02
5.145000e+00 5.936126e-02
5.150000e+00 5.926501e-02
5.155000e+00 5.930045e-02
5.160000e+00 5.938363e-02
5.165000e+00 5.950273e-02
5.170000e+00 5.980044e-02
5.175000e+00 6.018880e-02
5.180000e+00 6.055137e-02
5.185000e+00 6.085908e-02
5.190000e+00 6.121053e-02
5.195000e+00 6.193961e-02
5.200000e+00 6.307583e-02
5.205000e+00 6.437938e-02
5.210000e+00 6.557329e-02
5.215000e+00 6.642213e-02
5.220000e+00 6.677921e-02
5.225000e+00 6.659462e-02
5.230000e+00 6.630216e-02
5.235000e+00 6.630836e-02
5.240000e+00 6.628387e-02
5.245000e+00 6.592854e-02
5.250000e+00 6.541988e-02
5.255000e+00 6.481485e-02
5.260000e+00 6.420598e-02
5.265000e+00 6.362139e-02
5.270000e+00 6.283156e-02
5.275000e+00 6.206579e-02
5.280000e+00 6.149433e-02
5.285000e+00 6.102883e-02
5.290000e+00 6.077681e-02
5.295000e+00 6.072046e-02
5.300000e+00 6.076207e-02
5.305000e+00 6.079132e-02
5.310000e+00 6.083898e-02
5.315000e+00 6.087914e-02
5.320000e+00 6.092796e-02
5.325000e+00 6.109147e-02
5.330000e+00 6.116422e-02
5.335000e+00 6.102795e-02
5.340000e+00 6.073936e-02
5.345000e+00 6.043046e-02
5.350000e+00 5.996914e-02
5.355000e+00 5.928042e-02
5.360000e+00 5.883358e-02
5.365000e+00 5.878564e-02
5.370000e+00 5.870783e-02
5.375000e+00 5.834843e-02
5.380000e+00 5.796052e-02
5.385000e+00 5.760215e-02
5.390000e+00 5.716316e-02
5.395000e+00 5.687678e-02
5.400000e+00 5.690533e-02
5.405000e+00 5.712281e-02
5.410000e+00 5.756000e-02
5.415000e+00 5.819824e-02
5.420000e+00 5.869286e-02
5.425000e+00 5.898532e-02
5.430000e+00 5.929543e-02
5.435000e+00 5.967901e-02
5.440000e+00 5.990982e-02
5.445000e+00 5.996134e-02
5.450000e+00 6.023051e-02
5.455000e+00 6.076264e-02
5.460000e+00 6.135625e-02
5.465000e+00 6.182650e-02
5.470000e+00 6.206501e-02
5.475000e+00 6.231435e-02
5.480000e+00 6.258506e-02
5.485000e+00 6.291953e-02
5.490000e+00 6.349406e-02
5.495000e+00 6.402243e-02
5.500000e+00 6.423805e-02
5.505000e+00 6.422725e-02
5.510000e+00 6.411266e-02
5.515000e+00 6.387933e-02
5.520000e+00 6.380764e-02
5.525000e+00 6.400725e-02
5.530000e+00 6.415646e-02
5.535000e+00 6.427168e-02
5.540000e+00 6.439598e-02
5.545000e+00 6.440842e-02
5.550000e+00 6.436625e-02
5.555000e+00 6.420867e-02
5.560000e+00 6.382895e-02
5.565000e+00 6.345058e-02
5.570000e+00 6.308644e-02
5.575000e+00 6.263626e-02
5.580000e+00 6.217940e-02
5.585000e+00 6.184395e-02
5.590000e+00 6.169464e-02
5.595000e+00 6.148519e-02
5.600000e+00 6.115575e-02
5.605000e+00 6.088578e-02
5.610000e+00 6.079823e-02
5.615000e+00 6.068595e-02
5.620000e+00 6.030371e-02
5.625000e+00 5.994327e-02
5.630000e+00 5.986160e-02
5.635000e+00 5.990442e-02
5.640000e+00 5.983570e-02
5.645000e+00 5.968640e-02
5.650000e+00 5.959906e-02
5.655000e+00 5.961648e-02
5.660000e+00 5.975988e-02
5.665000e+00 6.000404e-02
5.670000e+00 6.012408e-02
5.675000e+00 6.020773e-02
5.680000e+00 6.031955e-02
5.685000e+00 6.001471e-02
5.690000e+00 5.961476e-02
5.695000e+00 5.944484e-02
5.700000e+00 5.921901e-02
5.705000e+00 5.898503e-02
5.710000e+00 5.874270e-02
5.715000e+00 5.849584e-02
5.720000e+00 5.845005e-02
5.725000e+00 5.862291e-02
5.730000e+00 5.882654e-02
5.735000e+00 5.923721e-02
5.740000e+00 5.990561e-02
5.745000e+00 6.028473e-02
5.750000e+00 6.043949e-02
5.755000e+00 6.061377e-02
5.760000e+00 6.056493e-02
5.765000e+00 6.036234e-02
5.770000e+00 6.020956e-02
5.775000e+00 6.021964e-02
5.780000e+00 6.039124e-02
5.785000e+00 6.061250e-02
5.790000e+00 6.094933e-02
5.795000e+00 6.134730e-02
5.800000e+00 6.174585e-02
5.805000e+00 6.225081e-02
5.810000e+00 6.268318e-02
5.815000e+00 6.288233e-02
5.820000e+00 6.278210e-02
5.825000e+00 6.259360e-02
5.830000e+00 6.281022e-02
5.835000e+00 6.315983e-02
5.840000e+00 6.327151e-02
5.845000e+00 6.329759e-02
5.850000e+00 6.342143e-02
5.855000e+00 6.376553e-02
5.860000e+00 6.420368e-02
5.865000e+00 6.456815e-02
5.870000e+00 6.476624e-02
5.875000e+00 6.472171e-02
5.880000e+00 6.464304e-02
5.885000e+00 6.475743e-02
5.890000e+00 6.475987e-02
5.895000e+00 6.444430e-02
5.900000e+00 6.400066e-02
5.905000e+00 6.346562e-02
5.910000e+00 6.299589e-02
5.915000e+00 6.274014e-02
5.920000e+00 6.246340e-02
5.925000e+00 6.211322e-02
5.930000e+00 6.174272e-02
5.935000e+00 6.123565e-02
5.940000e+00 6.073065e-02
5.945000e+00 6.039123e-02
5.950000e+00 5.999106e-02
5.955000e+00 5.930370e-02
5.960000e+00 5.872868e-02
5.965000e+00 5.838252e-02
5.970000e+00 5.792623e-02
5.975000e+00 5.751691e-02
5.980000e+00 5.731416e-02
5.985000e+00 5.732853e-02
5.990000e+00 5.753355e-02
5.995000e+00 5.769553e-02
6 5.763750e-02
6.005000e+00 5.752157e-02
6.010000e+00 5.740185e-02
6.015000e+00 5.724924e-02
6.020000e+00 5.729228e-02
6.025000e+00 5.751269e-02
6.030000e+00 5.769893e-02
6.035000e+00 5.786826e-02
6.040000e+00 5.827032e-02
6.045000e+00 5.903469e-02
6.050000e+00 5.986210e-02
6.055000e+00 6.058323e-02
6.060000e+00 6.126736e-02
6.065000e+00 6.173424e-02
6.070000e+00 6.208349e-02
6.075000e+00 6.248441e-02
6.080000e+00 6.291192e-02
6.085000e+00 6.347597e-02
6.090000e+00 6.391323e-02
6.095000e+00 6.410595e-02
6.100000e+00 6.431980e-02
6.105000e+00 6.448963e-02
6.110000e+00 6.465912e-02
6.115000e+00 6.490847e-02
6.120000e+00 6.495927e-02
6.125000e+00 6.474364e-02
6.130000e+00 6.445593e-02
6.135000e+00 6.432224e-02
6.140000e+00 6.440838e-02
6.145000e+00 6.447572e-02
6.150000e+00 6.436831e-02
6.155000e+00 6.411836e-02
6.160000e+00 6.375918e-02
6.165000e+00 6.331695e-02
6.170000e+00 6.274255e-02
6.175000e+00 6.193656e-02
6.180000e+00 6.098624e-02
6.185000e+00 6.004380e-02
6.190000e+00 5.929502e-02
6.195000e+00 5.883793e-02
6.200000e+00 5.868392e-02
6.205000e+00 5.884118e-02
6.210000e+00 5.885836e-02
6.215000e+00 5.862369e-02
6.220000e+00 5.861238e-02
6.225000e+00 5.873754e-02
6.230000e+00 5.871882e-02
6.235000e+00 5.875782e-02
6.240000e+00 5.899483e-02
6.245000e+00 5.923300e-02
6.250000e+00 5.944298e-02
6.255000e+00 5.967979e-02
6.260000e+00 5.985639e-02
6.265000e+00 6.008714e-02
6.270000e+00 6.042855e-02
6.275000e+00 6.074818e-02
6.280000e+00 6.099710e-02
6.285000e+00 6.117722e-02
6.290000e+00 6.114213e-02
6.295000e+00 6.063672e-02
6.300000e+00 5.987809e-02
6.305000e+00 5.901441e-02
6.310000e+00 5.788745e-02
6.315000e+00 5.674996e-02
6.320000e+00 5.576072e-02
6.325000e+00 5.482653e-02
6.330000e+00 5.400670e-02
6.335000e+00 5.332961e-02
6.340000e+00 5.260928e-02
6.345000e+00 5.176690e-02
6.350000e+00 5.072165e-02
6.355000e+00 4.931853e-02
6.360000e+00 4.785328e-02
6.365000e+00 4.664000e-02
6.370000e+00 4.552452e-02
6.375000e+00 4.434565e-02
6.380000e+00 4.329666e-02
6.385000e+00 4.243814e-02
6.390000e+00 4.164371e-02
6.395000e+00 4.067999e-02
6.400000e+00 3.909763e-02
6.405000e+00 3.698864e-02
6.410000e+00 3.475643e-02
6.415000e+00 3.263497e-02
6.420000e+00 3.084476e-02
6.425000e+00 2.940275e-02
6.430000e+00 2.822188e-02
6.435000e+00 2.717535e-02
6.440000e+00 2.610555e-02
6.445000e+00 2.506364e-02
6.450000e+00 2.411612e-02
6.455000e+00 2.301093e-02
6.460000e+00 2.175971e-02
6.465000e+00 2.086631e-02
6.470000e+00 2.051687e-02
6.475000e+00 2.037479e-02
6.480000e+00 2.016305e-02
6.485000e+00 2.018825e-02
6.490000e+00 2.067623e-02
6.495000e+00 2.125081e-02
6.500000e+00 2.178849e-02
6.505000e+00 2.263288e-02
6.510000e+00 2.396867e-02
6.515000e+00 2.537360e-02
6.520000e+00 2.649947e-02
6.525000e+00 2.757220e-02
6.530000e+00 2.862199e-02
6.535000e+00 2.962202e-02
6.540000e+00 3.081361e-02
6.545000e+00 3.216472e-02
6.550000e+00 3.329574e-02
6.555000e+00 3.420953e-02
6.560000e+00 3.519093e-02
6.565000e+00 3.600692e-02
6.570000e+00 3.665168e-02
6.575000e+00 3.770393e-02
6.580000e+00 3.912659e-02
6.585000e+00 4.037188e-02
6.590000e+00 4.133471e-02
6.595000e+00 4.223074e-02
6.600000e+00 4.304652e-02
6.605000e+00 4.375820e-02
6.610000e+00 4.455777e-02
6.615000e+00 4.532570e-02
6.620000e+00 4.576138e-02
6.625000e+00 4.595504e-02
6.630000e+00 4.612345e-02
6.635000e+00 4.631868e-02
6.640000e+00 4.653409e-02
6.645000e+00 4.687282e-02
6.650000e+00 4.762957e-02
6.655000e+00 4.869608e-02
6.660000e+00 4.962360e-02
6.665000e+00 5.042728e-02
6.670000e+00 5.144100e-02
6.675000e+00 5.281847e-02
6.680000e+00 5.434911e-02
6.685000e+00 5.570255e-02
6.690000e+00 5.688369e-02
6.695000e+00 5.805133e-02
6.700000e+00 5.919577e-02
6.705000e+00 6.019647e-02
6.710000e+00 6.070869e-02
6.715000e+00 6.075209e-02
6.720000e+00 6.089981e-02
6.725000e+00 6.116111e-02
6.730000e+00 6.107704e-02
6.735000e+00 6.076560e-02
6.740000e+00 6.078818e-02
6.745000e+00 6.116702e-02
6.750000e+00 6.150896e-02
6.755000e+00 6.159977e-02
6.760000e+00 6.160073e-02
6.765000e+00 6.178233e-02
6.770000e+00 6.220262e-02
6.775000e+00 6.297232e-02
6.780000e+00 6.391996e-02
6.785000e+00 6.480480e-02
6.790000e+00 6.550925e-02
6.795000e+00 6.593572e-02
6.800000e+00 6.623871e-02
6.805000e+00 6.635100e-02
6.810000e+00 6.618561e-02
6.815000e+00 6.613995e-02
6.820000e+00 6.635560e-02
6.825000e+00 6.638994e-02
6.830000e+00 6.636278e-02
6.835000e+00 6.650260e-02
6.840000e+00 6.631175e-02
6.845000e+00 6.579103e-02
6.850000e+00 6.516402e-02
6.855000e+00 6.426311e-02
6.860000e+00 6.324952e-02
6.865000e+00 6.239535e-02
6.870000e+00 6.171904e-02
6.875000e+00 6.119247e-02
6.880000e+00 6.071499e-02
6.885000e+00 5.988944e-02
6.890000e+00 5.865828e-02
6.895000e+00 5.740714e-02
6.900000e+00 5.655806e-02
6.905000e+00 5.626378e-02
6.910000e+00 5.613231e-02
6.915000e+00 5.603215e-02
6.920000e+00 5.600085e-02
6.925000e+00 5.616200e-02
6.930000e+00 5.672238e-02
6.935000e+00 5.741480e-02
6.940000e+00 5.782194e-02
6.945000e+00 5.793934e-02
6.950000e+00 5.812230e-02
6.955000e+00 5.842271e-02
6.960000e+00 5.875944e-02
6.965000e+00 5.914998e-02
6.970000e+00 5.949640e-02
6.975000e+00 5.954277e-02
6.980000e+00 5.933851e-02
6.985000e+00 5.928057e-02
6.990000e+00 5.923312e-02
6.995000e+00 5.911805e-02
7 5.925262e-02
7.005000e+00 5.964701e-02
7.010000e+00 6.019910e-02
7.015000e+00 6.073495e-02
7.020000e+00 6.102075e-02
7.025000e+00 6.126140e-02
7.030000e+00 6.185415e-02
7.035000e+00 6.270487e-02
7.040000e+00 6.351142e-02
7.045000e+00 6.420735e-02
7.050000e+00 6.473007e-02
7.055000e+00 6.517216e-02
7.060000e+00 6.551545e-02
7.065000e+00 6.539424e-02
7.070000e+00 6.503370e-02
7.075000e+00 6.485929e-02
7.080000e+00 6.495381e-02
7.085000e+00 6.529326e-02
7.090000e+00 6.552461e-02
7.095000e+00 6.548204e-02
7.100000e+00 6.528094e-02
7.105000e+00 6.502905e-02
7.110000e+00 6.471233e-02
7.115000e+00 6.421383e-02
7.120000e+00 6.378073e-02
7.125000e+00 6.346400e-02
7.130000e+00 6.309015e-02
7.135000e+00 6.266620e-02
7.140000e+00 6.200672e-02
7.145000e+00 6.121504e-02
7.150000e+00 6.055323e-02
7.155000e+00 6.002119e-02
7.160000e+00 5.968896e-02
7.165000e+00 5.936275e-02
7.170000e+00 5.880793e-02
7.175000e+00 5.811615e-02
7.180000e+00 5.744871e-02
7.185000e+00 5.727853e-02
7.190000e+00 5.772759e-02
7.195000e+00 5.823279e-02
7.200000e+00 5.854404e-02
7.205000e+00 5.870075e-02
7.210000e+00 5.886178e-02
7.215000e+00 5.895112e-02
7.220000e+00 5.873072e-02
7.225000e+00 5.836998e-02
7.230000e+00 5.805892e-02
7.235000e+00 5.804811e-02
7.240000e+00 5.838058e-02
7.245000e+00 5.875027e-02
7.250000e+00 5.898798e-02
7.255000e+00 5.911515e-02
7.260000e+00 5.927041e-02
7.265000e+00 5.939352e-02
7.270000e+00 5.936028e-02
7.275000e+00 5.931759e-02
7.280000e+00 5.947982e-02
7.285000e+00 6.012949e-02
7.290000e+00 6.105777e-02
7.295000e+00 6.175308e-02
7.300000e+00 6.230798e-02
7.305000e+00 6.278807e-02
7.310000e+00 6.317628e-02
7.315000e+00 6.346439e-02
7.320000e+00 6.367208e-02
7.325000e+00 6.383807e-02
7.330000e+00 6.385349e-02
7.335000e+00 6.392456e-02
7.340000e+00 6.402089e-02
7.345000e+00 6.390750e-02
7.350000e+00 6.360048e-02
7.355000e+00 6.324915e-02
7.360000e+00 6.314181e-02
7.365000e+00 6.339317e-02
7.370000e+00 6.370936e-02
7.375000e+00 6.385980e-02
7.380000e+00 6.385743e-02
7.385000e+00 6.365740e-02
7.390000e+00 6.349792e-02
7.395000e+00 6.354743e-02
7.400000e+00 6.355697e-02
7.405000e+00 6.332601e-02
7.410000e+00 6.303625e-02
7.415000e+00 6.289901e-02
7.420000e+00 6.270980e-02
7.425000e+00 6.226200e-02
7.430000e+00 6.164657e-02
7.435000e+00 6.116580e-02
7.440000e+00 6.092992e-02
7.445000e+00 6.068831e-02
7.450000e+00 6.017269e-02
7.455000e+00 5.949508e-02
7.460000e+00 5.881726e-02
7.465000e+00 5.801022e-02
7.470000e+00 5.741290e-02
7.475000e+00 5.732644e-02
7.480000e+00 5.742779e-02
7.485000e+00 5.759285e-02
7.490000e+00 5.778275e-02
7.495000e+00 5.794565e-02
7.500000e+00 5.825553e-02
7.505000e+00 5.875700e-02
7.510000e+00 5.917549e-02
7.515000e+00 5.944265e-02
7.520000e+00 5.976375e-02
7.525000e+00 5.995675e-02
7.530000e+00 6.000558e-02
7.535000e+00 6.003834e-02
7.540000e+00 5.990857e-02
7.545000e+00 5.989752e-02
7.550000e+00 6.023491e-02
7.555000e+00 6.057638e-02
7.560000e+00 6.090673e-02
7.565000e+00 6.151514e-02
7.570000e+00 6.210677e-02
7.575000e+00 6.239095e-02
7.580000e+00 6.236359e-02
7.585000e+00 6.221916e-02
7.590000e+00 6.230623e-02
7.595000e+00 6.243631e-02
7.600000e+00 6.261870e-02
7.605000e+00 6.302809e-02
7.610000e+00 6.345976e-02
7.615000e+00 6.386440e-02
7.620000e+00 6.418924e-02
7.625000e+00 6.434057e-02
7.630000e+00 6.424637e-02
7.635000e+00 6.398385e-02
7.640000e+00 6.369619e-02
7.645000e+00 6.351836e-02
7.650000e+00 6.345296e-02
7.655000e+00 6.312749e-02
7.660000e+00 6.263668e-02
7.665000e+00 6.213354e-02
7.670000e+00 6.152033e-02
7.675000e+00 6.096360e-02
7.680000e+00 6.054466e-02
7.685000e+00 6.028844e-02
7.690000e+00 6.017675e-02
7.695000e+00 6.019313e-02
7.700000e+00 6.031136e-02
7.705000e+00 6.037552e-02
7.710000e+00 6.023385e-02
7.715000e+00 5.999745e-02
7.720000e+00 5.972504e-02
7.725000e+00 5.951316e-02
7.730000e+00 5.943580e-02
7.735000e+00 5.929890e-02
7.740000e+00 5.942435e-02
7.745000e+00 5.979468e-02
7.750000e+00 6.012355e-02
7.755000e+00 6.066966e-02
7.760000e+00 6.122426e-02
7.765000e+00 6.147975e-02
7.770000e+00 6.143737e-02
7.775000e+00 6.094986e-02
7.780000e+00 6.024526e-02
7.785000e+00 5.968911e-02
7.790000e+00 5.922718e-02
7.795000e+00 5.876853e-02
7.800000e+00 5.847809e-02
7.805000e+00 5.876116e-02
7.810000e+00 5.964542e-02
7.815000e+00 6.067982e-02
7.820000e+00 6.151789e-02
7.825000e+00 6.207654e-02
7.830000e+00 6.244050e-02
7.835000e+00 6.274494e-02
7.840000e+00 6.303304e-02
7.845000e+00 6.330397e-02
7.850000e+00 6.339279e-02
7.855000e+00 6.308471e-02
7.860000e+00 6.275495e-02
7.865000e+00 6.259513e-02
7.870000e+00 6.220458e-02
7.875000e+00 6.148151e-02
7.880000e+00 6.061877e-02
7.885000e+00 5.979909e-02
7.890000e+00 5.906619e-02
7.895000e+00 5.831306e-02
7.900000e+00 5.748759e-02
7.905000e+00 5.674172e-02
7.910000e+00 5.599816e-02
7.915000e+00 5.503853e-02
7.920000e+00 5.403455e-02
7.925000e+00 5.318858e-02
7.930000e+00 5.246711e-02
7.935000e+00 5.158842e-02
7.940000e+00 5.061371e-02
7.945000e+00 4.971315e-02
7.950000e+00 4.866990e-02
7.955000e+00 4.758152e-02
7.960000e+00 4.665040e-02
7.965000e+00 4.588061e-02
7.970000e+00 4.525351e-02
7.975000e+00 4.472227e-02
7.980000e+00 4.416369e-02
7.985000e+00 4.361826e-02
7.990000e+00 4.294175e-02
7.995000e+00 4.184133e-02
8 4.054801e-02
8.005000e+00 3.906547e-02
8.010000e+00 3.724871e-02
8.015000e+00 3.514038e-02
8.020000e+00 3.301591e-02
8.025000e+00 3.115216e-02
8.030000e+00 2.943691e-02
8.035000e+00 2.787918e-02
8.040000e+00 2.637622e-02
8.045000e+00 2.496159e-02
8.050000e+00 2.379836e-02
8.055000e+00 2.284194e-02
8.060000e+00 2.206874e-02
8.065000e+00 2.148375e-02
8.070000e+00 2.089783e-02
8.075000e+00 2.017532e-02
8.080000e+00 1.964440e-02
8.085000e+00 1.933579e-02
8.090000e+00 1.905398e-02
8.095000e+00 1.903787e-02
8.100000e+00 1.940706e-02
8.105000e+00 1.981333e-02
8.110000e+00 2.025723e-02
8.115000e+00 2.098452e-02
8.120000e+00 2.193076e-02
8.125000e+00 2.309440e-02
8.130000e+00 2.434803e-02
8.135000e+00 2.551023e-02
8.140000e+00 2.678865e-02
8.145000e+00 2.843108e-02
8.150000e+00 3.038379e-02
8.155000e+00 3.236486e-02
8.160000e+00 3.414149e-02
8.165000e+00 3.565722e-02
8.170000e+00 3.696332e-02
8.175000e+00 3.816479e-02
8.180000e+00 3.938931e-02
8.185000e+00 4.071733e-02
8.190000e+00 4.188817e-02
8.195000e+00 4.294651e-02
8.200000e+00 4.431364e-02
8.205000e+00 4.575346e-02
8.210000e+00 4.706967e-02
8.215000e+00 4.853830e-02
8.220000e+00 5.015136e-02
8.225000e+00 5.152751e-02
8.230000e+00 5.245780e-02
8.235000e+00 5.324326e-02
8.240000e+00 5.414141e-02
8.245000e+00 5.506802e-02
8.250000e+00 5.578304e-02
8.255000e+00 5.610823e-02
8.260000e+00 5.638823e-02
8.265000e+00 5.674605e-02
8.270000e+00 5.697468e-02
8.275000e+00 5.724034e-02
8.280000e+00 5.736232e-02
8.285000e+00 5.732637e-02
8.290000e+00 5.743882e-02
8.295000e+00 5.777961e-02
8.300000e+00 5.832816e-02
8.305000e+00 5.872402e-02
8.310000e+00 5.878483e-02
8.315000e+00 5.866037e-02
8.320000e+00 5.858083e-02
8.325000e+00 5.853798e-02
8.330000e+00 5.824775e-02
8.335000e+00 5.783840e-02
8.340000e+00 5.760916e-02
8.345000e+00 5.744555e-02
8.350000e+00 5.724821e-02
8.355000e+00 5.704563e-02
8.360000e+00 5.688647e-02
8.365000e+00 5.698437e-02
8.370000e+00 5.738608e-02
8.375000e+00 5.811753e-02
8.380000e+00 5.888998e-02
8.385000e+00 5.932041e-02
8.390000e+00 5.973448e-02
8.395000e+00 6.043502e-02
8.400000e+00 6.133803e-02
8.405000e+00 6.219103e-02
8.410000e+00 6.297716e-02
8.415000e+00 6.393469e-02
8.420000e+00 6.476572e-02
8.425000e+00 6.533185e-02
8.430000e+00 6.590171e-02
8.435000e+00 6.635672e-02
8.440000e+00 6.672101e-02
8.445000e+00 6.694412e-02
8.450000e+00 6.697401e-02
8.455000e+00 6.698462e-02
8.460000e+00 6.674169e-02
8.465000e+00 6.631911e-02
8.470000e+00 6.594754e-02
8.475000e+00 6.551122e-02
8.480000e+00 6.506413e-02
8.485000e+00 6.458283e-02
8.490000e+00 6.398024e-02
8.495000e+00 6.326883e-02
8.500000e+00 6.248312e-02
8.505000e+00 6.192913e-02
8.510000e+00 6.146173e-02
8.515000e+00 6.055320e-02
8.520000e+00 5.953281e-02
8.525000e+00 5.900207e-02
8.530000e+00 5.906376e-02
8.535000e+00 5.947794e-02
8.540000e+00 5.980057e-02
8.545000e+00 5.995479e-02
8.550000e+00 6.014720e-02
8.555000e+00 6.027904e-02
8.560000e+00 6.013645e-02
8.565000e+00 5.973124e-02
8.570000e+00 5.925811e-02
8.575000e+00 5.883101e-02
8.580000e+00 5.869374e-02
8.585000e+00 5.875500e-02
8.590000e+00 5.844455e-02
8.595000e+00 5.787652e-02
8.600000e+00 5.752277e-02
8.605000e+00 5.732557e-02
8.610000e+00 5.699765e-02
8.615000e+00 5.682235e-02
8.620000e+00 5.706356e-02
8.625000e+00 5.754073e-02
8.630000e+00 5.818608e-02
8.635000e+00 5.884224e-02
8.640000e+00 5.937668e-02
8.645000e+00 5.989648e-02
8.650000e+00 6.058533e-02
8.655000e+00 6.133855e-02
8.660000e+00 6.191112e-02
8.665000e+00 6.227594e-02
8.670000e+00 6.264750e-02
8.675000e+00 6.299083e-02
8.680000e+00 6.310042e-02
8.685000e+00 6.334683e-02
8.690000e+00 6.381494e-02
8.695000e+00 6.412151e-02
8.700000e+00 6.427842e-02
8.705000e+00 6.443097e-02
8.710000e+00 6.457994e-02
8.715000e+00 6.464848e-02
8.720000e+00 6.453938e-02
8.725000e+00 6.428339e-02
8.730000e+00 6.400174e-02
8.735000e+00 6.355578e-02
8.740000e+00 6.286516e-02
8.745000e+00 6.224569e-02
8.750000e+00 6.173855e-02
8.755000e+00 6.120318e-02
8.760000e+00 6.076647e-02
8.765000e+00 6.041576e-02
8.770000e+00 5.987190e-02
8.775000e+00 5.930006e-02
8.780000e+00 5.917833e-02
8.785000e+00 5.943489e-02
8.790000e+00 5.992066e-02
8.795000e+00 6.054814e-02
8.800000e+00 6.102682e-02
8.805000e+00 6.127266e-02
8.810000e+00 6.128598e-02
8.815000e+00 6.110553e-02
8.820000e+00 6.099232e-02
8.825000e+00 6.106742e-02
8.830000e+00 6.108276e-02
8.835000e+00 6.091280e-02
8.840000e+00 6.071019e-02
8.845000e+00 6.048487e-02
8.850000e+00 6.020193e-02
8.855000e+00 6.011701e-02
8.860000e+00 6.033130e-02
8.865000e+00 6.068640e-02
8.870000e+00 6.105750e-02
8.875000e+00 6.122975e-02
8.880000e+00 6.145916e-02
8.885000e+00 6.198512e-02
8.890000e+00 6.232761e-02
8.895000e+00 6.235242e-02
8.900000e+00 6.221687e-02
8.905000e+00 6.210663e-02
8.910000e+00 6.220579e-02
8.915000e+00 6.219864e-02
8.920000e+00 6.193057e-02
8.925000e+00 6.165466e-02
8.930000e+00 6.168422e-02
8.935000e+00 6.195500e-02
8.940000e+00 6.210115e-02
8.945000e+00 6.199678e-02
8.950000e+00 6.180775e-02
8.955000e+00 6.180526e-02
8.960000e+00 6.186316e-02
8.965000e+00 6.186974e-02
8.970000e+00 6.181318e-02
8.975000e+00 6.171499e-02
8.980000e+00 6.159160e-02
8.985000e+00 6.111485e-02
8.990000e+00 6.039619e-02
8.995000e+00 5.981630e-02
9 5.930654e-02
9.005000e+00 5.879515e-02
9.010000e+00 5.847193e-02
9.015000e+00 5.834641e-02
9.020000e+00 5.814933e-02
9.025000e+00 5.780053e-02
9.030000e+00 5.776614e-02
9.035000e+00 5.823138e-02
9.040000e+00 5.882599e-02
9.045000e+00 5.935272e-02
9.050000e+00 5.967078e-02
9.055000e+00 5.981969e-02
9.060000e+00 5.990299e-02
9.065000e+00 6.001813e-02
9.070000e+00 6.025515e-02
9.075000e+00 6.038596e-02
9.080000e+00 6.052291e-02
9.085000e+00 6.085284e-02
9.090000e+00 6.101322e-02
9.095000e+00 6.107610e-02
9.100000e+00 6.123244e-02
9.105000e+00 6.123728e-02
9.110000e+00 6.140401e-02
9.115000e+00 6.199021e-02
9.120000e+00 6.254607e-02
9.125000e+00 6.293681e-02
9.130000e+00 6.340464e-02
9.135000e+00 6.408014e-02
9.140000e+00 6.492597e-02
9.145000e+00 6.560139e-02
9.150000e+00 6.591842e-02
9.155000e+00 6.603957e-02
9.160000e+00 6.600094e-02
9.165000e+00 6.565453e-02
9.170000e+00 6.509260e-02
9.175000e+00 6.467131e-02
9.180000e+00 6.434948e-02
9.185000e+00 6.384595e-02
9.190000e+00 6.338824e-02
9.195000e+00 6.322897e-02
9.200000e+00 6.302352e-02
9.205000e+00 6.269345e-02
9.210000e+00 6.252867e-02
9.215000e+00 6.237029e-02
9.220000e+00 6.203572e-02
9.225000e+00 6.156873e-02
9.230000e+00 6.088021e-02
9.235000e+00 6.016481e-02
9.240000e+00 5.975442e-02
9.245000e+00 5.947738e-02
9.250000e+00 5.914668e-02
9.255000e+00 5.873617e-02
9.260000e+00 5.846427e-02
9.265000e+00 5.856736e-02
9.270000e+00 5.862550e-02
9.275000e+00 5.831739e-02
9.280000e+00 5.786711e-02
9.285000e+00 5.762899e-02
9.290000e+00 5.752019e-02
9.295000e+00 5.724357e-02
9.300000e+00 5.704538e-02
9.305000e+00 5.698601e-02
9.310000e+00 5.706671e-02
9.315000e+00 5.735801e-02
9.320000e+00 5.768956e-02
9.325000e+00 5.828103e-02
9.330000e+00 5.885650e-02
9.335000e+00 5.894233e-02
9.340000e+00 5.877371e-02
9.345000e+00 5.868924e-02
9.350000e+00 5.857547e-02
9.355000e+00 5.827288e-02
9.360000e+00 5.828978e-02
9.365000e+00 5.872221e-02
9.370000e+00 5.945538e-02
9.375000e+00 6.038875e-02
9.380000e+00 6.111028e-02
9.385000e+00 6.172716e-02
9.390000e+00 6.240684e-02
9.395000e+00 6.305919e-02
9.400000e+00 6.366235e-02
9.405000e+00 6.423285e-02
9.410000e+00 6.461810e-02
9.415000e+00 6.470520e-02
9.420000e+00 6.465814e-02
9.425000e+00 6.482730e-02
9.430000e+00 6.519416e-02
9.435000e+00 6.541793e-02
9.440000e+00 6.558566e-02
9.445000e+00 6.578401e-02
9.450000e+00 6.605557e-02
9.455000e+00 6.625089e-02
9.460000e+00 6.603537e-02
9.465000e+00 6.545534e-02
9.470000e+00 6.462301e-02
9.475000e+00 6.381300e-02
9.480000e+00 6.328497e-02
9.485000e+00 6.286109e-02
9.490000e+00 6.246011e-02
9.495000e+00 6.194970e-02
9.500000e+00 6.100654e-02
9.505000e+00 5.973942e-02
9.510000e+00 5.825086e-02
9.515000e+00 5.651457e-02
9.520000e+00 5.458667e-02
9.525000e+00 5.254224e-02
9.530000e+00 5.069831e-02
9.535000e+00 4.901837e-02
9.540000e+00 4.723733e-02
9.545000e+00 4.556654e-02
9.550000e+00 4.411456e-02
9.555000e+00 4.267934e-02
9.560000e+00 4.102876e-02
9.565000e+00 3.941182e-02
9.570000e+00 3.835683e-02
9.575000e+00 3.772553e-02
9.580000e+00 3.723064e-02
9.585000e+00 3.680302e-02
9.590000e+00 3.649157e-02
9.595000e+00 3.610162e-02
9.600000e+00 3.526619e-02
9.605000e+00 3.401970e-02
9.610000e+00 3.248095e-02
9.615000e+00 3.063862e-02
9.620000e+00 2.860463e-02
9.625000e+00 2.679558e-02
9.630000e+00 2.534171e-02
9.635000e+00 2.398834e-02
9.640000e+00 2.287656e-02
9.645000e+00 2.237776e-02
9.650000e+00 2.220067e-02
9.655000e+00 2.202583e-02
9.660000e+00 2.206946e-02
9.665000e+00 2.239086e-02
9.670000e+00 2.279687e-02
9.675000e+00 2.310306e-02
9.680000e+00 2.353160e-02
9.685000e+00 2.414186e-02
9.690000e+00 2.481135e-02
9.695000e+00 2.564699e-02
9.700000e+00 2.638400e-02
9.705000e+00 2.708277e-02
9.710000e+00 2.811601e-02
9.715000e+00 2.926733e-02
9.720000e+00 3.030438e-02
9.725000e+00 3.127673e-02
9.730000e+00 3.224439e-02
9.735000e+00 3.320677e-02
9.740000e+00 3.405920e-02
9.745000e+00 3.471208e-02
9.750000e+00 3.508197e-02
9.755000e+00 3.530161e-02
9.760000e+00 3.576529e-02
9.765000e+00 3.654569e-02
9.770000e+00 3.735309e-02
9.775000e+00 3.793508e-02
9.780000e+00 3.821026e-02
9.785000e+00 3.838003e-02
9.790000e+00 3.872006e-02
9.795000e+00 3.923687e-02
9.800000e+00 3.995487e-02
9.805000e+00 4.089050e-02
9.810000e+00 4.211278e-02
9.815000e+00 4.376403e-02
9.820000e+00 4.542251e-02
9.825000e+00 4.675210e-02
9.830000e+00 4.785918e-02
9.835000e+00 4.871255e-02
9.840000e+00 4.962521e-02
9.845000e+00 5.073889e-02
9.850000e+00 5.172394e-02
9.855000e+00 5.275051e-02
9.860000e+00 5.375093e-02
9.865000e+00 5.430072e-02
9.870000e+00 5.452322e-02
9.875000e+00 5.470082e-02
9.880000e+00 5.508666e-02
9.885000e+00 5.594005e-02
9.890000e+00 5.690867e-02
9.895000e+00 5.751611e-02
9.900000e+00 5.806525e-02
9.905000e+00 5.896380e-02
9.910000e+00 6.005419e-02
9.915000e+00 6.100043e-02
9.920000e+00 6.190773e-02
9.925000e+00 6.284456e-02
9.930000e+00 6.327756e-02
9.935000e+00 6.327148e-02
9.940000e+00 6.345518e-02
9.945000e+00 6.359407e-02
9.950000e+00 6.346441e-02
9.955000e+00 6.327096e-02
9.960000e+00 6.306779e-02
9.965000e+00 6.290914e-02
9.970000e+00 6.258371e-02
9.975000e+00 6.206938e-02
9.980000e+00 6.161379e-02
9.985000e+00 6.109959e-02
9.990000e+00 6.047769e-02
9.995000e+00 6.012495e-02
10 6.032669e-02
