T X
0 0
5.000000e-03 0
1.000000e-02 0
1.500000e-02 0
2.000000e-02 0
2.500000e-02 0
3.000000e-02 0
3.500000e-02 0
4.000000e-02 0
4.500000e-02 0
5.000000e-02 0
5.500000e-02 0
6.000000e-02 0
6.500000e-02 0
7.000000e-02 0
7.500000e-02 0
8.000000e-02 0
8.500000e-02 0
9.000000e-02 0
9.500000e-02 0
1.000000e-01 0
1.050000e-01 -3.684852e-05
1.100000e-01 -4.260151e-04
1.150000e-01 -1.209856e-03
1.200000e-01 -1.960432e-03
1.250000e-01 -2.481759e-03
1.300000e-01 -2.718078e-03
1.350000e-01 -2.772334e-03
1.400000e-01 -2.727207e-03
1.450000e-01 -2.625266e-03
1.500000e-01 -2.478714e-03
1.550000e-01 -2.174887e-03
1.600000e-01 -1.734276e-03
1.650000e-01 -1.233356e-03
1.700000e-01 -7.478529e-04
1.750000e-01 -2.355961e-04
1.800000e-01 3.335026e-04
1.850000e-01 9.417528e-04
1.900000e-01 1.534394e-03
1.950000e-01 2.056791e-03
2.000000e-01 2.497524e-03
2.050000e-01 2.867385e-03
2.100000e-01 3.215024e-03
2.150000e-01 3.536505e-03
2.200000e-01 3.854622e-03
2.250000e-01 4.134230e-03
2.300000e-01 4.428732e-03
2.350000e-01 4.838427e-03
2.400000e-01 5.324385e-03
2.450000e-01 5.849527e-03
2.500000e-01 6.392223e-03
2.550000e-01 6.953044e-03
2.600000e-01 7.549567e-03
2.650000e-01 8.225415e-03
2.700000e-01 8.971128e-03
2.750000e-01 9.727470e-03
2.800000e-01 1.050800e-02
2.850000e-01 1.135411e-02
2.900000e-01 1.225968e-02
2.950000e-01 1.316549e-02
3.000000e-01 1.398518e-02
3.050000e-01 1.473091e-02
3.100000e-01 1.539891e-02
3.150000e-01 1.591121e-02
3.200000e-01 1.622172e-02
3.250000e-01 1.633660e-02
3.300000e-01 1.640996e-02
3.350000e-01 1.652499e-02
3.400000e-01 1.670852e-02
3.450000e-01 1.696506e-02
3.500000e-01 1.716634e-02
3.550000e-01 1.716255e-02
3.600000e-01 1.685709e-02
3.650000e-01 1.635804e-02
3.700000e-01 1.587285e-02
3.750000e-01 1.555671e-02
3.800000e-01 1.542405e-02
3.850000e-01 1.532918e-02
3.900000e-01 1.516691e-02
3.950000e-01 1.503497e-02
4.000000e-01 1.506141e-02
4.050000e-01 1.520428e-02
4.100000e-01 1.538023e-02
4.150000e-01 1.548822e-02
4.200000e-01 1.550469e-02
4.250000e-01 1.553926e-02
4.300000e-01 1.554445e-02
4.350000e-01 1.536424e-02
4.400000e-01 1.507735e-02
4.450000e-01 1.483562e-02
4.500000e-01 1.460981e-02
4.550000e-01 1.427249e-02
4.600000e-01 1.386489e-02
4.650000e-01 1.361034e-02
4.700000e-01 1.350289e-02
4.750000e-01 1.335268e-02
4.800000e-01 1.314418e-02
4.850000e-01 1.306892e-02
4.900000e-01 1.321200e-02
4.950000e-01 1.339695e-02
5.000000e-01 1.348505e-02
5.050000e-01 1.359115e-02
5.100000e-01 1.383178e-02
5.150000e-01 1.405287e-02
5.200000e-01 1.417983e-02
5.250000e-01 1.431752e-02
5.300000e-01 1.441131e-02
5.350000e-01 1.442729e-02
5.400000e-01 1.447561e-02
5.450000e-01 1.454696e-02
5.500000e-01 1.454708e-02
5.550000e-01 1.443859e-02
5.600000e-01 1.431386e-02
5.650000e-01 1.426489e-02
5.700000e-01 1.418606e-02
5.750000e-01 1.405611e-02
5.800000e-01 1.395617e-02
5.850000e-01 1.391200e-02
5.900000e-01 1.393887e-02
5.950000e-01 1.401889e-02
6.000000e-01 1.415324e-02
6.050000e-01 1.429677e-02
6.100000e-01 1.439439e-02
6.150000e-01 1.450650e-02
6.200000e-01 1.464612e-02
6.250000e-01 1.476813e-02
6.300000e-01 1.489107e-02
6.350000e-01 1.498377e-02
6.400000e-01 1.505419e-02
6.450000e-01 1.515033e-02
6.500000e-01 1.521797e-02
6.550000e-01 1.523338e-02
6.600000e-01 1.518371e-02
6.650000e-01 1.506070e-02
6.700000e-01 1.493216e-02
6.750000e-01 1.483155e-02
6.800000e-01 1.474245e-02
6.850000e-01 1.466361e-02
6.900000e-01 1.460492e-02
6.950000e-01 1.458474e-02
7.000000e-01 1.459109e-02
7.050000e-01 1.463651e-02
7.100000e-01 1.472754e-02
7.150000e-01 1.477344e-02
7.200000e-01 1.477938e-02
7.250000e-01 1.480786e-02
7.300000e-01 1.486480e-02
7.350000e-01 1.493669e-02
7.400000e-01 1.497838e-02
7.450000e-01 1.498348e-02
7.500000e-01 1.497190e-02
7.550000e-01 1.496333e-02
7.600000e-01 1.495592e-02
7.650000e-01 1.491896e-02
7.700000e-01 1.482181e-02
7.750000e-01 1.469647e-02
7.800000e-01 1.458607e-02
7.850000e-01 1.450030e-02
7.900000e-01 1.445709e-02
7.950000e-01 1.440151e-02
8.000000e-01 1.434787e-02
8.050000e-01 1.434786e-02
8.100000e-01 1.432190e-02
8.150000e-01 1.428669e-02
8.200000e-01 1.434366e-02
8.250000e-01 1.439008e-02
8.300000e-01 1.436942e-02
8.350000e-01 1.436357e-02
8.400000e-01 1.435686e-02
8.450000e-01 1.439062e-02
8.500000e-01 1.444709e-02
8.550000e-01 1.443853e-02
8.600000e-01 1.440749e-02
8.650000e-01 1.441659e-02
8.700000e-01 1.440520e-02
8.750000e-01 1.438397e-02
8.800000e-01 1.438152e-02
8.850000e-01 1.431158e-02
8.900000e-01 1.427794e-02
8.950000e-01 1.428702e-02
9.000000e-01 1.427962e-02
9.050000e-01 1.430526e-02
9.100000e-01 1.430601e-02
9.150000e-01 1.428841e-02
9.200000e-01 1.432560e-02
9.250000e-01 1.438636e-02
9.300000e-01 1.442432e-02
9.350000e-01 1.443330e-02
9.400000e-01 1.443474e-02
9.450000e-01 1.448095e-02
9.500000e-01 1.452243e-02
9.550000e-01 1.453714e-02
9.600000e-01 1.456000e-02
9.650000e-01 1.456512e-02
9.700000e-01 1.455599e-02
9.750000e-01 1.457915e-02
9.800000e-01 1.460030e-02
9.850000e-01 1.460791e-02
9.900000e-01 1.461526e-02
9.950000e-01 1.460339e-02
1 1.464005e-02
1.005000e+00 1.466691e-02
1.010000e+00 1.466844e-02
1.015000e+00 1.470545e-02
1.020000e+00 1.471771e-02
1.025000e+00 1.470881e-02
1.030000e+00 1.472586e-02
1.035000e+00 1.474759e-02
1.040000e+00 1.475767e-02
1.045000e+00 1.477055e-02
1.050000e+00 1.476700e-02
1.055000e+00 1.477918e-02
1.060000e+00 1.476642e-02
1.065000e+00 1.473115e-02
1.070000e+00 1.471151e-02
1.075000e+00 1.469034e-02
1.080000e+00 1.468277e-02
1.085000e+00 1.465149e-02
1.090000e+00 1.465441e-02
1.095000e+00 1.466046e-02
1.100000e+00 1.462816e-02
1.105000e+00 1.462748e-02
1.110000e+00 1.467252e-02
1.115000e+00 1.470722e-02
1.120000e+00 1.468111e-02
1.125000e+00 1.463358e-02
1.130000e+00 1.460391e-02
1.135000e+00 1.462858e-02
1.140000e+00 1.464761e-02
1.145000e+00 1.464111e-02
1.150000e+00 1.460879e-02
1.155000e+00 1.457970e-02
1.160000e+00 1.457805e-02
1.165000e+00 1.454517e-02
1.170000e+00 1.455133e-02
1.175000e+00 1.450126e-02
1.180000e+00 1.443099e-02
1.185000e+00 1.440781e-02
1.190000e+00 1.435438e-02
1.195000e+00 1.439479e-02
1.200000e+00 1.439454e-02
1.205000e+00 1.437027e-02
1.210000e+00 1.440916e-02
1.215000e+00 1.437668e-02
1.220000e+00 1.442292e-02
1.225000e+00 1.449414e-02
1.230000e+00 1.445183e-02
1.235000e+00 1.441857e-02
1.240000e+00 1.445357e-02
1.245000e+00 1.447776e-02
1.250000e+00 1.444092e-02
1.255000e+00 1.449408e-02
1.260000e+00 1.455383e-02
1.265000e+00 1.446127e-02
1.270000e+00 1.444511e-02
1.275000e+00 1.452234e-02
1.280000e+00 1.451119e-02
1.285000e+00 1.443447e-02
1.290000e+00 1.439345e-02
1.295000e+00 1.443628e-02
1.300000e+00 1.443525e-02
1.305000e+00 1.438789e-02
1.310000e+00 1.445012e-02
1.315000e+00 1.452016e-02
1.320000e+00 1.448560e-02
1.325000e+00 1.447402e-02
1.330000e+00 1.455585e-02
1.335000e+00 1.464598e-02
1.340000e+00 1.463321e-02
1.345000e+00 1.456823e-02
1.350000e+00 1.457240e-02
1.355000e+00 1.465030e-02
1.360000e+00 1.471722e-02
1.365000e+00 1.467808e-02
1.370000e+00 1.465752e-02
1.375000e+00 1.470362e-02
1.380000e+00 1.470225e-02
1.385000e+00 1.467890e-02
1.390000e+00 1.466645e-02
1.395000e+00 1.466772e-02
1.400000e+00 1.462883e-02
1.405000e+00 1.456909e-02
1.410000e+00 1.458863e-02
1.415000e+00 1.462600e-02
1.420000e+00 1.466305e-02
1.425000e+00 1.473064e-02
1.430000e+00 1.471347e-02
1.435000e+00 1.463419e-02
1.440000e+00 1.454899e-02
1.445000e+00 1.442691e-02
1.450000e+00 1.436424e-02
1.455000e+00 1.439596e-02
1.460000e+00 1.454590e-02
1.465000e+00 1.487770e-02
1.470000e+00 1.525042e-02
1.475000e+00 1.547956e-02
1.480000e+00 1.553805e-02
1.485000e+00 1.534462e-02
1.490000e+00 1.491609e-02
1.495000e+00 1.444018e-02
1.500000e+00 1.399131e-02
1.505000e+00 1.357646e-02
1.510000e+00 1.316172e-02
1.515000e+00 1.272023e-02
1.520000e+00 1.218234e-02
1.525000e+00 1.155612e-02
1.530000e+00 1.096588e-02
1.535000e+00 1.047817e-02
1.540000e+00 1.008569e-02
1.545000e+00 9.764443e-03
1.550000e+00 9.481542e-03
1.555000e+00 9.070808e-03
1.560000e+00 8.544623e-03
1.565000e+00 8.024745e-03
1.570000e+00 7.489792e-03
1.575000e+00 6.921447e-03
1.580000e+00 6.337358e-03
1.585000e+00 5.771473e-03
1.590000e+00 5.244901e-03
1.595000e+00 4.743058e-03
1.600000e+00 4.211853e-03
1.605000e+00 3.633795e-03
1.610000e+00 2.952483e-03
1.615000e+00 2.206966e-03
1.620000e+00 1.478580e-03
1.625000e+00 7.284667e-04
1.630000e+00 2.713349e-05
1.635000e+00 -5.954121e-04
1.640000e+00 -1.171942e-03
1.645000e+00 -1.614757e-03
1.650000e+00 -1.912941e-03
1.655000e+00 -2.238182e-03
1.660000e+00 -2.778457e-03
1.665000e+00 -3.600234e-03
1.670000e+00 -4.587774e-03
1.675000e+00 -5.513168e-03
1.680000e+00 -6.231140e-03
1.685000e+00 -6.692596e-03
1.690000e+00 -6.691966e-03
1.695000e+00 -6.153062e-03
1.700000e+00 -5.486755e-03
1.705000e+00 -4.976625e-03
1.710000e+00 -4.535576e-03
1.715000e+00 -4.057212e-03
1.720000e+00 -3.599693e-03
1.725000e+00 -3.280172e-03
1.730000e+00 -3.001663e-03
1.735000e+00 -2.681302e-03
1.740000e+00 -2.350912e-03
1.745000e+00 -2.107476e-03
1.750000e+00 -2.070811e-03
1.755000e+00 -1.961599e-03
1.760000e+00 -1.399291e-03
1.765000e+00 -4.672834e-04
1.770000e+00 4.197450e-04
1.775000e+00 8.738809e-04
1.780000e+00 9.919795e-04
1.785000e+00 1.269609e-03
1.790000e+00 1.979223e-03
1.795000e+00 3.047205e-03
1.800000e+00 4.189434e-03
1.805000e+00 5.028231e-03
1.810000e+00 5.517672e-03
1.815000e+00 5.930360e-03
1.820000e+00 6.376304e-03
1.825000e+00 6.744651e-03
1.830000e+00 6.992320e-03
1.835000e+00 7.259642e-03
1.840000e+00 7.589040e-03
1.845000e+00 8.036364e-03
1.850000e+00 8.699480e-03
1.855000e+00 9.407567e-03
1.860000e+00 1.001879e-02
1.865000e+00 1.054890e-02
1.870000e+00 1.100715e-02
1.875000e+00 1.138083e-02
1.880000e+00 1.174839e-02
1.885000e+00 1.211412e-02
1.890000e+00 1.233049e-02
1.895000e+00 1.248946e-02
1.900000e+00 1.270008e-02
1.905000e+00 1.296350e-02
1.910000e+00 1.331650e-02
1.915000e+00 1.373360e-02
1.920000e+00 1.427937e-02
1.925000e+00 1.489306e-02
1.930000e+00 1.534281e-02
1.935000e+00 1.562732e-02
1.940000e+00 1.581157e-02
1.945000e+00 1.589196e-02
1.950000e+00 1.595646e-02
1.955000e+00 1.604400e-02
1.960000e+00 1.609587e-02
1.965000e+00 1.614822e-02
1.970000e+00 1.621432e-02
1.975000e+00 1.624182e-02
1.980000e+00 1.620516e-02
1.985000e+00 1.602778e-02
1.990000e+00 1.569607e-02
1.995000e+00 1.533929e-02
2 1.508874e-02
2.005000e+00 1.491159e-02
2.010000e+00 1.472548e-02
2.015000e+00 1.459358e-02
2.020000e+00 1.452077e-02
2.025000e+00 1.442041e-02
2.030000e+00 1.429473e-02
2.035000e+00 1.419288e-02
2.040000e+00 1.409306e-02
2.045000e+00 1.403475e-02
2.050000e+00 1.415808e-02
2.055000e+00 1.423391e-02
2.060000e+00 1.401515e-02
2.065000e+00 1.370741e-02
2.070000e+00 1.346330e-02
2.075000e+00 1.318204e-02
2.080000e+00 1.282219e-02
2.085000e+00 1.258100e-02
2.090000e+00 1.250058e-02
2.095000e+00 1.254795e-02
2.100000e+00 1.282149e-02
2.105000e+00 1.320916e-02
2.110000e+00 1.355094e-02
2.115000e+00 1.379266e-02
2.120000e+00 1.397609e-02
2.125000e+00 1.413213e-02
2.130000e+00 1.419091e-02
2.135000e+00 1.419168e-02
2.140000e+00 1.422394e-02
2.145000e+00 1.426029e-02
2.150000e+00 1.423762e-02
2.155000e+00 1.423855e-02
2.160000e+00 1.442252e-02
2.165000e+00 1.475160e-02
2.170000e+00 1.517704e-02
2.175000e+00 1.573257e-02
2.180000e+00 1.619845e-02
2.185000e+00 1.650203e-02
2.190000e+00 1.682379e-02
2.195000e+00 1.710479e-02
2.200000e+00 1.724647e-02
2.205000e+00 1.723775e-02
2.210000e+00 1.709509e-02
2.215000e+00 1.682327e-02
2.220000e+00 1.650359e-02
2.225000e+00 1.625054e-02
2.230000e+00 1.597808e-02
2.235000e+00 1.564943e-02
2.240000e+00 1.535861e-02
2.245000e+00 1.517500e-02
2.250000e+00 1.503314e-02
2.255000e+00 1.490317e-02
2.260000e+00 1.481804e-02
2.265000e+00 1.471030e-02
2.270000e+00 1.457555e-02
2.275000e+00 1.444462e-02
2.280000e+00 1.434531e-02
2.285000e+00 1.418591e-02
2.290000e+00 1.390611e-02
2.295000e+00 1.361053e-02
2.300000e+00 1.327830e-02
2.305000e+00 1.294436e-02
2.310000e+00 1.268140e-02
2.315000e+00 1.232668e-02
2.320000e+00 1.192744e-02
2.325000e+00 1.172934e-02
2.330000e+00 1.164189e-02
2.335000e+00 1.163527e-02
2.340000e+00 1.174655e-02
2.345000e+00 1.194289e-02
2.350000e+00 1.229689e-02
2.355000e+00 1.272788e-02
2.360000e+00 1.318620e-02
2.365000e+00 1.360485e-02
2.370000e+00 1.391757e-02
2.375000e+00 1.419912e-02
2.380000e+00 1.446903e-02
2.385000e+00 1.471075e-02
2.390000e+00 1.484959e-02
2.395000e+00 1.487445e-02
2.400000e+00 1.485108e-02
2.405000e+00 1.483675e-02
2.410000e+00 1.493519e-02
2.415000e+00 1.516314e-02
2.420000e+00 1.542613e-02
2.425000e+00 1.571156e-02
2.430000e+00 1.601516e-02
2.435000e+00 1.632946e-02
2.440000e+00 1.663201e-02
2.445000e+00 1.687242e-02
2.450000e+00 1.711923e-02
2.455000e+00 1.728866e-02
2.460000e+00 1.728161e-02
2.465000e+00 1.718617e-02
2.470000e+00 1.699898e-02
2.475000e+00 1.670044e-02
2.480000e+00 1.634273e-02
2.485000e+00 1.598131e-02
2.490000e+00 1.565275e-02
2.495000e+00 1.540688e-02
2.500000e+00 1.520583e-02
2.505000e+00 1.497418e-02
2.510000e+00 1.480403e-02
2.515000e+00 1.467024e-02
2.520000e+00 1.450314e-02
2.525000e+00 1.444780e-02
2.530000e+00 1.447408e-02
2.535000e+00 1.436015e-02
2.540000e+00 1.414548e-02
2.545000e+00 1.399461e-02
2.550000e+00 1.382493e-02
2.555000e+00 1.352728e-02
2.560000e+00 1.320319e-02
2.565000e+00 1.295970e-02
2.570000e+00 1.275281e-02
2.575000e+00 1.257346e-02
2.580000e+00 1.244507e-02
2.585000e+00 1.240985e-02
2.590000e+00 1.245157e-02
2.595000e+00 1.245039e-02
2.600000e+00 1.254318e-02
2.605000e+00 1.278881e-02
2.610000e+00 1.300259e-02
2.615000e+00 1.313928e-02
2.620000e+00 1.328511e-02
2.625000e+00 1.349331e-02
2.630000e+00 1.370576e-02
2.635000e+00 1.385012e-02
2.640000e+00 1.394085e-02
2.645000e+00 1.404766e-02
2.650000e+00 1.416594e-02
2.655000e+00 1.430091e-02
2.660000e+00 1.444953e-02
2.665000e+00 1.461971e-02
2.670000e+00 1.482271e-02
2.675000e+00 1.497370e-02
2.680000e+00 1.507945e-02
2.685000e+00 1.525559e-02
2.690000e+00 1.551221e-02
2.695000e+00 1.565491e-02
2.700000e+00 1.576894e-02
2.705000e+00 1.599407e-02
2.710000e+00 1.613336e-02
2.715000e+00 1.619176e-02
2.720000e+00 1.621973e-02
2.725000e+00 1.615941e-02
2.730000e+00 1.610005e-02
2.735000e+00 1.607801e-02
2.740000e+00 1.601307e-02
2.745000e+00 1.593746e-02
2.750000e+00 1.587628e-02
2.755000e+00 1.574427e-02
2.760000e+00 1.559783e-02
2.765000e+00 1.551658e-02
2.770000e+00 1.545050e-02
2.775000e+00 1.536850e-02
2.780000e+00 1.526572e-02
2.785000e+00 1.518926e-02
2.790000e+00 1.509786e-02
2.795000e+00 1.494431e-02
2.800000e+00 1.480292e-02
2.805000e+00 1.465014e-02
2.810000e+00 1.450123e-02
2.815000e+00 1.437876e-02
2.820000e+00 1.421453e-02
2.825000e+00 1.405116e-02
2.830000e+00 1.389857e-02
2.835000e+00 1.367029e-02
2.840000e+00 1.347255e-02
2.845000e+00 1.337474e-02
2.850000e+00 1.329945e-02
2.855000e+00 1.322310e-02
2.860000e+00 1.313552e-02
2.865000e+00 1.314917e-02
2.870000e+00 1.323656e-02
2.875000e+00 1.326095e-02
2.880000e+00 1.330125e-02
2.885000e+00 1.341952e-02
2.890000e+00 1.352333e-02
2.895000e+00 1.354448e-02
2.900000e+00 1.360424e-02
2.905000e+00 1.371681e-02
2.910000e+00 1.380615e-02
2.915000e+00 1.383782e-02
2.920000e+00 1.379187e-02
2.925000e+00 1.386890e-02
2.930000e+00 1.402938e-02
2.935000e+00 1.404896e-02
2.940000e+00 1.403998e-02
2.945000e+00 1.415206e-02
2.950000e+00 1.430468e-02
2.955000e+00 1.441840e-02
2.960000e+00 1.455187e-02
2.965000e+00 1.467655e-02
2.970000e+00 1.480973e-02
2.975000e+00 1.500412e-02
2.980000e+00 1.518125e-02
2.985000e+00 1.533616e-02
2.990000e+00 1.551569e-02
2.995000e+00 1.570190e-02
3 1.580140e-02
3.005000e+00 1.578355e-02
3.010000e+00 1.573935e-02
3.015000e+00 1.567846e-02
3.020000e+00 1.558289e-02
3.025000e+00 1.546336e-02
3.030000e+00 1.533286e-02
3.035000e+00 1.530144e-02
3.040000e+00 1.534562e-02
3.045000e+00 1.533799e-02
3.050000e+00 1.531095e-02
3.055000e+00 1.532171e-02
3.060000e+00 1.536507e-02
3.065000e+00 1.547747e-02
3.070000e+00 1.559941e-02
3.075000e+00 1.558938e-02
3.080000e+00 1.552251e-02
3.085000e+00 1.540571e-02
3.090000e+00 1.520721e-02
3.095000e+00 1.498508e-02
3.100000e+00 1.455123e-02
3.105000e+00 1.388866e-02
3.110000e+00 1.325875e-02
3.115000e+00 1.269763e-02
3.120000e+00 1.202921e-02
3.125000e+00 1.123572e-02
3.130000e+00 1.044879e-02
3.135000e+00 9.772968e-03
3.140000e+00 9.227839e-03
3.145000e+00 8.602099e-03
3.150000e+00 7.932673e-03
3.155000e+00 7.384082e-03
3.160000e+00 6.857878e-03
3.165000e+00 6.399072e-03
3.170000e+00 6.006425e-03
3.175000e+00 5.636028e-03
3.180000e+00 5.331511e-03
3.185000e+00 4.957917e-03
3.190000e+00 4.460989e-03
3.195000e+00 3.937888e-03
3.200000e+00 3.349363e-03
3.205000e+00 2.731828e-03
3.210000e+00 2.175924e-03
3.215000e+00 1.654661e-03
3.220000e+00 1.255316e-03
3.225000e+00 8.701390e-04
3.230000e+00 2.894884e-04
3.235000e+00 -3.827917e-04
3.240000e+00 -1.032118e-03
3.245000e+00 -1.656873e-03
3.250000e+00 -2.343254e-03
3.255000e+00 -3.093364e-03
3.260000e+00 -3.775976e-03
3.265000e+00 -4.404188e-03
3.270000e+00 -5.012008e-03
3.275000e+00 -5.442380e-03
3.280000e+00 -5.588690e-03
3.285000e+00 -5.603845e-03
3.290000e+00 -5.579017e-03
3.295000e+00 -5.406862e-03
3.300000e+00 -5.045647e-03
3.305000e+00 -4.550962e-03
3.310000e+00 -3.999192e-03
3.315000e+00 -3.355694e-03
3.320000e+00 -2.675705e-03
3.325000e+00 -2.217096e-03
3.330000e+00 -1.936761e-03
3.335000e+00 -1.696621e-03
3.340000e+00 -1.573857e-03
3.345000e+00 -1.533467e-03
3.350000e+00 -1.385448e-03
3.355000e+00 -1.095556e-03
3.360000e+00 -7.538527e-04
3.365000e+00 -3.106874e-04
3.370000e+00 1.317886e-04
3.375000e+00 5.098658e-04
3.380000e+00 1.016082e-03
3.385000e+00 1.676949e-03
3.390000e+00 2.416351e-03
3.395000e+00 3.168987e-03
3.400000e+00 3.892216e-03
3.405000e+00 4.596985e-03
3.410000e+00 5.253052e-03
3.415000e+00 5.871707e-03
3.420000e+00 6.578282e-03
3.425000e+00 7.369839e-03
3.430000e+00 8.106966e-03
3.435000e+00 8.671588e-03
3.440000e+00 8.972661e-03
3.445000e+00 9.033428e-03
3.450000e+00 9.011995e-03
3.455000e+00 9.177812e-03
3.460000e+00 9.661731e-03
3.465000e+00 1.035381e-02
3.470000e+00 1.108125e-02
3.475000e+00 1.162809e-02
3.480000e+00 1.195962e-02
3.485000e+00 1.221510e-02
3.490000e+00 1.243668e-02
3.495000e+00 1.266058e-02
3.500000e+00 1.283379e-02
3.505000e+00 1.290858e-02
3.510000e+00 1.312010e-02
3.515000e+00 1.349263e-02
3.520000e+00 1.387495e-02
3.525000e+00 1.423175e-02
3.530000e+00 1.443236e-02
3.535000e+00 1.449625e-02
3.540000e+00 1.446436e-02
3.545000e+00 1.445034e-02
3.550000e+00 1.460051e-02
3.555000e+00 1.475594e-02
3.560000e+00 1.487965e-02
3.565000e+00 1.492758e-02
3.570000e+00 1.485538e-02
3.575000e+00 1.479783e-02
3.580000e+00 1.473889e-02
3.585000e+00 1.467138e-02
3.590000e+00 1.456093e-02
3.595000e+00 1.440099e-02
3.600000e+00 1.434072e-02
3.605000e+00 1.442548e-02
3.610000e+00 1.458183e-02
3.615000e+00 1.472014e-02
3.620000e+00 1.489076e-02
3.625000e+00 1.513829e-02
3.630000e+00 1.536269e-02
3.635000e+00 1.541310e-02
3.640000e+00 1.539105e-02
3.645000e+00 1.544439e-02
3.650000e+00 1.539113e-02
3.655000e+00 1.521817e-02
3.660000e+00 1.503868e-02
3.665000e+00 1.499054e-02
3.670000e+00 1.516253e-02
3.675000e+00 1.536275e-02
3.680000e+00 1.551164e-02
3.685000e+00 1.568837e-02
3.690000e+00 1.582648e-02
3.695000e+00 1.575205e-02
3.700000e+00 1.546956e-02
3.705000e+00 1.513611e-02
3.710000e+00 1.486666e-02
3.715000e+00 1.478915e-02
3.720000e+00 1.488064e-02
3.725000e+00 1.493593e-02
3.730000e+00 1.487311e-02
3.735000e+00 1.472212e-02
3.740000e+00 1.465067e-02
3.745000e+00 1.468336e-02
3.750000e+00 1.458696e-02
3.755000e+00 1.436051e-02
3.760000e+00 1.406730e-02
3.765000e+00 1.377972e-02
3.770000e+00 1.361410e-02
3.775000e+00 1.347902e-02
3.780000e+00 1.329510e-02
3.785000e+00 1.301323e-02
3.790000e+00 1.274255e-02
3.795000e+00 1.276856e-02
3.800000e+00 1.301379e-02
3.805000e+00 1.330717e-02
3.810000e+00 1.369105e-02
3.815000e+00 1.409877e-02
3.820000e+00 1.443026e-02
3.825000e+00 1.464398e-02
3.830000e+00 1.475726e-02
3.835000e+00 1.483845e-02
3.840000e+00 1.486418e-02
3.845000e+00 1.486071e-02
3.850000e+00 1.480859e-02
3.855000e+00 1.467822e-02
3.860000e+00 1.462282e-02
3.865000e+00 1.463393e-02
3.870000e+00 1.465715e-02
3.875000e+00 1.476709e-02
3.880000e+00 1.482004e-02
3.885000e+00 1.472243e-02
3.890000e+00 1.465842e-02
3.895000e+00 1.461649e-02
3.900000e+00 1.457026e-02
3.905000e+00 1.457038e-02
3.910000e+00 1.453293e-02
3.915000e+00 1.453158e-02
3.920000e+00 1.462480e-02
3.925000e+00 1.477631e-02
3.930000e+00 1.496041e-02
3.935000e+00 1.512147e-02
3.940000e+00 1.523725e-02
3.945000e+00 1.531118e-02
3.950000e+00 1.528826e-02
3.955000e+00 1.516416e-02
3.960000e+00 1.504256e-02
3.965000e+00 1.476411e-02
3.970000e+00 1.434641e-02
3.975000e+00 1.401990e-02
3.980000e+00 1.379876e-02
3.985000e+00 1.369027e-02
3.990000e+00 1.363413e-02
3.995000e+00 1.365105e-02
4 1.373738e-02
4.005000e+00 1.382828e-02
4.010000e+00 1.397232e-02
4.015000e+00 1.414402e-02
4.020000e+00 1.430472e-02
4.025000e+00 1.446722e-02
4.030000e+00 1.462696e-02
4.035000e+00 1.476377e-02
4.040000e+00 1.487423e-02
4.045000e+00 1.499452e-02
4.050000e+00 1.523191e-02
4.055000e+00 1.557876e-02
4.060000e+00 1.583863e-02
4.065000e+00 1.598149e-02
4.070000e+00 1.605575e-02
4.075000e+00 1.599240e-02
4.080000e+00 1.583776e-02
4.085000e+00 1.568648e-02
4.090000e+00 1.549020e-02
4.095000e+00 1.522208e-02
4.100000e+00 1.496637e-02
4.105000e+00 1.471451e-02
4.110000e+00 1.448920e-02
4.115000e+00 1.440210e-02
4.120000e+00 1.445312e-02
4.125000e+00 1.459279e-02
4.130000e+00 1.475324e-02
4.135000e+00 1.487540e-02
4.140000e+00 1.493935e-02
4.145000e+00 1.498646e-02
4.150000e+00 1.502775e-02
4.155000e+00 1.495207e-02
4.160000e+00 1.469939e-02
4.165000e+00 1.433010e-02
4.170000e+00 1.393782e-02
4.175000e+00 1.360480e-02
4.180000e+00 1.329349e-02
4.185000e+00 1.292573e-02
4.190000e+00 1.259675e-02
4.195000e+00 1.241336e-02
4.200000e+00 1.235586e-02
4.205000e+00 1.235574e-02
4.210000e+00 1.241013e-02
4.215000e+00 1.252492e-02
4.220000e+00 1.263858e-02
4.225000e+00 1.279050e-02
4.230000e+00 1.303136e-02
4.235000e+00 1.328972e-02
4.240000e+00 1.351161e-02
4.245000e+00 1.370304e-02
4.250000e+00 1.394541e-02
4.255000e+00 1.425395e-02
4.260000e+00 1.449930e-02
4.265000e+00 1.473645e-02
4.270000e+00 1.507455e-02
4.275000e+00 1.543868e-02
4.280000e+00 1.570520e-02
4.285000e+00 1.589222e-02
4.290000e+00 1.613201e-02
4.295000e+00 1.632090e-02
4.300000e+00 1.637262e-02
4.305000e+00 1.642916e-02
4.310000e+00 1.651552e-02
4.315000e+00 1.648798e-02
4.320000e+00 1.633380e-02
4.325000e+00 1.621654e-02
4.330000e+00 1.607534e-02
4.335000e+00 1.590786e-02
4.340000e+00 1.589064e-02
4.345000e+00 1.592257e-02
4.350000e+00 1.585698e-02
4.355000e+00 1.575484e-02
4.360000e+00 1.575564e-02
4.365000e+00 1.581798e-02
4.370000e+00 1.587765e-02
4.375000e+00 1.592349e-02
4.380000e+00 1.582079e-02
4.385000e+00 1.561386e-02
4.390000e+00 1.540844e-02
4.395000e+00 1.509431e-02
4.400000e+00 1.462507e-02
4.405000e+00 1.411463e-02
4.410000e+00 1.355610e-02
4.415000e+00 1.301466e-02
4.420000e+00 1.262779e-02
4.425000e+00 1.225882e-02
4.430000e+00 1.191598e-02
4.435000e+00 1.177722e-02
4.440000e+00 1.177690e-02
4.445000e+00 1.181055e-02
4.450000e+00 1.200396e-02
4.455000e+00 1.237727e-02
4.460000e+00 1.277617e-02
4.465000e+00 1.316006e-02
4.470000e+00 1.351028e-02
4.475000e+00 1.385433e-02
4.480000e+00 1.406938e-02
4.485000e+00 1.414378e-02
4.490000e+00 1.423662e-02
4.495000e+00 1.421008e-02
4.500000e+00 1.407685e-02
4.505000e+00 1.400021e-02
4.510000e+00 1.401065e-02
4.515000e+00 1.406670e-02
4.520000e+00 1.413156e-02
4.525000e+00 1.431773e-02
4.530000e+00 1.462985e-02
4.535000e+00 1.493859e-02
4.540000e+00 1.521891e-02
4.545000e+00 1.550852e-02
4.550000e+00 1.582480e-02
4.555000e+00 1.609487e-02
4.560000e+00 1.626613e-02
4.565000e+00 1.638664e-02
4.570000e+00 1.647209e-02
4.575000e+00 1.648496e-02
4.580000e+00 1.645471e-02
4.585000e+00 1.642157e-02
4.590000e+00 1.628667e-02
4.595000e+00 1.599852e-02
4.600000e+00 1.562515e-02
4.605000e+00 1.523279e-02
4.610000e+00 1.493954e-02
4.615000e+00 1.481447e-02
4.620000e+00 1.478726e-02
4.625000e+00 1.485653e-02
4.630000e+00 1.501052e-02
4.635000e+00 1.512583e-02
4.640000e+00 1.510731e-02
4.645000e+00 1.494481e-02
4.650000e+00 1.469666e-02
4.655000e+00 1.439284e-02
4.660000e+00 1.413779e-02
4.665000e+00 1.390748e-02
4.670000e+00 1.358769e-02
4.675000e+00 1.328091e-02
4.680000e+00 1.302516e-02
4.685000e+00 1.280850e-02
4.690000e+00 1.264867e-02
4.695000e+00 1.256247e-02
4.700000e+00 1.255227e-02
4.705000e+00 1.248898e-02
4.710000e+00 1.233851e-02
4.715000e+00 1.209776e-02
4.720000e+00 1.162234e-02
4.725000e+00 1.102718e-02
4.730000e+00 1.050028e-02
4.735000e+00 9.959726e-03
4.740000e+00 9.420799e-03
4.745000e+00 8.911853e-03
4.750000e+00 8.347147e-03
4.755000e+00 7.726195e-03
4.760000e+00 7.126913e-03
4.765000e+00 6.622931e-03
4.770000e+00 6.200848e-03
4.775000e+00 5.828103e-03
4.780000e+00 5.541941e-03
4.785000e+00 5.314827e-03
4.790000e+00 5.047325e-03
4.795000e+00 4.854584e-03
4.800000e+00 4.877190e-03
4.805000e+00 4.952621e-03
4.810000e+00 4.941881e-03
4.815000e+00 4.837629e-03
4.820000e+00 4.364423e-03
4.825000e+00 3.441164e-03
4.830000e+00 2.393515e-03
4.835000e+00 1.274793e-03
4.840000e+00 8.133647e-05
4.845000e+00 -1.037170e-03
4.850000e+00 -1.958478e-03
4.855000e+00 -2.678465e-03
4.860000e+00 -3.379588e-03
4.865000e+00 -4.155992e-03
4.870000e+00 -4.878789e-03
4.875000e+00 -5.426994e-03
4.880000e+00 -5.775999e-03
4.885000e+00 -5.946058e-03
4.890000e+00 -6.012114e-03
4.895000e+00 -5.931012e-03
4.900000e+00 -5.674784e-03
4.905000e+00 -5.402699e-03
4.910000e+00 -5.243601e-03
4.915000e+00 -5.087985e-03
4.920000e+00 -4.708263e-03
4.925000e+00 -4.208817e-03
4.930000e+00 -3.796248e-03
4.935000e+00 -3.407562e-03
4.940000e+00 -2.980844e-03
4.945000e+00 -2.596824e-03
4.950000e+00 -2.358816e-03
4.955000e+00 -2.219269e-03
4.960000e+00 -2.022467e-03
4.965000e+00 -1.701145e-03
4.970000e+00 -1.248796e-03
4.975000e+00 -6.787779e-04
4.980000e+00 -6.542280e-05
4.985000e+00 5.740760e-04
4.990000e+00 1.312250e-03
4.995000e+00 2.080933e-03
5 2.750890e-03
5.005000e+00 3.394310e-03
5.010000e+00 4.079425e-03
5.015000e+00 4.812211e-03
5.020000e+00 5.701600e-03
5.025000e+00 6.734133e-03
5.030000e+00 7.758290e-03
5.035000e+00 8.720140e-03
5.040000e+00 9.664926e-03
5.045000e+00 1.054256e-02
5.050000e+00 1.127533e-02
5.055000e+00 1.190373e-02
5.060000e+00 1.244407e-02
5.065000e+00 1.296555e-02
5.070000e+00 1.343229e-02
5.075000e+00 1.372341e-02
5.080000e+00 1.388053e-02
5.085000e+00 1.404896e-02
5.090000e+00 1.435433e-02
5.095000e+00 1.463817e-02
5.100000e+00 1.479837e-02
5.105000e+00 1.485085e-02
5.110000e+00 1.473577e-02
5.115000e+00 1.456283e-02
5.120000e+00 1.443843e-02
5.125000e+00 1.452274e-02
5.130000e+00 1.487172e-02
5.135000e+00 1.527663e-02
5.140000e+00 1.567297e-02
5.145000e+00 1.593520e-02
5.150000e+00 1.596462e-02
5.155000e+00 1.592672e-02
5.160000e+00 1.585408e-02
5.165000e+00 1.573814e-02
5.170000e+00 1.560171e-02
5.175000e+00 1.543008e-02
5.180000e+00 1.525613e-02
5.185000e+00 1.507478e-02
5.190000e+00 1.489894e-02
5.195000e+00 1.463240e-02
5.200000e+00 1.415599e-02
5.205000e+00 1.357439e-02
5.210000e+00 1.299137e-02
5.215000e+00 1.249369e-02
5.220000e+00 1.222215e-02
5.225000e+00 1.221414e-02
5.230000e+00 1.238841e-02
5.235000e+00 1.251941e-02
5.240000e+00 1.256901e-02
5.245000e+00 1.275945e-02
5.250000e+00 1.301132e-02
5.255000e+00 1.317149e-02
5.260000e+00 1.339582e-02
5.265000e+00 1.376845e-02
5.270000e+00 1.408600e-02
5.275000e+00 1.431222e-02
5.280000e+00 1.454323e-02
5.285000e+00 1.471144e-02
5.290000e+00 1.483016e-02
5.295000e+00 1.487841e-02
5.300000e+00 1.480368e-02
5.305000e+00 1.472393e-02
5.310000e+00 1.467984e-02
5.315000e+00 1.459533e-02
5.320000e+00 1.448283e-02
5.325000e+00 1.440552e-02
5.330000e+00 1.439549e-02
5.335000e+00 1.442815e-02
5.340000e+00 1.455190e-02
5.345000e+00 1.483028e-02
5.350000e+00 1.507044e-02
5.355000e+00 1.522112e-02
5.360000e+00 1.539002e-02
5.365000e+00 1.548912e-02
5.370000e+00 1.556415e-02
5.375000e+00 1.570596e-02
5.380000e+00 1.589699e-02
5.385000e+00 1.611328e-02
5.390000e+00 1.631279e-02
5.395000e+00 1.647221e-02
5.400000e+00 1.646403e-02
5.405000e+00 1.631756e-02
5.410000e+00 1.608907e-02
5.415000e+00 1.571384e-02
5.420000e+00 1.539923e-02
5.425000e+00 1.524199e-02
5.430000e+00 1.508858e-02
5.435000e+00 1.495655e-02
5.440000e+00 1.494035e-02
5.445000e+00 1.499851e-02
5.450000e+00 1.497614e-02
5.455000e+00 1.478000e-02
5.460000e+00 1.455763e-02
5.465000e+00 1.438254e-02
5.470000e+00 1.423715e-02
5.475000e+00 1.416382e-02
5.480000e+00 1.405316e-02
5.485000e+00 1.391145e-02
5.490000e+00 1.375382e-02
5.495000e+00 1.351301e-02
5.500000e+00 1.340461e-02
5.505000e+00 1.351486e-02
5.510000e+00 1.362558e-02
5.515000e+00 1.364857e-02
5.520000e+00 1.360015e-02
5.525000e+00 1.351444e-02
5.530000e+00 1.343314e-02
5.535000e+00 1.332261e-02
5.540000e+00 1.322767e-02
5.545000e+00 1.320421e-02
5.550000e+00 1.317397e-02
5.555000e+00 1.317879e-02
5.560000e+00 1.334111e-02
5.565000e+00 1.353948e-02
5.570000e+00 1.367692e-02
5.575000e+00 1.391913e-02
5.580000e+00 1.419967e-02
5.585000e+00 1.433712e-02
5.590000e+00 1.441986e-02
5.595000e+00 1.450124e-02
5.600000e+00 1.456506e-02
5.605000e+00 1.461145e-02
5.610000e+00 1.469573e-02
5.615000e+00 1.480924e-02
5.620000e+00 1.485059e-02
5.625000e+00 1.494065e-02
5.630000e+00 1.508960e-02
5.635000e+00 1.514511e-02
5.640000e+00 1.519207e-02
5.645000e+00 1.526426e-02
5.650000e+00 1.526728e-02
5.655000e+00 1.522123e-02
5.660000e+00 1.514591e-02
5.665000e+00 1.500087e-02
5.670000e+00 1.480523e-02
5.675000e+00 1.467670e-02
5.680000e+00 1.470365e-02
5.685000e+00 1.485248e-02
5.690000e+00 1.503732e-02
5.695000e+00 1.522470e-02
5.700000e+00 1.544406e-02
5.705000e+00 1.564341e-02
5.710000e+00 1.578587e-02
5.715000e+00 1.584144e-02
5.720000e+00 1.581834e-02
5.725000e+00 1.578817e-02
5.730000e+00 1.564990e-02
5.735000e+00 1.540083e-02
5.740000e+00 1.510444e-02
5.745000e+00 1.488251e-02
5.750000e+00 1.481928e-02
5.755000e+00 1.478212e-02
5.760000e+00 1.482388e-02
5.765000e+00 1.491860e-02
5.770000e+00 1.494777e-02
5.775000e+00 1.493971e-02
5.780000e+00 1.488155e-02
5.785000e+00 1.479041e-02
5.790000e+00 1.466105e-02
5.795000e+00 1.443608e-02
5.800000e+00 1.423506e-02
5.805000e+00 1.408579e-02
5.810000e+00 1.390068e-02
5.815000e+00 1.380268e-02
5.820000e+00 1.380720e-02
5.825000e+00 1.388277e-02
5.830000e+00 1.398939e-02
5.835000e+00 1.400036e-02
5.840000e+00 1.393330e-02
5.845000e+00 1.382028e-02
5.850000e+00 1.369654e-02
5.855000e+00 1.358790e-02
5.860000e+00 1.342542e-02
5.865000e+00 1.323309e-02
5.870000e+00 1.303420e-02
5.875000e+00 1.287088e-02
5.880000e+00 1.289884e-02
5.885000e+00 1.301599e-02
5.890000e+00 1.310057e-02
5.895000e+00 1.321604e-02
5.900000e+00 1.340445e-02
5.905000e+00 1.363130e-02
5.910000e+00 1.382267e-02
5.915000e+00 1.400494e-02
5.920000e+00 1.412710e-02
5.925000e+00 1.420937e-02
5.930000e+00 1.435471e-02
5.935000e+00 1.454546e-02
5.940000e+00 1.476219e-02
5.945000e+00 1.497624e-02
5.950000e+00 1.515830e-02
5.955000e+00 1.532225e-02
5.960000e+00 1.554470e-02
5.965000e+00 1.579275e-02
5.970000e+00 1.596958e-02
5.975000e+00 1.603415e-02
5.980000e+00 1.604942e-02
5.985000e+00 1.608875e-02
5.990000e+00 1.606172e-02
5.995000e+00 1.598849e-02
6 1.593183e-02
6.005000e+00 1.593809e-02
6.010000e+00 1.605514e-02
6.015000e+00 1.611788e-02
6.020000e+00 1.608450e-02
6.025000e+00 1.604232e-02
6.030000e+00 1.597418e-02
6.035000e+00 1.589824e-02
6.040000e+00 1.576038e-02
6.045000e+00 1.554576e-02
6.050000e+00 1.527198e-02
6.055000e+00 1.490535e-02
6.060000e+00 1.456782e-02
6.065000e+00 1.431687e-02
6.070000e+00 1.411683e-02
6.075000e+00 1.393316e-02
6.080000e+00 1.367459e-02
6.085000e+00 1.349134e-02
6.090000e+00 1.349337e-02
6.095000e+00 1.342358e-02
6.100000e+00 1.330907e-02
6.105000e+00 1.333714e-02
6.110000e+00 1.334903e-02
6.115000e+00 1.327154e-02
6.120000e+00 1.317468e-02
6.125000e+00 1.304325e-02
6.130000e+00 1.299564e-02
6.135000e+00 1.310563e-02
6.140000e+00 1.312844e-02
6.145000e+00 1.305985e-02
6.150000e+00 1.316935e-02
6.155000e+00 1.344437e-02
6.160000e+00 1.375231e-02
6.165000e+00 1.399521e-02
6.170000e+00 1.423516e-02
6.175000e+00 1.452515e-02
6.180000e+00 1.473209e-02
6.185000e+00 1.486073e-02
6.190000e+00 1.488990e-02
6.195000e+00 1.482575e-02
6.200000e+00 1.475341e-02
6.205000e+00 1.466534e-02
6.210000e+00 1.464048e-02
6.215000e+00 1.478065e-02
6.220000e+00 1.497003e-02
6.225000e+00 1.510176e-02
6.230000e+00 1.531080e-02
6.235000e+00 1.563624e-02
6.240000e+00 1.591770e-02
6.245000e+00 1.603725e-02
6.250000e+00 1.609666e-02
6.255000e+00 1.613519e-02
6.260000e+00 1.604300e-02
6.265000e+00 1.579231e-02
6.270000e+00 1.545150e-02
6.275000e+00 1.508015e-02
6.280000e+00 1.460520e-02
6.285000e+00 1.413087e-02
6.290000e+00 1.378006e-02
6.295000e+00 1.345274e-02
6.300000e+00 1.304013e-02
6.305000e+00 1.256299e-02
6.310000e+00 1.214900e-02
6.315000e+00 1.180283e-02
6.320000e+00 1.148376e-02
6.325000e+00 1.110146e-02
6.330000e+00 1.055483e-02
6.335000e+00 9.984819e-03
6.340000e+00 9.484116e-03
6.345000e+00 8.984261e-03
6.350000e+00 8.378441e-03
6.355000e+00 7.623578e-03
6.360000e+00 6.975442e-03
6.365000e+00 6.406335e-03
6.370000e+00 5.710827e-03
6.375000e+00 5.101661e-03
6.380000e+00 4.719571e-03
6.385000e+00 4.501082e-03
6.390000e+00 4.321212e-03
6.395000e+00 4.249604e-03
6.400000e+00 4.417547e-03
6.405000e+00 4.575606e-03
6.410000e+00 4.459471e-03
6.415000e+00 4.095556e-03
6.420000e+00 3.559939e-03
6.425000e+00 2.776688e-03
6.430000e+00 1.760617e-03
6.435000e+00 6.519918e-04
6.440000e+00 -4.442013e-04
6.445000e+00 -1.468438e-03
6.450000e+00 -2.369449e-03
6.455000e+00 -3.143289e-03
6.460000e+00 -3.915435e-03
6.465000e+00 -4.607337e-03
6.470000e+00 -4.942973e-03
6.475000e+00 -5.067133e-03
6.480000e+00 -5.278893e-03
6.485000e+00 -5.436046e-03
6.490000e+00 -5.453718e-03
6.495000e+00 -5.411880e-03
6.500000e+00 -5.340214e-03
6.505000e+00 -5.320563e-03
6.510000e+00 -5.274354e-03
6.515000e+00 -5.123901e-03
6.520000e+00 -4.935227e-03
6.525000e+00 -4.740326e-03
6.530000e+00 -4.541760e-03
6.535000e+00 -4.291721e-03
6.540000e+00 -3.877274e-03
6.545000e+00 -3.302209e-03
6.550000e+00 -2.752000e-03
6.555000e+00 -2.260905e-03
6.560000e+00 -1.579775e-03
6.565000e+00 -6.952855e-04
6.570000e+00 5.672571e-05
6.575000e+00 5.348042e-04
6.580000e+00 9.304736e-04
6.585000e+00 1.408214e-03
6.590000e+00 1.886431e-03
6.595000e+00 2.351858e-03
6.600000e+00 2.795187e-03
6.605000e+00 3.173138e-03
6.610000e+00 3.764167e-03
6.615000e+00 4.632472e-03
6.620000e+00 5.537379e-03
6.625000e+00 6.534907e-03
6.630000e+00 7.689992e-03
6.635000e+00 8.928564e-03
6.640000e+00 1.023454e-02
6.645000e+00 1.146191e-02
6.650000e+00 1.248529e-02
6.655000e+00 1.332671e-02
6.660000e+00 1.403712e-02
6.665000e+00 1.457707e-02
6.670000e+00 1.483554e-02
6.675000e+00 1.491136e-02
6.680000e+00 1.483258e-02
6.685000e+00 1.459496e-02
6.690000e+00 1.446376e-02
6.695000e+00 1.445397e-02
6.700000e+00 1.436557e-02
6.705000e+00 1.425222e-02
6.710000e+00 1.419313e-02
6.715000e+00 1.427435e-02
6.720000e+00 1.455508e-02
6.725000e+00 1.483855e-02
6.730000e+00 1.506316e-02
6.735000e+00 1.524141e-02
6.740000e+00 1.537731e-02
6.745000e+00 1.544339e-02
6.750000e+00 1.532530e-02
6.755000e+00 1.523040e-02
6.760000e+00 1.521049e-02
6.765000e+00 1.507080e-02
6.770000e+00 1.476235e-02
6.775000e+00 1.425284e-02
6.780000e+00 1.366553e-02
6.785000e+00 1.321294e-02
6.790000e+00 1.292950e-02
6.795000e+00 1.273946e-02
6.800000e+00 1.266886e-02
6.805000e+00 1.275795e-02
6.810000e+00 1.288026e-02
6.815000e+00 1.286976e-02
6.820000e+00 1.276132e-02
6.825000e+00 1.273589e-02
6.830000e+00 1.278051e-02
6.835000e+00 1.273660e-02
6.840000e+00 1.267679e-02
6.845000e+00 1.278316e-02
6.850000e+00 1.312017e-02
6.855000e+00 1.356645e-02
6.860000e+00 1.388248e-02
6.865000e+00 1.405262e-02
6.870000e+00 1.416074e-02
6.875000e+00 1.429502e-02
6.880000e+00 1.453232e-02
6.885000e+00 1.484253e-02
6.890000e+00 1.527710e-02
6.895000e+00 1.584551e-02
6.900000e+00 1.640618e-02
6.905000e+00 1.676873e-02
6.910000e+00 1.683946e-02
6.915000e+00 1.675767e-02
6.920000e+00 1.669426e-02
6.925000e+00 1.659735e-02
6.930000e+00 1.638201e-02
6.935000e+00 1.607756e-02
6.940000e+00 1.579747e-02
6.945000e+00 1.567789e-02
6.950000e+00 1.563353e-02
6.955000e+00 1.551987e-02
6.960000e+00 1.539443e-02
6.965000e+00 1.531828e-02
6.970000e+00 1.523416e-02
6.975000e+00 1.519746e-02
6.980000e+00 1.525214e-02
6.985000e+00 1.530588e-02
6.990000e+00 1.532496e-02
6.995000e+00 1.533104e-02
7 1.534416e-02
7.005000e+00 1.526691e-02
7.010000e+00 1.509543e-02
7.015000e+00 1.495421e-02
7.020000e+00 1.479977e-02
7.025000e+00 1.454433e-02
7.030000e+00 1.419361e-02
7.035000e+00 1.383353e-02
7.040000e+00 1.351202e-02
7.045000e+00 1.320385e-02
7.050000e+00 1.302433e-02
7.055000e+00 1.303530e-02
7.060000e+00 1.307913e-02
7.065000e+00 1.307875e-02
7.070000e+00 1.309704e-02
7.075000e+00 1.316578e-02
7.080000e+00 1.316166e-02
7.085000e+00 1.304133e-02
7.090000e+00 1.293919e-02
7.095000e+00 1.290789e-02
7.100000e+00 1.295129e-02
7.105000e+00 1.314410e-02
7.110000e+00 1.339478e-02
7.115000e+00 1.345664e-02
7.120000e+00 1.342537e-02
7.125000e+00 1.346096e-02
7.130000e+00 1.350970e-02
7.135000e+00 1.369161e-02
7.140000e+00 1.407933e-02
7.145000e+00 1.450063e-02
7.150000e+00 1.482955e-02
7.155000e+00 1.507037e-02
7.160000e+00 1.533849e-02
7.165000e+00 1.560947e-02
7.170000e+00 1.578076e-02
7.175000e+00 1.592899e-02
7.180000e+00 1.598123e-02
7.185000e+00 1.594226e-02
7.190000e+00 1.587797e-02
7.195000e+00 1.566907e-02
7.200000e+00 1.545102e-02
7.205000e+00 1.534673e-02
7.210000e+00 1.534172e-02
7.215000e+00 1.542191e-02
7.220000e+00 1.545967e-02
7.225000e+00 1.544293e-02
7.230000e+00 1.549416e-02
7.235000e+00 1.562595e-02
7.240000e+00 1.565525e-02
7.245000e+00 1.558586e-02
7.250000e+00 1.558449e-02
7.255000e+00 1.555917e-02
7.260000e+00 1.549002e-02
7.265000e+00 1.550257e-02
7.270000e+00 1.552456e-02
7.275000e+00 1.545093e-02
7.280000e+00 1.531336e-02
7.285000e+00 1.511298e-02
7.290000e+00 1.482004e-02
7.295000e+00 1.443240e-02
7.300000e+00 1.400821e-02
7.305000e+00 1.372904e-02
7.310000e+00 1.355378e-02
7.315000e+00 1.335853e-02
7.320000e+00 1.328498e-02
7.325000e+00 1.334982e-02
7.330000e+00 1.339149e-02
7.335000e+00 1.339364e-02
7.340000e+00 1.349980e-02
7.345000e+00 1.368729e-02
7.350000e+00 1.383033e-02
7.355000e+00 1.397838e-02
7.360000e+00 1.404369e-02
7.365000e+00 1.397949e-02
7.370000e+00 1.386874e-02
7.375000e+00 1.370130e-02
7.380000e+00 1.359331e-02
7.385000e+00 1.358302e-02
7.390000e+00 1.359940e-02
7.395000e+00 1.358704e-02
7.400000e+00 1.359055e-02
7.405000e+00 1.367495e-02
7.410000e+00 1.368516e-02
7.415000e+00 1.370572e-02
7.420000e+00 1.386018e-02
7.425000e+00 1.398309e-02
7.430000e+00 1.411450e-02
7.435000e+00 1.431078e-02
7.440000e+00 1.446500e-02
7.445000e+00 1.461873e-02
7.450000e+00 1.490125e-02
7.455000e+00 1.528091e-02
7.460000e+00 1.562012e-02
7.465000e+00 1.596591e-02
7.470000e+00 1.627334e-02
7.475000e+00 1.633562e-02
7.480000e+00 1.628250e-02
7.485000e+00 1.622832e-02
7.490000e+00 1.607027e-02
7.495000e+00 1.583850e-02
7.500000e+00 1.559204e-02
7.505000e+00 1.535692e-02
7.510000e+00 1.512380e-02
7.515000e+00 1.490607e-02
7.520000e+00 1.483852e-02
7.525000e+00 1.489404e-02
7.530000e+00 1.493877e-02
7.535000e+00 1.498346e-02
7.540000e+00 1.500916e-02
7.545000e+00 1.499587e-02
7.550000e+00 1.494940e-02
7.555000e+00 1.483774e-02
7.560000e+00 1.467036e-02
7.565000e+00 1.452138e-02
7.570000e+00 1.444747e-02
7.575000e+00 1.437025e-02
7.580000e+00 1.426208e-02
7.585000e+00 1.423525e-02
7.590000e+00 1.426270e-02
7.595000e+00 1.425583e-02
7.600000e+00 1.419542e-02
7.605000e+00 1.400312e-02
7.610000e+00 1.377495e-02
7.615000e+00 1.357266e-02
7.620000e+00 1.336267e-02
7.625000e+00 1.326465e-02
7.630000e+00 1.319723e-02
7.635000e+00 1.315515e-02
7.640000e+00 1.324852e-02
7.645000e+00 1.342735e-02
7.650000e+00 1.362483e-02
7.655000e+00 1.378491e-02
7.660000e+00 1.397799e-02
7.665000e+00 1.424173e-02
7.670000e+00 1.452827e-02
7.675000e+00 1.478221e-02
7.680000e+00 1.494702e-02
7.685000e+00 1.503293e-02
7.690000e+00 1.502589e-02
7.695000e+00 1.498788e-02
7.700000e+00 1.500655e-02
7.705000e+00 1.497938e-02
7.710000e+00 1.491587e-02
7.715000e+00 1.491501e-02
7.720000e+00 1.495299e-02
7.725000e+00 1.505783e-02
7.730000e+00 1.512655e-02
7.735000e+00 1.515061e-02
7.740000e+00 1.523553e-02
7.745000e+00 1.524456e-02
7.750000e+00 1.513481e-02
7.755000e+00 1.492442e-02
7.760000e+00 1.463858e-02
7.765000e+00 1.438956e-02
7.770000e+00 1.427905e-02
7.775000e+00 1.431564e-02
7.780000e+00 1.440101e-02
7.785000e+00 1.454250e-02
7.790000e+00 1.471292e-02
7.795000e+00 1.482317e-02
7.800000e+00 1.491763e-02
7.805000e+00 1.495012e-02
7.810000e+00 1.478235e-02
7.815000e+00 1.454251e-02
7.820000e+00 1.437572e-02
7.825000e+00 1.419881e-02
7.830000e+00 1.405380e-02
7.835000e+00 1.404747e-02
7.840000e+00 1.408989e-02
7.845000e+00 1.412626e-02
7.850000e+00 1.420332e-02
7.855000e+00 1.436168e-02
7.860000e+00 1.460831e-02
7.865000e+00 1.476364e-02
7.870000e+00 1.476211e-02
7.875000e+00 1.469024e-02
7.880000e+00 1.459099e-02
7.885000e+00 1.443343e-02
7.890000e+00 1.412894e-02
7.895000e+00 1.379572e-02
7.900000e+00 1.344554e-02
7.905000e+00 1.309021e-02
7.910000e+00 1.283376e-02
7.915000e+00 1.254704e-02
7.920000e+00 1.212293e-02
7.925000e+00 1.157652e-02
7.930000e+00 1.097890e-02
7.935000e+00 1.025939e-02
7.940000e+00 9.394752e-03
7.945000e+00 8.541840e-03
7.950000e+00 7.753602e-03
7.955000e+00 7.063750e-03
7.960000e+00 6.510698e-03
7.965000e+00 6.130243e-03
7.970000e+00 5.816895e-03
7.975000e+00 5.444190e-03
7.980000e+00 5.115498e-03
7.985000e+00 4.816638e-03
7.990000e+00 4.469921e-03
7.995000e+00 4.096801e-03
8 3.715424e-03
8.005000e+00 3.349068e-03
8.010000e+00 2.945475e-03
8.015000e+00 2.444876e-03
8.020000e+00 1.845650e-03
8.025000e+00 1.167829e-03
8.030000e+00 3.447512e-04
8.035000e+00 -5.968485e-04
8.040000e+00 -1.494975e-03
8.045000e+00 -2.327428e-03
8.050000e+00 -3.065183e-03
8.055000e+00 -3.675017e-03
8.060000e+00 -4.135551e-03
8.065000e+00 -4.529107e-03
8.070000e+00 -4.906415e-03
8.075000e+00 -5.011605e-03
8.080000e+00 -4.840734e-03
8.085000e+00 -4.693576e-03
8.090000e+00 -4.599759e-03
8.095000e+00 -4.393033e-03
8.100000e+00 -4.045771e-03
8.105000e+00 -3.667122e-03
8.110000e+00 -3.389992e-03
8.115000e+00 -3.194577e-03
8.120000e+00 -2.912914e-03
8.125000e+00 -2.570578e-03
8.130000e+00 -2.287458e-03
8.135000e+00 -2.002723e-03
8.140000e+00 -1.714411e-03
8.145000e+00 -1.439129e-03
8.150000e+00 -1.172068e-03
8.155000e+00 -9.775191e-04
8.160000e+00 -7.635481e-04
8.165000e+00 -4.697966e-04
8.170000e+00 -9.190448e-05
8.175000e+00 2.870058e-04
8.180000e+00 6.077306e-04
8.185000e+00 1.014159e-03
8.190000e+00 1.428994e-03
8.195000e+00 1.888462e-03
8.200000e+00 2.459604e-03
8.205000e+00 2.992191e-03
8.210000e+00 3.536386e-03
8.215000e+00 4.123178e-03
8.220000e+00 4.785998e-03
8.225000e+00 5.484286e-03
8.230000e+00 6.214062e-03
8.235000e+00 7.116325e-03
8.240000e+00 7.995543e-03
8.245000e+00 8.783383e-03
8.250000e+00 9.579348e-03
8.255000e+00 1.029773e-02
8.260000e+00 1.101240e-02
8.265000e+00 1.182317e-02
8.270000e+00 1.263514e-02
8.275000e+00 1.324391e-02
8.280000e+00 1.366193e-02
8.285000e+00 1.412732e-02
8.290000e+00 1.455299e-02
8.295000e+00 1.475690e-02
8.300000e+00 1.487822e-02
8.305000e+00 1.506156e-02
8.310000e+00 1.530339e-02
8.315000e+00 1.556688e-02
8.320000e+00 1.583646e-02
8.325000e+00 1.612691e-02
8.330000e+00 1.636258e-02
8.335000e+00 1.648074e-02
8.340000e+00 1.652931e-02
8.345000e+00 1.656066e-02
8.350000e+00 1.666778e-02
8.355000e+00 1.684410e-02
8.360000e+00 1.697642e-02
8.365000e+00 1.692841e-02
8.370000e+00 1.666995e-02
8.375000e+00 1.638217e-02
8.380000e+00 1.608986e-02
8.385000e+00 1.575445e-02
8.390000e+00 1.540306e-02
8.395000e+00 1.502520e-02
8.400000e+00 1.468008e-02
8.405000e+00 1.437327e-02
8.410000e+00 1.405060e-02
8.415000e+00 1.364717e-02
8.420000e+00 1.330691e-02
8.425000e+00 1.320489e-02
8.430000e+00 1.312782e-02
8.435000e+00 1.293698e-02
8.440000e+00 1.270334e-02
8.445000e+00 1.245218e-02
8.450000e+00 1.226548e-02
8.455000e+00 1.224547e-02
8.460000e+00 1.234769e-02
8.465000e+00 1.247237e-02
8.470000e+00 1.259719e-02
8.475000e+00 1.272304e-02
8.480000e+00 1.290043e-02
8.485000e+00 1.312679e-02
8.490000e+00 1.332236e-02
8.495000e+00 1.349914e-02
8.500000e+00 1.371241e-02
8.505000e+00 1.405785e-02
8.510000e+00 1.449597e-02
8.515000e+00 1.482077e-02
8.520000e+00 1.512484e-02
8.525000e+00 1.549581e-02
8.530000e+00 1.569819e-02
8.535000e+00 1.561149e-02
8.540000e+00 1.530938e-02
8.545000e+00 1.495570e-02
8.550000e+00 1.468355e-02
8.555000e+00 1.467325e-02
8.560000e+00 1.498344e-02
8.565000e+00 1.523699e-02
8.570000e+00 1.531186e-02
8.575000e+00 1.539102e-02
8.580000e+00 1.541534e-02
8.585000e+00 1.546657e-02
8.590000e+00 1.565923e-02
8.595000e+00 1.584901e-02
8.600000e+00 1.597791e-02
8.605000e+00 1.607162e-02
8.610000e+00 1.616079e-02
8.615000e+00 1.625123e-02
8.620000e+00 1.630976e-02
8.625000e+00 1.624298e-02
8.630000e+00 1.590897e-02
8.635000e+00 1.545435e-02
8.640000e+00 1.515386e-02
8.645000e+00 1.497632e-02
8.650000e+00 1.476278e-02
8.655000e+00 1.450752e-02
8.660000e+00 1.429014e-02
8.665000e+00 1.419121e-02
8.670000e+00 1.418980e-02
8.675000e+00 1.416629e-02
8.680000e+00 1.408469e-02
8.685000e+00 1.394781e-02
8.690000e+00 1.380425e-02
8.695000e+00 1.366172e-02
8.700000e+00 1.340810e-02
8.705000e+00 1.313442e-02
8.710000e+00 1.300850e-02
8.715000e+00 1.295598e-02
8.720000e+00 1.295002e-02
8.725000e+00 1.310974e-02
8.730000e+00 1.330956e-02
8.735000e+00 1.349080e-02
8.740000e+00 1.379953e-02
8.745000e+00 1.408930e-02
8.750000e+00 1.432800e-02
8.755000e+00 1.454971e-02
8.760000e+00 1.473060e-02
8.765000e+00 1.502265e-02
8.770000e+00 1.533171e-02
8.775000e+00 1.553816e-02
8.780000e+00 1.559835e-02
8.785000e+00 1.540737e-02
8.790000e+00 1.505712e-02
8.795000e+00 1.473653e-02
8.800000e+00 1.445436e-02
8.805000e+00 1.421115e-02
8.810000e+00 1.416400e-02
8.815000e+00 1.428853e-02
8.820000e+00 1.439056e-02
8.825000e+00 1.442510e-02
8.830000e+00 1.448855e-02
8.835000e+00 1.463360e-02
8.840000e+00 1.483411e-02
8.845000e+00 1.500417e-02
8.850000e+00 1.510606e-02
8.855000e+00 1.512573e-02
8.860000e+00 1.501634e-02
8.865000e+00 1.489966e-02
8.870000e+00 1.481398e-02
8.875000e+00 1.464838e-02
8.880000e+00 1.445049e-02
8.885000e+00 1.425863e-02
8.890000e+00 1.411485e-02
8.895000e+00 1.404309e-02
8.900000e+00 1.398212e-02
8.905000e+00 1.402052e-02
8.910000e+00 1.415988e-02
8.915000e+00 1.426058e-02
8.920000e+00 1.432935e-02
8.925000e+00 1.444107e-02
8.930000e+00 1.453975e-02
8.935000e+00 1.452051e-02
8.940000e+00 1.443060e-02
8.945000e+00 1.441778e-02
8.950000e+00 1.444354e-02
8.955000e+00 1.430551e-02
8.960000e+00 1.409564e-02
8.965000e+00 1.404839e-02
8.970000e+00 1.412459e-02
8.975000e+00 1.416958e-02
8.980000e+00 1.427216e-02
8.985000e+00 1.457374e-02
8.990000e+00 1.496845e-02
8.995000e+00 1.527698e-02
9 1.546395e-02
9.005000e+00 1.565769e-02
9.010000e+00 1.580195e-02
9.015000e+00 1.583741e-02
9.020000e+00 1.587912e-02
9.025000e+00 1.593122e-02
9.030000e+00 1.594884e-02
9.035000e+00 1.578006e-02
9.040000e+00 1.541936e-02
9.045000e+00 1.512374e-02
9.050000e+00 1.498834e-02
9.055000e+00 1.492663e-02
9.060000e+00 1.479795e-02
9.065000e+00 1.464708e-02
9.070000e+00 1.461926e-02
9.075000e+00 1.460705e-02
9.080000e+00 1.456259e-02
9.085000e+00 1.461854e-02
9.090000e+00 1.473159e-02
9.095000e+00 1.477659e-02
9.100000e+00 1.479814e-02
9.105000e+00 1.484391e-02
9.110000e+00 1.478609e-02
9.115000e+00 1.454508e-02
9.120000e+00 1.426250e-02
9.125000e+00 1.399735e-02
9.130000e+00 1.368573e-02
9.135000e+00 1.334282e-02
9.140000e+00 1.295265e-02
9.145000e+00 1.257986e-02
9.150000e+00 1.241768e-02
9.155000e+00 1.247130e-02
9.160000e+00 1.258256e-02
9.165000e+00 1.271262e-02
9.170000e+00 1.290127e-02
9.175000e+00 1.317149e-02
9.180000e+00 1.342415e-02
9.185000e+00 1.361586e-02
9.190000e+00 1.382701e-02
9.195000e+00 1.391842e-02
9.200000e+00 1.397924e-02
9.205000e+00 1.409437e-02
9.210000e+00 1.410041e-02
9.215000e+00 1.417006e-02
9.220000e+00 1.433161e-02
9.225000e+00 1.450739e-02
9.230000e+00 1.477217e-02
9.235000e+00 1.502119e-02
9.240000e+00 1.516271e-02
9.245000e+00 1.523325e-02
9.250000e+00 1.534498e-02
9.255000e+00 1.548212e-02
9.260000e+00 1.551774e-02
9.265000e+00 1.553319e-02
9.270000e+00 1.560366e-02
9.275000e+00 1.568911e-02
9.280000e+00 1.576790e-02
9.285000e+00 1.585454e-02
9.290000e+00 1.594146e-02
9.295000e+00 1.595657e-02
9.300000e+00 1.598063e-02
9.305000e+00 1.603632e-02
9.310000e+00 1.601029e-02
9.315000e+00 1.593025e-02
9.320000e+00 1.580285e-02
9.325000e+00 1.571799e-02
9.330000e+00 1.575001e-02
9.335000e+00 1.578835e-02
9.340000e+00 1.588412e-02
9.345000e+00 1.601279e-02
9.350000e+00 1.607473e-02
9.355000e+00 1.604398e-02
9.360000e+00 1.580697e-02
9.365000e+00 1.541948e-02
9.370000e+00 1.493532e-02
9.375000e+00 1.440071e-02
9.380000e+00 1.390710e-02
9.385000e+00 1.340349e-02
9.390000e+00 1.294368e-02
9.395000e+00 1.260437e-02
9.400000e+00 1.241976e-02
9.405000e+00 1.235001e-02
9.410000e+00 1.237015e-02
9.415000e+00 1.257630e-02
9.420000e+00 1.283877e-02
9.425000e+00 1.307293e-02
9.430000e+00 1.333368e-02
9.435000e+00 1.356256e-02
9.440000e+00 1.374243e-02
9.445000e+00 1.382792e-02
9.450000e+00 1.381905e-02
9.455000e+00 1.370823e-02
9.460000e+00 1.352202e-02
9.465000e+00 1.344625e-02
9.470000e+00 1.335650e-02
9.475000e+00 1.313560e-02
9.480000e+00 1.289068e-02
9.485000e+00 1.258353e-02
9.490000e+00 1.224796e-02
9.495000e+00 1.198396e-02
9.500000e+00 1.182069e-02
9.505000e+00 1.166429e-02
9.510000e+00 1.142888e-02
9.515000e+00 1.118815e-02
9.520000e+00 1.098429e-02
9.525000e+00 1.074217e-02
9.530000e+00 1.040811e-02
9.535000e+00 1.010484e-02
9.540000e+00 9.949745e-03
9.545000e+00 9.833651e-03
9.550000e+00 9.652854e-03
9.555000e+00 9.523848e-03
9.560000e+00 9.463875e-03
9.565000e+00 9.393267e-03
9.570000e+00 9.187555e-03
9.575000e+00 8.712244e-03
9.580000e+00 8.148788e-03
9.585000e+00 7.508392e-03
9.590000e+00 6.704636e-03
9.595000e+00 5.898068e-03
9.600000e+00 5.064850e-03
9.605000e+00 4.251641e-03
9.610000e+00 3.618688e-03
9.615000e+00 3.067462e-03
9.620000e+00 2.457267e-03
9.625000e+00 1.740487e-03
9.630000e+00 9.455348e-04
9.635000e+00 1.193092e-04
9.640000e+00 -7.513711e-04
9.645000e+00 -1.645221e-03
9.650000e+00 -2.510736e-03
9.655000e+00 -3.299105e-03
9.660000e+00 -4.019349e-03
9.665000e+00 -4.671974e-03
9.670000e+00 -5.229377e-03
9.675000e+00 -5.713225e-03
9.680000e+00 -6.017535e-03
9.685000e+00 -6.179704e-03
9.690000e+00 -6.345767e-03
9.695000e+00 -6.439066e-03
9.700000e+00 -6.467595e-03
9.705000e+00 -6.488842e-03
9.710000e+00 -6.500946e-03
9.715000e+00 -6.445956e-03
9.720000e+00 -6.247395e-03
9.725000e+00 -5.834226e-03
9.730000e+00 -5.259826e-03
9.735000e+00 -4.732723e-03
9.740000e+00 -4.134896e-03
9.745000e+00 -3.355452e-03
9.750000e+00 -2.556541e-03
9.755000e+00 -1.831394e-03
9.760000e+00 -1.149417e-03
9.765000e+00 -4.889051e-04
9.770000e+00 1.363031e-04
9.775000e+00 7.752983e-04
9.780000e+00 1.430473e-03
9.785000e+00 2.171888e-03
9.790000e+00 2.975230e-03
9.795000e+00 3.707959e-03
9.800000e+00 4.404997e-03
9.805000e+00 5.151938e-03
9.810000e+00 5.942642e-03
9.815000e+00 6.632832e-03
9.820000e+00 7.245582e-03
9.825000e+00 7.895945e-03
9.830000e+00 8.561404e-03
9.835000e+00 9.325356e-03
9.840000e+00 1.021728e-02
9.845000e+00 1.092969e-02
9.850000e+00 1.138695e-02
9.855000e+00 1.187914e-02
9.860000e+00 1.242139e-02
9.865000e+00 1.296482e-02
9.870000e+00 1.354436e-02
9.875000e+00 1.411608e-02
9.880000e+00 1.464072e-02
9.885000e+00 1.497161e-02
9.890000e+00 1.513453e-02
9.895000e+00 1.532403e-02
9.900000e+00 1.543349e-02
9.905000e+00 1.533831e-02
9.910000e+00 1.513230e-02
9.915000e+00 1.486423e-02
9.920000e+00 1.458294e-02
9.925000e+00 1.440847e-02
9.930000e+00 1.429660e-02
9.935000e+00 1.419011e-02
9.940000e+00 1.414004e-02
9.945000e+00 1.411772e-02
9.950000e+00 1.416152e-02
9.955000e+00 1.427611e-02
9.960000e+00 1.437394e-02
9.965000e+00 1.442999e-02
9.970000e+00 1.449203e-02
9.975000e+00 1.467398e-02
9.980000e+00 1.496479e-02
9.985000e+00 1.529655e-02
9.990000e+00 1.556493e-02
9.995000e+00 1.558628e-02
10 1.538865e-02
