T X
0 0
5.000000e-03 5.987832e-09
1.000000e-02 6.957329e-09
1.500000e-02 2.280953e-07
2.000000e-02 2.415709e-06
2.500000e-02 1.653721e-05
3.000000e-02 8.336711e-05
3.500000e-02 3.205454e-04
4.000000e-02 9.608165e-04
4.500000e-02 2.271834e-03
5.000000e-02 4.273156e-03
5.500000e-02 6.475497e-03
6.000000e-02 8.137950e-03
6.500000e-02 9.019000e-03
7.000000e-02 9.595857e-03
7.500000e-02 1.017483e-02
8.000000e-02 1.031015e-02
8.500000e-02 9.708561e-03
9.000000e-02 8.823620e-03
9.500000e-02 7.830225e-03
1.000000e-01 6.335334e-03
1.050000e-01 4.492870e-03
1.100000e-01 2.713609e-03
1.150000e-01 7.636590e-04
1.200000e-01 -1.357545e-03
1.250000e-01 -3.218810e-03
1.300000e-01 -4.978409e-03
1.350000e-01 -6.705242e-03
1.400000e-01 -8.032156e-03
1.450000e-01 -9.131157e-03
1.500000e-01 -1.001150e-02
1.550000e-01 -1.029593e-02
1.600000e-01 -1.018302e-02
1.650000e-01 -9.693177e-03
1.700000e-01 -8.707453e-03
1.750000e-01 -7.549271e-03
1.800000e-01 -6.073490e-03
1.850000e-01 -4.225829e-03
1.900000e-01 -2.303698e-03
1.950000e-01 -2.262673e-04
2.000000e-01 1.806487e-03
2.050000e-01 3.727121e-03
2.100000e-01 5.643135e-03
2.150000e-01 7.223189e-03
2.200000e-01 8.506419e-03
2.250000e-01 9.494622e-03
2.300000e-01 1.006642e-02
2.350000e-01 1.032157e-02
2.400000e-01 1.008154e-02
2.450000e-01 9.440203e-03
2.500000e-01 8.475709e-03
2.550000e-01 7.110663e-03
2.600000e-01 5.503247e-03
2.650000e-01 3.651620e-03
2.700000e-01 1.698450e-03
2.750000e-01 -3.408524e-04
2.800000e-01 -2.438007e-03
2.850000e-01 -4.339522e-03
2.900000e-01 -6.111094e-03
2.950000e-01 -7.652168e-03
3.000000e-01 -8.850997e-03
3.050000e-01 -9.713998e-03
3.100000e-01 -1.020803e-02
3.150000e-01 -1.031135e-02
3.200000e-01 -9.924935e-03
3.250000e-01 -9.194413e-03
3.300000e-01 -8.104011e-03
3.350000e-01 -6.654316e-03
3.400000e-01 -4.989565e-03
3.450000e-01 -3.095874e-03
3.500000e-01 -1.084590e-03
3.550000e-01 9.945781e-04
3.600000e-01 3.001793e-03
3.650000e-01 4.892008e-03
3.700000e-01 6.616692e-03
3.750000e-01 8.022743e-03
3.800000e-01 9.151487e-03
3.850000e-01 9.918134e-03
3.900000e-01 1.028007e-02
3.950000e-01 1.022257e-02
4.000000e-01 9.758937e-03
4.050000e-01 8.914780e-03
4.100000e-01 7.702022e-03
4.150000e-01 6.202766e-03
4.200000e-01 4.437249e-03
4.250000e-01 2.510218e-03
4.300000e-01 4.758433e-04
4.350000e-01 -1.595538e-03
4.400000e-01 -3.570318e-03
4.450000e-01 -5.418094e-03
4.500000e-01 -7.063502e-03
4.550000e-01 -8.401753e-03
4.600000e-01 -9.404004e-03
4.650000e-01 -1.006023e-02
4.700000e-01 -1.030392e-02
4.750000e-01 -1.013252e-02
4.800000e-01 -9.558179e-03
4.850000e-01 -8.587485e-03
4.900000e-01 -7.298832e-03
4.950000e-01 -5.710007e-03
5.000000e-01 -3.883313e-03
5.050000e-01 -1.926304e-03
5.100000e-01 1.222294e-04
5.150000e-01 2.180636e-03
5.200000e-01 4.140954e-03
5.250000e-01 5.937245e-03
5.300000e-01 7.482398e-03
5.350000e-01 8.718367e-03
5.400000e-01 9.650097e-03
5.450000e-01 1.018082e-02
5.500000e-01 1.028761e-02
5.550000e-01 1.001288e-02
5.600000e-01 9.311552e-03
5.650000e-01 8.242803e-03
5.700000e-01 6.848602e-03
5.750000e-01 5.200897e-03
5.800000e-01 3.340379e-03
5.850000e-01 1.324611e-03
5.900000e-01 -7.254131e-04
5.950000e-01 -2.774798e-03
6.000000e-01 -4.682376e-03
6.050000e-01 -6.402540e-03
6.100000e-01 -7.880858e-03
6.150000e-01 -9.028981e-03
6.200000e-01 -9.845477e-03
6.250000e-01 -1.025823e-02
6.300000e-01 -1.025495e-02
6.350000e-01 -9.840701e-03
6.400000e-01 -9.035542e-03
6.450000e-01 -7.878630e-03
6.500000e-01 -6.401199e-03
6.550000e-01 -4.674487e-03
6.600000e-01 -2.751087e-03
6.650000e-01 -7.097940e-04
6.700000e-01 1.363045e-03
6.750000e-01 3.376155e-03
6.800000e-01 5.244669e-03
6.850000e-01 6.906660e-03
6.900000e-01 8.282003e-03
6.950000e-01 9.333286e-03
7.000000e-01 1.001278e-02
7.050000e-01 1.028855e-02
7.100000e-01 1.015795e-02
7.150000e-01 9.616509e-03
7.200000e-01 8.708972e-03
7.250000e-01 7.449331e-03
7.300000e-01 5.888996e-03
7.350000e-01 4.119747e-03
7.400000e-01 2.178746e-03
7.450000e-01 1.353838e-04
7.500000e-01 -1.923579e-03
7.550000e-01 -3.896640e-03
7.600000e-01 -5.706022e-03
7.650000e-01 -7.316543e-03
7.700000e-01 -8.607633e-03
7.750000e-01 -9.548657e-03
7.800000e-01 -1.014839e-02
7.850000e-01 -1.031348e-02
7.900000e-01 -1.007678e-02
7.950000e-01 -9.435120e-03
8.000000e-01 -8.388798e-03
8.050000e-01 -7.039988e-03
8.100000e-01 -5.414891e-03
8.150000e-01 -3.568584e-03
8.200000e-01 -1.574045e-03
8.250000e-01 4.823599e-04
8.300000e-01 2.516375e-03
8.350000e-01 4.461140e-03
8.400000e-01 6.204624e-03
8.450000e-01 7.705414e-03
8.500000e-01 8.901112e-03
8.550000e-01 9.749052e-03
8.600000e-01 1.023517e-02
8.650000e-01 1.026960e-02
8.700000e-01 9.907396e-03
8.750000e-01 9.165578e-03
8.800000e-01 8.026627e-03
8.850000e-01 6.598734e-03
8.900000e-01 4.919245e-03
8.950000e-01 3.010829e-03
9.000000e-01 9.877486e-04
9.050000e-01 -1.065447e-03
9.100000e-01 -3.093154e-03
9.150000e-01 -4.978717e-03
9.200000e-01 -6.669326e-03
9.250000e-01 -8.098589e-03
9.300000e-01 -9.200086e-03
9.350000e-01 -9.953841e-03
9.400000e-01 -1.029074e-02
9.450000e-01 -1.021912e-02
9.500000e-01 -9.743637e-03
9.550000e-01 -8.866551e-03
9.600000e-01 -7.648669e-03
9.650000e-01 -6.127829e-03
9.700000e-01 -4.357226e-03
9.750000e-01 -2.411973e-03
9.800000e-01 -3.794061e-04
9.850000e-01 1.677820e-03
9.900000e-01 3.666407e-03
9.950000e-01 5.498988e-03
1 7.122480e-03
1.005000e+00 8.446634e-03
1.010000e+00 9.441161e-03
1.015000e+00 1.007162e-02
1.020000e+00 1.030368e-02
1.025000e+00 1.010931e-02
1.030000e+00 9.512995e-03
1.035000e+00 8.555533e-03
1.040000e+00 7.229052e-03
1.045000e+00 5.637829e-03
1.050000e+00 3.819596e-03
1.055000e+00 1.845872e-03
1.060000e+00 -1.960305e-04
1.065000e+00 -2.267311e-03
1.070000e+00 -4.220556e-03
1.075000e+00 -5.993552e-03
1.080000e+00 -7.539885e-03
1.085000e+00 -8.784878e-03
1.090000e+00 -9.679669e-03
1.095000e+00 -1.019616e-02
1.100000e+00 -1.030711e-02
1.105000e+00 -9.987585e-03
1.110000e+00 -9.278191e-03
1.115000e+00 -8.190551e-03
1.120000e+00 -6.782076e-03
1.125000e+00 -5.124589e-03
1.130000e+00 -3.251423e-03
1.135000e+00 -1.230933e-03
1.140000e+00 8.322356e-04
1.145000e+00 2.848048e-03
1.150000e+00 4.767927e-03
1.155000e+00 6.472218e-03
1.160000e+00 7.923992e-03
1.165000e+00 9.075116e-03
1.170000e+00 9.860700e-03
1.175000e+00 1.026470e-02
1.180000e+00 1.022975e-02
1.185000e+00 9.809669e-03
1.190000e+00 8.995163e-03
1.195000e+00 7.809419e-03
1.200000e+00 6.334506e-03
1.205000e+00 4.594360e-03
1.210000e+00 2.669985e-03
1.215000e+00 6.332565e-04
1.220000e+00 -1.406941e-03
1.225000e+00 -3.361583e-03
1.230000e+00 -5.150095e-03
1.235000e+00 -6.701343e-03
1.240000e+00 -8.009325e-03
1.245000e+00 -9.101449e-03
1.250000e+00 -1.008008e-02
1.255000e+00 -1.102831e-02
1.260000e+00 -1.203877e-02
1.265000e+00 -1.308499e-02
1.270000e+00 -1.400688e-02
1.275000e+00 -1.458221e-02
1.280000e+00 -1.455359e-02
1.285000e+00 -1.377847e-02
1.290000e+00 -1.222408e-02
1.295000e+00 -1.012294e-02
1.300000e+00 -7.722094e-03
1.305000e+00 -5.199545e-03
1.310000e+00 -2.659298e-03
1.315000e+00 -9.728082e-06
1.320000e+00 2.782911e-03
1.325000e+00 5.693762e-03
1.330000e+00 8.596431e-03
1.335000e+00 1.133453e-02
1.340000e+00 1.384707e-02
1.345000e+00 1.620860e-02
1.350000e+00 1.848938e-02
1.355000e+00 2.054298e-02
1.360000e+00 2.204635e-02
1.365000e+00 2.254742e-02
1.370000e+00 2.182247e-02
1.375000e+00 1.996399e-02
1.380000e+00 1.726207e-02
1.385000e+00 1.402602e-02
1.390000e+00 1.040368e-02
1.395000e+00 6.526859e-03
1.400000e+00 2.379702e-03
1.405000e+00 -2.045846e-03
1.410000e+00 -6.489124e-03
1.415000e+00 -1.052126e-02
1.420000e+00 -1.403958e-02
1.425000e+00 -1.719020e-02
1.430000e+00 -1.965473e-02
1.435000e+00 -2.102194e-02
1.440000e+00 -2.150922e-02
1.445000e+00 -2.156275e-02
1.450000e+00 -2.098744e-02
1.455000e+00 -1.938138e-02
1.460000e+00 -1.681509e-02
1.465000e+00 -1.350121e-02
1.470000e+00 -9.654525e-03
1.475000e+00 -5.606257e-03
1.480000e+00 -1.440852e-03
1.485000e+00 2.977028e-03
1.490000e+00 7.383239e-03
1.495000e+00 1.138546e-02
1.500000e+00 1.491060e-02
1.505000e+00 1.781404e-02
1.510000e+00 1.994451e-02
1.515000e+00 2.142619e-02
1.520000e+00 2.213467e-02
1.525000e+00 2.182383e-02
1.530000e+00 2.060160e-02
1.535000e+00 1.852257e-02
1.540000e+00 1.566885e-02
1.545000e+00 1.239684e-02
1.550000e+00 8.790461e-03
1.555000e+00 4.572424e-03
1.560000e+00 -8.833162e-05
1.565000e+00 -4.572312e-03
1.570000e+00 -8.611402e-03
1.575000e+00 -1.227234e-02
1.580000e+00 -1.572811e-02
1.585000e+00 -1.870428e-02
1.590000e+00 -2.062950e-02
1.595000e+00 -2.166782e-02
1.600000e+00 -2.207504e-02
1.605000e+00 -2.154558e-02
1.610000e+00 -2.002018e-02
1.615000e+00 -1.782552e-02
1.620000e+00 -1.494584e-02
1.625000e+00 -1.136748e-02
1.630000e+00 -7.362411e-03
1.635000e+00 -3.080388e-03
1.640000e+00 1.322813e-03
1.645000e+00 5.668162e-03
1.650000e+00 9.762274e-03
1.655000e+00 1.344180e-02
1.660000e+00 1.670985e-02
1.665000e+00 1.929419e-02
1.670000e+00 2.094646e-02
1.675000e+00 2.186022e-02
1.680000e+00 2.197622e-02
1.685000e+00 2.114330e-02
1.690000e+00 1.950267e-02
1.695000e+00 1.705221e-02
1.700000e+00 1.384129e-02
1.705000e+00 1.022570e-02
1.710000e+00 6.244223e-03
1.715000e+00 1.835626e-03
1.720000e+00 -2.648219e-03
1.725000e+00 -6.883439e-03
1.730000e+00 -1.082612e-02
1.735000e+00 -1.445978e-02
1.740000e+00 -1.749960e-02
1.745000e+00 -1.976062e-02
1.750000e+00 -2.130798e-02
1.755000e+00 -2.199622e-02
1.760000e+00 -2.177704e-02
1.765000e+00 -2.076055e-02
1.770000e+00 -1.882861e-02
1.775000e+00 -1.617172e-02
1.780000e+00 -1.299297e-02
1.785000e+00 -9.134389e-03
1.790000e+00 -4.947653e-03
1.795000e+00 -6.641812e-04
1.800000e+00 3.829404e-03
1.805000e+00 8.073790e-03
1.810000e+00 1.188008e-02
1.815000e+00 1.538783e-02
1.820000e+00 1.828109e-02
1.825000e+00 2.033040e-02
1.830000e+00 2.161401e-02
1.835000e+00 2.210808e-02
1.840000e+00 2.163517e-02
1.845000e+00 2.029507e-02
1.850000e+00 1.822859e-02
1.855000e+00 1.536574e-02
1.860000e+00 1.190855e-02
1.865000e+00 8.002103e-03
1.870000e+00 3.712041e-03
1.875000e+00 -6.850699e-04
1.880000e+00 -5.075292e-03
1.885000e+00 -9.260366e-03
1.890000e+00 -1.301003e-02
1.895000e+00 -1.636184e-02
1.900000e+00 -1.900901e-02
1.905000e+00 -2.080503e-02
1.910000e+00 -2.194419e-02
1.915000e+00 -2.211007e-02
1.920000e+00 -2.131090e-02
1.925000e+00 -1.982729e-02
1.930000e+00 -1.746825e-02
1.935000e+00 -1.436969e-02
1.940000e+00 -1.082488e-02
1.945000e+00 -6.772993e-03
1.950000e+00 -2.395361e-03
1.955000e+00 2.001904e-03
1.960000e+00 6.356364e-03
1.965000e+00 1.046580e-02
1.970000e+00 1.412354e-02
1.975000e+00 1.726995e-02
1.980000e+00 1.969794e-02
1.985000e+00 2.132439e-02
1.990000e+00 2.213101e-02
1.995000e+00 2.200562e-02
2 2.101430e-02
2.005000e+00 1.918045e-02
2.010000e+00 1.657029e-02
2.015000e+00 1.338481e-02
2.020000e+00 9.594962e-03
2.025000e+00 5.387687e-03
2.030000e+00 1.067357e-03
2.035000e+00 -3.360034e-03
2.040000e+00 -7.653998e-03
2.045000e+00 -1.157996e-02
2.050000e+00 -1.511421e-02
2.055000e+00 -1.802832e-02
2.060000e+00 -2.019806e-02
2.065000e+00 -2.163693e-02
2.070000e+00 -2.216062e-02
2.075000e+00 -2.174600e-02
2.080000e+00 -2.053624e-02
2.085000e+00 -1.849361e-02
2.090000e+00 -1.568989e-02
2.095000e+00 -1.228206e-02
2.100000e+00 -8.369959e-03
2.105000e+00 -4.151303e-03
2.110000e+00 2.658241e-04
2.115000e+00 4.678470e-03
2.120000e+00 8.835764e-03
2.125000e+00 1.268988e-02
2.130000e+00 1.603798e-02
2.135000e+00 1.872875e-02
2.140000e+00 2.070101e-02
2.145000e+00 2.181536e-02
2.150000e+00 2.209423e-02
2.155000e+00 2.145881e-02
2.160000e+00 1.994943e-02
2.165000e+00 1.771573e-02
2.170000e+00 1.471158e-02
2.175000e+00 1.114444e-02
2.180000e+00 7.160612e-03
2.185000e+00 2.816783e-03
2.190000e+00 -1.566461e-03
2.195000e+00 -5.906870e-03
2.200000e+00 -1.004364e-02
2.205000e+00 -1.369337e-02
2.210000e+00 -1.686989e-02
2.215000e+00 -1.937134e-02
2.220000e+00 -2.105500e-02
2.225000e+00 -2.197441e-02
2.230000e+00 -2.195206e-02
2.235000e+00 -2.104315e-02
2.240000e+00 -1.936679e-02
2.245000e+00 -1.686542e-02
2.250000e+00 -1.370369e-02
2.255000e+00 -1.000913e-02
2.260000e+00 -5.903915e-03
2.265000e+00 -1.553785e-03
2.270000e+00 2.867429e-03
2.275000e+00 7.139075e-03
2.280000e+00 1.113518e-02
2.285000e+00 1.467037e-02
2.290000e+00 1.763955e-02
2.295000e+00 1.993435e-02
2.300000e+00 2.138497e-02
2.305000e+00 2.200396e-02
2.310000e+00 2.175239e-02
2.315000e+00 2.060716e-02
2.320000e+00 1.867883e-02
2.325000e+00 1.598361e-02
2.330000e+00 1.265787e-02
2.335000e+00 8.861589e-03
2.340000e+00 4.647543e-03
2.345000e+00 2.583323e-04
2.350000e+00 -4.103322e-03
2.355000e+00 -8.311004e-03
2.360000e+00 -1.219056e-02
2.365000e+00 -1.560045e-02
2.370000e+00 -1.835671e-02
2.375000e+00 -2.039867e-02
2.380000e+00 -2.165550e-02
2.385000e+00 -2.199538e-02
2.390000e+00 -2.147505e-02
2.395000e+00 -2.011901e-02
2.400000e+00 -1.794354e-02
2.405000e+00 -1.506579e-02
2.410000e+00 -1.160142e-02
2.415000e+00 -7.653597e-03
2.420000e+00 -3.395388e-03
2.425000e+00 9.892855e-04
2.430000e+00 5.351482e-03
2.435000e+00 9.472498e-03
2.440000e+00 1.322869e-02
2.445000e+00 1.647506e-02
2.450000e+00 1.903119e-02
2.455000e+00 2.084921e-02
2.460000e+00 2.180915e-02
2.465000e+00 2.187357e-02
2.470000e+00 2.107357e-02
2.475000e+00 1.938917e-02
2.480000e+00 1.697408e-02
2.485000e+00 1.390541e-02
2.490000e+00 1.027220e-02
2.495000e+00 6.257991e-03
2.500000e+00 1.975809e-03
2.505000e+00 -2.344193e-03
2.510000e+00 -6.578308e-03
2.515000e+00 -1.056514e-02
2.520000e+00 -1.404977e-02
2.525000e+00 -1.697961e-02
2.530000e+00 -1.919604e-02
2.535000e+00 -2.061020e-02
2.540000e+00 -2.129591e-02
2.545000e+00 -2.124806e-02
2.550000e+00 -2.062274e-02
2.555000e+00 -1.960450e-02
2.560000e+00 -1.824827e-02
2.565000e+00 -1.659020e-02
2.570000e+00 -1.462491e-02
2.575000e+00 -1.230248e-02
2.580000e+00 -9.525007e-03
2.585000e+00 -6.242995e-03
2.590000e+00 -2.571871e-03
2.595000e+00 1.330043e-03
2.600000e+00 5.217032e-03
2.605000e+00 8.763017e-03
2.610000e+00 1.178044e-02
2.615000e+00 1.417469e-02
2.620000e+00 1.595038e-02
2.625000e+00 1.729912e-02
2.630000e+00 1.835250e-02
2.635000e+00 1.907813e-02
2.640000e+00 1.945928e-02
2.645000e+00 1.938120e-02
2.650000e+00 1.880257e-02
2.655000e+00 1.770826e-02
2.660000e+00 1.608244e-02
2.665000e+00 1.403547e-02
2.670000e+00 1.139154e-02
2.675000e+00 8.096935e-03
2.680000e+00 4.281635e-03
2.685000e+00 7.030358e-05
2.690000e+00 -4.088429e-03
2.695000e+00 -7.856796e-03
2.700000e+00 -1.100968e-02
2.705000e+00 -1.352893e-02
2.710000e+00 -1.564881e-02
2.715000e+00 -1.734503e-02
2.720000e+00 -1.858583e-02
2.725000e+00 -1.913636e-02
2.730000e+00 -1.870691e-02
2.735000e+00 -1.735344e-02
2.740000e+00 -1.520424e-02
2.745000e+00 -1.257518e-02
2.750000e+00 -9.687994e-03
2.755000e+00 -6.594244e-03
2.760000e+00 -3.276242e-03
2.765000e+00 4.073157e-04
2.770000e+00 4.265726e-03
2.775000e+00 7.958762e-03
2.780000e+00 1.131075e-02
2.785000e+00 1.409511e-02
2.790000e+00 1.620200e-02
2.795000e+00 1.767363e-02
2.800000e+00 1.852209e-02
2.805000e+00 1.870408e-02
2.810000e+00 1.815498e-02
2.815000e+00 1.686733e-02
2.820000e+00 1.487116e-02
2.825000e+00 1.226342e-02
2.830000e+00 9.111346e-03
2.835000e+00 5.570517e-03
2.840000e+00 1.864039e-03
2.845000e+00 -1.877208e-03
2.850000e+00 -5.470099e-03
2.855000e+00 -8.857388e-03
2.860000e+00 -1.200306e-02
2.865000e+00 -1.470826e-02
2.870000e+00 -1.680716e-02
2.875000e+00 -1.815960e-02
2.880000e+00 -1.874262e-02
2.885000e+00 -1.863853e-02
2.890000e+00 -1.783818e-02
2.895000e+00 -1.633365e-02
2.900000e+00 -1.414481e-02
2.905000e+00 -1.133973e-02
2.910000e+00 -8.047355e-03
2.915000e+00 -4.484386e-03
2.920000e+00 -9.092046e-04
2.925000e+00 2.761822e-03
2.930000e+00 6.584530e-03
2.935000e+00 1.016490e-02
2.940000e+00 1.305959e-02
2.945000e+00 1.526670e-02
2.950000e+00 1.706281e-02
2.955000e+00 1.837685e-02
2.960000e+00 1.894396e-02
2.965000e+00 1.859241e-02
2.970000e+00 1.738069e-02
2.975000e+00 1.551692e-02
2.980000e+00 1.315925e-02
2.985000e+00 1.043233e-02
2.990000e+00 7.194546e-03
2.995000e+00 3.471335e-03
3 -3.608889e-04
