T X
0 0
5.000000e-03 1.126965e-08
1.000000e-02 2.246163e-08
1.500000e-02 3.053786e-07
2.000000e-02 3.276794e-06
2.500000e-02 2.339541e-05
3.000000e-02 1.235768e-04
3.500000e-02 4.849081e-04
4.000000e-02 1.422113e-03
4.500000e-02 3.144830e-03
5.000000e-02 5.319401e-03
5.500000e-02 7.145046e-03
6.000000e-02 8.284610e-03
6.500000e-02 9.190575e-03
7.000000e-02 9.982572e-03
7.500000e-02 1.018665e-02
8.000000e-02 9.892541e-03
8.500000e-02 9.406775e-03
9.000000e-02 8.454469e-03
9.500000e-02 7.097962e-03
1.000000e-01 5.607914e-03
1.050000e-01 3.813938e-03
1.100000e-01 1.885497e-03
1.150000e-01 -3.071459e-05
1.200000e-01 -2.033502e-03
1.250000e-01 -3.875177e-03
1.300000e-01 -5.614158e-03
1.350000e-01 -7.249520e-03
1.400000e-01 -8.527026e-03
1.450000e-01 -9.504475e-03
1.500000e-01 -1.001562e-02
1.550000e-01 -1.010026e-02
1.600000e-01 -9.887696e-03
1.650000e-01 -9.238521e-03
1.700000e-01 -8.239053e-03
1.750000e-01 -6.876124e-03
1.800000e-01 -5.274151e-03
1.850000e-01 -3.479309e-03
1.900000e-01 -1.472178e-03
1.950000e-01 5.430965e-04
2.000000e-01 2.555147e-03
2.050000e-01 4.449249e-03
2.100000e-01 6.190632e-03
2.150000e-01 7.662583e-03
2.200000e-01 8.796944e-03
2.250000e-01 9.652715e-03
2.300000e-01 1.007528e-02
2.350000e-01 1.010576e-02
2.400000e-01 9.736977e-03
2.450000e-01 8.988939e-03
2.500000e-01 7.866078e-03
2.550000e-01 6.446663e-03
2.600000e-01 4.777555e-03
2.650000e-01 2.864414e-03
2.700000e-01 9.055353e-04
2.750000e-01 -1.137896e-03
2.800000e-01 -3.125478e-03
2.850000e-01 -4.971791e-03
2.900000e-01 -6.638201e-03
2.950000e-01 -8.023612e-03
3.000000e-01 -9.096242e-03
3.050000e-01 -9.802100e-03
3.100000e-01 -1.013198e-02
3.150000e-01 -1.003357e-02
3.200000e-01 -9.568448e-03
3.250000e-01 -8.696025e-03
3.300000e-01 -7.489721e-03
3.350000e-01 -5.982412e-03
3.400000e-01 -4.222917e-03
3.450000e-01 -2.313800e-03
3.500000e-01 -2.960272e-04
3.550000e-01 1.724689e-03
3.600000e-01 3.681676e-03
3.650000e-01 5.479667e-03
3.700000e-01 7.073846e-03
3.750000e-01 8.364245e-03
3.800000e-01 9.348982e-03
3.850000e-01 9.940351e-03
3.900000e-01 1.014142e-02
3.950000e-01 9.950557e-03
4.000000e-01 9.345383e-03
4.050000e-01 8.386129e-03
4.100000e-01 7.068486e-03
4.150000e-01 5.489349e-03
4.200000e-01 3.678687e-03
4.250000e-01 1.725066e-03
4.300000e-01 -2.976729e-04
4.350000e-01 -2.305213e-03
4.400000e-01 -4.222235e-03
4.450000e-01 -5.965720e-03
4.500000e-01 -7.479325e-03
4.550000e-01 -8.689479e-03
4.600000e-01 -9.557426e-03
4.650000e-01 -1.004370e-02
4.700000e-01 -1.012905e-02
4.750000e-01 -9.818533e-03
4.800000e-01 -9.099361e-03
4.850000e-01 -8.035492e-03
4.900000e-01 -6.632239e-03
4.950000e-01 -4.979396e-03
5.000000e-01 -3.119394e-03
5.050000e-01 -1.139002e-03
5.100000e-01 8.897261e-04
5.150000e-01 2.873885e-03
5.200000e-01 4.750552e-03
5.250000e-01 6.439260e-03
5.300000e-01 7.863761e-03
5.350000e-01 8.985743e-03
5.400000e-01 9.740749e-03
5.450000e-01 1.011408e-02
5.500000e-01 1.008179e-02
5.550000e-01 9.648390e-03
5.600000e-01 8.818034e-03
5.650000e-01 7.655150e-03
5.700000e-01 6.172074e-03
5.750000e-01 4.452942e-03
5.800000e-01 2.552100e-03
5.850000e-01 5.505149e-04
5.900000e-01 -1.475402e-03
5.950000e-01 -3.439058e-03
6.000000e-01 -5.271375e-03
6.050000e-01 -6.894348e-03
6.100000e-01 -8.225550e-03
6.150000e-01 -9.243797e-03
6.200000e-01 -9.880775e-03
6.250000e-01 -1.012531e-02
6.300000e-01 -9.966945e-03
6.350000e-01 -9.407527e-03
6.400000e-01 -8.476744e-03
6.450000e-01 -7.220510e-03
6.500000e-01 -5.664003e-03
6.550000e-01 -3.897840e-03
6.600000e-01 -1.972296e-03
6.650000e-01 3.017708e-05
6.700000e-01 2.039816e-03
6.750000e-01 3.969372e-03
6.800000e-01 5.742545e-03
6.850000e-01 7.292319e-03
6.900000e-01 8.540719e-03
6.950000e-01 9.466745e-03
7.000000e-01 9.999483e-03
7.050000e-01 1.013199e-02
7.100000e-01 9.870039e-03
7.150000e-01 9.204897e-03
7.200000e-01 8.177777e-03
7.250000e-01 6.822056e-03
7.300000e-01 5.193054e-03
7.350000e-01 3.360695e-03
7.400000e-01 1.397177e-03
7.450000e-01 -6.317890e-04
7.500000e-01 -2.633159e-03
7.550000e-01 -4.521889e-03
7.600000e-01 -6.243511e-03
7.650000e-01 -7.706751e-03
7.700000e-01 -8.871777e-03
7.750000e-01 -9.671577e-03
7.800000e-01 -1.009447e-02
7.850000e-01 -1.010332e-02
7.900000e-01 -9.725142e-03
7.950000e-01 -8.944242e-03
8.000000e-01 -7.809273e-03
8.050000e-01 -6.374054e-03
8.100000e-01 -4.671165e-03
8.150000e-01 -2.795730e-03
8.200000e-01 -7.955176e-04
8.250000e-01 1.225055e-03
8.300000e-01 3.204625e-03
8.350000e-01 5.047300e-03
8.400000e-01 6.701134e-03
8.450000e-01 8.078872e-03
8.500000e-01 9.134605e-03
8.550000e-01 9.829107e-03
8.600000e-01 1.013198e-02
8.650000e-01 1.002956e-02
8.700000e-01 9.530075e-03
8.750000e-01 8.647069e-03
8.800000e-01 7.424012e-03
8.850000e-01 5.905454e-03
8.900000e-01 4.147370e-03
8.950000e-01 2.225017e-03
9.000000e-01 2.125859e-04
9.050000e-01 -1.803891e-03
9.100000e-01 -3.758762e-03
9.150000e-01 -5.554003e-03
9.200000e-01 -7.135881e-03
9.250000e-01 -8.426803e-03
9.300000e-01 -9.381738e-03
9.350000e-01 -9.967039e-03
9.400000e-01 -1.015068e-02
9.450000e-01 -9.928251e-03
9.500000e-01 -9.312986e-03
9.550000e-01 -8.325151e-03
9.600000e-01 -7.006585e-03
9.650000e-01 -5.407637e-03
9.700000e-01 -3.592592e-03
9.750000e-01 -1.635028e-03
9.800000e-01 3.846557e-04
9.850000e-01 2.392986e-03
9.900000e-01 4.304510e-03
9.950000e-01 6.042628e-03
1 7.540256e-03
1.005000e+00 8.735435e-03
1.010000e+00 9.588679e-03
1.015000e+00 1.005275e-02
1.020000e+00 1.012075e-02
1.025000e+00 9.784290e-03
1.030000e+00 9.061348e-03
1.035000e+00 7.973842e-03
1.040000e+00 6.565581e-03
1.045000e+00 4.905152e-03
1.050000e+00 3.046963e-03
1.055000e+00 1.046574e-03
1.060000e+00 -9.832206e-04
1.065000e+00 -2.935339e-03
1.070000e+00 -4.817338e-03
1.075000e+00 -6.556643e-03
1.080000e+00 -7.938754e-03
1.085000e+00 -8.947585e-03
1.090000e+00 -9.760259e-03
1.095000e+00 -1.024867e-02
1.100000e+00 -1.007283e-02
1.105000e+00 -9.428590e-03
1.110000e+00 -8.786769e-03
1.115000e+00 -7.850832e-03
1.120000e+00 -6.173671e-03
1.125000e+00 -4.103063e-03
1.130000e+00 -2.152912e-03
1.135000e+00 -3.928223e-04
1.140000e+00 1.216752e-03
1.145000e+00 2.849617e-03
1.150000e+00 4.854413e-03
1.155000e+00 7.059095e-03
1.160000e+00 9.009439e-03
1.165000e+00 1.051132e-02
1.170000e+00 1.127735e-02
1.175000e+00 1.112875e-02
1.180000e+00 1.022593e-02
1.185000e+00 8.534248e-03
1.190000e+00 6.056765e-03
1.195000e+00 3.223887e-03
1.200000e+00 2.301720e-04
1.205000e+00 -3.097874e-03
1.210000e+00 -6.535186e-03
1.215000e+00 -9.540111e-03
1.220000e+00 -1.175865e-02
1.225000e+00 -1.350103e-02
1.230000e+00 -1.536873e-02
1.235000e+00 -1.710173e-02
1.240000e+00 -1.806628e-02
1.245000e+00 -1.818172e-02
1.250000e+00 -1.722323e-02
1.255000e+00 -1.495412e-02
1.260000e+00 -1.176673e-02
1.265000e+00 -7.848946e-03
1.270000e+00 -3.221508e-03
1.275000e+00 1.718018e-03
1.280000e+00 6.658968e-03
1.285000e+00 1.146138e-02
1.290000e+00 1.585992e-02
1.295000e+00 1.965098e-02
1.300000e+00 2.270993e-02
1.305000e+00 2.487395e-02
1.310000e+00 2.594375e-02
1.315000e+00 2.592216e-02
1.320000e+00 2.508123e-02
1.325000e+00 2.335590e-02
1.330000e+00 2.061559e-02
1.335000e+00 1.706929e-02
1.340000e+00 1.278204e-02
1.345000e+00 7.973336e-03
1.350000e+00 2.927803e-03
1.355000e+00 -2.390860e-03
1.360000e+00 -7.590348e-03
1.365000e+00 -1.235806e-02
1.370000e+00 -1.676319e-02
1.375000e+00 -2.047446e-02
1.380000e+00 -2.331815e-02
1.385000e+00 -2.535490e-02
1.390000e+00 -2.633722e-02
1.395000e+00 -2.621033e-02
1.400000e+00 -2.508494e-02
1.405000e+00 -2.291898e-02
1.410000e+00 -1.985413e-02
1.415000e+00 -1.604019e-02
1.420000e+00 -1.156752e-02
1.425000e+00 -6.606071e-03
1.430000e+00 -1.406133e-03
1.435000e+00 3.851376e-03
1.440000e+00 8.985468e-03
1.445000e+00 1.371011e-02
1.450000e+00 1.790236e-02
1.455000e+00 2.139668e-02
1.460000e+00 2.400685e-02
1.465000e+00 2.572450e-02
1.470000e+00 2.639650e-02
1.475000e+00 2.597820e-02
1.480000e+00 2.456532e-02
1.485000e+00 2.210528e-02
1.490000e+00 1.882061e-02
1.495000e+00 1.479640e-02
1.500000e+00 1.011623e-02
1.505000e+00 5.145623e-03
1.510000e+00 -1.186156e-04
1.515000e+00 -5.393231e-03
1.520000e+00 -1.035355e-02
1.525000e+00 -1.500960e-02
1.530000e+00 -1.901135e-02
1.535000e+00 -2.223471e-02
1.540000e+00 -2.464999e-02
1.545000e+00 -2.601081e-02
1.550000e+00 -2.636549e-02
1.555000e+00 -2.568835e-02
1.560000e+00 -2.393337e-02
1.565000e+00 -2.125635e-02
1.570000e+00 -1.772066e-02
1.575000e+00 -1.347464e-02
1.580000e+00 -8.716106e-03
1.585000e+00 -3.604076e-03
1.590000e+00 1.671482e-03
1.595000e+00 6.859095e-03
1.600000e+00 1.177455e-02
1.605000e+00 1.625530e-02
1.610000e+00 2.005185e-02
1.615000e+00 2.305340e-02
1.620000e+00 2.514601e-02
1.625000e+00 2.622796e-02
1.630000e+00 2.626903e-02
1.635000e+00 2.525760e-02
1.640000e+00 2.324366e-02
1.645000e+00 2.029106e-02
1.650000e+00 1.655173e-02
1.655000e+00 1.213935e-02
1.660000e+00 7.231332e-03
1.665000e+00 2.083992e-03
1.670000e+00 -3.196292e-03
1.675000e+00 -8.334516e-03
1.680000e+00 -1.312059e-02
1.685000e+00 -1.744416e-02
1.690000e+00 -2.100573e-02
1.695000e+00 -2.376166e-02
1.700000e+00 -2.558755e-02
1.705000e+00 -2.633180e-02
1.710000e+00 -2.608630e-02
1.715000e+00 -2.476956e-02
1.720000e+00 -2.246983e-02
1.725000e+00 -1.930041e-02
1.730000e+00 -1.532156e-02
1.735000e+00 -1.076133e-02
1.740000e+00 -5.767090e-03
1.745000e+00 -5.228506e-04
1.750000e+00 4.725886e-03
1.755000e+00 9.791006e-03
1.760000e+00 1.446770e-02
1.765000e+00 1.855369e-02
1.770000e+00 2.191448e-02
1.775000e+00 2.439373e-02
1.780000e+00 2.589459e-02
1.785000e+00 2.638064e-02
1.790000e+00 2.580010e-02
1.795000e+00 2.420119e-02
1.800000e+00 2.163655e-02
1.805000e+00 1.819032e-02
1.810000e+00 1.405201e-02
1.815000e+00 9.318222e-03
1.820000e+00 4.231993e-03
1.825000e+00 -1.014253e-03
1.830000e+00 -6.249599e-03
1.835000e+00 -1.118883e-02
1.840000e+00 -1.571818e-02
1.845000e+00 -1.959805e-02
1.850000e+00 -2.269686e-02
1.855000e+00 -2.490905e-02
1.860000e+00 -2.610301e-02
1.865000e+00 -2.629415e-02
1.870000e+00 -2.540640e-02
1.875000e+00 -2.352576e-02
1.880000e+00 -2.071299e-02
1.885000e+00 -1.704612e-02
1.890000e+00 -1.273770e-02
1.895000e+00 -7.888522e-03
1.900000e+00 -2.733557e-03
1.905000e+00 2.530109e-03
1.910000e+00 7.703963e-03
1.915000e+00 1.256586e-02
1.920000e+00 1.692774e-02
1.925000e+00 2.060931e-02
1.930000e+00 2.347516e-02
1.935000e+00 2.538135e-02
1.940000e+00 2.629937e-02
1.945000e+00 2.616036e-02
1.950000e+00 2.497547e-02
1.955000e+00 2.281286e-02
1.960000e+00 1.972461e-02
1.965000e+00 1.586590e-02
1.970000e+00 1.135193e-02
1.975000e+00 6.398323e-03
1.980000e+00 1.177051e-03
1.985000e+00 -4.087947e-03
1.990000e+00 -9.173434e-03
1.995000e+00 -1.391995e-02
2 -1.807633e-02
2.005000e+00 -2.153213e-02
2.010000e+00 -2.413299e-02
2.015000e+00 -2.575759e-02
2.020000e+00 -2.638199e-02
2.025000e+00 -2.593791e-02
2.030000e+00 -2.445335e-02
2.035000e+00 -2.201097e-02
2.040000e+00 -1.867153e-02
2.045000e+00 -1.459174e-02
2.050000e+00 -9.930985e-03
2.055000e+00 -4.879425e-03
2.060000e+00 3.596530e-04
2.065000e+00 5.597812e-03
2.070000e+00 1.059591e-02
2.075000e+00 1.518694e-02
2.080000e+00 1.916997e-02
2.085000e+00 2.238314e-02
2.090000e+00 2.473031e-02
2.095000e+00 2.604851e-02
2.100000e+00 2.635609e-02
2.105000e+00 2.561199e-02
2.110000e+00 2.382770e-02
2.115000e+00 2.110841e-02
2.120000e+00 1.753665e-02
2.125000e+00 1.330885e-02
2.130000e+00 8.499335e-03
2.135000e+00 3.360182e-03
2.140000e+00 -1.894565e-03
2.145000e+00 -7.079324e-03
2.150000e+00 -1.198476e-02
2.155000e+00 -1.646166e-02
2.160000e+00 -2.019608e-02
2.165000e+00 -2.314706e-02
2.170000e+00 -2.521737e-02
2.175000e+00 -2.625323e-02
2.180000e+00 -2.624569e-02
2.185000e+00 -2.518864e-02
2.190000e+00 -2.313064e-02
2.195000e+00 -2.014084e-02
2.200000e+00 -1.638974e-02
2.205000e+00 -1.196239e-02
2.210000e+00 -7.037010e-03
2.215000e+00 -1.793361e-03
2.220000e+00 3.503418e-03
2.225000e+00 8.535084e-03
2.230000e+00 1.326640e-02
2.235000e+00 1.760120e-02
2.240000e+00 2.121387e-02
2.245000e+00 2.382392e-02
2.250000e+00 2.556821e-02
2.255000e+00 2.646866e-02
2.260000e+00 2.616459e-02
2.265000e+00 2.457979e-02
2.270000e+00 2.216299e-02
2.275000e+00 1.915934e-02
2.280000e+00 1.527121e-02
2.285000e+00 1.052215e-02
2.290000e+00 5.399228e-03
2.295000e+00 2.556017e-04
2.300000e+00 -4.796154e-03
2.305000e+00 -9.685276e-03
2.310000e+00 -1.444232e-02
2.315000e+00 -1.890415e-02
2.320000e+00 -2.249330e-02
2.325000e+00 -2.485220e-02
2.330000e+00 -2.599030e-02
2.335000e+00 -2.608375e-02
2.340000e+00 -2.537158e-02
2.345000e+00 -2.401873e-02
2.350000e+00 -2.182981e-02
2.355000e+00 -1.863352e-02
2.360000e+00 -1.478835e-02
2.365000e+00 -1.016448e-02
2.370000e+00 -4.543119e-03
2.375000e+00 1.555823e-03
2.380000e+00 7.358061e-03
2.385000e+00 1.263897e-02
2.390000e+00 1.755495e-02
2.395000e+00 2.177546e-02
2.400000e+00 2.479587e-02
2.405000e+00 2.618835e-02
2.410000e+00 2.593781e-02
2.415000e+00 2.437475e-02
2.420000e+00 2.184426e-02
2.425000e+00 1.864936e-02
2.430000e+00 1.479366e-02
2.435000e+00 1.013999e-02
2.440000e+00 4.790464e-03
2.445000e+00 -1.053495e-03
2.450000e+00 -7.227160e-03
2.455000e+00 -1.331882e-02
2.460000e+00 -1.891799e-02
2.465000e+00 -2.374228e-02
2.470000e+00 -2.735786e-02
2.475000e+00 -2.940400e-02
2.480000e+00 -3.009167e-02
2.485000e+00 -2.948190e-02
2.490000e+00 -2.726221e-02
2.495000e+00 -2.357468e-02
2.500000e+00 -1.869439e-02
2.505000e+00 -1.292612e-02
2.510000e+00 -6.623881e-03
2.515000e+00 -5.565816e-05
2.520000e+00 6.619352e-03
2.525000e+00 1.303083e-02
2.530000e+00 1.892926e-02
2.535000e+00 2.429872e-02
2.540000e+00 2.872138e-02
2.545000e+00 3.199017e-02
2.550000e+00 3.405157e-02
2.555000e+00 3.472664e-02
2.560000e+00 3.395997e-02
2.565000e+00 3.191115e-02
2.570000e+00 2.861608e-02
2.575000e+00 2.412114e-02
2.580000e+00 1.869076e-02
2.585000e+00 1.245250e-02
2.590000e+00 5.667537e-03
2.595000e+00 -1.328302e-03
2.600000e+00 -8.215831e-03
2.605000e+00 -1.481041e-02
2.610000e+00 -2.084200e-02
2.615000e+00 -2.595779e-02
2.620000e+00 -3.010864e-02
2.625000e+00 -3.311374e-02
2.630000e+00 -3.472521e-02
2.635000e+00 -3.495764e-02
2.640000e+00 -3.381250e-02
2.645000e+00 -3.127022e-02
2.650000e+00 -2.757817e-02
2.655000e+00 -2.277395e-02
2.660000e+00 -1.695574e-02
2.665000e+00 -1.058717e-02
2.670000e+00 -3.762540e-03
2.675000e+00 3.304264e-03
2.680000e+00 1.014185e-02
2.685000e+00 1.659843e-02
2.690000e+00 2.242360e-02
2.695000e+00 2.728059e-02
2.700000e+00 3.111065e-02
2.705000e+00 3.371229e-02
2.710000e+00 3.491032e-02
2.715000e+00 3.479439e-02
2.720000e+00 3.325489e-02
2.725000e+00 3.032171e-02
2.730000e+00 2.627477e-02
2.735000e+00 2.113981e-02
2.740000e+00 1.515600e-02
2.745000e+00 8.640192e-03
2.750000e+00 1.692721e-03
2.755000e+00 -5.297534e-03
2.760000e+00 -1.205937e-02
2.765000e+00 -1.839241e-02
2.770000e+00 -2.394682e-02
2.775000e+00 -2.854210e-02
2.780000e+00 -3.200242e-02
2.785000e+00 -3.417119e-02
2.790000e+00 -3.502667e-02
2.795000e+00 -3.448893e-02
2.800000e+00 -3.251937e-02
2.805000e+00 -2.929096e-02
2.810000e+00 -2.488324e-02
2.815000e+00 -1.945594e-02
2.820000e+00 -1.330402e-02
2.825000e+00 -6.617905e-03
2.830000e+00 3.425803e-04
2.835000e+00 7.302704e-03
2.840000e+00 1.397698e-02
2.845000e+00 2.009691e-02
2.850000e+00 2.540563e-02
2.855000e+00 2.968400e-02
2.860000e+00 3.277816e-02
2.865000e+00 3.456486e-02
2.870000e+00 3.500126e-02
2.875000e+00 3.402713e-02
2.880000e+00 3.170358e-02
2.885000e+00 2.813177e-02
2.890000e+00 2.339850e-02
2.895000e+00 1.773701e-02
2.900000e+00 1.141229e-02
2.905000e+00 4.583563e-03
2.910000e+00 -2.414920e-03
2.915000e+00 -9.273879e-03
2.920000e+00 -1.584816e-02
2.925000e+00 -2.172483e-02
2.930000e+00 -2.674910e-02
2.935000e+00 -3.073515e-02
2.940000e+00 -3.342113e-02
2.945000e+00 -3.484349e-02
2.950000e+00 -3.487395e-02
2.955000e+00 -3.347476e-02
2.960000e+00 -3.079547e-02
2.965000e+00 -2.687076e-02
2.970000e+00 -2.183080e-02
2.975000e+00 -1.596873e-02
2.980000e+00 -9.429127e-03
2.985000e+00 -2.532280e-03
2.990000e+00 4.435058e-03
2.995000e+00 1.127595e-02
3 1.762021e-02
