T X
0 0
5.000000e-03 -7.626612e-09
1.000000e-02 7.864763e-09
1.500000e-02 2.149155e-07
2.000000e-02 1.957858e-06
2.500000e-02 1.698443e-05
3.000000e-02 1.033585e-04
3.500000e-02 4.430405e-04
4.000000e-02 1.375759e-03
4.500000e-02 3.140171e-03
5.000000e-02 5.367601e-03
5.500000e-02 7.177984e-03
6.000000e-02 8.252251e-03
6.500000e-02 9.149918e-03
7.000000e-02 9.974401e-03
7.500000e-02 1.016252e-02
8.000000e-02 9.867848e-03
8.500000e-02 9.424488e-03
9.000000e-02 8.456051e-03
9.500000e-02 7.088415e-03
1.000000e-01 5.634194e-03
1.050000e-01 3.811184e-03
1.100000e-01 1.861055e-03
1.150000e-01 -2.890063e-05
1.200000e-01 -2.044011e-03
1.250000e-01 -3.891204e-03
1.300000e-01 -5.620263e-03
1.350000e-01 -7.237959e-03
1.400000e-01 -8.494661e-03
1.450000e-01 -9.470634e-03
1.500000e-01 -9.985093e-03
1.550000e-01 -1.011127e-02
1.600000e-01 -9.906532e-03
1.650000e-01 -9.237642e-03
1.700000e-01 -8.251486e-03
1.750000e-01 -6.864579e-03
1.800000e-01 -5.256200e-03
1.850000e-01 -3.463080e-03
1.900000e-01 -1.454505e-03
1.950000e-01 5.374113e-04
2.000000e-01 2.554512e-03
2.050000e-01 4.435471e-03
2.100000e-01 6.158725e-03
2.150000e-01 7.643508e-03
2.200000e-01 8.797922e-03
2.250000e-01 9.647681e-03
2.300000e-01 1.006113e-02
2.350000e-01 1.010811e-02
2.400000e-01 9.737781e-03
2.450000e-01 8.980315e-03
2.500000e-01 7.863587e-03
2.550000e-01 6.434141e-03
2.600000e-01 4.757234e-03
2.650000e-01 2.876208e-03
2.700000e-01 8.969219e-04
2.750000e-01 -1.140062e-03
2.800000e-01 -3.098669e-03
2.850000e-01 -4.970288e-03
2.900000e-01 -6.619849e-03
2.950000e-01 -8.012725e-03
3.000000e-01 -9.094064e-03
3.050000e-01 -9.792308e-03
3.100000e-01 -1.012928e-02
3.150000e-01 -1.003106e-02
3.200000e-01 -9.558343e-03
3.250000e-01 -8.686875e-03
3.300000e-01 -7.479515e-03
3.350000e-01 -5.970739e-03
3.400000e-01 -4.222366e-03
3.450000e-01 -2.311774e-03
3.500000e-01 -3.006825e-04
3.550000e-01 1.719064e-03
3.600000e-01 3.663959e-03
3.650000e-01 5.474010e-03
3.700000e-01 7.064347e-03
3.750000e-01 8.359070e-03
3.800000e-01 9.342875e-03
3.850000e-01 9.929591e-03
3.900000e-01 1.014376e-02
3.950000e-01 9.933848e-03
4.000000e-01 9.339674e-03
4.050000e-01 8.367902e-03
4.100000e-01 7.066052e-03
4.150000e-01 5.484459e-03
4.200000e-01 3.673164e-03
4.250000e-01 1.732813e-03
4.300000e-01 -2.920408e-04
4.350000e-01 -2.296247e-03
4.400000e-01 -4.214117e-03
4.450000e-01 -5.960453e-03
4.500000e-01 -7.474754e-03
4.550000e-01 -8.679213e-03
4.600000e-01 -9.555238e-03
4.650000e-01 -1.003076e-02
4.700000e-01 -1.012488e-02
4.750000e-01 -9.798150e-03
4.800000e-01 -9.094724e-03
4.850000e-01 -8.023830e-03
4.900000e-01 -6.626933e-03
4.950000e-01 -4.982405e-03
5.000000e-01 -3.113972e-03
5.050000e-01 -1.148927e-03
5.100000e-01 8.833953e-04
5.150000e-01 2.869811e-03
5.200000e-01 4.748742e-03
5.250000e-01 6.426438e-03
5.300000e-01 7.865615e-03
5.350000e-01 8.971007e-03
5.400000e-01 9.734020e-03
5.450000e-01 1.010608e-02
5.500000e-01 1.006488e-02
5.550000e-01 9.635662e-03
5.600000e-01 8.816232e-03
5.650000e-01 7.645103e-03
5.700000e-01 6.168256e-03
5.750000e-01 4.458006e-03
5.800000e-01 2.549450e-03
5.850000e-01 5.581723e-04
5.900000e-01 -1.470673e-03
5.950000e-01 -3.440992e-03
6.000000e-01 -5.265844e-03
6.050000e-01 -6.878780e-03
6.100000e-01 -8.230398e-03
6.150000e-01 -9.226496e-03
6.200000e-01 -9.870227e-03
6.250000e-01 -1.011601e-02
6.300000e-01 -9.948862e-03
6.350000e-01 -9.404482e-03
6.400000e-01 -8.472007e-03
6.450000e-01 -7.208957e-03
6.500000e-01 -5.666636e-03
6.550000e-01 -3.900760e-03
6.600000e-01 -1.972445e-03
6.650000e-01 3.086837e-05
6.700000e-01 2.034444e-03
6.750000e-01 3.966296e-03
6.800000e-01 5.736887e-03
6.850000e-01 7.277781e-03
6.900000e-01 8.544229e-03
6.950000e-01 9.443861e-03
7.000000e-01 9.986254e-03
7.050000e-01 1.012959e-02
7.100000e-01 9.854905e-03
7.150000e-01 9.199460e-03
7.200000e-01 8.173876e-03
7.250000e-01 6.815023e-03
7.300000e-01 5.197661e-03
7.350000e-01 3.360955e-03
7.400000e-01 1.389932e-03
7.450000e-01 -6.262248e-04
7.500000e-01 -2.625869e-03
7.550000e-01 -4.521175e-03
7.600000e-01 -6.236532e-03
7.650000e-01 -7.695083e-03
7.700000e-01 -8.861425e-03
7.750000e-01 -9.658968e-03
7.800000e-01 -1.008178e-02
7.850000e-01 -1.010307e-02
7.900000e-01 -9.706313e-03
7.950000e-01 -8.940945e-03
8.000000e-01 -7.810025e-03
8.050000e-01 -6.365950e-03
8.100000e-01 -4.671076e-03
8.150000e-01 -2.791940e-03
8.200000e-01 -7.980045e-04
8.250000e-01 1.223709e-03
8.300000e-01 3.195693e-03
8.350000e-01 5.048956e-03
8.400000e-01 6.685777e-03
8.450000e-01 8.067115e-03
8.500000e-01 9.126318e-03
8.550000e-01 9.819254e-03
8.600000e-01 1.011969e-02
8.650000e-01 1.002318e-02
8.700000e-01 9.520602e-03
8.750000e-01 8.643012e-03
8.800000e-01 7.421988e-03
8.850000e-01 5.897642e-03
8.900000e-01 4.144428e-03
8.950000e-01 2.228185e-03
9.000000e-01 2.130168e-04
9.050000e-01 -1.803886e-03
9.100000e-01 -3.747973e-03
9.150000e-01 -5.550936e-03
9.200000e-01 -7.121292e-03
9.250000e-01 -8.418032e-03
9.300000e-01 -9.374146e-03
9.350000e-01 -9.955841e-03
9.400000e-01 -1.013905e-02
9.450000e-01 -9.923185e-03
9.500000e-01 -9.306346e-03
9.550000e-01 -8.317209e-03
9.600000e-01 -7.002842e-03
9.650000e-01 -5.401600e-03
9.700000e-01 -3.591296e-03
9.750000e-01 -1.638793e-03
9.800000e-01 3.879776e-04
9.850000e-01 2.384716e-03
9.900000e-01 4.298502e-03
9.950000e-01 6.031608e-03
1 7.531919e-03
1.005000e+00 8.728023e-03
1.010000e+00 9.574573e-03
1.015000e+00 1.004674e-02
1.020000e+00 1.010911e-02
1.025000e+00 9.779372e-03
1.030000e+00 9.054046e-03
1.035000e+00 7.965605e-03
1.040000e+00 6.558530e-03
1.045000e+00 4.909039e-03
1.050000e+00 3.041157e-03
1.055000e+00 1.045536e-03
1.060000e+00 -9.744997e-04
1.065000e+00 -2.931915e-03
1.070000e+00 -4.807305e-03
1.075000e+00 -6.553142e-03
1.080000e+00 -7.929168e-03
1.085000e+00 -8.927926e-03
1.090000e+00 -9.761336e-03
1.095000e+00 -1.025183e-02
1.100000e+00 -1.004251e-02
1.105000e+00 -9.409395e-03
1.110000e+00 -8.800102e-03
1.115000e+00 -7.856800e-03
1.120000e+00 -6.158040e-03
1.125000e+00 -4.077745e-03
1.130000e+00 -2.132032e-03
1.135000e+00 -3.962627e-04
1.140000e+00 1.197093e-03
1.145000e+00 2.851739e-03
1.150000e+00 4.875343e-03
1.155000e+00 7.093554e-03
1.160000e+00 9.056046e-03
1.165000e+00 1.055058e-02
1.170000e+00 1.130651e-02
1.175000e+00 1.115165e-02
1.180000e+00 1.023428e-02
1.185000e+00 8.530803e-03
1.190000e+00 6.061624e-03
1.195000e+00 3.237322e-03
1.200000e+00 2.276832e-04
1.205000e+00 -3.141141e-03
1.210000e+00 -6.605980e-03
1.215000e+00 -9.570345e-03
1.220000e+00 -1.175278e-02
1.225000e+00 -1.355014e-02
1.230000e+00 -1.548901e-02
1.235000e+00 -1.721798e-02
1.240000e+00 -1.814637e-02
1.245000e+00 -1.824862e-02
1.250000e+00 -1.728083e-02
1.255000e+00 -1.498186e-02
1.260000e+00 -1.176688e-02
1.265000e+00 -7.851231e-03
1.270000e+00 -3.220836e-03
1.275000e+00 1.727597e-03
1.280000e+00 6.666852e-03
1.285000e+00 1.148715e-02
1.290000e+00 1.593967e-02
1.295000e+00 1.973440e-02
1.300000e+00 2.279498e-02
1.305000e+00 2.497505e-02
1.310000e+00 2.602024e-02
1.315000e+00 2.601758e-02
1.320000e+00 2.519526e-02
1.325000e+00 2.340995e-02
1.330000e+00 2.062443e-02
1.335000e+00 1.709780e-02
1.340000e+00 1.280322e-02
1.345000e+00 7.974984e-03
1.350000e+00 2.905276e-03
1.355000e+00 -2.403360e-03
1.360000e+00 -7.578155e-03
1.365000e+00 -1.240737e-02
1.370000e+00 -1.686544e-02
1.375000e+00 -2.057976e-02
1.380000e+00 -2.343360e-02
1.385000e+00 -2.545661e-02
1.390000e+00 -2.639501e-02
1.395000e+00 -2.626342e-02
1.400000e+00 -2.514861e-02
1.405000e+00 -2.298718e-02
1.410000e+00 -1.990818e-02
1.415000e+00 -1.607089e-02
1.420000e+00 -1.158768e-02
1.425000e+00 -6.609727e-03
1.430000e+00 -1.389283e-03
1.435000e+00 3.877756e-03
1.440000e+00 9.012091e-03
1.445000e+00 1.376448e-02
1.450000e+00 1.799670e-02
1.455000e+00 2.149698e-02
1.460000e+00 2.411265e-02
1.465000e+00 2.581765e-02
1.470000e+00 2.644846e-02
1.475000e+00 2.603242e-02
1.480000e+00 2.463272e-02
1.485000e+00 2.217079e-02
1.490000e+00 1.887593e-02
1.495000e+00 1.484185e-02
1.500000e+00 1.013916e-02
1.505000e+00 5.125052e-03
1.510000e+00 -1.375610e-04
1.515000e+00 -5.421992e-03
1.520000e+00 -1.041862e-02
1.525000e+00 -1.506530e-02
1.530000e+00 -1.909262e-02
1.535000e+00 -2.233731e-02
1.540000e+00 -2.472127e-02
1.545000e+00 -2.610053e-02
1.550000e+00 -2.645048e-02
1.555000e+00 -2.573544e-02
1.560000e+00 -2.400516e-02
1.565000e+00 -2.131655e-02
1.570000e+00 -1.776642e-02
1.575000e+00 -1.352462e-02
1.580000e+00 -8.722986e-03
1.585000e+00 -3.583410e-03
1.590000e+00 1.690568e-03
1.595000e+00 6.908391e-03
1.600000e+00 1.185526e-02
1.605000e+00 1.630819e-02
1.610000e+00 2.011858e-02
1.615000e+00 2.315358e-02
1.620000e+00 2.521739e-02
1.625000e+00 2.631199e-02
1.630000e+00 2.635701e-02
1.635000e+00 2.531358e-02
1.640000e+00 2.332024e-02
1.645000e+00 2.035337e-02
1.650000e+00 1.657617e-02
1.655000e+00 1.217762e-02
1.660000e+00 7.242602e-03
1.665000e+00 2.054468e-03
1.670000e+00 -3.226353e-03
1.675000e+00 -8.392632e-03
1.680000e+00 -1.318881e-02
1.685000e+00 -1.750248e-02
1.690000e+00 -2.108371e-02
1.695000e+00 -2.384715e-02
1.700000e+00 -2.565371e-02
1.705000e+00 -2.642055e-02
1.710000e+00 -2.618048e-02
1.715000e+00 -2.483998e-02
1.720000e+00 -2.253894e-02
1.725000e+00 -1.935057e-02
1.730000e+00 -1.534631e-02
1.735000e+00 -1.078310e-02
1.740000e+00 -5.755313e-03
1.745000e+00 -4.953309e-04
1.750000e+00 4.750048e-03
1.755000e+00 9.847262e-03
1.760000e+00 1.452633e-02
1.765000e+00 1.862743e-02
1.770000e+00 2.199360e-02
1.775000e+00 2.447515e-02
1.780000e+00 2.598635e-02
1.785000e+00 2.646247e-02
1.790000e+00 2.588353e-02
1.795000e+00 2.427000e-02
1.800000e+00 2.168813e-02
1.805000e+00 1.824829e-02
1.810000e+00 1.406553e-02
1.815000e+00 9.329495e-03
1.820000e+00 4.235672e-03
1.825000e+00 -1.057421e-03
1.830000e+00 -6.272594e-03
1.835000e+00 -1.125215e-02
1.840000e+00 -1.578815e-02
1.845000e+00 -1.966432e-02
1.850000e+00 -2.278756e-02
1.855000e+00 -2.498456e-02
1.860000e+00 -2.619642e-02
1.865000e+00 -2.636714e-02
1.870000e+00 -2.548789e-02
1.875000e+00 -2.360177e-02
1.880000e+00 -2.075326e-02
1.885000e+00 -1.710840e-02
1.890000e+00 -1.274871e-02
1.895000e+00 -7.883314e-03
1.900000e+00 -2.734601e-03
1.905000e+00 2.582570e-03
1.910000e+00 7.740127e-03
1.915000e+00 1.261758e-02
1.920000e+00 1.700300e-02
1.925000e+00 2.066796e-02
1.930000e+00 2.355889e-02
1.935000e+00 2.547374e-02
1.940000e+00 2.638971e-02
1.945000e+00 2.624717e-02
1.950000e+00 2.505725e-02
1.955000e+00 2.287858e-02
1.960000e+00 1.976478e-02
1.965000e+00 1.589251e-02
1.970000e+00 1.136288e-02
1.975000e+00 6.389345e-03
1.980000e+00 1.174143e-03
1.985000e+00 -4.117468e-03
1.990000e+00 -9.222149e-03
1.995000e+00 -1.396000e-02
2 -1.816057e-02
2.005000e+00 -2.162112e-02
2.010000e+00 -2.421944e-02
2.015000e+00 -2.586002e-02
2.020000e+00 -2.646044e-02
2.025000e+00 -2.601169e-02
2.030000e+00 -2.452344e-02
2.035000e+00 -2.205615e-02
2.040000e+00 -1.871359e-02
2.045000e+00 -1.462576e-02
2.050000e+00 -9.956996e-03
2.055000e+00 -4.873196e-03
2.060000e+00 3.781780e-04
2.065000e+00 5.628452e-03
2.070000e+00 1.066417e-02
2.075000e+00 1.525242e-02
2.080000e+00 1.925352e-02
2.085000e+00 2.246755e-02
2.090000e+00 2.479742e-02
2.095000e+00 2.613919e-02
2.100000e+00 2.643992e-02
2.105000e+00 2.567921e-02
2.110000e+00 2.390361e-02
2.115000e+00 2.116989e-02
2.120000e+00 1.757866e-02
2.125000e+00 1.333736e-02
2.130000e+00 8.509499e-03
2.135000e+00 3.328274e-03
2.140000e+00 -1.916161e-03
2.145000e+00 -7.112122e-03
2.150000e+00 -1.206119e-02
2.155000e+00 -1.650715e-02
2.160000e+00 -2.027473e-02
2.165000e+00 -2.323994e-02
2.170000e+00 -2.528542e-02
2.175000e+00 -2.635515e-02
2.180000e+00 -2.634271e-02
2.185000e+00 -2.524746e-02
2.190000e+00 -2.319075e-02
2.195000e+00 -2.018856e-02
2.200000e+00 -1.641068e-02
2.205000e+00 -1.198697e-02
2.210000e+00 -7.038001e-03
2.215000e+00 -1.772077e-03
2.220000e+00 3.515403e-03
2.225000e+00 8.564612e-03
2.230000e+00 1.332948e-02
2.235000e+00 1.767544e-02
2.240000e+00 2.130740e-02
2.245000e+00 2.391118e-02
2.250000e+00 2.564435e-02
2.255000e+00 2.657942e-02
2.260000e+00 2.621301e-02
2.265000e+00 2.459546e-02
2.270000e+00 2.223849e-02
2.275000e+00 1.923296e-02
2.280000e+00 1.530208e-02
2.285000e+00 1.053277e-02
2.290000e+00 5.426575e-03
2.295000e+00 2.706807e-04
2.300000e+00 -4.786926e-03
2.305000e+00 -9.713131e-03
2.310000e+00 -1.449534e-02
2.315000e+00 -1.894747e-02
2.320000e+00 -2.256502e-02
2.325000e+00 -2.491382e-02
2.330000e+00 -2.602778e-02
2.335000e+00 -2.610244e-02
2.340000e+00 -2.542183e-02
2.345000e+00 -2.409544e-02
2.350000e+00 -2.190532e-02
2.355000e+00 -1.874587e-02
2.360000e+00 -1.486139e-02
2.365000e+00 -1.021005e-02
2.370000e+00 -4.520551e-03
2.375000e+00 1.568610e-03
2.380000e+00 7.302321e-03
2.385000e+00 1.263802e-02
2.390000e+00 1.760372e-02
2.395000e+00 2.184692e-02
2.400000e+00 2.480552e-02
2.405000e+00 2.620540e-02
2.410000e+00 2.599287e-02
2.415000e+00 2.444468e-02
2.420000e+00 2.190994e-02
2.425000e+00 1.870916e-02
2.430000e+00 1.490875e-02
2.435000e+00 1.022066e-02
2.440000e+00 4.818102e-03
2.445000e+00 -1.057749e-03
2.450000e+00 -7.274932e-03
2.455000e+00 -1.337806e-02
2.460000e+00 -1.892191e-02
2.465000e+00 -2.372066e-02
2.470000e+00 -2.738619e-02
2.475000e+00 -2.944233e-02
2.480000e+00 -3.016402e-02
2.485000e+00 -2.957525e-02
2.490000e+00 -2.730938e-02
2.495000e+00 -2.360977e-02
2.500000e+00 -1.878903e-02
2.505000e+00 -1.298839e-02
2.510000e+00 -6.634036e-03
2.515000e+00 -8.647307e-05
2.520000e+00 6.581449e-03
2.525000e+00 1.304569e-02
2.530000e+00 1.901610e-02
2.535000e+00 2.434855e-02
2.540000e+00 2.872368e-02
2.545000e+00 3.198135e-02
2.550000e+00 3.407056e-02
2.555000e+00 3.476970e-02
2.560000e+00 3.406498e-02
2.565000e+00 3.203156e-02
2.570000e+00 2.867022e-02
2.575000e+00 2.415557e-02
2.580000e+00 1.872461e-02
2.585000e+00 1.247593e-02
2.590000e+00 5.679721e-03
2.595000e+00 -1.289090e-03
2.600000e+00 -8.204622e-03
2.605000e+00 -1.482135e-02
2.610000e+00 -2.084422e-02
2.615000e+00 -2.601083e-02
2.620000e+00 -3.017355e-02
2.625000e+00 -3.313017e-02
2.630000e+00 -3.474003e-02
2.635000e+00 -3.501706e-02
2.640000e+00 -3.389830e-02
2.645000e+00 -3.137142e-02
2.650000e+00 -2.762756e-02
2.655000e+00 -2.280650e-02
2.660000e+00 -1.702015e-02
2.665000e+00 -1.060686e-02
2.670000e+00 -3.762678e-03
2.675000e+00 3.272113e-03
2.680000e+00 1.012405e-02
2.685000e+00 1.660948e-02
2.690000e+00 2.242419e-02
2.695000e+00 2.733897e-02
2.700000e+00 3.116711e-02
2.705000e+00 3.374458e-02
2.710000e+00 3.498546e-02
2.715000e+00 3.483435e-02
2.720000e+00 3.328451e-02
2.725000e+00 3.040846e-02
2.730000e+00 2.636068e-02
2.735000e+00 2.118280e-02
2.740000e+00 1.522429e-02
2.745000e+00 8.654434e-03
2.750000e+00 1.679243e-03
2.755000e+00 -5.272231e-03
2.760000e+00 -1.206482e-02
2.765000e+00 -1.840279e-02
2.770000e+00 -2.393859e-02
2.775000e+00 -2.855747e-02
2.780000e+00 -3.208691e-02
2.785000e+00 -3.423634e-02
2.790000e+00 -3.508357e-02
2.795000e+00 -3.454301e-02
2.800000e+00 -3.255886e-02
2.805000e+00 -2.935621e-02
2.810000e+00 -2.495102e-02
2.815000e+00 -1.951859e-02
2.820000e+00 -1.335908e-02
2.825000e+00 -6.645993e-03
2.830000e+00 3.640294e-04
2.835000e+00 7.301215e-03
2.840000e+00 1.397227e-02
2.845000e+00 2.010889e-02
2.850000e+00 2.539765e-02
2.855000e+00 2.971053e-02
2.860000e+00 3.284836e-02
2.865000e+00 3.462822e-02
2.870000e+00 3.506606e-02
2.875000e+00 3.411315e-02
2.880000e+00 3.174708e-02
2.885000e+00 2.817420e-02
2.890000e+00 2.346417e-02
2.895000e+00 1.778191e-02
2.900000e+00 1.144382e-02
2.905000e+00 4.618411e-03
2.910000e+00 -2.402123e-03
2.915000e+00 -9.284436e-03
2.920000e+00 -1.583617e-02
2.925000e+00 -2.174267e-02
2.930000e+00 -2.676203e-02
2.935000e+00 -3.076379e-02
2.940000e+00 -3.350053e-02
2.945000e+00 -3.491025e-02
2.950000e+00 -3.494096e-02
2.955000e+00 -3.355205e-02
2.960000e+00 -3.084667e-02
2.965000e+00 -2.689689e-02
2.970000e+00 -2.187999e-02
2.975000e+00 -1.600600e-02
2.980000e+00 -9.475438e-03
2.985000e+00 -2.579006e-03
2.990000e+00 4.423593e-03
2.995000e+00 1.126900e-02
3 1.762164e-02
