T X
0 0
5.000000e-03 -8.010614e-09
1.000000e-02 -2.238266e-10
1.500000e-02 1.251423e-08
2.000000e-02 3.020758e-09
2.500000e-02 2.053087e-08
3.000000e-02 1.598952e-08
3.500000e-02 5.288450e-09
4.000000e-02 1.867934e-07
4.500000e-02 1.086962e-06
5.000000e-02 4.524772e-06
5.500000e-02 1.728018e-05
6.000000e-02 6.122913e-05
6.500000e-02 1.973734e-04
7.000000e-02 5.627298e-04
7.500000e-02 1.379887e-03
8.000000e-02 2.851763e-03
8.500000e-02 4.906588e-03
9.000000e-02 7.019744e-03
9.500000e-02 8.510643e-03
1.000000e-01 9.222099e-03
1.050000e-01 9.652974e-03
1.100000e-01 1.009760e-02
1.150000e-01 1.011805e-02
1.200000e-01 9.407278e-03
1.250000e-01 8.400681e-03
1.300000e-01 7.314925e-03
1.350000e-01 5.763403e-03
1.400000e-01 3.846293e-03
1.450000e-01 2.022457e-03
1.500000e-01 1.108390e-04
1.550000e-01 -1.972777e-03
1.600000e-01 -3.803708e-03
1.650000e-01 -5.484734e-03
1.700000e-01 -7.155768e-03
1.750000e-01 -8.423808e-03
1.800000e-01 -9.346231e-03
1.850000e-01 -1.001291e-02
1.900000e-01 -1.012666e-02
1.950000e-01 -9.891166e-03
2.000000e-01 -9.360082e-03
2.050000e-01 -8.299842e-03
2.100000e-01 -6.973379e-03
2.150000e-01 -5.377796e-03
2.200000e-01 -3.498525e-03
2.250000e-01 -1.616696e-03
2.300000e-01 4.139186e-04
2.350000e-01 2.447775e-03
2.400000e-01 4.284687e-03
2.450000e-01 6.064852e-03
2.500000e-01 7.548244e-03
2.550000e-01 8.737919e-03
2.600000e-01 9.631372e-03
2.650000e-01 1.004496e-02
2.700000e-01 1.013768e-02
2.750000e-01 9.775041e-03
2.800000e-01 9.006789e-03
2.850000e-01 7.961048e-03
2.900000e-01 6.507569e-03
2.950000e-01 4.862013e-03
3.000000e-01 3.007713e-03
3.050000e-01 1.010007e-03
3.100000e-01 -9.820788e-04
3.150000e-01 -2.999819e-03
3.200000e-01 -4.836750e-03
3.250000e-01 -6.535986e-03
3.300000e-01 -7.952074e-03
3.350000e-01 -9.019286e-03
3.400000e-01 -9.800014e-03
3.450000e-01 -1.009646e-02
3.500000e-01 -1.005755e-02
3.550000e-01 -9.595776e-03
3.600000e-01 -8.735276e-03
3.650000e-01 -7.573089e-03
3.700000e-01 -6.054069e-03
3.750000e-01 -4.353912e-03
3.800000e-01 -2.428104e-03
3.850000e-01 -4.357900e-04
3.900000e-01 1.586574e-03
3.950000e-01 3.561493e-03
4.000000e-01 5.353358e-03
4.050000e-01 6.995902e-03
4.100000e-01 8.282893e-03
4.150000e-01 9.299717e-03
4.200000e-01 9.913767e-03
4.250000e-01 1.012333e-02
4.300000e-01 9.973424e-03
4.350000e-01 9.363853e-03
4.400000e-01 8.452866e-03
4.450000e-01 7.144274e-03
4.500000e-01 5.592835e-03
4.550000e-01 3.805042e-03
4.600000e-01 1.844597e-03
4.650000e-01 -1.483067e-04
4.700000e-01 -2.189757e-03
4.750000e-01 -4.091608e-03
4.800000e-01 -5.873964e-03
4.850000e-01 -7.384968e-03
4.900000e-01 -8.624645e-03
4.950000e-01 -9.510599e-03
5.000000e-01 -1.000307e-02
5.050000e-01 -1.013829e-02
5.100000e-01 -9.812517e-03
5.150000e-01 -9.161862e-03
5.200000e-01 -8.093030e-03
5.250000e-01 -6.731325e-03
5.300000e-01 -5.090848e-03
5.350000e-01 -3.235293e-03
5.400000e-01 -1.274032e-03
5.450000e-01 7.682596e-04
5.500000e-01 2.742283e-03
5.550000e-01 4.642415e-03
5.600000e-01 6.321976e-03
5.650000e-01 7.782188e-03
5.700000e-01 8.909383e-03
5.750000e-01 9.702093e-03
5.800000e-01 1.010430e-02
5.850000e-01 1.009970e-02
5.900000e-01 9.714048e-03
5.950000e-01 8.902510e-03
6.000000e-01 7.781489e-03
6.050000e-01 6.292082e-03
6.100000e-01 4.597116e-03
6.150000e-01 2.681418e-03
6.200000e-01 6.719660e-04
6.250000e-01 -1.354608e-03
6.300000e-01 -3.349490e-03
6.350000e-01 -5.171702e-03
6.400000e-01 -6.819393e-03
6.450000e-01 -8.159374e-03
6.500000e-01 -9.199919e-03
6.550000e-01 -9.845127e-03
6.600000e-01 -1.012788e-02
6.650000e-01 -9.977471e-03
6.700000e-01 -9.457074e-03
6.750000e-01 -8.547023e-03
6.800000e-01 -7.294672e-03
6.850000e-01 -5.778501e-03
6.900000e-01 -3.994691e-03
6.950000e-01 -2.101371e-03
7.000000e-01 -7.779930e-05
7.050000e-01 1.913489e-03
7.100000e-01 3.856414e-03
7.150000e-01 5.630345e-03
7.200000e-01 7.193602e-03
7.250000e-01 8.461111e-03
7.300000e-01 9.398758e-03
7.350000e-01 9.964012e-03
7.400000e-01 1.011855e-02
7.450000e-01 9.895707e-03
7.500000e-01 9.242643e-03
7.550000e-01 8.255608e-03
7.600000e-01 6.908418e-03
7.650000e-01 5.306631e-03
7.700000e-01 3.477289e-03
7.750000e-01 1.522851e-03
7.800000e-01 -5.054076e-04
7.850000e-01 -2.502295e-03
7.900000e-01 -4.404778e-03
7.950000e-01 -6.137496e-03
8.000000e-01 -7.611756e-03
8.050000e-01 -8.803283e-03
8.100000e-01 -9.622852e-03
8.150000e-01 -1.007788e-02
8.200000e-01 -1.010981e-02
8.250000e-01 -9.760506e-03
8.300000e-01 -8.992077e-03
8.350000e-01 -7.895195e-03
8.400000e-01 -6.457619e-03
8.450000e-01 -4.775868e-03
8.500000e-01 -2.910956e-03
8.550000e-01 -9.092282e-04
8.600000e-01 1.094746e-03
8.650000e-01 3.087781e-03
8.700000e-01 4.930618e-03
8.750000e-01 6.594802e-03
8.800000e-01 7.986727e-03
8.850000e-01 9.069723e-03
8.900000e-01 9.780629e-03
8.950000e-01 1.011837e-02
9.000000e-01 1.003290e-02
9.050000e-01 9.566483e-03
9.100000e-01 8.707943e-03
9.150000e-01 7.499542e-03
9.200000e-01 6.010178e-03
9.250000e-01 4.251917e-03
9.300000e-01 2.358341e-03
9.350000e-01 3.388331e-04
9.400000e-01 -1.673099e-03
9.450000e-01 -3.631213e-03
9.500000e-01 -5.439803e-03
9.550000e-01 -7.038122e-03
9.600000e-01 -8.347214e-03
9.650000e-01 -9.332493e-03
9.700000e-01 -9.935143e-03
9.750000e-01 -1.015148e-02
9.800000e-01 -9.950186e-03
9.850000e-01 -9.348417e-03
9.900000e-01 -8.399588e-03
9.950000e-01 -7.094780e-03
1 -5.490715e-03
1.005000e+00 -3.685779e-03
1.010000e+00 -1.801848e-03
1.015000e+00 2.592199e-04
1.020000e+00 2.337095e-03
1.025000e+00 4.176858e-03
1.030000e+00 5.817639e-03
1.035000e+00 7.490383e-03
1.040000e+00 8.811124e-03
1.045000e+00 9.450259e-03
1.050000e+00 9.847783e-03
1.055000e+00 1.022337e-02
1.060000e+00 1.000431e-02
1.065000e+00 9.039244e-03
1.070000e+00 7.836645e-03
1.075000e+00 6.532149e-03
1.080000e+00 5.147296e-03
1.085000e+00 3.557647e-03
1.090000e+00 1.432456e-03
1.095000e+00 -1.099288e-03
1.100000e+00 -3.414477e-03
1.105000e+00 -5.308481e-03
1.110000e+00 -6.656496e-03
1.115000e+00 -7.421159e-03
1.120000e+00 -7.938252e-03
1.125000e+00 -8.392012e-03
1.130000e+00 -8.802241e-03
1.135000e+00 -9.313856e-03
1.140000e+00 -9.826218e-03
1.145000e+00 -1.022134e-02
1.150000e+00 -1.057743e-02
1.155000e+00 -1.069249e-02
1.160000e+00 -1.046844e-02
1.165000e+00 -1.000914e-02
1.170000e+00 -9.184817e-03
1.175000e+00 -8.016773e-03
1.180000e+00 -6.630208e-03
1.185000e+00 -4.915288e-03
1.190000e+00 -3.024331e-03
1.195000e+00 -1.017972e-03
1.200000e+00 1.035225e-03
1.205000e+00 2.956801e-03
1.210000e+00 4.805921e-03
1.215000e+00 6.542637e-03
1.220000e+00 7.948666e-03
1.225000e+00 9.065305e-03
1.230000e+00 9.816548e-03
1.235000e+00 1.011940e-02
1.240000e+00 1.012795e-02
1.245000e+00 9.621379e-03
1.250000e+00 8.634572e-03
1.255000e+00 7.599840e-03
1.260000e+00 6.540901e-03
1.265000e+00 4.933240e-03
1.270000e+00 2.387563e-03
1.275000e+00 -5.202175e-04
1.280000e+00 -2.923313e-03
1.285000e+00 -4.764065e-03
1.290000e+00 -6.091882e-03
1.295000e+00 -6.740141e-03
1.300000e+00 -6.709288e-03
1.305000e+00 -6.191013e-03
1.310000e+00 -5.290768e-03
1.315000e+00 -3.902938e-03
1.320000e+00 -2.286272e-03
1.325000e+00 -6.735753e-04
1.330000e+00 1.150744e-03
1.335000e+00 2.963364e-03
1.340000e+00 4.507068e-03
1.345000e+00 5.949489e-03
1.350000e+00 7.141926e-03
1.355000e+00 8.005328e-03
1.360000e+00 8.698513e-03
1.365000e+00 9.184439e-03
1.370000e+00 9.206868e-03
1.375000e+00 8.764401e-03
1.380000e+00 8.098704e-03
1.385000e+00 7.041547e-03
1.390000e+00 5.596184e-03
1.395000e+00 4.023334e-03
1.400000e+00 2.246918e-03
1.405000e+00 3.635819e-04
1.410000e+00 -1.514143e-03
1.415000e+00 -3.354324e-03
1.420000e+00 -5.053371e-03
1.425000e+00 -6.510733e-03
1.430000e+00 -7.727606e-03
1.435000e+00 -8.697559e-03
1.440000e+00 -9.217578e-03
1.445000e+00 -9.436000e-03
1.450000e+00 -9.367353e-03
1.455000e+00 -8.747156e-03
1.460000e+00 -7.870307e-03
1.465000e+00 -6.723850e-03
1.470000e+00 -5.148580e-03
1.475000e+00 -3.512350e-03
1.480000e+00 -1.728490e-03
1.485000e+00 1.920984e-04
1.490000e+00 2.041069e-03
1.495000e+00 3.846933e-03
1.500000e+00 5.477453e-03
1.505000e+00 6.883078e-03
1.510000e+00 8.023314e-03
1.515000e+00 8.866086e-03
1.520000e+00 9.361603e-03
1.525000e+00 9.461579e-03
1.530000e+00 9.209928e-03
1.535000e+00 8.520224e-03
1.540000e+00 7.558146e-03
1.545000e+00 6.272138e-03
1.550000e+00 4.695442e-03
1.555000e+00 3.054871e-03
1.560000e+00 1.171557e-03
1.565000e+00 -7.247384e-04
1.570000e+00 -2.531080e-03
1.575000e+00 -4.346023e-03
1.580000e+00 -5.913258e-03
1.585000e+00 -7.253847e-03
1.590000e+00 -8.355283e-03
1.595000e+00 -9.057581e-03
1.600000e+00 -9.432918e-03
1.605000e+00 -9.447549e-03
1.610000e+00 -9.028164e-03
1.615000e+00 -8.281004e-03
1.620000e+00 -7.216725e-03
1.625000e+00 -5.811238e-03
1.630000e+00 -4.244814e-03
1.635000e+00 -2.488266e-03
1.640000e+00 -6.098107e-04
1.645000e+00 1.252743e-03
1.650000e+00 3.103358e-03
1.655000e+00 4.819417e-03
1.660000e+00 6.339984e-03
1.665000e+00 7.617343e-03
1.670000e+00 8.566202e-03
1.675000e+00 9.198135e-03
1.680000e+00 9.459718e-03
1.685000e+00 9.327489e-03
1.690000e+00 8.848873e-03
1.695000e+00 7.999784e-03
1.700000e+00 6.831382e-03
1.705000e+00 5.405578e-03
1.710000e+00 3.752033e-03
1.715000e+00 1.953433e-03
1.720000e+00 9.903702e-05
1.725000e+00 -1.811592e-03
1.730000e+00 -3.593619e-03
1.735000e+00 -5.282643e-03
1.740000e+00 -6.760362e-03
1.745000e+00 -7.912922e-03
1.750000e+00 -8.837438e-03
1.755000e+00 -9.315214e-03
1.760000e+00 -9.463343e-03
1.765000e+00 -9.253244e-03
1.770000e+00 -8.612772e-03
1.775000e+00 -7.705634e-03
1.780000e+00 -6.454546e-03
1.785000e+00 -4.934520e-03
1.790000e+00 -3.257922e-03
1.795000e+00 -1.409122e-03
1.800000e+00 5.007755e-04
1.805000e+00 2.359305e-03
1.810000e+00 4.167239e-03
1.815000e+00 5.784988e-03
1.820000e+00 7.146845e-03
1.825000e+00 8.271900e-03
1.830000e+00 8.993338e-03
1.835000e+00 9.410511e-03
1.840000e+00 9.427935e-03
1.845000e+00 9.066376e-03
1.850000e+00 8.391297e-03
1.855000e+00 7.317555e-03
1.860000e+00 6.036389e-03
1.865000e+00 4.440483e-03
1.870000e+00 2.703786e-03
1.875000e+00 8.669784e-04
1.880000e+00 -1.049761e-03
1.885000e+00 -2.854096e-03
1.890000e+00 -4.603652e-03
1.895000e+00 -6.133939e-03
1.900000e+00 -7.427722e-03
1.905000e+00 -8.452004e-03
1.910000e+00 -9.114929e-03
1.915000e+00 -9.441624e-03
1.920000e+00 -9.386481e-03
1.925000e+00 -8.936115e-03
1.930000e+00 -8.148321e-03
1.935000e+00 -7.012101e-03
1.940000e+00 -5.600064e-03
1.945000e+00 -3.974729e-03
1.950000e+00 -2.177000e-03
1.955000e+00 -3.196118e-04
1.960000e+00 1.564925e-03
1.965000e+00 3.394663e-03
1.970000e+00 5.068995e-03
1.975000e+00 6.574677e-03
1.980000e+00 7.789044e-03
1.985000e+00 8.715663e-03
1.990000e+00 9.279165e-03
1.995000e+00 9.447702e-03
2 9.295189e-03
2.005000e+00 8.698528e-03
2.010000e+00 7.836786e-03
2.015000e+00 6.614481e-03
2.020000e+00 5.136039e-03
2.025000e+00 3.497758e-03
2.030000e+00 1.627987e-03
2.035000e+00 -2.298878e-04
2.040000e+00 -2.128400e-03
2.045000e+00 -3.937198e-03
2.050000e+00 -5.555900e-03
2.055000e+00 -6.986830e-03
2.060000e+00 -8.077733e-03
2.065000e+00 -8.895213e-03
2.070000e+00 -9.376706e-03
2.075000e+00 -9.418114e-03
2.080000e+00 -9.144876e-03
2.085000e+00 -8.516766e-03
2.090000e+00 -7.530039e-03
2.095000e+00 -6.219998e-03
2.100000e+00 -4.644437e-03
2.105000e+00 -2.951151e-03
2.110000e+00 -1.080812e-03
2.115000e+00 8.200195e-04
2.120000e+00 2.667704e-03
2.125000e+00 4.423645e-03
2.130000e+00 5.946709e-03
2.135000e+00 7.302038e-03
2.140000e+00 8.348327e-03
2.145000e+00 9.079259e-03
2.150000e+00 9.469823e-03
2.155000e+00 9.417210e-03
2.160000e+00 8.978737e-03
2.165000e+00 8.213155e-03
2.170000e+00 7.232371e-03
2.175000e+00 5.847069e-03
2.180000e+00 4.070565e-03
2.185000e+00 2.337356e-03
2.190000e+00 6.186072e-04
2.195000e+00 -1.311648e-03
2.200000e+00 -3.306057e-03
2.205000e+00 -4.885983e-03
2.210000e+00 -6.193196e-03
2.215000e+00 -7.612123e-03
2.220000e+00 -8.794445e-03
2.225000e+00 -9.359801e-03
2.230000e+00 -9.411561e-03
2.235000e+00 -9.247518e-03
2.240000e+00 -8.808778e-03
2.245000e+00 -8.044947e-03
2.250000e+00 -6.896579e-03
2.255000e+00 -5.189997e-03
2.260000e+00 -3.302447e-03
2.265000e+00 -1.643372e-03
2.270000e+00 -9.486581e-05
2.275000e+00 1.533209e-03
2.280000e+00 3.295086e-03
2.285000e+00 5.182723e-03
2.290000e+00 7.040758e-03
2.295000e+00 8.387917e-03
2.300000e+00 9.075088e-03
2.305000e+00 9.217396e-03
2.310000e+00 8.842752e-03
2.315000e+00 8.267745e-03
2.320000e+00 7.665939e-03
2.325000e+00 6.936794e-03
2.330000e+00 6.185525e-03
2.335000e+00 5.339128e-03
2.340000e+00 4.330349e-03
2.345000e+00 3.001957e-03
2.350000e+00 1.347040e-03
2.355000e+00 -6.597616e-04
2.360000e+00 -2.979896e-03
2.365000e+00 -5.342521e-03
2.370000e+00 -7.913844e-03
2.375000e+00 -1.040006e-02
2.380000e+00 -1.269373e-02
2.385000e+00 -1.467970e-02
2.390000e+00 -1.611654e-02
2.395000e+00 -1.697263e-02
2.400000e+00 -1.737164e-02
2.405000e+00 -1.720395e-02
2.410000e+00 -1.606089e-02
2.415000e+00 -1.433372e-02
2.420000e+00 -1.238576e-02
2.425000e+00 -9.989226e-03
2.430000e+00 -6.822703e-03
2.435000e+00 -3.119771e-03
2.440000e+00 3.147880e-04
2.445000e+00 3.329715e-03
2.450000e+00 6.283261e-03
2.455000e+00 9.194616e-03
2.460000e+00 1.200749e-02
2.465000e+00 1.465464e-02
2.470000e+00 1.671974e-02
2.475000e+00 1.774318e-02
2.480000e+00 1.779932e-02
2.485000e+00 1.693692e-02
2.490000e+00 1.517581e-02
2.495000e+00 1.280681e-02
2.500000e+00 1.001078e-02
2.505000e+00 7.143484e-03
2.510000e+00 4.259608e-03
2.515000e+00 1.456359e-03
2.520000e+00 -9.888505e-04
2.525000e+00 -3.288654e-03
2.530000e+00 -5.157423e-03
2.535000e+00 -6.338893e-03
2.540000e+00 -7.130859e-03
2.545000e+00 -7.732207e-03
2.550000e+00 -7.903923e-03
2.555000e+00 -7.731536e-03
2.560000e+00 -7.353795e-03
2.565000e+00 -6.490770e-03
2.570000e+00 -5.293626e-03
2.575000e+00 -3.873819e-03
2.580000e+00 -2.256854e-03
2.585000e+00 -4.985790e-04
2.590000e+00 1.299183e-03
2.595000e+00 3.073403e-03
2.600000e+00 4.696617e-03
2.605000e+00 6.072521e-03
2.610000e+00 7.230104e-03
2.615000e+00 8.041861e-03
2.620000e+00 8.544581e-03
2.625000e+00 8.725471e-03
2.630000e+00 8.527268e-03
2.635000e+00 7.959856e-03
2.640000e+00 7.119920e-03
2.645000e+00 6.040389e-03
2.650000e+00 4.595312e-03
2.655000e+00 3.016662e-03
2.660000e+00 1.388961e-03
2.665000e+00 -4.326993e-04
2.670000e+00 -2.168572e-03
2.675000e+00 -3.780611e-03
2.680000e+00 -5.341951e-03
2.685000e+00 -6.630926e-03
2.690000e+00 -7.572395e-03
2.695000e+00 -8.276438e-03
2.700000e+00 -8.740491e-03
2.705000e+00 -8.777405e-03
2.710000e+00 -8.469109e-03
2.715000e+00 -7.841491e-03
2.720000e+00 -6.874733e-03
2.725000e+00 -5.608077e-03
2.730000e+00 -4.164612e-03
2.735000e+00 -2.563906e-03
2.740000e+00 -8.024091e-04
2.745000e+00 9.087664e-04
2.750000e+00 2.666855e-03
2.755000e+00 4.270471e-03
2.760000e+00 5.686726e-03
2.765000e+00 6.936976e-03
2.770000e+00 7.845865e-03
2.775000e+00 8.467569e-03
2.780000e+00 8.788347e-03
2.785000e+00 8.722664e-03
2.790000e+00 8.326200e-03
2.795000e+00 7.599111e-03
2.800000e+00 6.510051e-03
2.805000e+00 5.256954e-03
2.810000e+00 3.709503e-03
2.815000e+00 2.027430e-03
2.820000e+00 3.278778e-04
2.825000e+00 -1.469700e-03
2.830000e+00 -3.146390e-03
2.835000e+00 -4.665441e-03
2.840000e+00 -6.091630e-03
2.845000e+00 -7.223053e-03
2.850000e+00 -8.066714e-03
2.855000e+00 -8.647637e-03
2.860000e+00 -8.809248e-03
2.865000e+00 -8.623843e-03
2.870000e+00 -8.136906e-03
2.875000e+00 -7.288071e-03
2.880000e+00 -6.156073e-03
2.885000e+00 -4.819061e-03
2.890000e+00 -3.224984e-03
2.895000e+00 -1.549259e-03
2.900000e+00 1.919929e-04
2.905000e+00 1.947370e-03
2.910000e+00 3.603441e-03
2.915000e+00 5.102968e-03
2.920000e+00 6.449146e-03
2.925000e+00 7.515694e-03
2.930000e+00 8.256921e-03
2.935000e+00 8.740021e-03
2.940000e+00 8.786098e-03
2.945000e+00 8.516719e-03
2.950000e+00 7.926481e-03
2.955000e+00 6.983609e-03
2.960000e+00 5.803240e-03
2.965000e+00 4.374603e-03
2.970000e+00 2.772029e-03
2.975000e+00 1.050412e-03
2.980000e+00 -7.104300e-04
2.985000e+00 -2.458866e-03
2.990000e+00 -4.074224e-03
2.995000e+00 -5.547776e-03
3 -6.810312e-03
