T X
0 0
5.000000e-03 -1.119165e-08
1.000000e-02 -1.752556e-08
1.500000e-02 3.453634e-07
2.000000e-02 3.373888e-06
2.500000e-02 2.319026e-05
3.000000e-02 1.222516e-04
3.500000e-02 4.811031e-04
4.000000e-02 1.416473e-03
4.500000e-02 3.142335e-03
5.000000e-02 5.321094e-03
5.500000e-02 7.140988e-03
6.000000e-02 8.269685e-03
6.500000e-02 9.177744e-03
7.000000e-02 9.978264e-03
7.500000e-02 1.017650e-02
8.000000e-02 9.877845e-03
8.500000e-02 9.400420e-03
9.000000e-02 8.441790e-03
9.500000e-02 7.080621e-03
1.000000e-01 5.607044e-03
1.050000e-01 3.807671e-03
1.100000e-01 1.873374e-03
1.150000e-01 -2.607715e-05
1.200000e-01 -2.031273e-03
1.250000e-01 -3.871997e-03
1.300000e-01 -5.607331e-03
1.350000e-01 -7.242709e-03
1.400000e-01 -8.510832e-03
1.450000e-01 -9.498659e-03
1.500000e-01 -1.000515e-02
1.550000e-01 -1.008401e-02
1.600000e-01 -9.880507e-03
1.650000e-01 -9.221699e-03
1.700000e-01 -8.231025e-03
1.750000e-01 -6.868975e-03
1.800000e-01 -5.258659e-03
1.850000e-01 -3.476198e-03
1.900000e-01 -1.474700e-03
1.950000e-01 5.427178e-04
2.000000e-01 2.557768e-03
2.050000e-01 4.439533e-03
2.100000e-01 6.179259e-03
2.150000e-01 7.653131e-03
2.200000e-01 8.786867e-03
2.250000e-01 9.644900e-03
2.300000e-01 1.005480e-02
2.350000e-01 1.009555e-02
2.400000e-01 9.725847e-03
2.450000e-01 8.977920e-03
2.500000e-01 7.858875e-03
2.550000e-01 6.431379e-03
2.600000e-01 4.775644e-03
2.650000e-01 2.863475e-03
2.700000e-01 9.033518e-04
2.750000e-01 -1.140331e-03
2.800000e-01 -3.117934e-03
2.850000e-01 -4.961597e-03
2.900000e-01 -6.634753e-03
2.950000e-01 -8.011213e-03
3.000000e-01 -9.084361e-03
3.050000e-01 -9.789597e-03
3.100000e-01 -1.011944e-02
3.150000e-01 -1.002038e-02
3.200000e-01 -9.556611e-03
3.250000e-01 -8.685572e-03
3.300000e-01 -7.479585e-03
3.350000e-01 -5.972786e-03
3.400000e-01 -4.221497e-03
3.450000e-01 -2.312523e-03
3.500000e-01 -2.902611e-04
3.550000e-01 1.718587e-03
3.600000e-01 3.676667e-03
3.650000e-01 5.470528e-03
3.700000e-01 7.067990e-03
3.750000e-01 8.354926e-03
3.800000e-01 9.331537e-03
3.850000e-01 9.929503e-03
3.900000e-01 1.012969e-02
3.950000e-01 9.938881e-03
4.000000e-01 9.331623e-03
4.050000e-01 8.373125e-03
4.100000e-01 7.063775e-03
4.150000e-01 5.484062e-03
4.200000e-01 3.669051e-03
4.250000e-01 1.726648e-03
4.300000e-01 -2.982755e-04
4.350000e-01 -2.299897e-03
4.400000e-01 -4.218144e-03
4.450000e-01 -5.958641e-03
4.500000e-01 -7.468026e-03
4.550000e-01 -8.680739e-03
4.600000e-01 -9.538817e-03
4.650000e-01 -1.003898e-02
4.700000e-01 -1.011155e-02
4.750000e-01 -9.806176e-03
4.800000e-01 -9.088854e-03
4.850000e-01 -8.023073e-03
4.900000e-01 -6.629821e-03
4.950000e-01 -4.967602e-03
5.000000e-01 -3.117592e-03
5.050000e-01 -1.137499e-03
5.100000e-01 8.862563e-04
5.150000e-01 2.871022e-03
5.200000e-01 4.745829e-03
5.250000e-01 6.430000e-03
5.300000e-01 7.851776e-03
5.350000e-01 8.974417e-03
5.400000e-01 9.729803e-03
5.450000e-01 1.010111e-02
5.500000e-01 1.006822e-02
5.550000e-01 9.632743e-03
5.600000e-01 8.813230e-03
5.650000e-01 7.642409e-03
5.700000e-01 6.165174e-03
5.750000e-01 4.445751e-03
5.800000e-01 2.549971e-03
5.850000e-01 5.535914e-04
5.900000e-01 -1.476613e-03
5.950000e-01 -3.435197e-03
6.000000e-01 -5.263775e-03
6.050000e-01 -6.881922e-03
6.100000e-01 -8.217451e-03
6.150000e-01 -9.232774e-03
6.200000e-01 -9.869136e-03
6.250000e-01 -1.010714e-02
6.300000e-01 -9.957000e-03
6.350000e-01 -9.397495e-03
6.400000e-01 -8.465810e-03
6.450000e-01 -7.208725e-03
6.500000e-01 -5.656711e-03
6.550000e-01 -3.896478e-03
6.600000e-01 -1.969999e-03
6.650000e-01 3.204398e-05
6.700000e-01 2.038715e-03
6.750000e-01 3.959610e-03
6.800000e-01 5.735740e-03
6.850000e-01 7.282202e-03
6.900000e-01 8.535106e-03
6.950000e-01 9.448409e-03
7.000000e-01 9.986700e-03
7.050000e-01 1.012098e-02
7.100000e-01 9.858793e-03
7.150000e-01 9.193862e-03
7.200000e-01 8.161230e-03
7.250000e-01 6.819355e-03
7.300000e-01 5.185842e-03
7.350000e-01 3.358890e-03
7.400000e-01 1.389630e-03
7.450000e-01 -6.280631e-04
7.500000e-01 -2.625504e-03
7.550000e-01 -4.519120e-03
7.600000e-01 -6.234836e-03
7.650000e-01 -7.700410e-03
7.700000e-01 -8.853165e-03
7.750000e-01 -9.662553e-03
7.800000e-01 -1.008189e-02
7.850000e-01 -1.009340e-02
7.900000e-01 -9.707741e-03
7.950000e-01 -8.933360e-03
8.000000e-01 -7.802840e-03
8.050000e-01 -6.364400e-03
8.100000e-01 -4.667682e-03
8.150000e-01 -2.785364e-03
8.200000e-01 -8.024511e-04
8.250000e-01 1.225858e-03
8.300000e-01 3.198925e-03
8.350000e-01 5.044064e-03
8.400000e-01 6.690570e-03
8.450000e-01 8.065149e-03
8.500000e-01 9.125840e-03
8.550000e-01 9.816298e-03
8.600000e-01 1.012042e-02
8.650000e-01 1.001321e-02
8.700000e-01 9.518779e-03
8.750000e-01 8.638599e-03
8.800000e-01 7.414801e-03
8.850000e-01 5.895271e-03
8.900000e-01 4.143909e-03
8.950000e-01 2.221894e-03
9.000000e-01 2.161371e-04
9.050000e-01 -1.805087e-03
9.100000e-01 -3.753643e-03
9.150000e-01 -5.545017e-03
9.200000e-01 -7.126187e-03
9.250000e-01 -8.415738e-03
9.300000e-01 -9.372789e-03
9.350000e-01 -9.951849e-03
9.400000e-01 -1.013706e-02
9.450000e-01 -9.916088e-03
9.500000e-01 -9.302258e-03
9.550000e-01 -8.315656e-03
9.600000e-01 -6.994808e-03
9.650000e-01 -5.401633e-03
9.700000e-01 -3.590031e-03
9.750000e-01 -1.633332e-03
9.800000e-01 3.849841e-04
9.850000e-01 2.391018e-03
9.900000e-01 4.295989e-03
9.950000e-01 6.035220e-03
1 7.529608e-03
1.005000e+00 8.727812e-03
1.010000e+00 9.572833e-03
1.015000e+00 1.003995e-02
1.020000e+00 1.010800e-02
1.025000e+00 9.773581e-03
1.030000e+00 9.049789e-03
1.035000e+00 7.961099e-03
1.040000e+00 6.559466e-03
1.045000e+00 4.898802e-03
1.050000e+00 3.046056e-03
1.055000e+00 1.041548e-03
1.060000e+00 -9.810454e-04
1.065000e+00 -2.928527e-03
1.070000e+00 -4.812283e-03
1.075000e+00 -6.547520e-03
1.080000e+00 -7.931019e-03
1.085000e+00 -8.934413e-03
1.090000e+00 -9.745520e-03
1.095000e+00 -1.024087e-02
1.100000e+00 -1.005623e-02
1.105000e+00 -9.416690e-03
1.110000e+00 -8.769561e-03
1.115000e+00 -7.848554e-03
1.120000e+00 -6.170423e-03
1.125000e+00 -4.090227e-03
1.130000e+00 -2.143614e-03
1.135000e+00 -3.814872e-04
1.140000e+00 1.215111e-03
1.145000e+00 2.855514e-03
1.150000e+00 4.857903e-03
1.155000e+00 7.062107e-03
1.160000e+00 9.018589e-03
1.165000e+00 1.050948e-02
1.170000e+00 1.127620e-02
1.175000e+00 1.113125e-02
1.180000e+00 1.022196e-02
1.185000e+00 8.525293e-03
1.190000e+00 6.050855e-03
1.195000e+00 3.224211e-03
1.200000e+00 2.152526e-04
1.205000e+00 -3.118442e-03
1.210000e+00 -6.554164e-03
1.215000e+00 -9.555461e-03
1.220000e+00 -1.176991e-02
1.225000e+00 -1.351914e-02
1.230000e+00 -1.539939e-02
1.235000e+00 -1.711869e-02
1.240000e+00 -1.807997e-02
1.245000e+00 -1.819828e-02
1.250000e+00 -1.723733e-02
1.255000e+00 -1.495668e-02
1.260000e+00 -1.176105e-02
1.265000e+00 -7.855690e-03
1.270000e+00 -3.215650e-03
1.275000e+00 1.733233e-03
1.280000e+00 6.677095e-03
1.285000e+00 1.147669e-02
1.290000e+00 1.588155e-02
1.295000e+00 1.967238e-02
1.300000e+00 2.272964e-02
1.305000e+00 2.490121e-02
1.310000e+00 2.596185e-02
1.315000e+00 2.592932e-02
1.320000e+00 2.510438e-02
1.325000e+00 2.337387e-02
1.330000e+00 2.061465e-02
1.335000e+00 1.707368e-02
1.340000e+00 1.278718e-02
1.345000e+00 7.972935e-03
1.350000e+00 2.910504e-03
1.355000e+00 -2.396945e-03
1.360000e+00 -7.609018e-03
1.365000e+00 -1.237900e-02
1.370000e+00 -1.677854e-02
1.375000e+00 -2.050232e-02
1.380000e+00 -2.333935e-02
1.385000e+00 -2.537220e-02
1.390000e+00 -2.635324e-02
1.395000e+00 -2.623266e-02
1.400000e+00 -2.509230e-02
1.405000e+00 -2.293298e-02
1.410000e+00 -1.986075e-02
1.415000e+00 -1.604412e-02
1.420000e+00 -1.156870e-02
1.425000e+00 -6.597009e-03
1.430000e+00 -1.398937e-03
1.435000e+00 3.860774e-03
1.440000e+00 9.003480e-03
1.445000e+00 1.372758e-02
1.450000e+00 1.792197e-02
1.455000e+00 2.141941e-02
1.460000e+00 2.402271e-02
1.465000e+00 2.574941e-02
1.470000e+00 2.641398e-02
1.475000e+00 2.599257e-02
1.480000e+00 2.458135e-02
1.485000e+00 2.211471e-02
1.490000e+00 1.882833e-02
1.495000e+00 1.479578e-02
1.500000e+00 1.011546e-02
1.505000e+00 5.142980e-03
1.510000e+00 -1.323640e-04
1.515000e+00 -5.406319e-03
1.520000e+00 -1.036824e-02
1.525000e+00 -1.502364e-02
1.530000e+00 -1.904031e-02
1.535000e+00 -2.225145e-02
1.540000e+00 -2.466705e-02
1.545000e+00 -2.603343e-02
1.550000e+00 -2.638376e-02
1.555000e+00 -2.570748e-02
1.560000e+00 -2.393993e-02
1.565000e+00 -2.126566e-02
1.570000e+00 -1.773409e-02
1.575000e+00 -1.347097e-02
1.580000e+00 -8.708257e-03
1.585000e+00 -3.601269e-03
1.590000e+00 1.680522e-03
1.595000e+00 6.872175e-03
1.600000e+00 1.179873e-02
1.605000e+00 1.627090e-02
1.610000e+00 2.006609e-02
1.615000e+00 2.307931e-02
1.620000e+00 2.516941e-02
1.625000e+00 2.624235e-02
1.630000e+00 2.628918e-02
1.635000e+00 2.526840e-02
1.640000e+00 2.325941e-02
1.645000e+00 2.030405e-02
1.650000e+00 1.654372e-02
1.655000e+00 1.214620e-02
1.660000e+00 7.227110e-03
1.665000e+00 2.077148e-03
1.670000e+00 -3.210177e-03
1.675000e+00 -8.354131e-03
1.680000e+00 -1.312904e-02
1.685000e+00 -1.746627e-02
1.690000e+00 -2.102921e-02
1.695000e+00 -2.378259e-02
1.700000e+00 -2.560643e-02
1.705000e+00 -2.634620e-02
1.710000e+00 -2.610941e-02
1.715000e+00 -2.478528e-02
1.720000e+00 -2.247373e-02
1.725000e+00 -1.930999e-02
1.730000e+00 -1.532463e-02
1.735000e+00 -1.076374e-02
1.740000e+00 -5.756431e-03
1.745000e+00 -5.137943e-04
1.750000e+00 4.735200e-03
1.755000e+00 9.809364e-03
1.760000e+00 1.448214e-02
1.765000e+00 1.857996e-02
1.770000e+00 2.193125e-02
1.775000e+00 2.441200e-02
1.780000e+00 2.591941e-02
1.785000e+00 2.639660e-02
1.790000e+00 2.581747e-02
1.795000e+00 2.421284e-02
1.800000e+00 2.164504e-02
1.805000e+00 1.819928e-02
1.810000e+00 1.405211e-02
1.815000e+00 9.314178e-03
1.820000e+00 4.227834e-03
1.825000e+00 -1.026289e-03
1.830000e+00 -6.261303e-03
1.835000e+00 -1.120618e-02
1.840000e+00 -1.573870e-02
1.845000e+00 -1.961462e-02
1.850000e+00 -2.272194e-02
1.855000e+00 -2.492522e-02
1.860000e+00 -2.612579e-02
1.865000e+00 -2.631226e-02
1.870000e+00 -2.541789e-02
1.875000e+00 -2.354276e-02
1.880000e+00 -2.071611e-02
1.885000e+00 -1.705520e-02
1.890000e+00 -1.273839e-02
1.895000e+00 -7.879728e-03
1.900000e+00 -2.730914e-03
1.905000e+00 2.542579e-03
1.910000e+00 7.719301e-03
1.915000e+00 1.258175e-02
1.920000e+00 1.695199e-02
1.925000e+00 2.062231e-02
1.930000e+00 2.349945e-02
1.935000e+00 2.540384e-02
1.940000e+00 2.631508e-02
1.945000e+00 2.618095e-02
1.950000e+00 2.498255e-02
1.955000e+00 2.283259e-02
1.960000e+00 1.973001e-02
1.965000e+00 1.586404e-02
1.970000e+00 1.135787e-02
1.975000e+00 6.387279e-03
1.980000e+00 1.175810e-03
1.985000e+00 -4.104992e-03
1.990000e+00 -9.193306e-03
1.995000e+00 -1.392786e-02
2 -1.810309e-02
2.005000e+00 -2.154931e-02
2.010000e+00 -2.415708e-02
2.015000e+00 -2.577692e-02
2.020000e+00 -2.639530e-02
2.025000e+00 -2.596088e-02
2.030000e+00 -2.446555e-02
2.035000e+00 -2.201958e-02
2.040000e+00 -1.867687e-02
2.045000e+00 -1.459468e-02
2.050000e+00 -9.932068e-03
2.055000e+00 -4.870604e-03
2.060000e+00 3.712161e-04
2.065000e+00 5.609691e-03
2.070000e+00 1.060752e-02
2.075000e+00 1.521124e-02
2.080000e+00 1.919062e-02
2.085000e+00 2.239951e-02
2.090000e+00 2.475311e-02
2.095000e+00 2.606627e-02
2.100000e+00 2.637903e-02
2.105000e+00 2.562527e-02
2.110000e+00 2.383644e-02
2.115000e+00 2.112130e-02
2.120000e+00 1.753887e-02
2.125000e+00 1.331249e-02
2.130000e+00 8.497890e-03
2.135000e+00 3.347989e-03
2.140000e+00 -1.899623e-03
2.145000e+00 -7.096340e-03
2.150000e+00 -1.200122e-02
2.155000e+00 -1.648185e-02
2.160000e+00 -2.022078e-02
2.165000e+00 -2.316432e-02
2.170000e+00 -2.523989e-02
2.175000e+00 -2.626521e-02
2.180000e+00 -2.626965e-02
2.185000e+00 -2.520030e-02
2.190000e+00 -2.313302e-02
2.195000e+00 -2.015413e-02
2.200000e+00 -1.639098e-02
2.205000e+00 -1.196676e-02
2.210000e+00 -7.029820e-03
2.215000e+00 -1.784619e-03
2.220000e+00 3.512749e-03
2.225000e+00 8.551594e-03
2.230000e+00 1.327996e-02
2.235000e+00 1.762380e-02
2.240000e+00 2.123523e-02
2.245000e+00 2.383774e-02
2.250000e+00 2.559034e-02
2.255000e+00 2.648796e-02
2.260000e+00 2.617043e-02
2.265000e+00 2.458433e-02
2.270000e+00 2.217911e-02
2.275000e+00 1.917297e-02
2.280000e+00 1.527445e-02
2.285000e+00 1.052026e-02
2.290000e+00 5.399869e-03
2.295000e+00 2.616849e-04
2.300000e+00 -4.795827e-03
2.305000e+00 -9.681681e-03
2.310000e+00 -1.444434e-02
2.315000e+00 -1.890492e-02
2.320000e+00 -2.249894e-02
2.325000e+00 -2.486993e-02
2.330000e+00 -2.599570e-02
2.335000e+00 -2.607943e-02
2.340000e+00 -2.537867e-02
2.345000e+00 -2.403985e-02
2.350000e+00 -2.183353e-02
2.355000e+00 -1.865226e-02
2.360000e+00 -1.480478e-02
2.365000e+00 -1.016928e-02
2.370000e+00 -4.556004e-03
2.375000e+00 1.542327e-03
2.380000e+00 7.333339e-03
2.385000e+00 1.263099e-02
2.390000e+00 1.754522e-02
2.395000e+00 2.177432e-02
2.400000e+00 2.479558e-02
2.405000e+00 2.617662e-02
2.410000e+00 2.594085e-02
2.415000e+00 2.438332e-02
2.420000e+00 2.185211e-02
2.425000e+00 1.865533e-02
2.430000e+00 1.480856e-02
2.435000e+00 1.015981e-02
2.440000e+00 4.800657e-03
2.445000e+00 -1.045819e-03
2.450000e+00 -7.218448e-03
2.455000e+00 -1.330429e-02
2.460000e+00 -1.890227e-02
2.465000e+00 -2.374046e-02
2.470000e+00 -2.735538e-02
2.475000e+00 -2.939393e-02
2.480000e+00 -3.008292e-02
2.485000e+00 -2.949294e-02
2.490000e+00 -2.726820e-02
2.495000e+00 -2.356586e-02
2.500000e+00 -1.870727e-02
2.505000e+00 -1.293261e-02
2.510000e+00 -6.634513e-03
2.515000e+00 -6.643215e-05
2.520000e+00 6.606175e-03
2.525000e+00 1.302081e-02
2.530000e+00 1.892098e-02
2.535000e+00 2.427871e-02
2.540000e+00 2.871925e-02
2.545000e+00 3.198235e-02
2.550000e+00 3.404488e-02
2.555000e+00 3.471696e-02
2.560000e+00 3.396682e-02
2.565000e+00 3.191612e-02
2.570000e+00 2.861081e-02
2.575000e+00 2.412916e-02
2.580000e+00 1.869950e-02
2.585000e+00 1.245939e-02
2.590000e+00 5.670364e-03
2.595000e+00 -1.304974e-03
2.600000e+00 -8.210709e-03
2.605000e+00 -1.480186e-02
2.610000e+00 -2.082071e-02
2.615000e+00 -2.595030e-02
2.620000e+00 -3.010266e-02
2.625000e+00 -3.310343e-02
2.630000e+00 -3.471295e-02
2.635000e+00 -3.496213e-02
2.640000e+00 -3.381175e-02
2.645000e+00 -3.127588e-02
2.650000e+00 -2.757505e-02
2.655000e+00 -2.278128e-02
2.660000e+00 -1.697134e-02
2.665000e+00 -1.059499e-02
2.670000e+00 -3.775693e-03
2.675000e+00 3.300135e-03
2.680000e+00 1.012205e-02
2.685000e+00 1.658237e-02
2.690000e+00 2.241640e-02
2.695000e+00 2.727699e-02
2.700000e+00 3.109720e-02
2.705000e+00 3.369531e-02
2.710000e+00 3.491542e-02
2.715000e+00 3.479946e-02
2.720000e+00 3.324707e-02
2.725000e+00 3.031698e-02
2.730000e+00 2.629199e-02
2.735000e+00 2.114870e-02
2.740000e+00 1.515993e-02
2.745000e+00 8.647642e-03
2.750000e+00 1.708734e-03
2.755000e+00 -5.277886e-03
2.760000e+00 -1.205254e-02
2.765000e+00 -1.838457e-02
2.770000e+00 -2.393515e-02
2.775000e+00 -2.851850e-02
2.780000e+00 -3.200568e-02
2.785000e+00 -3.417227e-02
2.790000e+00 -3.500873e-02
2.795000e+00 -3.449285e-02
2.800000e+00 -3.251991e-02
2.805000e+00 -2.929719e-02
2.810000e+00 -2.489206e-02
2.815000e+00 -1.945527e-02
2.820000e+00 -1.331877e-02
2.825000e+00 -6.633334e-03
2.830000e+00 3.343000e-04
2.835000e+00 7.291003e-03
2.840000e+00 1.396195e-02
2.845000e+00 2.008639e-02
2.850000e+00 2.539156e-02
2.855000e+00 2.967838e-02
2.860000e+00 3.277196e-02
2.865000e+00 3.455361e-02
2.870000e+00 3.500241e-02
2.875000e+00 3.402563e-02
2.880000e+00 3.170446e-02
2.885000e+00 2.813821e-02
2.890000e+00 2.340455e-02
2.895000e+00 1.774645e-02
2.900000e+00 1.142356e-02
2.905000e+00 4.589775e-03
2.910000e+00 -2.393996e-03
2.915000e+00 -9.265107e-03
2.920000e+00 -1.584187e-02
2.925000e+00 -2.170302e-02
2.930000e+00 -2.674070e-02
2.935000e+00 -3.073053e-02
2.940000e+00 -3.341094e-02
2.945000e+00 -3.484153e-02
2.950000e+00 -3.486740e-02
2.955000e+00 -3.347339e-02
2.960000e+00 -3.080985e-02
2.965000e+00 -2.686808e-02
2.970000e+00 -2.183273e-02
2.975000e+00 -1.598599e-02
2.980000e+00 -9.441305e-03
2.985000e+00 -2.541916e-03
2.990000e+00 4.428748e-03
2.995000e+00 1.125865e-02
3 1.760136e-02
