T X
0 0
5.000000e-03 -6.555231e-09
1.000000e-02 7.357143e-09
1.500000e-02 5.404830e-08
2.000000e-02 6.237140e-07
2.500000e-02 5.059483e-06
3.000000e-02 2.926510e-05
3.500000e-02 1.297179e-04
4.000000e-02 4.504686e-04
4.500000e-02 1.246018e-03
5.000000e-02 2.770810e-03
5.500000e-02 4.985582e-03
6.000000e-02 7.337434e-03
6.500000e-02 9.070629e-03
7.000000e-02 9.968531e-03
7.500000e-02 1.051851e-02
8.000000e-02 1.102895e-02
8.500000e-02 1.108296e-02
9.000000e-02 1.038627e-02
9.500000e-02 9.352518e-03
1.000000e-01 8.195866e-03
1.050000e-01 6.567860e-03
1.100000e-01 4.548989e-03
1.150000e-01 2.561283e-03
1.200000e-01 4.680698e-04
1.250000e-01 -1.806596e-03
1.300000e-01 -3.862088e-03
1.350000e-01 -5.718745e-03
1.400000e-01 -7.512538e-03
1.450000e-01 -8.945611e-03
1.500000e-01 -1.003746e-02
1.550000e-01 -1.085616e-02
1.600000e-01 -1.108806e-02
1.650000e-01 -1.083931e-02
1.700000e-01 -1.028378e-02
1.750000e-01 -9.251912e-03
1.800000e-01 -7.879096e-03
1.850000e-01 -6.213996e-03
1.900000e-01 -4.163025e-03
1.950000e-01 -2.028319e-03
2.000000e-01 9.599564e-05
2.050000e-01 2.268014e-03
2.100000e-01 4.342104e-03
2.150000e-01 6.313071e-03
2.200000e-01 8.024102e-03
2.250000e-01 9.331384e-03
2.300000e-01 1.033775e-02
2.350000e-01 1.092639e-02
2.400000e-01 1.104306e-02
2.450000e-01 1.072094e-02
2.500000e-01 9.953417e-03
2.550000e-01 8.871281e-03
2.600000e-01 7.397791e-03
2.650000e-01 5.599009e-03
2.700000e-01 3.655358e-03
2.750000e-01 1.487103e-03
2.800000e-01 -7.475927e-04
2.850000e-01 -2.934319e-03
2.900000e-01 -5.007176e-03
2.950000e-01 -6.829607e-03
3.000000e-01 -8.422685e-03
3.050000e-01 -9.636773e-03
3.100000e-01 -1.050315e-02
3.150000e-01 -1.100260e-02
3.200000e-01 -1.097851e-02
3.250000e-01 -1.057173e-02
3.300000e-01 -9.743228e-03
3.350000e-01 -8.492526e-03
3.400000e-01 -6.882515e-03
3.450000e-01 -5.019958e-03
3.500000e-01 -2.993499e-03
3.550000e-01 -7.817680e-04
3.600000e-01 1.371050e-03
3.650000e-01 3.485283e-03
3.700000e-01 5.541004e-03
3.750000e-01 7.316216e-03
3.800000e-01 8.823193e-03
3.850000e-01 9.987342e-03
3.900000e-01 1.072579e-02
3.950000e-01 1.103920e-02
4.000000e-01 1.091629e-02
4.050000e-01 1.032859e-02
4.100000e-01 9.347691e-03
4.150000e-01 8.044461e-03
4.200000e-01 6.392305e-03
4.250000e-01 4.471189e-03
4.300000e-01 2.407589e-03
4.350000e-01 1.945039e-04
4.400000e-01 -2.054926e-03
4.450000e-01 -4.143118e-03
4.500000e-01 -6.107267e-03
4.550000e-01 -7.812912e-03
4.600000e-01 -9.165282e-03
4.650000e-01 -1.021381e-02
4.700000e-01 -1.083232e-02
4.750000e-01 -1.102054e-02
4.800000e-01 -1.080431e-02
4.850000e-01 -1.015330e-02
4.900000e-01 -9.050298e-03
4.950000e-01 -7.583216e-03
5.000000e-01 -5.837482e-03
5.050000e-01 -3.838389e-03
5.100000e-01 -1.712549e-03
5.150000e-01 4.748133e-04
5.200000e-01 2.627218e-03
5.250000e-01 4.687340e-03
5.300000e-01 6.614924e-03
5.350000e-01 8.245957e-03
5.400000e-01 9.557114e-03
5.450000e-01 1.049113e-02
5.500000e-01 1.098441e-02
5.550000e-01 1.105588e-02
5.600000e-01 1.064565e-02
5.650000e-01 9.841080e-03
5.700000e-01 8.663045e-03
5.750000e-01 7.118387e-03
5.800000e-01 5.318991e-03
5.850000e-01 3.274845e-03
5.900000e-01 1.091747e-03
5.950000e-01 -1.140741e-03
6.000000e-01 -3.330627e-03
6.050000e-01 -5.349630e-03
6.100000e-01 -7.141582e-03
6.150000e-01 -8.665284e-03
6.200000e-01 -9.844938e-03
6.250000e-01 -1.061236e-02
6.300000e-01 -1.099219e-02
6.350000e-01 -1.094785e-02
6.400000e-01 -1.046496e-02
6.450000e-01 -9.559322e-03
6.500000e-01 -8.235074e-03
6.550000e-01 -6.595895e-03
6.600000e-01 -4.695486e-03
6.650000e-01 -2.599778e-03
6.700000e-01 -4.425037e-04
6.750000e-01 1.733105e-03
6.800000e-01 3.857234e-03
6.850000e-01 5.834046e-03
6.900000e-01 7.597691e-03
6.950000e-01 9.038168e-03
7.000000e-01 1.013086e-02
7.050000e-01 1.083096e-02
7.100000e-01 1.104682e-02
7.150000e-01 1.082796e-02
7.200000e-01 1.019919e-02
7.250000e-01 9.165074e-03
7.300000e-01 7.778685e-03
7.350000e-01 6.087836e-03
7.400000e-01 4.153186e-03
7.450000e-01 2.025899e-03
7.500000e-01 -1.829620e-04
7.550000e-01 -2.403569e-03
7.600000e-01 -4.509903e-03
7.650000e-01 -6.393096e-03
7.700000e-01 -8.063921e-03
7.750000e-01 -9.390236e-03
7.800000e-01 -1.033844e-02
7.850000e-01 -1.089113e-02
7.900000e-01 -1.101918e-02
7.950000e-01 -1.072978e-02
8.000000e-01 -9.980117e-03
8.050000e-01 -8.829904e-03
8.100000e-01 -7.312223e-03
8.150000e-01 -5.510358e-03
8.200000e-01 -3.487681e-03
8.250000e-01 -1.338936e-03
8.300000e-01 8.257219e-04
8.350000e-01 2.987266e-03
8.400000e-01 5.040031e-03
8.450000e-01 6.897859e-03
8.500000e-01 8.472229e-03
8.550000e-01 9.720977e-03
8.600000e-01 1.059698e-02
8.650000e-01 1.100805e-02
8.700000e-01 1.097938e-02
8.750000e-01 1.051270e-02
8.800000e-01 9.634934e-03
8.850000e-01 8.397679e-03
8.900000e-01 6.820749e-03
8.950000e-01 4.987158e-03
9.000000e-01 2.926854e-03
9.050000e-01 7.349883e-04
9.100000e-01 -1.479481e-03
9.150000e-01 -3.651742e-03
9.200000e-01 -5.635125e-03
9.250000e-01 -7.411175e-03
9.300000e-01 -8.895741e-03
9.350000e-01 -9.973273e-03
9.400000e-01 -1.071044e-02
9.450000e-01 -1.102631e-02
9.500000e-01 -1.089790e-02
9.550000e-01 -1.034974e-02
9.600000e-01 -9.347545e-03
9.650000e-01 -7.993341e-03
9.700000e-01 -6.294547e-03
9.750000e-01 -4.337434e-03
9.800000e-01 -2.246576e-03
9.850000e-01 -7.344730e-05
9.900000e-01 2.092276e-03
9.950000e-01 4.209730e-03
1 6.152838e-03
1.005000e+00 7.846437e-03
1.010000e+00 9.252903e-03
1.015000e+00 1.028290e-02
1.020000e+00 1.089501e-02
1.025000e+00 1.104398e-02
1.030000e+00 1.075540e-02
1.035000e+00 1.005012e-02
1.040000e+00 8.949869e-03
1.045000e+00 7.517717e-03
1.050000e+00 5.778397e-03
1.055000e+00 3.806157e-03
1.060000e+00 1.659556e-03
1.065000e+00 -5.697588e-04
1.070000e+00 -2.754994e-03
1.075000e+00 -4.834198e-03
1.080000e+00 -6.707799e-03
1.085000e+00 -8.313389e-03
1.090000e+00 -9.579121e-03
1.095000e+00 -1.044623e-02
1.100000e+00 -1.094425e-02
1.105000e+00 -1.101194e-02
1.110000e+00 -1.062480e-02
1.115000e+00 -9.819140e-03
1.120000e+00 -8.597030e-03
1.125000e+00 -7.031368e-03
1.130000e+00 -5.179167e-03
1.135000e+00 -3.129629e-03
1.140000e+00 -9.935596e-04
1.145000e+00 1.202100e-03
1.150000e+00 3.351525e-03
1.155000e+00 5.368294e-03
1.160000e+00 7.192442e-03
1.165000e+00 8.747467e-03
1.170000e+00 9.980992e-03
1.175000e+00 1.077215e-02
1.180000e+00 1.108209e-02
1.185000e+00 1.083324e-02
1.190000e+00 9.920925e-03
1.195000e+00 8.303635e-03
1.200000e+00 5.887651e-03
1.205000e+00 2.740337e-03
1.210000e+00 -9.970138e-04
1.215000e+00 -5.093002e-03
1.220000e+00 -9.122323e-03
1.225000e+00 -1.266302e-02
1.230000e+00 -1.544491e-02
1.235000e+00 -1.735053e-02
1.240000e+00 -1.839269e-02
1.245000e+00 -1.879554e-02
1.250000e+00 -1.864977e-02
1.255000e+00 -1.795202e-02
1.260000e+00 -1.659504e-02
1.265000e+00 -1.427222e-02
1.270000e+00 -1.092676e-02
1.275000e+00 -6.624146e-03
1.280000e+00 -1.605452e-03
1.285000e+00 3.781589e-03
1.290000e+00 9.306264e-03
1.295000e+00 1.470098e-02
1.300000e+00 1.976466e-02
1.305000e+00 2.413131e-02
1.310000e+00 2.730069e-02
1.315000e+00 2.900817e-02
1.320000e+00 2.924293e-02
1.325000e+00 2.829411e-02
1.330000e+00 2.651192e-02
1.335000e+00 2.403444e-02
1.340000e+00 2.079770e-02
1.345000e+00 1.660521e-02
1.350000e+00 1.146646e-02
1.355000e+00 5.690734e-03
1.360000e+00 -2.711444e-04
1.365000e+00 -5.985840e-03
1.370000e+00 -1.133617e-02
1.375000e+00 -1.628999e-02
1.380000e+00 -2.073490e-02
1.385000e+00 -2.452014e-02
1.390000e+00 -2.735778e-02
1.395000e+00 -2.903628e-02
1.400000e+00 -2.947640e-02
1.405000e+00 -2.864972e-02
1.410000e+00 -2.663318e-02
1.415000e+00 -2.358211e-02
1.420000e+00 -1.968600e-02
1.425000e+00 -1.512824e-02
1.430000e+00 -9.985293e-03
1.435000e+00 -4.326313e-03
1.440000e+00 1.639351e-03
1.445000e+00 7.578801e-03
1.450000e+00 1.311269e-02
1.455000e+00 1.792146e-02
1.460000e+00 2.194076e-02
1.465000e+00 2.531862e-02
1.470000e+00 2.795769e-02
1.475000e+00 2.932229e-02
1.480000e+00 2.912251e-02
1.485000e+00 2.785282e-02
1.490000e+00 2.590560e-02
1.495000e+00 2.291670e-02
1.500000e+00 1.860602e-02
1.505000e+00 1.347538e-02
1.510000e+00 8.094527e-03
1.515000e+00 2.479788e-03
1.520000e+00 -3.298961e-03
1.525000e+00 -8.946634e-03
1.530000e+00 -1.436108e-02
1.535000e+00 -1.931827e-02
1.540000e+00 -2.332995e-02
1.545000e+00 -2.625560e-02
1.550000e+00 -2.824146e-02
1.555000e+00 -2.919912e-02
1.560000e+00 -2.897226e-02
1.565000e+00 -2.762727e-02
1.570000e+00 -2.510354e-02
1.575000e+00 -2.140359e-02
1.580000e+00 -1.702787e-02
1.585000e+00 -1.220829e-02
1.590000e+00 -6.732593e-03
1.595000e+00 -7.448999e-04
1.600000e+00 5.203717e-03
1.605000e+00 1.076116e-02
1.610000e+00 1.579978e-02
1.615000e+00 2.030696e-02
1.620000e+00 2.424370e-02
1.625000e+00 2.707654e-02
1.630000e+00 2.858404e-02
1.635000e+00 2.917899e-02
1.640000e+00 2.875566e-02
1.645000e+00 2.695483e-02
1.650000e+00 2.403280e-02
1.655000e+00 2.032539e-02
1.660000e+00 1.578723e-02
1.665000e+00 1.050642e-02
1.670000e+00 4.838205e-03
1.675000e+00 -9.334912e-04
1.680000e+00 -6.631710e-03
1.685000e+00 -1.218045e-02
1.690000e+00 -1.730693e-02
1.695000e+00 -2.161587e-02
1.700000e+00 -2.511057e-02
1.705000e+00 -2.765056e-02
1.710000e+00 -2.890729e-02
1.715000e+00 -2.911694e-02
1.720000e+00 -2.832680e-02
1.725000e+00 -2.619920e-02
1.730000e+00 -2.300232e-02
1.735000e+00 -1.906374e-02
1.740000e+00 -1.434480e-02
1.745000e+00 -8.965477e-03
1.750000e+00 -3.194324e-03
1.755000e+00 2.670352e-03
1.760000e+00 8.373351e-03
1.765000e+00 1.374629e-02
1.770000e+00 1.860581e-02
1.775000e+00 2.273690e-02
1.780000e+00 2.592563e-02
1.785000e+00 2.805309e-02
1.790000e+00 2.914674e-02
1.795000e+00 2.912815e-02
1.800000e+00 2.779159e-02
1.805000e+00 2.534785e-02
1.810000e+00 2.206180e-02
1.815000e+00 1.775020e-02
1.820000e+00 1.267758e-02
1.825000e+00 7.269567e-03
1.830000e+00 1.504952e-03
1.835000e+00 -4.343775e-03
1.840000e+00 -9.951390e-03
1.845000e+00 -1.522427e-02
1.850000e+00 -1.990033e-02
1.855000e+00 -2.374446e-02
1.860000e+00 -2.666419e-02
1.865000e+00 -2.850460e-02
1.870000e+00 -2.919166e-02
1.875000e+00 -2.877275e-02
1.880000e+00 -2.716159e-02
1.885000e+00 -2.443738e-02
1.890000e+00 -2.083315e-02
1.895000e+00 -1.640519e-02
1.900000e+00 -1.123606e-02
1.905000e+00 -5.611130e-03
1.910000e+00 1.589982e-04
1.915000e+00 6.006475e-03
1.920000e+00 1.159917e-02
1.925000e+00 1.661390e-02
1.930000e+00 2.108179e-02
1.935000e+00 2.469850e-02
1.940000e+00 2.724613e-02
1.945000e+00 2.879972e-02
1.950000e+00 2.922205e-02
1.955000e+00 2.841118e-02
1.960000e+00 2.651052e-02
1.965000e+00 2.355503e-02
1.970000e+00 1.957855e-02
1.975000e+00 1.484788e-02
1.980000e+00 9.614626e-03
1.985000e+00 3.971381e-03
1.990000e+00 -1.888185e-03
1.995000e+00 -7.628296e-03
2 -1.306382e-02
2.005000e+00 -1.800301e-02
2.010000e+00 -2.223350e-02
2.015000e+00 -2.557934e-02
2.020000e+00 -2.787148e-02
2.025000e+00 -2.906178e-02
2.030000e+00 -2.907230e-02
2.035000e+00 -2.791134e-02
2.040000e+00 -2.571611e-02
2.045000e+00 -2.246386e-02
2.050000e+00 -1.827670e-02
2.055000e+00 -1.344401e-02
2.060000e+00 -8.014493e-03
2.065000e+00 -2.221046e-03
2.070000e+00 3.584299e-03
2.075000e+00 9.301895e-03
2.080000e+00 1.461206e-02
2.085000e+00 1.929119e-02
2.090000e+00 2.329424e-02
2.095000e+00 2.631781e-02
2.100000e+00 2.826860e-02
2.105000e+00 2.917159e-02
2.110000e+00 2.890494e-02
2.115000e+00 2.743009e-02
2.120000e+00 2.487535e-02
2.125000e+00 2.134375e-02
2.130000e+00 1.689728e-02
2.135000e+00 1.183941e-02
2.140000e+00 6.346884e-03
2.145000e+00 5.297593e-04
2.150000e+00 -5.263559e-03
2.155000e+00 -1.084559e-02
2.160000e+00 -1.603996e-02
2.165000e+00 -2.057766e-02
2.170000e+00 -2.429477e-02
2.175000e+00 -2.704416e-02
2.180000e+00 -2.870971e-02
2.185000e+00 -2.918900e-02
2.190000e+00 -2.852561e-02
2.195000e+00 -2.677450e-02
2.200000e+00 -2.390246e-02
2.205000e+00 -2.011909e-02
2.210000e+00 -1.555421e-02
2.215000e+00 -1.029392e-02
2.220000e+00 -4.652128e-03
2.225000e+00 1.176773e-03
2.230000e+00 6.961249e-03
2.235000e+00 1.244794e-02
2.240000e+00 1.745992e-02
2.245000e+00 2.175244e-02
2.250000e+00 2.515898e-02
2.255000e+00 2.759380e-02
2.260000e+00 2.896467e-02
2.265000e+00 2.914028e-02
2.270000e+00 2.816353e-02
2.275000e+00 2.608134e-02
2.280000e+00 2.290094e-02
2.285000e+00 1.884960e-02
2.290000e+00 1.402882e-02
2.295000e+00 8.632329e-03
2.300000e+00 2.972342e-03
2.305000e+00 -2.849953e-03
2.310000e+00 -8.576786e-03
2.315000e+00 -1.394337e-02
2.320000e+00 -1.878496e-02
2.325000e+00 -2.286238e-02
2.330000e+00 -2.603289e-02
2.335000e+00 -2.817149e-02
2.340000e+00 -2.918153e-02
2.345000e+00 -2.903693e-02
2.350000e+00 -2.773803e-02
2.355000e+00 -2.536158e-02
2.360000e+00 -2.197365e-02
2.365000e+00 -1.770586e-02
2.370000e+00 -1.272923e-02
2.375000e+00 -7.176059e-03
2.380000e+00 -1.307556e-03
2.385000e+00 4.584969e-03
2.390000e+00 1.031370e-02
2.395000e+00 1.563722e-02
2.400000e+00 2.026660e-02
2.405000e+00 2.405631e-02
2.410000e+00 2.683341e-02
2.415000e+00 2.841650e-02
2.420000e+00 2.870723e-02
2.425000e+00 2.755897e-02
2.430000e+00 2.491421e-02
2.435000e+00 2.083652e-02
2.440000e+00 1.546434e-02
2.445000e+00 9.071493e-03
2.450000e+00 2.106231e-03
2.455000e+00 -4.989704e-03
2.460000e+00 -1.182022e-02
2.465000e+00 -1.793806e-02
2.470000e+00 -2.307220e-02
2.475000e+00 -2.715453e-02
2.480000e+00 -3.012036e-02
2.485000e+00 -3.191086e-02
2.490000e+00 -3.253079e-02
2.495000e+00 -3.187972e-02
2.500000e+00 -2.979339e-02
2.505000e+00 -2.617768e-02
2.510000e+00 -2.096074e-02
2.515000e+00 -1.431314e-02
2.520000e+00 -6.627469e-03
2.525000e+00 1.638598e-03
2.530000e+00 9.955754e-03
2.535000e+00 1.774837e-02
2.540000e+00 2.462427e-02
2.545000e+00 3.036255e-02
2.550000e+00 3.476201e-02
2.555000e+00 3.775398e-02
2.560000e+00 3.922338e-02
2.565000e+00 3.915008e-02
2.570000e+00 3.761807e-02
2.575000e+00 3.467240e-02
2.580000e+00 3.053242e-02
2.585000e+00 2.532515e-02
2.590000e+00 1.907295e-02
2.595000e+00 1.190723e-02
2.600000e+00 3.989382e-03
2.605000e+00 -4.262164e-03
2.610000e+00 -1.229852e-02
2.615000e+00 -1.968853e-02
2.620000e+00 -2.605975e-02
2.625000e+00 -3.130411e-02
2.630000e+00 -3.547770e-02
2.635000e+00 -3.849071e-02
2.640000e+00 -4.011554e-02
2.645000e+00 -4.003742e-02
2.650000e+00 -3.806411e-02
2.655000e+00 -3.434889e-02
2.660000e+00 -2.927402e-02
2.665000e+00 -2.328912e-02
2.670000e+00 -1.665445e-02
2.675000e+00 -9.454153e-03
2.680000e+00 -1.741801e-03
2.685000e+00 6.353458e-03
2.690000e+00 1.433134e-02
2.695000e+00 2.165364e-02
2.700000e+00 2.793840e-02
2.705000e+00 3.292550e-02
2.710000e+00 3.659227e-02
2.715000e+00 3.893474e-02
2.720000e+00 3.989578e-02
2.725000e+00 3.931730e-02
2.730000e+00 3.705225e-02
2.735000e+00 3.319218e-02
2.740000e+00 2.799135e-02
2.745000e+00 2.172111e-02
2.750000e+00 1.462122e-02
2.755000e+00 6.954775e-03
2.760000e+00 -9.471670e-04
2.765000e+00 -8.830001e-03
2.770000e+00 -1.642999e-02
2.775000e+00 -2.335840e-02
2.780000e+00 -2.934021e-02
2.785000e+00 -3.416855e-02
2.790000e+00 -3.760373e-02
2.795000e+00 -3.951831e-02
2.800000e+00 -3.989436e-02
2.805000e+00 -3.867184e-02
2.810000e+00 -3.592529e-02
2.815000e+00 -3.177647e-02
2.820000e+00 -2.627912e-02
2.825000e+00 -1.972403e-02
2.830000e+00 -1.243259e-02
2.835000e+00 -4.665496e-03
2.840000e+00 3.272892e-03
2.845000e+00 1.109424e-02
2.850000e+00 1.852851e-02
2.855000e+00 2.523770e-02
2.860000e+00 3.086981e-02
2.865000e+00 3.527713e-02
2.870000e+00 3.828824e-02
2.875000e+00 3.976440e-02
2.880000e+00 3.971441e-02
2.885000e+00 3.806188e-02
2.890000e+00 3.479938e-02
2.895000e+00 3.016089e-02
2.900000e+00 2.441138e-02
2.905000e+00 1.775348e-02
2.910000e+00 1.035890e-02
2.915000e+00 2.363166e-03
2.920000e+00 -5.749201e-03
2.925000e+00 -1.345899e-02
2.930000e+00 -2.054351e-02
2.935000e+00 -2.681239e-02
2.940000e+00 -3.218448e-02
2.945000e+00 -3.638002e-02
2.950000e+00 -3.898881e-02
2.955000e+00 -3.990102e-02
2.960000e+00 -3.921685e-02
2.965000e+00 -3.713012e-02
2.970000e+00 -3.368974e-02
2.975000e+00 -2.878790e-02
2.980000e+00 -2.257179e-02
2.985000e+00 -1.542795e-02
2.990000e+00 -7.785180e-03
2.995000e+00 -5.056850e-05
3 7.679716e-03
