T X
0 0
5.000000e-03 2.715054e-09
1.000000e-02 1.015307e-08
1.500000e-02 1.563315e-07
2.000000e-02 1.652968e-06
2.500000e-02 1.171438e-05
3.000000e-02 6.096618e-05
3.500000e-02 2.434743e-04
4.000000e-02 7.630475e-04
4.500000e-02 1.900144e-03
5.000000e-02 3.790510e-03
5.500000e-02 6.114175e-03
6.000000e-02 8.134123e-03
6.500000e-02 9.336262e-03
7.000000e-02 9.966571e-03
7.500000e-02 1.051971e-02
8.000000e-02 1.084606e-02
8.500000e-02 1.047247e-02
9.000000e-02 9.563416e-03
9.500000e-02 8.547520e-03
1.000000e-01 7.225415e-03
1.050000e-01 5.379423e-03
1.100000e-01 3.402179e-03
1.150000e-01 1.440634e-03
1.200000e-01 -7.252132e-04
1.250000e-01 -2.848716e-03
1.300000e-01 -4.716728e-03
1.350000e-01 -6.530883e-03
1.400000e-01 -8.123577e-03
1.450000e-01 -9.300805e-03
1.500000e-01 -1.023591e-02
1.550000e-01 -1.074416e-02
1.600000e-01 -1.068558e-02
1.650000e-01 -1.030941e-02
1.700000e-01 -9.526444e-03
1.750000e-01 -8.308070e-03
1.800000e-01 -6.842384e-03
1.850000e-01 -5.011357e-03
1.900000e-01 -2.951120e-03
1.950000e-01 -8.929786e-04
2.000000e-01 1.236740e-03
2.050000e-01 3.299003e-03
2.100000e-01 5.252338e-03
2.150000e-01 7.073443e-03
2.200000e-01 8.513483e-03
2.250000e-01 9.651131e-03
2.300000e-01 1.043949e-02
2.350000e-01 1.073197e-02
2.400000e-01 1.063473e-02
2.450000e-01 1.007575e-02
2.500000e-01 9.161122e-03
2.550000e-01 7.935286e-03
2.600000e-01 6.287231e-03
2.650000e-01 4.452531e-03
2.700000e-01 2.449425e-03
2.750000e-01 2.872356e-04
2.800000e-01 -1.867575e-03
2.850000e-01 -3.957237e-03
2.900000e-01 -5.841334e-03
2.950000e-01 -7.509052e-03
3.000000e-01 -8.873996e-03
3.050000e-01 -9.868732e-03
3.100000e-01 -1.052813e-02
3.150000e-01 -1.073740e-02
3.200000e-01 -1.053523e-02
3.250000e-01 -9.913072e-03
3.300000e-01 -8.857530e-03
3.350000e-01 -7.458402e-03
3.400000e-01 -5.760599e-03
3.450000e-01 -3.861423e-03
3.500000e-01 -1.781886e-03
3.550000e-01 3.537558e-04
3.600000e-01 2.445255e-03
3.650000e-01 4.483132e-03
3.700000e-01 6.331004e-03
3.750000e-01 7.933345e-03
3.800000e-01 9.244292e-03
3.850000e-01 1.015788e-02
3.900000e-01 1.064849e-02
3.950000e-01 1.073175e-02
4.000000e-01 1.035986e-02
4.050000e-01 9.581188e-03
4.100000e-01 8.479732e-03
4.150000e-01 7.014301e-03
4.200000e-01 5.233913e-03
4.250000e-01 3.293227e-03
4.300000e-01 1.208176e-03
4.350000e-01 -9.928048e-04
4.400000e-01 -3.086722e-03
4.450000e-01 -5.074650e-03
4.500000e-01 -6.874103e-03
4.550000e-01 -8.325401e-03
4.600000e-01 -9.509838e-03
4.650000e-01 -1.030280e-02
4.700000e-01 -1.068230e-02
4.750000e-01 -1.068441e-02
4.800000e-01 -1.022808e-02
4.850000e-01 -9.339251e-03
4.900000e-01 -8.082913e-03
4.950000e-01 -6.511547e-03
5.000000e-01 -4.660964e-03
5.050000e-01 -2.652759e-03
5.100000e-01 -5.426628e-04
5.150000e-01 1.585991e-03
5.200000e-01 3.639509e-03
5.250000e-01 5.592926e-03
5.300000e-01 7.305460e-03
5.350000e-01 8.735726e-03
5.400000e-01 9.836128e-03
5.450000e-01 1.049912e-02
5.500000e-01 1.074209e-02
5.550000e-01 1.055610e-02
5.600000e-01 9.958801e-03
5.650000e-01 8.990848e-03
5.700000e-01 7.664864e-03
5.750000e-01 6.024090e-03
5.800000e-01 4.144978e-03
5.850000e-01 2.116448e-03
5.900000e-01 -3.984156e-05
5.950000e-01 -2.197397e-03
6.000000e-01 -4.243137e-03
6.050000e-01 -6.130674e-03
6.100000e-01 -7.745191e-03
6.150000e-01 -9.075211e-03
6.200000e-01 -1.003613e-02
6.250000e-01 -1.059277e-02
6.300000e-01 -1.078659e-02
6.350000e-01 -1.049024e-02
6.400000e-01 -9.764923e-03
6.450000e-01 -8.683231e-03
6.500000e-01 -7.200462e-03
6.550000e-01 -5.457623e-03
6.600000e-01 -3.507801e-03
6.650000e-01 -1.416738e-03
6.700000e-01 6.994093e-04
6.750000e-01 2.803086e-03
6.800000e-01 4.794981e-03
6.850000e-01 6.627091e-03
6.900000e-01 8.192510e-03
6.950000e-01 9.417955e-03
7.000000e-01 1.027912e-02
7.050000e-01 1.069097e-02
7.100000e-01 1.068111e-02
7.150000e-01 1.025879e-02
7.200000e-01 9.429358e-03
7.250000e-01 8.243383e-03
7.300000e-01 6.725749e-03
7.350000e-01 4.938592e-03
7.400000e-01 2.944437e-03
7.450000e-01 8.233590e-04
7.500000e-01 -1.337198e-03
7.550000e-01 -3.437571e-03
7.600000e-01 -5.390055e-03
7.650000e-01 -7.120588e-03
7.700000e-01 -8.555845e-03
7.750000e-01 -9.662618e-03
7.800000e-01 -1.038603e-02
7.850000e-01 -1.073169e-02
7.900000e-01 -1.064481e-02
7.950000e-01 -1.008637e-02
8.000000e-01 -9.161640e-03
8.050000e-01 -7.849879e-03
8.100000e-01 -6.208366e-03
8.150000e-01 -4.349023e-03
8.200000e-01 -2.297008e-03
8.250000e-01 -1.821985e-04
8.300000e-01 1.932548e-03
8.350000e-01 3.990238e-03
8.400000e-01 5.890371e-03
8.450000e-01 7.579330e-03
8.500000e-01 8.958758e-03
8.550000e-01 9.968584e-03
8.600000e-01 1.056762e-02
8.650000e-01 1.073866e-02
8.700000e-01 1.048769e-02
8.750000e-01 9.818892e-03
8.800000e-01 8.785172e-03
8.850000e-01 7.386811e-03
8.900000e-01 5.698263e-03
8.950000e-01 3.810326e-03
9.000000e-01 1.717315e-03
9.050000e-01 -4.481715e-04
9.100000e-01 -2.573661e-03
9.150000e-01 -4.606838e-03
9.200000e-01 -6.430367e-03
9.250000e-01 -7.994652e-03
9.300000e-01 -9.245792e-03
9.350000e-01 -1.013538e-02
9.400000e-01 -1.064128e-02
9.450000e-01 -1.072337e-02
9.500000e-01 -1.037626e-02
9.550000e-01 -9.599009e-03
9.600000e-01 -8.435236e-03
9.650000e-01 -6.926542e-03
9.700000e-01 -5.140113e-03
9.750000e-01 -3.166157e-03
9.800000e-01 -1.068093e-03
9.850000e-01 1.053446e-03
9.900000e-01 3.146429e-03
9.950000e-01 5.126417e-03
1 6.903915e-03
1.005000e+00 8.431706e-03
1.010000e+00 9.598973e-03
1.015000e+00 1.036740e-02
1.020000e+00 1.072135e-02
1.025000e+00 1.063909e-02
1.030000e+00 1.014520e-02
1.035000e+00 9.258744e-03
1.040000e+00 8.012130e-03
1.045000e+00 6.433366e-03
1.050000e+00 4.617328e-03
1.055000e+00 2.605877e-03
1.060000e+00 4.521148e-04
1.065000e+00 -1.700992e-03
1.070000e+00 -3.778823e-03
1.075000e+00 -5.698684e-03
1.080000e+00 -7.381617e-03
1.085000e+00 -8.761872e-03
1.090000e+00 -9.804203e-03
1.095000e+00 -1.049108e-02
1.100000e+00 -1.074806e-02
1.105000e+00 -1.056248e-02
1.110000e+00 -9.971979e-03
1.115000e+00 -8.966400e-03
1.120000e+00 -7.590130e-03
1.125000e+00 -5.914619e-03
1.130000e+00 -4.001892e-03
1.135000e+00 -1.950920e-03
1.140000e+00 1.666372e-04
1.145000e+00 2.289291e-03
1.150000e+00 4.334924e-03
1.155000e+00 6.225767e-03
1.160000e+00 7.875979e-03
1.165000e+00 9.196385e-03
1.170000e+00 1.010492e-02
1.175000e+00 1.050048e-02
1.180000e+00 1.028515e-02
1.185000e+00 9.388365e-03
1.190000e+00 7.734751e-03
1.195000e+00 5.282031e-03
1.200000e+00 2.147893e-03
1.205000e+00 -1.457053e-03
1.210000e+00 -5.256368e-03
1.215000e+00 -8.843613e-03
1.220000e+00 -1.188478e-02
1.225000e+00 -1.416470e-02
1.230000e+00 -1.564623e-02
1.235000e+00 -1.645178e-02
1.240000e+00 -1.671949e-02
1.245000e+00 -1.656046e-02
1.250000e+00 -1.583810e-02
1.255000e+00 -1.435911e-02
1.260000e+00 -1.193538e-02
1.265000e+00 -8.472278e-03
1.270000e+00 -4.199951e-03
1.275000e+00 6.303427e-04
1.280000e+00 5.714466e-03
1.285000e+00 1.076299e-02
1.290000e+00 1.557446e-02
1.295000e+00 1.988206e-02
1.300000e+00 2.333670e-02
1.305000e+00 2.557020e-02
1.310000e+00 2.644637e-02
1.315000e+00 2.608451e-02
1.320000e+00 2.479267e-02
1.325000e+00 2.287800e-02
1.330000e+00 2.037475e-02
1.335000e+00 1.711147e-02
1.340000e+00 1.293239e-02
1.345000e+00 7.945901e-03
1.350000e+00 2.527138e-03
1.355000e+00 -2.847798e-03
1.360000e+00 -7.842874e-03
1.365000e+00 -1.245952e-02
1.370000e+00 -1.669280e-02
1.375000e+00 -2.045349e-02
1.380000e+00 -2.351897e-02
1.385000e+00 -2.560158e-02
1.390000e+00 -2.658448e-02
1.395000e+00 -2.637133e-02
1.400000e+00 -2.508524e-02
1.405000e+00 -2.282127e-02
1.410000e+00 -1.966862e-02
1.415000e+00 -1.586567e-02
1.420000e+00 -1.147240e-02
1.425000e+00 -6.595838e-03
1.430000e+00 -1.350222e-03
1.435000e+00 4.075433e-03
1.440000e+00 9.302539e-03
1.445000e+00 1.406086e-02
1.450000e+00 1.810574e-02
1.455000e+00 2.137744e-02
1.460000e+00 2.405407e-02
1.465000e+00 2.598098e-02
1.470000e+00 2.667610e-02
1.475000e+00 2.595607e-02
1.480000e+00 2.430944e-02
1.485000e+00 2.213167e-02
1.490000e+00 1.900916e-02
1.495000e+00 1.470228e-02
1.500000e+00 9.793785e-03
1.505000e+00 4.812992e-03
1.510000e+00 -2.769853e-04
1.515000e+00 -5.485490e-03
1.520000e+00 -1.050237e-02
1.525000e+00 -1.517821e-02
1.530000e+00 -1.933506e-02
1.535000e+00 -2.253472e-02
1.540000e+00 -2.467693e-02
1.545000e+00 -2.599923e-02
1.550000e+00 -2.641638e-02
1.555000e+00 -2.570710e-02
1.560000e+00 -2.396700e-02
1.565000e+00 -2.119968e-02
1.570000e+00 -1.748512e-02
1.575000e+00 -1.327670e-02
1.580000e+00 -8.715738e-03
1.585000e+00 -3.568227e-03
1.590000e+00 1.938167e-03
1.595000e+00 7.201800e-03
1.600000e+00 1.200395e-02
1.605000e+00 1.632584e-02
1.610000e+00 2.011736e-02
1.615000e+00 2.327400e-02
1.620000e+00 2.534845e-02
1.625000e+00 2.618000e-02
1.630000e+00 2.621244e-02
1.635000e+00 2.537930e-02
1.640000e+00 2.326470e-02
1.645000e+00 2.014238e-02
1.650000e+00 1.641912e-02
1.655000e+00 1.204517e-02
1.660000e+00 7.070051e-03
1.665000e+00 1.822020e-03
1.670000e+00 -3.408065e-03
1.675000e+00 -8.449984e-03
1.680000e+00 -1.326933e-02
1.685000e+00 -1.763149e-02
1.690000e+00 -2.116419e-02
1.695000e+00 -2.387813e-02
1.700000e+00 -2.569823e-02
1.705000e+00 -2.634629e-02
1.710000e+00 -2.602229e-02
1.715000e+00 -2.480634e-02
1.720000e+00 -2.242808e-02
1.725000e+00 -1.911464e-02
1.730000e+00 -1.522004e-02
1.735000e+00 -1.068281e-02
1.740000e+00 -5.600878e-03
1.745000e+00 -3.468943e-04
1.750000e+00 4.915647e-03
1.755000e+00 9.969912e-03
1.760000e+00 1.460025e-02
1.765000e+00 1.870029e-02
1.770000e+00 2.203193e-02
1.775000e+00 2.447479e-02
1.780000e+00 2.593778e-02
1.785000e+00 2.640721e-02
1.790000e+00 2.587603e-02
1.795000e+00 2.417755e-02
1.800000e+00 2.152826e-02
1.805000e+00 1.817101e-02
1.810000e+00 1.396302e-02
1.815000e+00 9.146726e-03
1.820000e+00 4.112414e-03
1.825000e+00 -1.135321e-03
1.830000e+00 -6.383159e-03
1.835000e+00 -1.132266e-02
1.840000e+00 -1.587416e-02
1.845000e+00 -1.977456e-02
1.850000e+00 -2.284743e-02
1.855000e+00 -2.507539e-02
1.860000e+00 -2.624950e-02
1.865000e+00 -2.632995e-02
1.870000e+00 -2.541929e-02
1.875000e+00 -2.349842e-02
1.880000e+00 -2.060534e-02
1.885000e+00 -1.694321e-02
1.890000e+00 -1.263430e-02
1.895000e+00 -7.724378e-03
1.900000e+00 -2.533533e-03
1.905000e+00 2.676266e-03
1.910000e+00 7.884960e-03
1.915000e+00 1.278355e-02
1.920000e+00 1.704057e-02
1.925000e+00 2.069899e-02
1.930000e+00 2.358163e-02
1.935000e+00 2.542234e-02
1.940000e+00 2.632568e-02
1.945000e+00 2.621163e-02
1.950000e+00 2.496268e-02
1.955000e+00 2.276221e-02
1.960000e+00 1.965386e-02
1.965000e+00 1.571311e-02
1.970000e+00 1.118280e-02
1.975000e+00 6.237374e-03
1.980000e+00 1.025089e-03
1.985000e+00 -4.239677e-03
1.990000e+00 -9.313649e-03
1.995000e+00 -1.403548e-02
2 -1.821408e-02
2.005000e+00 -2.164455e-02
2.010000e+00 -2.422748e-02
2.015000e+00 -2.583854e-02
2.020000e+00 -2.639037e-02
2.025000e+00 -2.589859e-02
2.030000e+00 -2.437726e-02
2.035000e+00 -2.192485e-02
2.040000e+00 -1.858277e-02
2.045000e+00 -1.446294e-02
2.050000e+00 -9.840230e-03
2.055000e+00 -4.750490e-03
2.060000e+00 5.610493e-04
2.065000e+00 5.736824e-03
2.070000e+00 1.077287e-02
2.075000e+00 1.536450e-02
2.080000e+00 1.926790e-02
2.085000e+00 2.249270e-02
2.090000e+00 2.476534e-02
2.095000e+00 2.605482e-02
2.100000e+00 2.638997e-02
2.105000e+00 2.561018e-02
2.110000e+00 2.377668e-02
2.115000e+00 2.102257e-02
2.120000e+00 1.743858e-02
2.125000e+00 1.313599e-02
2.130000e+00 8.328105e-03
2.135000e+00 3.207844e-03
2.140000e+00 -2.064857e-03
2.145000e+00 -7.229368e-03
2.150000e+00 -1.212207e-02
2.155000e+00 -1.655949e-02
2.160000e+00 -2.031414e-02
2.165000e+00 -2.327682e-02
2.170000e+00 -2.529086e-02
2.175000e+00 -2.627464e-02
2.180000e+00 -2.622127e-02
2.185000e+00 -2.513613e-02
2.190000e+00 -2.307266e-02
2.195000e+00 -2.004093e-02
2.200000e+00 -1.624408e-02
2.205000e+00 -1.184238e-02
2.210000e+00 -6.872886e-03
2.215000e+00 -1.654050e-03
2.220000e+00 3.590747e-03
2.225000e+00 8.738988e-03
2.230000e+00 1.350659e-02
2.235000e+00 1.772483e-02
2.240000e+00 2.126013e-02
2.245000e+00 2.393276e-02
2.250000e+00 2.565348e-02
2.255000e+00 2.637329e-02
2.260000e+00 2.604159e-02
2.265000e+00 2.467233e-02
2.270000e+00 2.229573e-02
2.275000e+00 1.900036e-02
2.280000e+00 1.500094e-02
2.285000e+00 1.039297e-02
2.290000e+00 5.339786e-03
2.295000e+00 1.429305e-04
2.300000e+00 -5.101567e-03
2.305000e+00 -1.016358e-02
2.310000e+00 -1.477116e-02
2.315000e+00 -1.885127e-02
2.320000e+00 -2.219114e-02
2.325000e+00 -2.461127e-02
2.330000e+00 -2.605035e-02
2.335000e+00 -2.647423e-02
2.340000e+00 -2.586172e-02
2.345000e+00 -2.419868e-02
2.350000e+00 -2.158415e-02
2.355000e+00 -1.808375e-02
2.360000e+00 -1.387197e-02
2.365000e+00 -9.089865e-03
2.370000e+00 -3.843294e-03
2.375000e+00 1.477040e-03
2.380000e+00 6.753804e-03
2.385000e+00 1.178310e-02
2.390000e+00 1.617047e-02
2.395000e+00 1.987771e-02
2.400000e+00 2.270234e-02
2.405000e+00 2.438404e-02
2.410000e+00 2.487020e-02
2.415000e+00 2.402917e-02
2.420000e+00 2.179791e-02
2.425000e+00 1.829464e-02
2.430000e+00 1.365762e-02
2.435000e+00 8.213215e-03
2.440000e+00 2.342141e-03
2.445000e+00 -3.560058e-03
2.450000e+00 -9.044230e-03
2.455000e+00 -1.395198e-02
2.460000e+00 -1.811743e-02
2.465000e+00 -2.138790e-02
2.470000e+00 -2.383854e-02
2.475000e+00 -2.542639e-02
2.480000e+00 -2.599871e-02
2.485000e+00 -2.545910e-02
2.490000e+00 -2.360521e-02
2.495000e+00 -2.030760e-02
2.500000e+00 -1.567185e-02
2.505000e+00 -9.867919e-03
2.510000e+00 -3.328668e-03
2.515000e+00 3.439770e-03
2.520000e+00 1.001853e-02
2.525000e+00 1.595581e-02
2.530000e+00 2.100903e-02
2.535000e+00 2.510646e-02
2.540000e+00 2.816117e-02
2.545000e+00 3.009089e-02
2.550000e+00 3.088764e-02
2.555000e+00 3.054251e-02
2.560000e+00 2.904670e-02
2.565000e+00 2.651511e-02
2.570000e+00 2.302664e-02
2.575000e+00 1.864954e-02
2.580000e+00 1.347779e-02
2.585000e+00 7.560448e-03
2.590000e+00 1.137713e-03
2.595000e+00 -5.425881e-03
2.600000e+00 -1.171186e-02
2.605000e+00 -1.728342e-02
2.610000e+00 -2.198138e-02
2.615000e+00 -2.582370e-02
2.620000e+00 -2.881391e-02
2.625000e+00 -3.090079e-02
2.630000e+00 -3.183709e-02
2.635000e+00 -3.133709e-02
2.640000e+00 -2.931950e-02
2.645000e+00 -2.595790e-02
2.650000e+00 -2.166948e-02
2.655000e+00 -1.677173e-02
2.660000e+00 -1.141411e-02
2.665000e+00 -5.657020e-03
2.670000e+00 5.402462e-04
2.675000e+00 6.989776e-03
2.680000e+00 1.326275e-02
2.685000e+00 1.885938e-02
2.690000e+00 2.346403e-02
2.695000e+00 2.701822e-02
2.700000e+00 2.954349e-02
2.705000e+00 3.108344e-02
2.710000e+00 3.151962e-02
2.715000e+00 3.067602e-02
2.720000e+00 2.847666e-02
2.725000e+00 2.503462e-02
2.730000e+00 2.059123e-02
2.735000e+00 1.537948e-02
2.740000e+00 9.678713e-03
2.745000e+00 3.603574e-03
2.750000e+00 -2.680057e-03
2.755000e+00 -8.871803e-03
2.760000e+00 -1.476998e-02
2.765000e+00 -2.004539e-02
2.770000e+00 -2.448473e-02
2.775000e+00 -2.796642e-02
2.780000e+00 -3.028059e-02
2.785000e+00 -3.142275e-02
2.790000e+00 -3.133708e-02
2.795000e+00 -2.998370e-02
2.800000e+00 -2.749054e-02
2.805000e+00 -2.385802e-02
2.810000e+00 -1.924415e-02
2.815000e+00 -1.385646e-02
2.820000e+00 -7.891663e-03
2.825000e+00 -1.705551e-03
2.830000e+00 4.535351e-03
2.835000e+00 1.064066e-02
2.840000e+00 1.633398e-02
2.845000e+00 2.142005e-02
2.850000e+00 2.561015e-02
2.855000e+00 2.872653e-02
2.860000e+00 3.073357e-02
2.865000e+00 3.153570e-02
2.870000e+00 3.108542e-02
2.875000e+00 2.936719e-02
2.880000e+00 2.646135e-02
2.885000e+00 2.250959e-02
2.890000e+00 1.769018e-02
2.895000e+00 1.223941e-02
2.900000e+00 6.263238e-03
2.905000e+00 -8.845658e-05
2.910000e+00 -6.479798e-03
2.915000e+00 -1.248101e-02
2.920000e+00 -1.785363e-02
2.925000e+00 -2.257928e-02
2.930000e+00 -2.653123e-02
2.935000e+00 -2.948495e-02
2.940000e+00 -3.119631e-02
2.945000e+00 -3.151842e-02
2.950000e+00 -3.057552e-02
2.955000e+00 -2.854565e-02
2.960000e+00 -2.548193e-02
2.965000e+00 -2.135550e-02
2.970000e+00 -1.618719e-02
2.975000e+00 -1.033724e-02
2.980000e+00 -4.225336e-03
2.985000e+00 1.923244e-03
2.990000e+00 7.954860e-03
2.995000e+00 1.389430e-02
3 1.949477e-02
