T X
0 0
5.000000e-03 -2.471755e-11
1.000000e-02 -7.358958e-11
1.500000e-02 -7.064764e-11
2.000000e-02 3.205242e-10
2.500000e-02 3.345500e-09
3.000000e-02 1.928264e-08
3.500000e-02 8.365618e-08
4.000000e-02 2.873792e-07
4.500000e-02 7.944641e-07
5.000000e-02 1.793565e-06
5.500000e-02 3.368581e-06
6.000000e-02 5.402263e-06
6.500000e-02 7.667011e-06
7.000000e-02 1.002594e-05
7.500000e-02 1.244617e-05
8.000000e-02 1.480782e-05
8.500000e-02 1.690224e-05
9.000000e-02 1.865141e-05
9.500000e-02 2.007715e-05
1.000000e-01 2.107646e-05
1.050000e-01 2.150291e-05
1.100000e-01 2.134728e-05
1.150000e-01 2.061668e-05
1.200000e-01 1.926630e-05
1.250000e-01 1.729460e-05
1.300000e-01 1.466789e-05
1.350000e-01 1.132984e-05
1.400000e-01 7.380637e-06
1.450000e-01 3.047799e-06
1.500000e-01 -1.394126e-06
1.550000e-01 -5.637690e-06
1.600000e-01 -9.479875e-06
1.650000e-01 -1.284306e-05
1.700000e-01 -1.564250e-05
1.750000e-01 -1.777134e-05
1.800000e-01 -1.909684e-05
1.850000e-01 -1.952091e-05
1.900000e-01 -1.909069e-05
1.950000e-01 -1.789928e-05
2.000000e-01 -1.600360e-05
2.050000e-01 -1.345185e-05
2.100000e-01 -1.032038e-05
2.150000e-01 -6.780942e-06
2.200000e-01 -3.023856e-06
2.250000e-01 8.065664e-07
2.300000e-01 4.564319e-06
2.350000e-01 8.120103e-06
2.400000e-01 1.133819e-05
2.450000e-01 1.406404e-05
2.500000e-01 1.615348e-05
2.550000e-01 1.750493e-05
2.600000e-01 1.811943e-05
2.650000e-01 1.801992e-05
2.700000e-01 1.718771e-05
2.750000e-01 1.562791e-05
2.800000e-01 1.340500e-05
2.850000e-01 1.063871e-05
2.900000e-01 7.460081e-06
2.950000e-01 4.012209e-06
3.000000e-01 4.310348e-07
3.050000e-01 -3.172071e-06
3.100000e-01 -6.644432e-06
3.150000e-01 -9.816640e-06
3.200000e-01 -1.254805e-05
3.250000e-01 -1.474486e-05
3.300000e-01 -1.634053e-05
3.350000e-01 -1.727440e-05
3.400000e-01 -1.751253e-05
3.450000e-01 -1.702257e-05
3.500000e-01 -1.582145e-05
3.550000e-01 -1.398004e-05
3.600000e-01 -1.158143e-05
3.650000e-01 -8.732802e-06
3.700000e-01 -5.543602e-06
3.750000e-01 -2.132057e-06
3.800000e-01 1.377743e-06
3.850000e-01 4.835223e-06
3.900000e-01 8.074726e-06
3.950000e-01 1.096577e-05
4.000000e-01 1.340277e-05
4.050000e-01 1.530510e-05
4.100000e-01 1.660305e-05
4.150000e-01 1.723330e-05
4.200000e-01 1.715453e-05
4.250000e-01 1.636585e-05
4.300000e-01 1.490934e-05
4.350000e-01 1.286417e-05
4.400000e-01 1.032807e-05
4.450000e-01 7.375567e-06
4.500000e-01 4.101277e-06
4.550000e-01 6.499782e-07
4.600000e-01 -2.823625e-06
4.650000e-01 -6.169124e-06
4.700000e-01 -9.251900e-06
4.750000e-01 -1.196443e-05
4.800000e-01 -1.421686e-05
4.850000e-01 -1.591330e-05
4.900000e-01 -1.696102e-05
4.950000e-01 -1.730652e-05
5.000000e-01 -1.694803e-05
5.050000e-01 -1.592283e-05
5.100000e-01 -1.427200e-05
5.150000e-01 -1.204802e-05
5.200000e-01 -9.331562e-06
5.250000e-01 -6.220751e-06
5.300000e-01 -2.855723e-06
5.350000e-01 6.121833e-07
5.400000e-01 4.052393e-06
5.450000e-01 7.329937e-06
5.500000e-01 1.032782e-05
5.550000e-01 1.293267e-05
5.600000e-01 1.501765e-05
5.650000e-01 1.648780e-05
5.700000e-01 1.728854e-05
5.750000e-01 1.740236e-05
5.800000e-01 1.683985e-05
5.850000e-01 1.560843e-05
5.900000e-01 1.373948e-05
5.950000e-01 1.130620e-05
6.000000e-01 8.406187e-06
6.050000e-01 5.179652e-06
6.100000e-01 1.763458e-06
6.150000e-01 -1.728697e-06
6.200000e-01 -5.169572e-06
6.250000e-01 -8.427253e-06
6.300000e-01 -1.135314e-05
6.350000e-01 -1.380977e-05
6.400000e-01 -1.570329e-05
6.450000e-01 -1.697207e-05
6.500000e-01 -1.758660e-05
6.550000e-01 -1.751696e-05
6.600000e-01 -1.673881e-05
6.650000e-01 -1.527243e-05
6.700000e-01 -1.318000e-05
6.750000e-01 -1.056730e-05
6.800000e-01 -7.552836e-06
6.850000e-01 -4.243427e-06
6.900000e-01 -7.509820e-07
6.950000e-01 2.798693e-06
7.000000e-01 6.248487e-06
7.050000e-01 9.439636e-06
7.100000e-01 1.224223e-05
7.150000e-01 1.454978e-05
7.200000e-01 1.629406e-05
7.250000e-01 1.741281e-05
7.300000e-01 1.784212e-05
7.350000e-01 1.754725e-05
7.400000e-01 1.653377e-05
7.450000e-01 1.486079e-05
7.500000e-01 1.260934e-05
7.550000e-01 9.868657e-06
7.600000e-01 6.732361e-06
7.650000e-01 3.308502e-06
7.700000e-01 -2.621124e-07
7.750000e-01 -3.825554e-06
7.800000e-01 -7.221674e-06
7.850000e-01 -1.032161e-05
7.900000e-01 -1.302294e-05
7.950000e-01 -1.522009e-05
8.000000e-01 -1.682488e-05
8.050000e-01 -1.775398e-05
8.100000e-01 -1.795974e-05
8.150000e-01 -1.744837e-05
8.200000e-01 -1.625199e-05
8.250000e-01 -1.442623e-05
8.300000e-01 -1.202476e-05
8.350000e-01 -9.130021e-06
8.400000e-01 -5.860764e-06
8.450000e-01 -2.353155e-06
8.500000e-01 1.232035e-06
8.550000e-01 4.758324e-06
8.600000e-01 8.105649e-06
8.650000e-01 1.114603e-05
8.700000e-01 1.375603e-05
8.750000e-01 1.581203e-05
8.800000e-01 1.722302e-05
8.850000e-01 1.794468e-05
8.900000e-01 1.796193e-05
8.950000e-01 1.728515e-05
9.000000e-01 1.592700e-05
9.050000e-01 1.391982e-05
9.100000e-01 1.134302e-05
9.150000e-01 8.311894e-06
9.200000e-01 4.964499e-06
9.250000e-01 1.436574e-06
9.300000e-01 -2.148346e-06
9.350000e-01 -5.667330e-06
9.400000e-01 -8.978523e-06
9.450000e-01 -1.193080e-05
9.500000e-01 -1.439100e-05
9.550000e-01 -1.626443e-05
9.600000e-01 -1.749828e-05
9.650000e-01 -1.805440e-05
9.700000e-01 -1.790698e-05
9.750000e-01 -1.704383e-05
9.800000e-01 -1.548101e-05
9.850000e-01 -1.329229e-05
9.900000e-01 -1.058622e-05
9.950000e-01 -7.477220e-06
1 -4.080543e-06
1.005000e+00 -5.121853e-07
1.010000e+00 3.096431e-06
1.015000e+00 6.588432e-06
1.020000e+00 9.804528e-06
1.025000e+00 1.261377e-05
1.030000e+00 1.491865e-05
1.035000e+00 1.664455e-05
1.040000e+00 1.772416e-05
1.045000e+00 1.809926e-05
1.050000e+00 1.774001e-05
1.055000e+00 1.666236e-05
1.060000e+00 1.492645e-05
1.065000e+00 1.261191e-05
1.070000e+00 9.808579e-06
1.075000e+00 6.609926e-06
1.080000e+00 3.132554e-06
1.085000e+00 -4.743934e-07
1.090000e+00 -4.055273e-06
1.095000e+00 -7.456596e-06
1.100000e+00 -1.055392e-05
1.105000e+00 -1.324465e-05
1.110000e+00 -1.542288e-05
1.115000e+00 -1.698803e-05
1.120000e+00 -1.786318e-05
1.125000e+00 -1.801700e-05
1.130000e+00 -1.745810e-05
1.135000e+00 -1.622225e-05
1.140000e+00 -1.435438e-05
1.145000e+00 -1.190017e-05
1.150000e+00 -8.930140e-06
1.155000e+00 -5.558644e-06
1.160000e+00 -1.941059e-06
1.165000e+00 1.739023e-06
1.170000e+00 5.277913e-06
1.175000e+00 8.462578e-06
1.180000e+00 1.107050e-05
1.185000e+00 1.289469e-05
1.190000e+00 1.379604e-05
1.195000e+00 1.372774e-05
1.200000e+00 1.273013e-05
1.205000e+00 1.087895e-05
1.210000e+00 8.232292e-06
1.215000e+00 4.826843e-06
1.220000e+00 7.299409e-07
1.225000e+00 -3.905816e-06
1.230000e+00 -8.848449e-06
1.235000e+00 -1.382713e-05
1.240000e+00 -1.858699e-05
1.245000e+00 -2.293742e-05
1.250000e+00 -2.673314e-05
1.255000e+00 -2.977277e-05
1.260000e+00 -3.180622e-05
1.265000e+00 -3.265862e-05
1.270000e+00 -3.223351e-05
1.275000e+00 -3.051386e-05
1.280000e+00 -2.761404e-05
1.285000e+00 -2.369352e-05
1.290000e+00 -1.886241e-05
1.295000e+00 -1.326047e-05
1.300000e+00 -7.113598e-06
1.305000e+00 -6.730238e-07
1.310000e+00 5.779721e-06
1.315000e+00 1.197056e-05
1.320000e+00 1.768953e-05
1.325000e+00 2.270921e-05
1.330000e+00 2.682342e-05
1.335000e+00 2.993647e-05
1.340000e+00 3.201694e-05
1.345000e+00 3.310001e-05
1.350000e+00 3.325153e-05
1.355000e+00 3.249732e-05
1.360000e+00 3.088629e-05
1.365000e+00 2.850541e-05
1.370000e+00 2.543887e-05
1.375000e+00 2.179434e-05
1.380000e+00 1.767056e-05
1.385000e+00 1.316703e-05
1.390000e+00 8.448339e-06
1.395000e+00 3.708148e-06
1.400000e+00 -8.227495e-07
1.405000e+00 -4.913769e-06
1.410000e+00 -8.399470e-06
1.415000e+00 -1.115333e-05
1.420000e+00 -1.312390e-05
1.425000e+00 -1.429332e-05
1.430000e+00 -1.463231e-05
1.435000e+00 -1.420755e-05
1.440000e+00 -1.315939e-05
1.445000e+00 -1.162765e-05
1.450000e+00 -9.740012e-06
1.455000e+00 -7.572224e-06
1.460000e+00 -5.172408e-06
1.465000e+00 -2.572224e-06
1.470000e+00 1.540691e-07
1.475000e+00 2.861428e-06
1.480000e+00 5.412706e-06
1.485000e+00 7.661810e-06
1.490000e+00 9.508740e-06
1.495000e+00 1.092081e-05
1.500000e+00 1.186029e-05
1.505000e+00 1.230245e-05
1.510000e+00 1.224610e-05
1.515000e+00 1.172265e-05
1.520000e+00 1.077753e-05
1.525000e+00 9.469591e-06
1.530000e+00 7.873708e-06
1.535000e+00 6.040086e-06
1.540000e+00 4.030390e-06
1.545000e+00 1.932340e-06
1.550000e+00 -1.692772e-07
1.555000e+00 -2.229160e-06
1.560000e+00 -4.273407e-06
1.565000e+00 -6.290497e-06
1.570000e+00 -8.122754e-06
1.575000e+00 -9.600402e-06
1.580000e+00 -1.070871e-05
1.585000e+00 -1.150249e-05
1.590000e+00 -1.195041e-05
1.595000e+00 -1.194004e-05
1.600000e+00 -1.141829e-05
1.605000e+00 -1.043437e-05
1.610000e+00 -9.026404e-06
1.615000e+00 -7.239195e-06
1.620000e+00 -5.169917e-06
1.625000e+00 -2.883193e-06
1.630000e+00 -4.096897e-07
1.635000e+00 2.141691e-06
1.640000e+00 4.605266e-06
1.645000e+00 6.873680e-06
1.650000e+00 8.868821e-06
1.655000e+00 1.052169e-05
1.660000e+00 1.179201e-05
1.665000e+00 1.261289e-05
1.670000e+00 1.289828e-05
1.675000e+00 1.263153e-05
1.680000e+00 1.188352e-05
1.685000e+00 1.070490e-05
1.690000e+00 9.087609e-06
1.695000e+00 7.078281e-06
1.700000e+00 4.797337e-06
1.705000e+00 2.353991e-06
1.710000e+00 -1.799411e-07
1.715000e+00 -2.737920e-06
1.720000e+00 -5.221028e-06
1.725000e+00 -7.485429e-06
1.730000e+00 -9.424149e-06
1.735000e+00 -1.103507e-05
1.740000e+00 -1.227460e-05
1.745000e+00 -1.302453e-05
1.750000e+00 -1.325298e-05
1.755000e+00 -1.299281e-05
1.760000e+00 -1.224219e-05
1.765000e+00 -1.100246e-05
1.770000e+00 -9.329751e-06
1.775000e+00 -7.300652e-06
1.780000e+00 -4.969307e-06
1.785000e+00 -2.396929e-06
1.790000e+00 2.969558e-07
1.795000e+00 2.994220e-06
1.800000e+00 5.615156e-06
1.805000e+00 8.063398e-06
1.810000e+00 1.022992e-05
1.815000e+00 1.203583e-05
1.820000e+00 1.341550e-05
1.825000e+00 1.426446e-05
1.830000e+00 1.453296e-05
1.835000e+00 1.426372e-05
1.840000e+00 1.344869e-05
1.845000e+00 1.206057e-05
1.850000e+00 1.014072e-05
1.855000e+00 7.762597e-06
1.860000e+00 5.036059e-06
1.865000e+00 2.084514e-06
1.870000e+00 -1.004216e-06
1.875000e+00 -4.131811e-06
1.880000e+00 -7.162419e-06
1.885000e+00 -9.953902e-06
1.890000e+00 -1.237575e-05
1.895000e+00 -1.431190e-05
1.900000e+00 -1.567000e-05
1.905000e+00 -1.641122e-05
1.910000e+00 -1.651617e-05
1.915000e+00 -1.592484e-05
1.920000e+00 -1.461185e-05
1.925000e+00 -1.264878e-05
1.930000e+00 -1.012973e-05
1.935000e+00 -7.144819e-06
1.940000e+00 -3.821469e-06
1.945000e+00 -2.982673e-07
1.950000e+00 3.316196e-06
1.955000e+00 6.868715e-06
1.960000e+00 1.016131e-05
1.965000e+00 1.304253e-05
1.970000e+00 1.538754e-05
1.975000e+00 1.710473e-05
1.980000e+00 1.812948e-05
1.985000e+00 1.839123e-05
1.990000e+00 1.784747e-05
1.995000e+00 1.651285e-05
2 1.444353e-05
2.005000e+00 1.172458e-05
2.010000e+00 8.487809e-06
2.015000e+00 4.860922e-06
2.020000e+00 9.762823e-07
2.025000e+00 -2.994866e-06
2.030000e+00 -6.878595e-06
2.035000e+00 -1.048501e-05
2.040000e+00 -1.363898e-05
2.045000e+00 -1.622029e-05
2.050000e+00 -1.813548e-05
2.055000e+00 -1.928335e-05
2.060000e+00 -1.957714e-05
2.065000e+00 -1.901197e-05
2.070000e+00 -1.762293e-05
2.075000e+00 -1.545403e-05
2.080000e+00 -1.261137e-05
2.085000e+00 -9.215603e-06
2.090000e+00 -5.393448e-06
2.095000e+00 -1.315907e-06
2.100000e+00 2.839273e-06
2.105000e+00 6.878576e-06
2.110000e+00 1.060587e-05
2.115000e+00 1.387882e-05
2.120000e+00 1.657432e-05
2.125000e+00 1.856775e-05
2.130000e+00 1.975429e-05
2.135000e+00 2.005142e-05
2.140000e+00 1.946413e-05
2.145000e+00 1.805861e-05
2.150000e+00 1.587603e-05
2.155000e+00 1.299722e-05
2.160000e+00 9.559118e-06
2.165000e+00 5.697296e-06
2.170000e+00 1.566540e-06
2.175000e+00 -2.620326e-06
2.180000e+00 -6.656243e-06
2.185000e+00 -1.039688e-05
2.190000e+00 -1.369694e-05
2.195000e+00 -1.641530e-05
2.200000e+00 -1.843032e-05
2.205000e+00 -1.962369e-05
2.210000e+00 -1.994444e-05
2.215000e+00 -1.940332e-05
2.220000e+00 -1.803458e-05
2.225000e+00 -1.591087e-05
2.230000e+00 -1.311336e-05
2.235000e+00 -9.734373e-06
2.240000e+00 -5.926817e-06
2.245000e+00 -1.882408e-06
2.250000e+00 2.209610e-06
2.255000e+00 6.181108e-06
2.260000e+00 9.880315e-06
2.265000e+00 1.314833e-05
2.270000e+00 1.584610e-05
2.275000e+00 1.785868e-05
2.280000e+00 1.907524e-05
2.285000e+00 1.945219e-05
2.290000e+00 1.900826e-05
2.295000e+00 1.776009e-05
2.300000e+00 1.575736e-05
2.305000e+00 1.308617e-05
2.310000e+00 9.850948e-06
2.315000e+00 6.203813e-06
2.320000e+00 2.319281e-06
2.325000e+00 -1.634414e-06
2.330000e+00 -5.497701e-06
2.335000e+00 -9.120190e-06
2.340000e+00 -1.234484e-05
2.345000e+00 -1.501901e-05
2.350000e+00 -1.702480e-05
2.355000e+00 -1.828357e-05
2.360000e+00 -1.875352e-05
2.365000e+00 -1.844045e-05
2.370000e+00 -1.736004e-05
2.375000e+00 -1.552275e-05
2.380000e+00 -1.301182e-05
2.385000e+00 -9.978501e-06
2.390000e+00 -6.567536e-06
2.395000e+00 -2.913313e-06
2.400000e+00 8.504888e-07
2.405000e+00 4.566639e-06
2.410000e+00 8.058666e-06
2.415000e+00 1.118499e-05
2.420000e+00 1.381741e-05
2.425000e+00 1.583148e-05
2.430000e+00 1.714450e-05
2.435000e+00 1.773367e-05
2.440000e+00 1.760835e-05
2.445000e+00 1.676074e-05
2.450000e+00 1.520812e-05
2.455000e+00 1.303246e-05
2.460000e+00 1.035446e-05
2.465000e+00 7.280178e-06
2.470000e+00 3.857092e-06
2.475000e+00 1.176483e-07
2.480000e+00 -3.873726e-06
2.485000e+00 -8.018146e-06
2.490000e+00 -1.219328e-05
2.495000e+00 -1.627576e-05
2.500000e+00 -2.011819e-05
2.505000e+00 -2.354046e-05
2.510000e+00 -2.636539e-05
2.515000e+00 -2.844170e-05
2.520000e+00 -2.967807e-05
2.525000e+00 -3.006604e-05
2.530000e+00 -2.967325e-05
2.535000e+00 -2.857709e-05
2.540000e+00 -2.683147e-05
2.545000e+00 -2.446890e-05
2.550000e+00 -2.147844e-05
2.555000e+00 -1.786586e-05
2.560000e+00 -1.368976e-05
2.565000e+00 -9.061204e-06
2.570000e+00 -4.127573e-06
2.575000e+00 9.640839e-07
2.580000e+00 6.031895e-06
2.585000e+00 1.084610e-05
2.590000e+00 1.516117e-05
2.595000e+00 1.874072e-05
2.600000e+00 2.141846e-05
2.605000e+00 2.312911e-05
2.610000e+00 2.386432e-05
2.615000e+00 2.365999e-05
2.620000e+00 2.258685e-05
2.625000e+00 2.072274e-05
2.630000e+00 1.814670e-05
2.635000e+00 1.494314e-05
2.640000e+00 1.124318e-05
2.645000e+00 7.277264e-06
2.650000e+00 3.354606e-06
2.655000e+00 -2.287000e-07
2.660000e+00 -3.259442e-06
2.665000e+00 -5.630538e-06
2.670000e+00 -7.309336e-06
2.675000e+00 -8.289401e-06
2.680000e+00 -8.563206e-06
2.685000e+00 -8.092967e-06
2.690000e+00 -6.844675e-06
2.695000e+00 -4.844804e-06
2.700000e+00 -2.187217e-06
2.705000e+00 9.772046e-07
2.710000e+00 4.483246e-06
2.715000e+00 8.159925e-06
2.720000e+00 1.177992e-05
2.725000e+00 1.506995e-05
2.730000e+00 1.779034e-05
2.735000e+00 1.979253e-05
2.740000e+00 2.098955e-05
2.745000e+00 2.132231e-05
2.750000e+00 2.076773e-05
2.755000e+00 1.933967e-05
2.760000e+00 1.707497e-05
2.765000e+00 1.403532e-05
2.770000e+00 1.037432e-05
2.775000e+00 6.313657e-06
2.780000e+00 2.025468e-06
2.785000e+00 -2.364189e-06
2.790000e+00 -6.678839e-06
2.795000e+00 -1.071308e-05
2.800000e+00 -1.432813e-05
2.805000e+00 -1.735122e-05
2.810000e+00 -1.952982e-05
2.815000e+00 -2.074512e-05
2.820000e+00 -2.108476e-05
2.825000e+00 -2.068765e-05
2.830000e+00 -1.961556e-05
2.835000e+00 -1.783901e-05
2.840000e+00 -1.530630e-05
2.845000e+00 -1.205119e-05
2.850000e+00 -8.265273e-06
2.855000e+00 -4.204089e-06
2.860000e+00 -3.541178e-08
2.865000e+00 4.115115e-06
2.870000e+00 8.095377e-06
2.875000e+00 1.178966e-05
2.880000e+00 1.506568e-05
2.885000e+00 1.775132e-05
2.890000e+00 1.973852e-05
2.895000e+00 2.094893e-05
2.900000e+00 2.131738e-05
2.905000e+00 2.082565e-05
2.910000e+00 1.947539e-05
2.915000e+00 1.730154e-05
2.920000e+00 1.442584e-05
2.925000e+00 1.099268e-05
2.930000e+00 7.047769e-06
2.935000e+00 2.664777e-06
2.940000e+00 -1.925650e-06
2.945000e+00 -6.447779e-06
2.950000e+00 -1.070039e-05
2.955000e+00 -1.453736e-05
2.960000e+00 -1.779690e-05
2.965000e+00 -2.031907e-05
2.970000e+00 -2.196794e-05
2.975000e+00 -2.264904e-05
2.980000e+00 -2.231599e-05
2.985000e+00 -2.098403e-05
2.990000e+00 -1.876147e-05
2.995000e+00 -1.574971e-05
3 -1.204517e-05
