T X
0 0
5.000000e-03 8.694166e-11
1.000000e-02 -2.934672e-11
1.500000e-02 -3.193109e-10
2.000000e-02 -6.162499e-10
2.500000e-02 -1.239312e-09
3.000000e-02 -2.366886e-09
3.500000e-02 -9.607640e-11
4.000000e-02 3.034407e-08
4.500000e-02 2.563239e-07
5.000000e-02 1.516797e-06
5.500000e-02 7.216560e-06
6.000000e-02 2.894735e-05
6.500000e-02 9.932560e-05
7.000000e-02 2.930901e-04
7.500000e-02 7.458768e-04
8.000000e-02 1.639266e-03
8.500000e-02 3.110800e-03
9.000000e-02 5.093046e-03
9.500000e-02 7.201031e-03
1.000000e-01 8.862740e-03
1.050000e-01 9.719553e-03
1.100000e-01 9.938542e-03
1.150000e-01 9.981007e-03
1.200000e-01 9.980420e-03
1.250000e-01 9.556627e-03
1.300000e-01 8.423589e-03
1.350000e-01 6.887929e-03
1.400000e-01 5.369066e-03
1.450000e-01 3.737036e-03
1.500000e-01 1.696002e-03
1.550000e-01 -4.998283e-04
1.600000e-01 -2.426680e-03
1.650000e-01 -4.187433e-03
1.700000e-01 -5.963308e-03
1.750000e-01 -7.460680e-03
1.800000e-01 -8.510093e-03
1.850000e-01 -9.375398e-03
1.900000e-01 -1.001723e-02
1.950000e-01 -1.011056e-02
2.000000e-01 -9.769353e-03
2.050000e-01 -9.174238e-03
2.100000e-01 -8.117075e-03
2.150000e-01 -6.661528e-03
2.200000e-01 -5.122537e-03
2.250000e-01 -3.366011e-03
2.300000e-01 -1.311332e-03
2.350000e-01 7.085262e-04
2.400000e-01 2.661100e-03
2.450000e-01 4.602204e-03
2.500000e-01 6.252916e-03
2.550000e-01 7.642357e-03
2.600000e-01 8.891807e-03
2.650000e-01 9.693899e-03
2.700000e-01 1.002335e-02
2.750000e-01 1.007123e-02
2.800000e-01 9.683557e-03
2.850000e-01 8.888362e-03
2.900000e-01 7.814330e-03
2.950000e-01 6.355457e-03
3.000000e-01 4.648174e-03
3.050000e-01 2.813042e-03
3.100000e-01 7.851562e-04
3.150000e-01 -1.224559e-03
3.200000e-01 -3.139764e-03
3.250000e-01 -5.041896e-03
3.300000e-01 -6.705186e-03
3.350000e-01 -8.048188e-03
3.400000e-01 -9.115811e-03
3.450000e-01 -9.789752e-03
3.500000e-01 -1.010049e-02
3.550000e-01 -1.002448e-02
3.600000e-01 -9.509058e-03
3.650000e-01 -8.670732e-03
3.700000e-01 -7.434029e-03
3.750000e-01 -5.869548e-03
3.800000e-01 -4.183813e-03
3.850000e-01 -2.274788e-03
3.900000e-01 -2.402855e-04
3.950000e-01 1.752291e-03
4.000000e-01 3.717002e-03
4.050000e-01 5.523724e-03
4.100000e-01 7.106570e-03
4.150000e-01 8.388631e-03
4.200000e-01 9.316897e-03
4.250000e-01 9.946349e-03
4.300000e-01 1.014228e-02
4.350000e-01 9.912794e-03
4.400000e-01 9.333907e-03
4.450000e-01 8.329568e-03
4.500000e-01 7.006883e-03
4.550000e-01 5.444990e-03
4.600000e-01 3.639093e-03
4.650000e-01 1.687368e-03
4.700000e-01 -3.217279e-04
4.750000e-01 -2.326925e-03
4.800000e-01 -4.264144e-03
4.850000e-01 -5.996119e-03
4.900000e-01 -7.470534e-03
4.950000e-01 -8.697277e-03
5.000000e-01 -9.553511e-03
5.050000e-01 -1.002318e-02
5.100000e-01 -1.012501e-02
5.150000e-01 -9.791985e-03
5.200000e-01 -9.056468e-03
5.250000e-01 -7.988344e-03
5.300000e-01 -6.597427e-03
5.350000e-01 -4.936453e-03
5.400000e-01 -3.093420e-03
5.450000e-01 -1.097381e-03
5.500000e-01 9.237856e-04
5.550000e-01 2.893320e-03
5.600000e-01 4.779797e-03
5.650000e-01 6.437824e-03
5.700000e-01 7.865872e-03
5.750000e-01 8.991695e-03
5.800000e-01 9.726562e-03
5.850000e-01 1.008919e-02
5.900000e-01 1.004958e-02
5.950000e-01 9.609313e-03
6.000000e-01 8.764955e-03
6.050000e-01 7.622841e-03
6.100000e-01 6.154700e-03
6.150000e-01 4.394616e-03
6.200000e-01 2.542180e-03
6.250000e-01 5.417112e-04
6.300000e-01 -1.478677e-03
6.350000e-01 -3.400562e-03
6.400000e-01 -5.234161e-03
6.450000e-01 -6.863240e-03
6.500000e-01 -8.218394e-03
6.550000e-01 -9.227271e-03
6.600000e-01 -9.879340e-03
6.650000e-01 -1.012686e-02
6.700000e-01 -9.972575e-03
6.750000e-01 -9.437446e-03
6.800000e-01 -8.508889e-03
6.850000e-01 -7.249034e-03
6.900000e-01 -5.650790e-03
6.950000e-01 -3.850175e-03
7.000000e-01 -1.919602e-03
7.050000e-01 1.161904e-04
7.100000e-01 2.105559e-03
7.150000e-01 4.043661e-03
7.200000e-01 5.816692e-03
7.250000e-01 7.346334e-03
7.300000e-01 8.589321e-03
7.350000e-01 9.448085e-03
7.400000e-01 9.956511e-03
7.450000e-01 1.008615e-02
7.500000e-01 9.798378e-03
7.550000e-01 9.135201e-03
7.600000e-01 8.126509e-03
7.650000e-01 6.743230e-03
7.700000e-01 5.132262e-03
7.750000e-01 3.321699e-03
7.800000e-01 1.353371e-03
7.850000e-01 -6.368567e-04
7.900000e-01 -2.657874e-03
7.950000e-01 -4.539914e-03
8.000000e-01 -6.266128e-03
8.050000e-01 -7.730075e-03
8.100000e-01 -8.863441e-03
8.150000e-01 -9.670840e-03
8.200000e-01 -1.007380e-02
8.250000e-01 -1.009276e-02
8.300000e-01 -9.681934e-03
8.350000e-01 -8.901040e-03
8.400000e-01 -7.747771e-03
8.450000e-01 -6.304048e-03
8.500000e-01 -4.606861e-03
8.550000e-01 -2.729068e-03
8.600000e-01 -7.455484e-04
8.650000e-01 1.286386e-03
8.700000e-01 3.235256e-03
8.750000e-01 5.081204e-03
8.800000e-01 6.687284e-03
8.850000e-01 8.055259e-03
8.900000e-01 9.107011e-03
8.950000e-01 9.795920e-03
9.000000e-01 1.010060e-02
9.050000e-01 9.978760e-03
9.100000e-01 9.478547e-03
9.150000e-01 8.584245e-03
9.200000e-01 7.383188e-03
9.250000e-01 5.868158e-03
9.300000e-01 4.116237e-03
9.350000e-01 2.193919e-03
9.400000e-01 1.647846e-04
9.450000e-01 -1.839054e-03
9.500000e-01 -3.789437e-03
9.550000e-01 -5.573707e-03
9.600000e-01 -7.131587e-03
9.650000e-01 -8.434399e-03
9.700000e-01 -9.403859e-03
9.750000e-01 -9.969556e-03
9.800000e-01 -1.011984e-02
9.850000e-01 -9.900038e-03
9.900000e-01 -9.263013e-03
9.950000e-01 -8.255170e-03
1 -6.958279e-03
1.005000e+00 -5.349748e-03
1.010000e+00 -3.514300e-03
1.015000e+00 -1.561255e-03
1.020000e+00 4.508362e-04
1.025000e+00 2.443701e-03
1.030000e+00 4.326129e-03
1.035000e+00 6.052156e-03
1.040000e+00 7.534443e-03
1.045000e+00 8.723214e-03
1.050000e+00 9.572154e-03
1.055000e+00 1.000378e-02
1.060000e+00 1.006887e-02
1.065000e+00 9.736521e-03
1.070000e+00 9.014658e-03
1.075000e+00 7.930489e-03
1.080000e+00 6.524200e-03
1.085000e+00 4.871154e-03
1.090000e+00 2.987619e-03
1.095000e+00 1.021166e-03
1.100000e+00 -9.921321e-04
1.105000e+00 -2.995193e-03
1.110000e+00 -4.858137e-03
1.115000e+00 -6.540584e-03
1.120000e+00 -7.949454e-03
1.125000e+00 -9.042168e-03
1.130000e+00 -9.765951e-03
1.135000e+00 -1.010483e-02
1.140000e+00 -1.005469e-02
1.145000e+00 -9.583950e-03
1.150000e+00 -8.733509e-03
1.155000e+00 -7.526656e-03
1.160000e+00 -6.038300e-03
1.165000e+00 -4.315453e-03
1.170000e+00 -2.420618e-03
1.175000e+00 -4.219278e-04
1.180000e+00 1.642928e-03
1.185000e+00 3.708931e-03
1.190000e+00 5.657533e-03
1.195000e+00 7.363279e-03
1.200000e+00 8.727597e-03
1.205000e+00 9.463596e-03
1.210000e+00 9.437251e-03
1.215000e+00 8.500641e-03
1.220000e+00 6.630897e-03
1.225000e+00 4.081046e-03
1.230000e+00 1.141990e-03
1.235000e+00 -1.719802e-03
1.240000e+00 -4.288329e-03
1.245000e+00 -6.454737e-03
1.250000e+00 -8.312527e-03
1.255000e+00 -1.001983e-02
1.260000e+00 -1.154493e-02
1.265000e+00 -1.275896e-02
1.270000e+00 -1.337216e-02
1.275000e+00 -1.328701e-02
1.280000e+00 -1.252842e-02
1.285000e+00 -1.129686e-02
1.290000e+00 -9.771904e-03
1.295000e+00 -8.042718e-03
1.300000e+00 -6.012161e-03
1.305000e+00 -3.538916e-03
1.310000e+00 -7.026989e-04
1.315000e+00 2.139737e-03
1.320000e+00 4.678905e-03
1.325000e+00 7.095945e-03
1.330000e+00 9.240538e-03
1.335000e+00 1.088453e-02
1.340000e+00 1.217864e-02
1.345000e+00 1.324381e-02
1.350000e+00 1.354042e-02
1.355000e+00 1.278416e-02
1.360000e+00 1.185035e-02
1.365000e+00 1.116252e-02
1.370000e+00 1.005765e-02
1.375000e+00 8.412437e-03
1.380000e+00 6.967432e-03
1.385000e+00 5.929316e-03
1.390000e+00 5.213904e-03
1.395000e+00 4.605886e-03
1.400000e+00 3.633029e-03
1.405000e+00 2.260599e-03
1.410000e+00 7.546284e-04
1.415000e+00 -9.479150e-04
1.420000e+00 -2.829714e-03
1.425000e+00 -4.449552e-03
1.430000e+00 -5.703212e-03
1.435000e+00 -6.545406e-03
1.440000e+00 -6.911425e-03
1.445000e+00 -7.195800e-03
1.450000e+00 -7.440240e-03
1.455000e+00 -7.375123e-03
1.460000e+00 -7.047953e-03
1.465000e+00 -6.324180e-03
1.470000e+00 -5.058927e-03
1.475000e+00 -3.606745e-03
1.480000e+00 -2.181679e-03
1.485000e+00 -8.164312e-04
1.490000e+00 3.485319e-04
1.495000e+00 1.552001e-03
1.500000e+00 2.970443e-03
1.505000e+00 4.399795e-03
1.510000e+00 5.630591e-03
1.515000e+00 6.394808e-03
1.520000e+00 6.787875e-03
1.525000e+00 7.041877e-03
1.530000e+00 7.078594e-03
1.535000e+00 6.900769e-03
1.540000e+00 6.443180e-03
1.545000e+00 5.523273e-03
1.550000e+00 4.387541e-03
1.555000e+00 3.254584e-03
1.560000e+00 2.043085e-03
1.565000e+00 7.691928e-04
1.570000e+00 -7.159659e-04
1.575000e+00 -2.275918e-03
1.580000e+00 -3.646470e-03
1.585000e+00 -4.787759e-03
1.590000e+00 -5.563258e-03
1.595000e+00 -6.197702e-03
1.600000e+00 -6.893107e-03
1.605000e+00 -7.332440e-03
1.610000e+00 -7.281450e-03
1.615000e+00 -6.694212e-03
1.620000e+00 -5.859278e-03
1.625000e+00 -5.204751e-03
1.630000e+00 -4.365585e-03
1.635000e+00 -3.032164e-03
1.640000e+00 -1.456496e-03
1.645000e+00 4.759501e-05
1.650000e+00 1.238298e-03
1.655000e+00 2.577407e-03
1.660000e+00 4.018565e-03
1.665000e+00 5.059278e-03
1.670000e+00 5.869065e-03
1.675000e+00 6.527325e-03
1.680000e+00 7.058265e-03
1.685000e+00 7.169123e-03
1.690000e+00 6.823699e-03
1.695000e+00 6.479953e-03
1.700000e+00 5.880356e-03
1.705000e+00 4.877410e-03
1.710000e+00 3.807545e-03
1.715000e+00 2.566630e-03
1.720000e+00 1.114552e-03
1.725000e+00 -3.531246e-04
1.730000e+00 -1.678029e-03
1.735000e+00 -2.955409e-03
1.740000e+00 -4.329093e-03
1.745000e+00 -5.370562e-03
1.750000e+00 -6.129203e-03
1.755000e+00 -6.761018e-03
1.760000e+00 -7.087084e-03
1.765000e+00 -7.132733e-03
1.770000e+00 -6.819522e-03
1.775000e+00 -6.351219e-03
1.780000e+00 -5.558988e-03
1.785000e+00 -4.476382e-03
1.790000e+00 -3.452870e-03
1.795000e+00 -2.107258e-03
1.800000e+00 -6.199158e-04
1.805000e+00 7.235397e-04
1.810000e+00 2.105254e-03
1.815000e+00 3.476218e-03
1.820000e+00 4.659425e-03
1.825000e+00 5.516003e-03
1.830000e+00 6.354612e-03
1.835000e+00 6.972535e-03
1.840000e+00 7.061455e-03
1.845000e+00 7.050416e-03
1.850000e+00 6.761248e-03
1.855000e+00 6.116732e-03
1.860000e+00 5.277534e-03
1.865000e+00 4.232047e-03
1.870000e+00 3.026537e-03
1.875000e+00 1.638150e-03
1.880000e+00 2.478280e-04
1.885000e+00 -1.183777e-03
1.890000e+00 -2.557540e-03
1.895000e+00 -3.824032e-03
1.900000e+00 -5.017968e-03
1.905000e+00 -5.914336e-03
1.910000e+00 -6.565124e-03
1.915000e+00 -7.001151e-03
1.920000e+00 -7.175244e-03
1.925000e+00 -6.988190e-03
1.930000e+00 -6.530042e-03
1.935000e+00 -5.907861e-03
1.940000e+00 -4.892081e-03
1.945000e+00 -3.731898e-03
1.950000e+00 -2.523107e-03
1.955000e+00 -1.136925e-03
1.960000e+00 2.471123e-04
1.965000e+00 1.668633e-03
1.970000e+00 3.003363e-03
1.975000e+00 4.225575e-03
1.980000e+00 5.265982e-03
1.985000e+00 6.076089e-03
1.990000e+00 6.698574e-03
1.995000e+00 6.991368e-03
2 7.133697e-03
2.005000e+00 6.920548e-03
2.010000e+00 6.346872e-03
2.015000e+00 5.624036e-03
2.020000e+00 4.608279e-03
2.025000e+00 3.403649e-03
2.030000e+00 2.116227e-03
2.035000e+00 7.468453e-04
2.040000e+00 -7.290869e-04
2.045000e+00 -2.135987e-03
2.050000e+00 -3.447240e-03
2.055000e+00 -4.636595e-03
2.060000e+00 -5.576618e-03
2.065000e+00 -6.326021e-03
2.070000e+00 -6.789945e-03
2.075000e+00 -7.036605e-03
2.080000e+00 -7.011448e-03
2.085000e+00 -6.634002e-03
2.090000e+00 -6.040597e-03
2.095000e+00 -5.207649e-03
2.100000e+00 -4.184082e-03
2.105000e+00 -2.969438e-03
2.110000e+00 -1.645298e-03
2.115000e+00 -2.717811e-04
2.120000e+00 1.134864e-03
2.125000e+00 2.497800e-03
2.130000e+00 3.767337e-03
2.135000e+00 4.846921e-03
2.140000e+00 5.749929e-03
2.145000e+00 6.410864e-03
2.150000e+00 6.820954e-03
2.155000e+00 6.983191e-03
2.160000e+00 6.814954e-03
2.165000e+00 6.395646e-03
2.170000e+00 5.786096e-03
2.175000e+00 4.877519e-03
2.180000e+00 3.760894e-03
2.185000e+00 2.560040e-03
2.190000e+00 1.203752e-03
2.195000e+00 -1.384813e-04
2.200000e+00 -1.512623e-03
2.205000e+00 -2.847006e-03
2.210000e+00 -3.987948e-03
2.215000e+00 -5.076363e-03
2.220000e+00 -5.913089e-03
2.225000e+00 -6.490226e-03
2.230000e+00 -6.819112e-03
2.235000e+00 -6.854271e-03
2.240000e+00 -6.673156e-03
2.245000e+00 -6.196927e-03
2.250000e+00 -5.469855e-03
2.255000e+00 -4.545101e-03
2.260000e+00 -3.398007e-03
2.265000e+00 -2.138319e-03
2.270000e+00 -8.273321e-04
2.275000e+00 5.511399e-04
2.280000e+00 1.833491e-03
2.285000e+00 3.106184e-03
2.290000e+00 4.303930e-03
2.295000e+00 5.240449e-03
2.300000e+00 6.024776e-03
2.305000e+00 6.518428e-03
2.310000e+00 6.782401e-03
2.315000e+00 6.788297e-03
2.320000e+00 6.488452e-03
2.325000e+00 5.983854e-03
2.330000e+00 5.204088e-03
2.335000e+00 4.196754e-03
2.340000e+00 3.025354e-03
2.345000e+00 1.796762e-03
2.350000e+00 4.429192e-04
2.355000e+00 -9.137121e-04
2.360000e+00 -2.173053e-03
2.365000e+00 -3.432120e-03
2.370000e+00 -4.519590e-03
2.375000e+00 -5.402159e-03
2.380000e+00 -6.099628e-03
2.385000e+00 -6.562757e-03
2.390000e+00 -6.719161e-03
2.395000e+00 -6.641770e-03
2.400000e+00 -6.346643e-03
2.405000e+00 -5.680587e-03
2.410000e+00 -4.870315e-03
2.415000e+00 -3.902976e-03
2.420000e+00 -2.736129e-03
2.425000e+00 -1.542864e-03
2.430000e+00 -2.158224e-04
2.435000e+00 1.050095e-03
2.440000e+00 2.253907e-03
2.445000e+00 3.459567e-03
2.450000e+00 4.479627e-03
2.455000e+00 5.415768e-03
2.460000e+00 6.146270e-03
2.465000e+00 6.578920e-03
2.470000e+00 6.791714e-03
2.475000e+00 6.734039e-03
2.480000e+00 6.421915e-03
2.485000e+00 5.897121e-03
2.490000e+00 5.190180e-03
2.495000e+00 4.291593e-03
2.500000e+00 3.035850e-03
2.505000e+00 1.303637e-03
2.510000e+00 -8.130179e-04
2.515000e+00 -3.388881e-03
2.520000e+00 -6.376956e-03
2.525000e+00 -9.357921e-03
2.530000e+00 -1.221024e-02
2.535000e+00 -1.464171e-02
2.540000e+00 -1.626845e-02
2.545000e+00 -1.705734e-02
2.550000e+00 -1.702184e-02
2.555000e+00 -1.635345e-02
2.560000e+00 -1.515601e-02
2.565000e+00 -1.355681e-02
2.570000e+00 -1.154491e-02
2.575000e+00 -9.071570e-03
2.580000e+00 -6.142190e-03
2.585000e+00 -2.721037e-03
2.590000e+00 8.669368e-04
2.595000e+00 4.373907e-03
2.600000e+00 7.578825e-03
2.605000e+00 1.026542e-02
2.610000e+00 1.256464e-02
2.615000e+00 1.447739e-02
2.620000e+00 1.598531e-02
2.625000e+00 1.695631e-02
2.630000e+00 1.719390e-02
2.635000e+00 1.662333e-02
2.640000e+00 1.518342e-02
2.645000e+00 1.311220e-02
2.650000e+00 1.060542e-02
2.655000e+00 7.798611e-03
2.660000e+00 4.921648e-03
2.665000e+00 1.864135e-03
2.670000e+00 -1.265050e-03
2.675000e+00 -3.971482e-03
2.680000e+00 -5.986824e-03
2.685000e+00 -7.194933e-03
2.690000e+00 -7.668652e-03
2.695000e+00 -7.608154e-03
2.700000e+00 -7.234905e-03
2.705000e+00 -6.824760e-03
2.710000e+00 -6.408460e-03
2.715000e+00 -5.666214e-03
2.720000e+00 -4.779600e-03
2.725000e+00 -3.836889e-03
2.730000e+00 -2.625243e-03
2.735000e+00 -1.205499e-03
2.740000e+00 4.882477e-04
2.745000e+00 2.278740e-03
2.750000e+00 3.951376e-03
2.755000e+00 5.331126e-03
2.760000e+00 6.311457e-03
2.765000e+00 7.026043e-03
2.770000e+00 7.553463e-03
2.775000e+00 7.957206e-03
2.780000e+00 8.184714e-03
2.785000e+00 8.030321e-03
2.790000e+00 7.175104e-03
2.795000e+00 5.812239e-03
2.800000e+00 4.304359e-03
2.805000e+00 2.806919e-03
2.810000e+00 1.402404e-03
2.815000e+00 -3.568442e-05
2.820000e+00 -1.557296e-03
2.825000e+00 -3.068505e-03
2.830000e+00 -4.515441e-03
2.835000e+00 -5.953728e-03
2.840000e+00 -7.032273e-03
2.845000e+00 -7.647204e-03
2.850000e+00 -8.040573e-03
2.855000e+00 -8.179945e-03
2.860000e+00 -7.868766e-03
2.865000e+00 -7.150640e-03
2.870000e+00 -6.499709e-03
2.875000e+00 -5.759148e-03
2.880000e+00 -4.386622e-03
2.885000e+00 -2.503667e-03
2.890000e+00 -7.763555e-04
2.895000e+00 6.205169e-04
2.900000e+00 2.079767e-03
2.905000e+00 3.566832e-03
2.910000e+00 5.016519e-03
2.915000e+00 6.324940e-03
2.920000e+00 7.216873e-03
2.925000e+00 7.679198e-03
2.930000e+00 7.949658e-03
2.935000e+00 8.085991e-03
2.940000e+00 7.818335e-03
2.945000e+00 7.176014e-03
2.950000e+00 6.309628e-03
2.955000e+00 5.129849e-03
2.960000e+00 3.670727e-03
2.965000e+00 2.199526e-03
2.970000e+00 6.606017e-04
2.975000e+00 -1.011979e-03
2.980000e+00 -2.567742e-03
2.985000e+00 -4.040410e-03
2.990000e+00 -5.479567e-03
2.995000e+00 -6.662438e-03
3 -7.356961e-03
