T X
0 0
2.000000e-03 -2.200110e-09
4.000000e-03 -4.755339e-09
6.000000e-03 1.066747e-08
8.000000e-03 5.147755e-08
1.000000e-02 9.259274e-08
1.200000e-02 1.088709e-07
1.400000e-02 1.537711e-07
1.600000e-02 2.152144e-07
1.800000e-02 3.221515e-07
2.000000e-02 5.050386e-07
2.200000e-02 5.724739e-07
2.400000e-02 5.005475e-07
2.600000e-02 6.784865e-08
2.800000e-02 -8.737755e-07
3.000000e-02 -7.920772e-07
3.200000e-02 2.144742e-06
3.400000e-02 9.333859e-06
3.600000e-02 2.887603e-05
3.800000e-02 8.380422e-05
4.000000e-02 2.218250e-04
4.200000e-02 5.293121e-04
4.400000e-02 1.120088e-03
4.600000e-02 2.076345e-03
4.800000e-02 3.363162e-03
5.000000e-02 4.788796e-03
5.200000e-02 6.106804e-03
5.400000e-02 7.213270e-03
5.600000e-02 8.213099e-03
5.800000e-02 9.247387e-03
6.000000e-02 1.029433e-02
6.200000e-02 1.122624e-02
6.400000e-02 1.202091e-02
6.600000e-02 1.276760e-02
6.800000e-02 1.348216e-02
7.000000e-02 1.408489e-02
7.200000e-02 1.456636e-02
7.400000e-02 1.498438e-02
7.600000e-02 1.531991e-02
7.800000e-02 1.553669e-02
8.000000e-02 1.566601e-02
8.200000e-02 1.570592e-02
8.400000e-02 1.561912e-02
8.600000e-02 1.542209e-02
8.800000e-02 1.514049e-02
9.000000e-02 1.476687e-02
9.200000e-02 1.429620e-02
9.400000e-02 1.373935e-02
9.600000e-02 1.309513e-02
9.800000e-02 1.234850e-02
1.000000e-01 1.152200e-02
1.020000e-01 1.064425e-02
1.040000e-01 9.696476e-03
1.060000e-01 8.672970e-03
1.080000e-01 7.596696e-03
1.100000e-01 6.465763e-03
1.120000e-01 5.287747e-03
1.140000e-01 4.108489e-03
1.160000e-01 2.940539e-03
1.180000e-01 1.760991e-03
1.200000e-01 5.796120e-04
1.220000e-01 -5.868839e-04
1.240000e-01 -1.753676e-03
1.260000e-01 -2.929130e-03
1.280000e-01 -4.112320e-03
1.300000e-01 -5.324854e-03
1.320000e-01 -6.571905e-03
1.340000e-01 -7.795398e-03
1.360000e-01 -8.921418e-03
1.380000e-01 -9.930060e-03
1.400000e-01 -1.084737e-02
1.420000e-01 -1.170739e-02
1.440000e-01 -1.253912e-02
1.460000e-01 -1.333131e-02
1.480000e-01 -1.402345e-02
1.500000e-01 -1.458146e-02
1.520000e-01 -1.501492e-02
1.540000e-01 -1.534881e-02
1.560000e-01 -1.562808e-02
1.580000e-01 -1.584998e-02
1.600000e-01 -1.594042e-02
1.620000e-01 -1.587828e-02
1.640000e-01 -1.572359e-02
1.660000e-01 -1.550593e-02
1.680000e-01 -1.518848e-02
1.700000e-01 -1.475076e-02
1.720000e-01 -1.422733e-02
1.740000e-01 -1.363316e-02
1.760000e-01 -1.294906e-02
1.780000e-01 -1.217014e-02
1.800000e-01 -1.130448e-02
1.820000e-01 -1.036982e-02
1.840000e-01 -9.373916e-03
1.860000e-01 -8.307163e-03
1.880000e-01 -7.178987e-03
1.900000e-01 -6.003953e-03
1.920000e-01 -4.789794e-03
1.940000e-01 -3.552856e-03
1.960000e-01 -2.300365e-03
1.980000e-01 -1.026562e-03
2.000000e-01 2.630060e-04
2.020000e-01 1.539758e-03
2.040000e-01 2.782129e-03
2.060000e-01 4.000426e-03
2.080000e-01 5.206545e-03
2.100000e-01 6.392351e-03
2.120000e-01 7.538465e-03
2.140000e-01 8.632999e-03
2.160000e-01 9.682347e-03
2.180000e-01 1.068149e-02
2.200000e-01 1.160314e-02
2.220000e-01 1.243772e-02
2.240000e-01 1.319408e-02
2.260000e-01 1.386316e-02
2.280000e-01 1.444793e-02
2.300000e-01 1.496083e-02
2.320000e-01 1.537639e-02
2.340000e-01 1.568097e-02
2.360000e-01 1.589264e-02
2.380000e-01 1.599630e-02
2.400000e-01 1.597082e-02
2.420000e-01 1.585734e-02
2.440000e-01 1.567461e-02
2.460000e-01 1.536877e-02
2.480000e-01 1.494004e-02
2.500000e-01 1.443998e-02
2.520000e-01 1.385155e-02
2.540000e-01 1.314421e-02
2.560000e-01 1.236528e-02
2.580000e-01 1.154685e-02
2.600000e-01 1.064915e-02
2.620000e-01 9.663462e-03
2.640000e-01 8.617863e-03
2.660000e-01 7.516296e-03
2.680000e-01 6.363946e-03
2.700000e-01 5.176731e-03
2.720000e-01 3.955939e-03
2.740000e-01 2.700428e-03
2.760000e-01 1.421910e-03
2.780000e-01 1.341557e-04
2.800000e-01 -1.151607e-03
2.820000e-01 -2.421403e-03
2.840000e-01 -3.669487e-03
2.860000e-01 -4.905161e-03
2.880000e-01 -6.118642e-03
2.900000e-01 -7.283243e-03
2.920000e-01 -8.399281e-03
2.940000e-01 -9.469345e-03
2.960000e-01 -1.046999e-02
2.980000e-01 -1.139803e-02
3.000000e-01 -1.226981e-02
3.020000e-01 -1.306438e-02
3.040000e-01 -1.374640e-02
3.060000e-01 -1.433106e-02
3.080000e-01 -1.485059e-02
3.100000e-01 -1.528448e-02
3.120000e-01 -1.560532e-02
3.140000e-01 -1.582828e-02
3.160000e-01 -1.596495e-02
3.180000e-01 -1.600076e-02
3.200000e-01 -1.592681e-02
3.220000e-01 -1.574888e-02
3.240000e-01 -1.546843e-02
3.260000e-01 -1.508876e-02
3.280000e-01 -1.461436e-02
3.300000e-01 -1.404464e-02
3.320000e-01 -1.338923e-02
3.340000e-01 -1.265506e-02
3.360000e-01 -1.183143e-02
3.380000e-01 -1.091610e-02
3.400000e-01 -9.931762e-03
3.420000e-01 -8.896022e-03
3.440000e-01 -7.809127e-03
3.460000e-01 -6.675003e-03
3.480000e-01 -5.493833e-03
3.500000e-01 -4.269399e-03
3.520000e-01 -3.015103e-03
3.540000e-01 -1.739445e-03
3.560000e-01 -4.629918e-04
3.580000e-01 8.015677e-04
3.600000e-01 2.063017e-03
3.620000e-01 3.323485e-03
3.640000e-01 4.571659e-03
3.660000e-01 5.782267e-03
3.680000e-01 6.937851e-03
3.700000e-01 8.052949e-03
3.720000e-01 9.139545e-03
3.740000e-01 1.017165e-02
3.760000e-01 1.113135e-02
3.780000e-01 1.202973e-02
3.800000e-01 1.284653e-02
3.820000e-01 1.356023e-02
3.840000e-01 1.419844e-02
3.860000e-01 1.476184e-02
3.880000e-01 1.521448e-02
3.900000e-01 1.555856e-02
3.920000e-01 1.581198e-02
3.940000e-01 1.596620e-02
3.960000e-01 1.600826e-02
3.980000e-01 1.594781e-02
4.000000e-01 1.580190e-02
4.020000e-01 1.555894e-02
4.040000e-01 1.520268e-02
4.060000e-01 1.474012e-02
4.080000e-01 1.418766e-02
4.100000e-01 1.355327e-02
4.120000e-01 1.283780e-02
4.140000e-01 1.204198e-02
4.160000e-01 1.116050e-02
4.180000e-01 1.020551e-02
4.200000e-01 9.195215e-03
4.220000e-01 8.129552e-03
4.240000e-01 7.008676e-03
4.260000e-01 5.835206e-03
4.280000e-01 4.617771e-03
4.300000e-01 3.375788e-03
4.320000e-01 2.117858e-03
4.340000e-01 8.342525e-04
4.360000e-01 -4.627401e-04
4.380000e-01 -1.745939e-03
4.400000e-01 -3.017926e-03
4.420000e-01 -4.277506e-03
4.440000e-01 -5.492341e-03
4.460000e-01 -6.654008e-03
4.480000e-01 -7.785408e-03
4.500000e-01 -8.879533e-03
4.520000e-01 -9.916932e-03
4.540000e-01 -1.088958e-02
4.560000e-01 -1.178647e-02
4.580000e-01 -1.260690e-02
4.600000e-01 -1.335056e-02
4.620000e-01 -1.401493e-02
4.640000e-01 -1.458929e-02
4.660000e-01 -1.505631e-02
4.680000e-01 -1.543066e-02
4.700000e-01 -1.572304e-02
4.720000e-01 -1.591122e-02
4.740000e-01 -1.599273e-02
4.760000e-01 -1.598228e-02
4.780000e-01 -1.587369e-02
4.800000e-01 -1.565160e-02
4.820000e-01 -1.531886e-02
4.840000e-01 -1.488931e-02
4.860000e-01 -1.436676e-02
4.880000e-01 -1.375279e-02
4.900000e-01 -1.304998e-02
4.920000e-01 -1.225870e-02
4.940000e-01 -1.138833e-02
4.960000e-01 -1.044890e-02
4.980000e-01 -9.445172e-03
5.000000e-01 -8.387190e-03
