T X
0 0
5.000000e-03 4.752527e-09
1.000000e-02 4.173498e-08
1.500000e-02 5.435488e-07
2.000000e-02 4.897902e-06
2.500000e-02 3.081062e-05
3.000000e-02 1.428683e-04
3.500000e-02 5.051837e-04
4.000000e-02 1.389509e-03
4.500000e-02 3.009771e-03
5.000000e-02 5.190090e-03
5.500000e-02 7.258210e-03
6.000000e-02 8.582786e-03
6.500000e-02 9.262826e-03
7.000000e-02 9.835309e-03
7.500000e-02 1.027769e-02
8.000000e-02 1.008263e-02
8.500000e-02 9.308488e-03
9.000000e-02 8.417760e-03
9.500000e-02 7.272231e-03
1.000000e-01 5.599617e-03
1.050000e-01 3.758275e-03
1.100000e-01 1.930395e-03
1.150000e-01 -1.168239e-04
1.200000e-01 -2.160539e-03
1.250000e-01 -3.966144e-03
1.300000e-01 -5.736411e-03
1.350000e-01 -7.317804e-03
1.400000e-01 -8.512349e-03
1.450000e-01 -9.502262e-03
1.500000e-01 -1.010417e-02
1.550000e-01 -1.016538e-02
1.600000e-01 -9.920199e-03
1.650000e-01 -9.273532e-03
1.700000e-01 -8.214642e-03
1.750000e-01 -6.921129e-03
1.800000e-01 -5.254259e-03
1.850000e-01 -3.347049e-03
1.900000e-01 -1.409124e-03
1.950000e-01 6.190481e-04
2.000000e-01 2.582544e-03
2.050000e-01 4.471747e-03
2.100000e-01 6.264814e-03
2.150000e-01 7.709700e-03
2.200000e-01 8.881621e-03
2.250000e-01 9.730489e-03
2.300000e-01 1.012843e-02
2.350000e-01 1.015580e-02
2.400000e-01 9.728258e-03
2.450000e-01 8.961572e-03
2.500000e-01 7.892445e-03
2.550000e-01 6.408426e-03
2.600000e-01 4.727333e-03
2.650000e-01 2.868297e-03
2.700000e-01 8.448980e-04
2.750000e-01 -1.200538e-03
2.800000e-01 -3.215871e-03
2.850000e-01 -5.051785e-03
2.900000e-01 -6.703999e-03
2.950000e-01 -8.083112e-03
3.000000e-01 -9.120094e-03
3.050000e-01 -9.852738e-03
3.100000e-01 -1.015967e-02
3.150000e-01 -1.008191e-02
3.200000e-01 -9.602451e-03
3.250000e-01 -8.706390e-03
3.300000e-01 -7.472900e-03
3.350000e-01 -5.929736e-03
3.400000e-01 -4.187415e-03
3.450000e-01 -2.246987e-03
3.500000e-01 -2.275799e-04
3.550000e-01 1.762537e-03
3.600000e-01 3.730700e-03
3.650000e-01 5.531271e-03
3.700000e-01 7.124266e-03
3.750000e-01 8.454257e-03
3.800000e-01 9.419995e-03
3.850000e-01 1.000209e-02
3.900000e-01 1.019298e-02
3.950000e-01 9.957881e-03
4.000000e-01 9.320252e-03
4.050000e-01 8.371604e-03
4.100000e-01 7.066327e-03
4.150000e-01 5.445140e-03
4.200000e-01 3.659015e-03
4.250000e-01 1.705910e-03
4.300000e-01 -3.688053e-04
4.350000e-01 -2.372301e-03
4.400000e-01 -4.301491e-03
4.450000e-01 -6.069556e-03
4.500000e-01 -7.523705e-03
4.550000e-01 -8.743999e-03
4.600000e-01 -9.594710e-03
4.650000e-01 -1.005805e-02
4.700000e-01 -1.017912e-02
4.750000e-01 -9.851949e-03
4.800000e-01 -9.122707e-03
4.850000e-01 -8.026720e-03
4.900000e-01 -6.615923e-03
4.950000e-01 -4.928383e-03
5.000000e-01 -3.058097e-03
5.050000e-01 -1.077720e-03
5.100000e-01 9.421830e-04
5.150000e-01 2.912135e-03
5.200000e-01 4.809700e-03
5.250000e-01 6.496230e-03
5.300000e-01 7.931362e-03
5.350000e-01 9.074493e-03
5.400000e-01 9.810739e-03
5.450000e-01 1.015646e-02
5.500000e-01 1.009738e-02
5.550000e-01 9.631231e-03
5.600000e-01 8.813465e-03
5.650000e-01 7.644716e-03
5.700000e-01 6.153342e-03
5.750000e-01 4.426288e-03
5.800000e-01 2.531909e-03
5.850000e-01 5.018909e-04
5.900000e-01 -1.551973e-03
5.950000e-01 -3.523943e-03
6.000000e-01 -5.352648e-03
6.050000e-01 -6.946954e-03
6.100000e-01 -8.285101e-03
6.150000e-01 -9.275317e-03
6.200000e-01 -9.903166e-03
6.250000e-01 -1.018532e-02
6.300000e-01 -1.000613e-02
6.350000e-01 -9.431134e-03
6.400000e-01 -8.502271e-03
6.450000e-01 -7.195319e-03
6.500000e-01 -5.624633e-03
6.550000e-01 -3.838729e-03
6.600000e-01 -1.900720e-03
6.650000e-01 9.318662e-05
6.700000e-01 2.089412e-03
6.750000e-01 4.007304e-03
6.800000e-01 5.799341e-03
6.850000e-01 7.348514e-03
6.900000e-01 8.610759e-03
6.950000e-01 9.542571e-03
7.000000e-01 1.004505e-02
7.050000e-01 1.016575e-02
7.100000e-01 9.879322e-03
7.150000e-01 9.196921e-03
7.200000e-01 8.166537e-03
7.250000e-01 6.805605e-03
7.300000e-01 5.181253e-03
7.350000e-01 3.335501e-03
7.400000e-01 1.350895e-03
7.450000e-01 -6.950168e-04
7.500000e-01 -2.715413e-03
7.550000e-01 -4.608992e-03
7.600000e-01 -6.319013e-03
7.650000e-01 -7.767669e-03
7.700000e-01 -8.903446e-03
7.750000e-01 -9.696672e-03
7.800000e-01 -1.013089e-02
7.850000e-01 -1.015683e-02
7.900000e-01 -9.744505e-03
7.950000e-01 -8.964188e-03
8.000000e-01 -7.814826e-03
8.050000e-01 -6.339212e-03
8.100000e-01 -4.627380e-03
8.150000e-01 -2.725473e-03
8.200000e-01 -7.357406e-04
8.250000e-01 1.277236e-03
8.300000e-01 3.250785e-03
8.350000e-01 5.097267e-03
8.400000e-01 6.762328e-03
8.450000e-01 8.157241e-03
8.500000e-01 9.209073e-03
8.550000e-01 9.890423e-03
8.600000e-01 1.017307e-02
8.650000e-01 1.004109e-02
8.700000e-01 9.524316e-03
8.750000e-01 8.644266e-03
8.800000e-01 7.401807e-03
8.850000e-01 5.880881e-03
8.900000e-01 4.139673e-03
8.950000e-01 2.190093e-03
9.000000e-01 1.511753e-04
9.050000e-01 -1.880731e-03
9.100000e-01 -3.846503e-03
9.150000e-01 -5.634173e-03
9.200000e-01 -7.194818e-03
9.250000e-01 -8.472195e-03
9.300000e-01 -9.413012e-03
9.350000e-01 -1.000360e-02
9.400000e-01 -1.018724e-02
9.450000e-01 -9.966669e-03
9.500000e-01 -9.343930e-03
9.550000e-01 -8.331293e-03
9.600000e-01 -6.986853e-03
9.650000e-01 -5.361040e-03
9.700000e-01 -3.531498e-03
9.750000e-01 -1.572783e-03
9.800000e-01 4.364213e-04
9.850000e-01 2.441153e-03
9.900000e-01 4.349604e-03
9.950000e-01 6.094574e-03
1 7.620060e-03
1.005000e+00 8.815884e-03
1.010000e+00 9.655028e-03
1.015000e+00 1.010317e-02
1.020000e+00 1.014197e-02
1.025000e+00 9.787755e-03
1.030000e+00 9.048836e-03
1.035000e+00 7.963738e-03
1.040000e+00 6.547499e-03
1.045000e+00 4.885352e-03
1.050000e+00 3.023585e-03
1.055000e+00 9.992149e-04
1.060000e+00 -1.043969e-03
1.065000e+00 -3.041833e-03
1.070000e+00 -4.913178e-03
1.075000e+00 -6.579509e-03
1.080000e+00 -7.974028e-03
1.085000e+00 -9.058214e-03
1.090000e+00 -9.814445e-03
1.095000e+00 -1.016334e-02
1.100000e+00 -1.010378e-02
1.105000e+00 -9.649619e-03
1.110000e+00 -8.795977e-03
1.115000e+00 -7.584198e-03
1.120000e+00 -6.066858e-03
1.125000e+00 -4.310159e-03
1.130000e+00 -2.403107e-03
1.135000e+00 -4.028444e-04
1.140000e+00 1.610283e-03
1.145000e+00 3.574723e-03
1.150000e+00 5.423611e-03
1.155000e+00 7.052944e-03
1.160000e+00 8.416170e-03
1.165000e+00 9.429062e-03
1.170000e+00 1.000338e-02
1.175000e+00 1.006436e-02
1.180000e+00 9.527033e-03
1.185000e+00 8.303049e-03
1.190000e+00 6.315364e-03
1.195000e+00 3.611197e-03
1.200000e+00 3.202980e-04
1.205000e+00 -3.327858e-03
1.210000e+00 -6.961115e-03
1.215000e+00 -1.021526e-02
1.220000e+00 -1.281584e-02
1.225000e+00 -1.464335e-02
1.230000e+00 -1.575101e-02
1.235000e+00 -1.629977e-02
1.240000e+00 -1.641930e-02
1.245000e+00 -1.604867e-02
1.250000e+00 -1.504990e-02
1.255000e+00 -1.318964e-02
1.260000e+00 -1.032783e-02
1.265000e+00 -6.608982e-03
1.270000e+00 -2.202348e-03
1.275000e+00 2.592037e-03
1.280000e+00 7.504232e-03
1.285000e+00 1.236793e-02
1.290000e+00 1.692767e-02
1.295000e+00 2.086461e-02
1.300000e+00 2.374917e-02
1.305000e+00 2.534613e-02
1.310000e+00 2.566433e-02
1.315000e+00 2.494106e-02
1.320000e+00 2.353002e-02
1.325000e+00 2.153079e-02
1.330000e+00 1.881591e-02
1.335000e+00 1.520811e-02
1.340000e+00 1.071627e-02
1.345000e+00 5.618620e-03
1.350000e+00 3.802286e-04
1.355000e+00 -4.638604e-03
1.360000e+00 -9.360144e-03
1.365000e+00 -1.376630e-02
1.370000e+00 -1.778707e-02
1.375000e+00 -2.122268e-02
1.380000e+00 -2.382979e-02
1.385000e+00 -2.542793e-02
1.390000e+00 -2.590191e-02
1.395000e+00 -2.530526e-02
1.400000e+00 -2.366804e-02
1.405000e+00 -2.110206e-02
1.410000e+00 -1.781383e-02
1.415000e+00 -1.388831e-02
1.420000e+00 -9.420361e-03
1.425000e+00 -4.457509e-03
1.430000e+00 8.083274e-04
1.435000e+00 6.041702e-03
1.440000e+00 1.095379e-02
1.445000e+00 1.523566e-02
1.450000e+00 1.884182e-02
1.455000e+00 2.195868e-02
1.460000e+00 2.443091e-02
1.465000e+00 2.573750e-02
1.470000e+00 2.565663e-02
1.475000e+00 2.465514e-02
1.480000e+00 2.311013e-02
1.485000e+00 2.058971e-02
1.490000e+00 1.683123e-02
1.495000e+00 1.238816e-02
1.500000e+00 7.737294e-03
1.505000e+00 2.843533e-03
1.510000e+00 -2.245128e-03
1.515000e+00 -7.246499e-03
1.520000e+00 -1.207171e-02
1.525000e+00 -1.652732e-02
1.530000e+00 -2.013032e-02
1.535000e+00 -2.277242e-02
1.540000e+00 -2.465075e-02
1.545000e+00 -2.564812e-02
1.550000e+00 -2.558605e-02
1.555000e+00 -2.452810e-02
1.560000e+00 -2.238741e-02
1.565000e+00 -1.923491e-02
1.570000e+00 -1.553655e-02
1.575000e+00 -1.139345e-02
1.580000e+00 -6.555883e-03
1.585000e+00 -1.260705e-03
1.590000e+00 3.937693e-03
1.595000e+00 8.833966e-03
1.600000e+00 1.333303e-02
1.605000e+00 1.742188e-02
1.610000e+00 2.100402e-02
1.615000e+00 2.356763e-02
1.620000e+00 2.498041e-02
1.625000e+00 2.565988e-02
1.630000e+00 2.546319e-02
1.635000e+00 2.397443e-02
1.640000e+00 2.148643e-02
1.645000e+00 1.832747e-02
1.650000e+00 1.442834e-02
1.655000e+00 9.856302e-03
1.660000e+00 4.883841e-03
1.665000e+00 -1.886580e-04
1.670000e+00 -5.190858e-03
1.675000e+00 -1.012105e-02
1.680000e+00 -1.469916e-02
1.685000e+00 -1.856508e-02
1.690000e+00 -2.176008e-02
1.695000e+00 -2.410436e-02
1.700000e+00 -2.532514e-02
1.705000e+00 -2.565796e-02
1.710000e+00 -2.508724e-02
1.715000e+00 -2.332405e-02
1.720000e+00 -2.063675e-02
1.725000e+00 -1.729403e-02
1.730000e+00 -1.318745e-02
1.735000e+00 -8.477742e-03
1.740000e+00 -3.467212e-03
1.745000e+00 1.691499e-03
1.750000e+00 6.746422e-03
1.755000e+00 1.152138e-02
1.760000e+00 1.587339e-02
1.765000e+00 1.957077e-02
1.770000e+00 2.248948e-02
1.775000e+00 2.448965e-02
1.780000e+00 2.557504e-02
1.785000e+00 2.568289e-02
1.790000e+00 2.461052e-02
1.795000e+00 2.260852e-02
1.800000e+00 1.982709e-02
1.805000e+00 1.610357e-02
1.810000e+00 1.174684e-02
1.815000e+00 7.047934e-03
1.820000e+00 1.991233e-03
1.825000e+00 -3.139611e-03
1.830000e+00 -8.119726e-03
1.835000e+00 -1.284345e-02
1.840000e+00 -1.700492e-02
1.845000e+00 -2.048558e-02
1.850000e+00 -2.320575e-02
1.855000e+00 -2.492728e-02
1.860000e+00 -2.564169e-02
1.865000e+00 -2.538568e-02
1.870000e+00 -2.409717e-02
1.875000e+00 -2.184385e-02
1.880000e+00 -1.877316e-02
1.885000e+00 -1.495900e-02
1.890000e+00 -1.045758e-02
1.895000e+00 -5.581693e-03
1.900000e+00 -5.499013e-04
1.905000e+00 4.633023e-03
1.910000e+00 9.597334e-03
1.915000e+00 1.405569e-02
1.920000e+00 1.807891e-02
1.925000e+00 2.137710e-02
1.930000e+00 2.372961e-02
1.935000e+00 2.525204e-02
1.940000e+00 2.574596e-02
1.945000e+00 2.514875e-02
1.950000e+00 2.361185e-02
1.955000e+00 2.108441e-02
1.960000e+00 1.769356e-02
1.965000e+00 1.364280e-02
1.970000e+00 9.059342e-03
1.975000e+00 4.116305e-03
1.980000e+00 -1.007194e-03
1.985000e+00 -6.072129e-03
1.990000e+00 -1.091841e-02
1.995000e+00 -1.534570e-02
2 -1.913864e-02
2.005000e+00 -2.219250e-02
2.010000e+00 -2.433185e-02
2.015000e+00 -2.549270e-02
2.020000e+00 -2.563282e-02
2.025000e+00 -2.474465e-02
2.030000e+00 -2.294852e-02
2.035000e+00 -2.018216e-02
2.040000e+00 -1.659865e-02
2.045000e+00 -1.243041e-02
2.050000e+00 -7.649931e-03
2.055000e+00 -2.585838e-03
2.060000e+00 2.498440e-03
2.065000e+00 7.576557e-03
2.070000e+00 1.229693e-02
2.075000e+00 1.650137e-02
2.080000e+00 2.011176e-02
2.085000e+00 2.285194e-02
2.090000e+00 2.472168e-02
2.095000e+00 2.566850e-02
2.100000e+00 2.553044e-02
2.105000e+00 2.434684e-02
2.110000e+00 2.221962e-02
2.115000e+00 1.920685e-02
2.120000e+00 1.540524e-02
2.125000e+00 1.102491e-02
2.130000e+00 6.199498e-03
2.135000e+00 1.125858e-03
2.140000e+00 -3.970747e-03
2.145000e+00 -8.952208e-03
2.150000e+00 -1.356787e-02
2.155000e+00 -1.764774e-02
2.160000e+00 -2.103846e-02
2.165000e+00 -2.355060e-02
2.170000e+00 -2.512495e-02
2.175000e+00 -2.568487e-02
2.180000e+00 -2.524953e-02
2.185000e+00 -2.382627e-02
2.190000e+00 -2.139771e-02
2.195000e+00 -1.818656e-02
2.200000e+00 -1.424467e-02
2.205000e+00 -9.653734e-03
2.210000e+00 -4.727495e-03
2.215000e+00 3.892580e-04
2.220000e+00 5.500653e-03
2.225000e+00 1.036995e-02
2.230000e+00 1.482862e-02
2.235000e+00 1.869775e-02
2.240000e+00 2.181678e-02
2.245000e+00 2.407148e-02
2.250000e+00 2.539177e-02
2.255000e+00 2.569581e-02
2.260000e+00 2.497812e-02
2.265000e+00 2.322818e-02
2.270000e+00 2.053595e-02
2.275000e+00 1.708131e-02
2.280000e+00 1.290722e-02
2.285000e+00 8.234703e-03
2.290000e+00 3.279082e-03
2.295000e+00 -1.876468e-03
2.300000e+00 -6.923746e-03
2.305000e+00 -1.168146e-02
2.310000e+00 -1.603761e-02
2.315000e+00 -1.973494e-02
2.320000e+00 -2.263172e-02
2.325000e+00 -2.461990e-02
2.330000e+00 -2.564722e-02
2.335000e+00 -2.566779e-02
2.340000e+00 -2.466810e-02
2.345000e+00 -2.269503e-02
2.350000e+00 -1.979962e-02
2.355000e+00 -1.614575e-02
2.360000e+00 -1.178014e-02
2.365000e+00 -6.884633e-03
2.370000e+00 -1.775427e-03
2.375000e+00 3.474713e-03
2.380000e+00 8.571000e-03
2.385000e+00 1.322224e-02
2.390000e+00 1.736417e-02
2.395000e+00 2.074643e-02
2.400000e+00 2.317968e-02
2.405000e+00 2.455051e-02
2.410000e+00 2.468883e-02
2.415000e+00 2.349901e-02
2.420000e+00 2.096753e-02
2.425000e+00 1.716279e-02
2.430000e+00 1.230930e-02
2.435000e+00 6.711559e-03
2.440000e+00 7.790628e-04
2.445000e+00 -5.047993e-03
2.450000e+00 -1.052548e-02
2.455000e+00 -1.534998e-02
2.460000e+00 -1.934933e-02
2.465000e+00 -2.255611e-02
2.470000e+00 -2.489248e-02
2.475000e+00 -2.631455e-02
2.480000e+00 -2.673140e-02
2.485000e+00 -2.593144e-02
2.490000e+00 -2.378510e-02
2.495000e+00 -2.021798e-02
2.500000e+00 -1.528406e-02
2.505000e+00 -9.297996e-03
2.510000e+00 -2.618551e-03
2.515000e+00 4.271936e-03
2.520000e+00 1.085614e-02
2.525000e+00 1.681871e-02
2.530000e+00 2.194132e-02
2.535000e+00 2.609147e-02
2.540000e+00 2.913472e-02
2.545000e+00 3.104114e-02
2.550000e+00 3.176144e-02
2.555000e+00 3.124856e-02
2.560000e+00 2.961993e-02
2.565000e+00 2.692022e-02
2.570000e+00 2.326390e-02
2.575000e+00 1.870692e-02
2.580000e+00 1.324148e-02
2.585000e+00 7.050112e-03
2.590000e+00 3.850953e-04
2.595000e+00 -6.304276e-03
2.600000e+00 -1.254289e-02
2.605000e+00 -1.807639e-02
2.610000e+00 -2.279415e-02
2.615000e+00 -2.673947e-02
2.620000e+00 -2.987259e-02
2.625000e+00 -3.196469e-02
2.630000e+00 -3.272638e-02
2.635000e+00 -3.191940e-02
2.640000e+00 -2.960482e-02
2.645000e+00 -2.610946e-02
2.650000e+00 -2.175457e-02
2.655000e+00 -1.680161e-02
2.660000e+00 -1.132199e-02
2.665000e+00 -5.245174e-03
2.670000e+00 1.301423e-03
2.675000e+00 7.963999e-03
2.680000e+00 1.424854e-02
2.685000e+00 1.975577e-02
2.690000e+00 2.431629e-02
2.695000e+00 2.788792e-02
2.700000e+00 3.049431e-02
2.705000e+00 3.203828e-02
2.710000e+00 3.233535e-02
2.715000e+00 3.125544e-02
2.720000e+00 2.882699e-02
2.725000e+00 2.519991e-02
2.730000e+00 2.059794e-02
2.735000e+00 1.527493e-02
2.740000e+00 9.364250e-03
2.745000e+00 3.074252e-03
2.750000e+00 -3.364505e-03
2.755000e+00 -9.727075e-03
2.760000e+00 -1.567418e-02
2.765000e+00 -2.099509e-02
2.770000e+00 -2.547752e-02
2.775000e+00 -2.890602e-02
2.780000e+00 -3.120470e-02
2.785000e+00 -3.225167e-02
2.790000e+00 -3.202998e-02
2.795000e+00 -3.056012e-02
2.800000e+00 -2.784661e-02
2.805000e+00 -2.402206e-02
2.810000e+00 -1.919146e-02
2.815000e+00 -1.360126e-02
2.820000e+00 -7.540611e-03
2.825000e+00 -1.169407e-03
2.830000e+00 5.254432e-03
2.835000e+00 1.150931e-02
2.840000e+00 1.732891e-02
2.845000e+00 2.239977e-02
2.850000e+00 2.655220e-02
2.855000e+00 2.966413e-02
2.860000e+00 3.163530e-02
2.865000e+00 3.234435e-02
2.870000e+00 3.174052e-02
2.875000e+00 2.984482e-02
2.880000e+00 2.673125e-02
2.885000e+00 2.262090e-02
2.890000e+00 1.769285e-02
2.895000e+00 1.201918e-02
2.900000e+00 5.735054e-03
2.905000e+00 -8.472088e-04
2.910000e+00 -7.233817e-03
2.915000e+00 -1.320723e-02
2.920000e+00 -1.872723e-02
2.925000e+00 -2.360405e-02
2.930000e+00 -2.764024e-02
2.935000e+00 -3.048740e-02
2.940000e+00 -3.196421e-02
2.945000e+00 -3.216708e-02
2.950000e+00 -3.119632e-02
2.955000e+00 -2.912181e-02
2.960000e+00 -2.582885e-02
2.965000e+00 -2.130272e-02
2.970000e+00 -1.591552e-02
2.975000e+00 -1.000298e-02
2.980000e+00 -3.844542e-03
2.985000e+00 2.398721e-03
2.990000e+00 8.832041e-03
2.995000e+00 1.510043e-02
3 2.052285e-02
