T X
0 0
5.000000e-03 1.043638e-12
1.000000e-02 -1.781429e-11
1.500000e-02 -6.633433e-11
2.000000e-02 -2.000070e-10
2.500000e-02 -4.860365e-10
3.000000e-02 6.612091e-10
3.500000e-02 1.915067e-08
4.000000e-02 1.620036e-07
4.500000e-02 9.943329e-07
5.000000e-02 4.971421e-06
5.500000e-02 2.093945e-05
6.000000e-02 7.529518e-05
6.500000e-02 2.322887e-04
7.000000e-02 6.162715e-04
7.500000e-02 1.407353e-03
8.000000e-02 2.765774e-03
8.500000e-02 4.674021e-03
9.000000e-02 6.797767e-03
9.500000e-02 8.567245e-03
1.000000e-01 9.557023e-03
1.050000e-01 9.855018e-03
1.100000e-01 9.919726e-03
1.150000e-01 9.957942e-03
1.200000e-01 9.632635e-03
1.250000e-01 8.612080e-03
1.300000e-01 7.146380e-03
1.350000e-01 5.663426e-03
1.400000e-01 4.063517e-03
1.450000e-01 2.054272e-03
1.500000e-01 -1.043909e-04
1.550000e-01 -1.989840e-03
1.600000e-01 -3.756947e-03
1.650000e-01 -5.615204e-03
1.700000e-01 -7.204010e-03
1.750000e-01 -8.312039e-03
1.800000e-01 -9.247624e-03
1.850000e-01 -9.960616e-03
1.900000e-01 -1.007415e-02
1.950000e-01 -9.752440e-03
2.000000e-01 -9.221438e-03
2.050000e-01 -8.223093e-03
2.100000e-01 -6.821560e-03
2.150000e-01 -5.352101e-03
2.200000e-01 -3.622863e-03
2.250000e-01 -1.564267e-03
2.300000e-01 4.216293e-04
2.350000e-01 2.336304e-03
2.400000e-01 4.273746e-03
2.450000e-01 5.943401e-03
2.500000e-01 7.388676e-03
2.550000e-01 8.681480e-03
2.600000e-01 9.465724e-03
2.650000e-01 9.821639e-03
2.700000e-01 9.980516e-03
2.750000e-01 9.669470e-03
2.800000e-01 8.905648e-03
2.850000e-01 7.881167e-03
2.900000e-01 6.467372e-03
2.950000e-01 4.804210e-03
3.000000e-01 3.013333e-03
3.050000e-01 9.952398e-04
3.100000e-01 -9.822189e-04
3.150000e-01 -2.843099e-03
3.200000e-01 -4.743789e-03
3.250000e-01 -6.410069e-03
3.300000e-01 -7.753245e-03
3.350000e-01 -8.873268e-03
3.400000e-01 -9.599384e-03
3.450000e-01 -9.943641e-03
3.500000e-01 -9.906717e-03
3.550000e-01 -9.414156e-03
3.600000e-01 -8.616694e-03
3.650000e-01 -7.466352e-03
3.700000e-01 -5.971495e-03
3.750000e-01 -4.327543e-03
3.800000e-01 -2.455418e-03
3.850000e-01 -4.381910e-04
3.900000e-01 1.523943e-03
3.950000e-01 3.457356e-03
4.000000e-01 5.259443e-03
4.050000e-01 6.821178e-03
4.100000e-01 8.115786e-03
4.150000e-01 9.093250e-03
4.200000e-01 9.735187e-03
4.250000e-01 9.963289e-03
4.300000e-01 9.797683e-03
4.350000e-01 9.263183e-03
4.400000e-01 8.308030e-03
4.450000e-01 7.045449e-03
4.500000e-01 5.529129e-03
4.550000e-01 3.750968e-03
4.600000e-01 1.838480e-03
4.650000e-01 -1.148594e-04
4.700000e-01 -2.096335e-03
4.750000e-01 -4.013205e-03
4.800000e-01 -5.719048e-03
4.850000e-01 -7.228324e-03
4.900000e-01 -8.474254e-03
4.950000e-01 -9.319174e-03
5.000000e-01 -9.840923e-03
5.050000e-01 -9.971802e-03
5.100000e-01 -9.650674e-03
5.150000e-01 -9.012894e-03
5.200000e-01 -8.002299e-03
5.250000e-01 -6.616579e-03
5.300000e-01 -5.025994e-03
5.350000e-01 -3.243234e-03
5.400000e-01 -1.271830e-03
5.450000e-01 7.094187e-04
5.500000e-01 2.644565e-03
5.550000e-01 4.549995e-03
5.600000e-01 6.209638e-03
5.650000e-01 7.597357e-03
5.700000e-01 8.773637e-03
5.750000e-01 9.527745e-03
5.800000e-01 9.901875e-03
5.850000e-01 9.950107e-03
5.900000e-01 9.549874e-03
5.950000e-01 8.784955e-03
6.000000e-01 7.672572e-03
6.050000e-01 6.232107e-03
6.100000e-01 4.547252e-03
6.150000e-01 2.672352e-03
6.200000e-01 7.005216e-04
6.250000e-01 -1.299334e-03
6.300000e-01 -3.231967e-03
6.350000e-01 -5.055951e-03
6.400000e-01 -6.664109e-03
6.450000e-01 -7.998280e-03
6.500000e-01 -9.047676e-03
6.550000e-01 -9.682282e-03
6.600000e-01 -9.962650e-03
6.650000e-01 -9.835092e-03
6.700000e-01 -9.284111e-03
6.750000e-01 -8.429726e-03
6.800000e-01 -7.188433e-03
6.850000e-01 -5.695655e-03
6.900000e-01 -3.995173e-03
6.950000e-01 -2.089636e-03
7.000000e-01 -1.416559e-04
7.050000e-01 1.845208e-03
7.100000e-01 3.756378e-03
7.150000e-01 5.500578e-03
7.200000e-01 7.038083e-03
7.250000e-01 8.292615e-03
7.300000e-01 9.215155e-03
7.350000e-01 9.772239e-03
7.400000e-01 9.957885e-03
7.450000e-01 9.732528e-03
7.500000e-01 9.128080e-03
7.550000e-01 8.141189e-03
7.600000e-01 6.815865e-03
7.650000e-01 5.249643e-03
7.700000e-01 3.448582e-03
7.750000e-01 1.525706e-03
7.800000e-01 -4.441861e-04
7.850000e-01 -2.417297e-03
7.900000e-01 -4.279830e-03
7.950000e-01 -5.987382e-03
8.000000e-01 -7.461726e-03
8.050000e-01 -8.638198e-03
8.100000e-01 -9.462069e-03
8.150000e-01 -9.889998e-03
8.200000e-01 -9.936696e-03
8.250000e-01 -9.594446e-03
8.300000e-01 -8.856268e-03
8.350000e-01 -7.767399e-03
8.400000e-01 -6.398821e-03
8.450000e-01 -4.732133e-03
8.500000e-01 -2.906271e-03
8.550000e-01 -9.612313e-04
8.600000e-01 1.071809e-03
8.650000e-01 2.987795e-03
8.700000e-01 4.824996e-03
8.750000e-01 6.457725e-03
8.800000e-01 7.820451e-03
8.850000e-01 8.895543e-03
8.900000e-01 9.600781e-03
8.950000e-01 9.936738e-03
9.000000e-01 9.869843e-03
9.050000e-01 9.424606e-03
9.100000e-01 8.570121e-03
9.150000e-01 7.401857e-03
9.200000e-01 5.935913e-03
9.250000e-01 4.211933e-03
9.300000e-01 2.343449e-03
9.350000e-01 3.835882e-04
9.400000e-01 -1.614586e-03
9.450000e-01 -3.532716e-03
9.500000e-01 -5.299780e-03
9.550000e-01 -6.906286e-03
9.600000e-01 -8.172480e-03
9.650000e-01 -9.153825e-03
9.700000e-01 -9.773813e-03
9.750000e-01 -9.960725e-03
9.800000e-01 -9.797497e-03
9.850000e-01 -9.216593e-03
9.900000e-01 -8.255934e-03
9.950000e-01 -6.999315e-03
1 -5.461990e-03
1.005000e+00 -3.664750e-03
1.010000e+00 -1.776472e-03
1.015000e+00 2.101280e-04
1.020000e+00 2.202857e-03
1.025000e+00 4.070273e-03
1.030000e+00 5.817942e-03
1.035000e+00 7.305674e-03
1.040000e+00 8.484763e-03
1.045000e+00 9.354258e-03
1.050000e+00 9.849891e-03
1.055000e+00 9.938843e-03
1.060000e+00 9.660123e-03
1.065000e+00 8.965168e-03
1.070000e+00 7.942842e-03
1.075000e+00 6.594479e-03
1.080000e+00 4.943135e-03
1.085000e+00 3.140941e-03
1.090000e+00 1.194195e-03
1.095000e+00 -7.898978e-04
1.100000e+00 -2.747686e-03
1.105000e+00 -4.575689e-03
1.110000e+00 -6.234720e-03
1.115000e+00 -7.629995e-03
1.120000e+00 -8.698354e-03
1.125000e+00 -9.437231e-03
1.130000e+00 -9.824341e-03
1.135000e+00 -9.983984e-03
1.140000e+00 -9.970857e-03
1.145000e+00 -9.970619e-03
1.150000e+00 -1.008947e-02
1.155000e+00 -1.028683e-02
1.160000e+00 -1.054169e-02
1.165000e+00 -1.055066e-02
1.170000e+00 -1.008337e-02
1.175000e+00 -9.021906e-03
1.180000e+00 -7.256463e-03
1.185000e+00 -5.068580e-03
1.190000e+00 -2.744334e-03
1.195000e+00 -5.032175e-04
1.200000e+00 1.477755e-03
1.205000e+00 3.326570e-03
1.210000e+00 5.171677e-03
1.215000e+00 7.008325e-03
1.220000e+00 8.742728e-03
1.225000e+00 1.009008e-02
1.230000e+00 1.081760e-02
1.235000e+00 1.096493e-02
1.240000e+00 1.069259e-02
1.245000e+00 1.018396e-02
1.250000e+00 9.466019e-03
1.255000e+00 8.367270e-03
1.260000e+00 6.757642e-03
1.265000e+00 4.681692e-03
1.270000e+00 2.381435e-03
1.275000e+00 1.390703e-04
1.280000e+00 -1.861593e-03
1.285000e+00 -3.680164e-03
1.290000e+00 -5.354215e-03
1.295000e+00 -6.671977e-03
1.300000e+00 -7.414951e-03
1.305000e+00 -7.320617e-03
1.310000e+00 -6.386804e-03
1.315000e+00 -4.877263e-03
1.320000e+00 -3.012656e-03
1.325000e+00 -9.829012e-04
1.330000e+00 1.090933e-03
1.335000e+00 3.014297e-03
1.340000e+00 4.490556e-03
1.345000e+00 5.496770e-03
1.350000e+00 6.254092e-03
1.355000e+00 6.983783e-03
1.360000e+00 7.760679e-03
1.365000e+00 8.476801e-03
1.370000e+00 8.845590e-03
1.375000e+00 8.490272e-03
1.380000e+00 7.526242e-03
1.385000e+00 6.445791e-03
1.390000e+00 5.382263e-03
1.395000e+00 3.911728e-03
1.400000e+00 2.176951e-03
1.405000e+00 7.851876e-04
1.410000e+00 -5.831699e-04
1.415000e+00 -2.461758e-03
1.420000e+00 -4.506434e-03
1.425000e+00 -6.016141e-03
1.430000e+00 -7.063290e-03
1.435000e+00 -7.831490e-03
1.440000e+00 -8.245276e-03
1.445000e+00 -8.650831e-03
1.450000e+00 -8.875257e-03
1.455000e+00 -8.490026e-03
1.460000e+00 -7.631950e-03
1.465000e+00 -6.513932e-03
1.470000e+00 -5.110282e-03
1.475000e+00 -3.554684e-03
1.480000e+00 -2.077289e-03
1.485000e+00 -3.874713e-04
1.490000e+00 1.507892e-03
1.495000e+00 3.236472e-03
1.500000e+00 4.843366e-03
1.505000e+00 6.215397e-03
1.510000e+00 7.183535e-03
1.515000e+00 8.050883e-03
1.520000e+00 8.701380e-03
1.525000e+00 8.844170e-03
1.530000e+00 8.695289e-03
1.535000e+00 8.180778e-03
1.540000e+00 7.203104e-03
1.545000e+00 6.108400e-03
1.550000e+00 4.918383e-03
1.555000e+00 3.353360e-03
1.560000e+00 1.569439e-03
1.565000e+00 -2.636780e-04
1.570000e+00 -2.051435e-03
1.575000e+00 -3.520139e-03
1.580000e+00 -5.018061e-03
1.585000e+00 -6.524471e-03
1.590000e+00 -7.597059e-03
1.595000e+00 -8.425403e-03
1.600000e+00 -8.803211e-03
1.605000e+00 -8.752235e-03
1.610000e+00 -8.584501e-03
1.615000e+00 -8.110423e-03
1.620000e+00 -7.215479e-03
1.625000e+00 -5.915624e-03
1.630000e+00 -4.344321e-03
1.635000e+00 -2.783379e-03
1.640000e+00 -1.241089e-03
1.645000e+00 5.867731e-04
1.650000e+00 2.499907e-03
1.655000e+00 4.187993e-03
1.660000e+00 5.591686e-03
1.665000e+00 6.730328e-03
1.670000e+00 7.869679e-03
1.675000e+00 8.698886e-03
1.680000e+00 8.889352e-03
1.685000e+00 8.810421e-03
1.690000e+00 8.605415e-03
1.695000e+00 7.992264e-03
1.700000e+00 6.882794e-03
1.705000e+00 5.521312e-03
1.710000e+00 4.102153e-03
1.715000e+00 2.501914e-03
1.720000e+00 6.378977e-04
1.725000e+00 -1.184456e-03
1.730000e+00 -2.890913e-03
1.735000e+00 -4.498838e-03
1.740000e+00 -6.024399e-03
1.745000e+00 -7.269790e-03
1.750000e+00 -8.126748e-03
1.755000e+00 -8.892944e-03
1.760000e+00 -9.174736e-03
1.765000e+00 -8.884249e-03
1.770000e+00 -8.496157e-03
1.775000e+00 -7.787850e-03
1.780000e+00 -6.641740e-03
1.785000e+00 -5.264077e-03
1.790000e+00 -3.666880e-03
1.795000e+00 -1.997732e-03
1.800000e+00 -1.781552e-04
1.805000e+00 1.710703e-03
1.810000e+00 3.424793e-03
1.815000e+00 5.070344e-03
1.820000e+00 6.467425e-03
1.825000e+00 7.584914e-03
1.830000e+00 8.546054e-03
1.835000e+00 9.042547e-03
1.840000e+00 9.125319e-03
1.845000e+00 8.995164e-03
1.850000e+00 8.484009e-03
1.855000e+00 7.523938e-03
1.860000e+00 6.249044e-03
1.865000e+00 4.882989e-03
1.870000e+00 3.303010e-03
1.875000e+00 1.465776e-03
1.880000e+00 -3.153188e-04
1.885000e+00 -2.115775e-03
1.890000e+00 -3.878826e-03
1.895000e+00 -5.427962e-03
1.900000e+00 -6.805905e-03
1.905000e+00 -7.900070e-03
1.910000e+00 -8.709066e-03
1.915000e+00 -9.145516e-03
1.920000e+00 -9.198269e-03
1.925000e+00 -8.936477e-03
1.930000e+00 -8.295096e-03
1.935000e+00 -7.356531e-03
1.940000e+00 -6.047240e-03
1.945000e+00 -4.506842e-03
1.950000e+00 -2.884253e-03
1.955000e+00 -1.038457e-03
1.960000e+00 8.273447e-04
1.965000e+00 2.622956e-03
1.970000e+00 4.325261e-03
1.975000e+00 5.882784e-03
1.980000e+00 7.216455e-03
1.985000e+00 8.153690e-03
1.990000e+00 8.900769e-03
1.995000e+00 9.272357e-03
2 9.176232e-03
2.005000e+00 8.850114e-03
2.010000e+00 8.094411e-03
2.015000e+00 7.021572e-03
2.020000e+00 5.704115e-03
2.025000e+00 4.113027e-03
2.030000e+00 2.362103e-03
2.035000e+00 5.255171e-04
2.040000e+00 -1.291602e-03
2.045000e+00 -3.104906e-03
2.050000e+00 -4.785035e-03
2.055000e+00 -6.256087e-03
2.060000e+00 -7.495177e-03
2.065000e+00 -8.436070e-03
2.070000e+00 -9.052313e-03
2.075000e+00 -9.269860e-03
2.080000e+00 -9.145572e-03
2.085000e+00 -8.693011e-03
2.090000e+00 -7.805574e-03
2.095000e+00 -6.657447e-03
2.100000e+00 -5.302821e-03
2.105000e+00 -3.662261e-03
2.110000e+00 -1.891073e-03
2.115000e+00 -7.615356e-05
2.120000e+00 1.792909e-03
2.125000e+00 3.589211e-03
2.130000e+00 5.188892e-03
2.135000e+00 6.597470e-03
2.140000e+00 7.766328e-03
2.145000e+00 8.622638e-03
2.150000e+00 9.104864e-03
2.155000e+00 9.250772e-03
2.160000e+00 9.050885e-03
2.165000e+00 8.478999e-03
2.170000e+00 7.574353e-03
2.175000e+00 6.282881e-03
2.180000e+00 4.808672e-03
2.185000e+00 3.225254e-03
2.190000e+00 1.369793e-03
2.195000e+00 -4.793951e-04
2.200000e+00 -2.249466e-03
2.205000e+00 -4.026469e-03
2.210000e+00 -5.610874e-03
2.215000e+00 -6.930823e-03
2.220000e+00 -8.026729e-03
2.225000e+00 -8.818240e-03
2.230000e+00 -9.152878e-03
2.235000e+00 -9.201272e-03
2.240000e+00 -8.913272e-03
2.245000e+00 -8.127638e-03
2.250000e+00 -7.178667e-03
2.255000e+00 -5.929341e-03
2.260000e+00 -4.346963e-03
2.265000e+00 -2.663963e-03
2.270000e+00 -8.526000e-04
2.275000e+00 1.007452e-03
2.280000e+00 2.782981e-03
2.285000e+00 4.407099e-03
2.290000e+00 5.892170e-03
2.295000e+00 7.114448e-03
2.300000e+00 8.062498e-03
2.305000e+00 8.725922e-03
2.310000e+00 9.009413e-03
2.315000e+00 8.962487e-03
2.320000e+00 8.615831e-03
2.325000e+00 7.910814e-03
2.330000e+00 6.867550e-03
2.335000e+00 5.570309e-03
2.340000e+00 4.039590e-03
2.345000e+00 2.281969e-03
2.350000e+00 4.540881e-04
2.355000e+00 -1.467454e-03
2.360000e+00 -3.480935e-03
2.365000e+00 -5.484735e-03
2.370000e+00 -7.610554e-03
2.375000e+00 -9.868122e-03
2.380000e+00 -1.211797e-02
2.385000e+00 -1.436245e-02
2.390000e+00 -1.634655e-02
2.395000e+00 -1.779139e-02
2.400000e+00 -1.856531e-02
2.405000e+00 -1.834611e-02
2.410000e+00 -1.718885e-02
2.415000e+00 -1.513164e-02
2.420000e+00 -1.234230e-02
2.425000e+00 -9.162200e-03
2.430000e+00 -5.790095e-03
2.435000e+00 -2.367296e-03
2.440000e+00 1.043397e-03
2.445000e+00 4.306416e-03
2.450000e+00 7.604539e-03
2.455000e+00 1.074139e-02
2.460000e+00 1.354861e-02
2.465000e+00 1.599214e-02
2.470000e+00 1.757912e-02
2.475000e+00 1.836659e-02
2.480000e+00 1.833562e-02
2.485000e+00 1.746871e-02
2.490000e+00 1.610580e-02
2.495000e+00 1.422806e-02
2.500000e+00 1.183543e-02
2.505000e+00 9.026282e-03
2.510000e+00 5.742086e-03
2.515000e+00 2.225869e-03
2.520000e+00 -1.088468e-03
2.525000e+00 -3.961225e-03
2.530000e+00 -6.075062e-03
2.535000e+00 -7.496600e-03
2.540000e+00 -8.447505e-03
2.545000e+00 -8.886165e-03
2.550000e+00 -8.937060e-03
2.555000e+00 -8.546565e-03
2.560000e+00 -7.714654e-03
2.565000e+00 -6.674080e-03
2.570000e+00 -5.640198e-03
2.575000e+00 -4.737382e-03
2.580000e+00 -3.766516e-03
2.585000e+00 -2.590646e-03
2.590000e+00 -9.767445e-04
2.595000e+00 1.118090e-03
2.600000e+00 3.254975e-03
2.605000e+00 5.184136e-03
2.610000e+00 6.688855e-03
2.615000e+00 7.649081e-03
2.620000e+00 8.300654e-03
2.625000e+00 8.676242e-03
2.630000e+00 8.751787e-03
2.635000e+00 8.588688e-03
2.640000e+00 8.105599e-03
2.645000e+00 7.307807e-03
2.650000e+00 6.189655e-03
2.655000e+00 4.753890e-03
2.660000e+00 2.985384e-03
2.665000e+00 1.043269e-03
2.670000e+00 -8.784499e-04
2.675000e+00 -2.610907e-03
2.680000e+00 -4.020771e-03
2.685000e+00 -5.350975e-03
2.690000e+00 -6.667213e-03
2.695000e+00 -7.942121e-03
2.700000e+00 -8.890050e-03
2.705000e+00 -9.287119e-03
2.710000e+00 -9.117256e-03
2.715000e+00 -8.422764e-03
2.720000e+00 -7.611064e-03
2.725000e+00 -6.728476e-03
2.730000e+00 -5.760316e-03
2.735000e+00 -4.462849e-03
2.740000e+00 -2.700657e-03
2.745000e+00 -7.489428e-04
2.750000e+00 1.244029e-03
2.755000e+00 2.984027e-03
2.760000e+00 4.503157e-03
2.765000e+00 5.923570e-03
2.770000e+00 7.137413e-03
2.775000e+00 8.173266e-03
2.780000e+00 8.927283e-03
2.785000e+00 9.262697e-03
2.790000e+00 9.226444e-03
2.795000e+00 8.765288e-03
2.800000e+00 7.928068e-03
2.805000e+00 6.748612e-03
2.810000e+00 5.316952e-03
2.815000e+00 3.832032e-03
2.820000e+00 2.199078e-03
2.825000e+00 3.177872e-04
2.830000e+00 -1.725324e-03
2.835000e+00 -3.598970e-03
2.840000e+00 -5.136755e-03
2.845000e+00 -6.493280e-03
2.850000e+00 -7.649580e-03
2.855000e+00 -8.638398e-03
2.860000e+00 -9.378333e-03
2.865000e+00 -9.470242e-03
2.870000e+00 -9.070457e-03
2.875000e+00 -8.469360e-03
2.880000e+00 -7.646776e-03
2.885000e+00 -6.584856e-03
2.890000e+00 -5.144746e-03
2.895000e+00 -3.336433e-03
2.900000e+00 -1.357844e-03
2.905000e+00 5.296452e-04
2.910000e+00 2.158310e-03
2.915000e+00 3.816095e-03
2.920000e+00 5.645736e-03
2.925000e+00 7.273622e-03
2.930000e+00 8.338268e-03
2.935000e+00 8.808867e-03
2.940000e+00 9.236953e-03
2.945000e+00 9.619447e-03
2.950000e+00 9.348135e-03
2.955000e+00 8.458239e-03
2.960000e+00 7.391446e-03
2.965000e+00 6.185487e-03
2.970000e+00 4.521337e-03
2.975000e+00 2.698938e-03
2.980000e+00 9.500125e-04
2.985000e+00 -9.162976e-04
2.990000e+00 -2.878982e-03
2.995000e+00 -4.761681e-03
3 -6.273783e-03
