T X
0 0
5.000000e-03 -1.808453e-09
1.000000e-02 3.814300e-08
1.500000e-02 5.405862e-07
2.000000e-02 4.810660e-06
2.500000e-02 3.036880e-05
3.000000e-02 1.415095e-04
3.500000e-02 5.024217e-04
4.000000e-02 1.385405e-03
4.500000e-02 3.004557e-03
5.000000e-02 5.182725e-03
5.500000e-02 7.244034e-03
6.000000e-02 8.555753e-03
6.500000e-02 9.229323e-03
7.000000e-02 9.822678e-03
7.500000e-02 1.030656e-02
8.000000e-02 1.013968e-02
8.500000e-02 9.376571e-03
9.000000e-02 8.489634e-03
9.500000e-02 7.319480e-03
1.000000e-01 5.615925e-03
1.050000e-01 3.795066e-03
1.100000e-01 2.000968e-03
1.150000e-01 -4.835738e-05
1.200000e-01 -2.077391e-03
1.250000e-01 -3.854742e-03
1.300000e-01 -5.652456e-03
1.350000e-01 -7.295676e-03
1.400000e-01 -8.560959e-03
1.450000e-01 -9.623419e-03
1.500000e-01 -1.023676e-02
1.550000e-01 -1.027270e-02
1.600000e-01 -1.002514e-02
1.650000e-01 -9.377338e-03
1.700000e-01 -8.345475e-03
1.750000e-01 -7.085795e-03
1.800000e-01 -5.393456e-03
1.850000e-01 -3.472872e-03
1.900000e-01 -1.547518e-03
1.950000e-01 5.224388e-04
2.000000e-01 2.568833e-03
2.050000e-01 4.517785e-03
2.100000e-01 6.304852e-03
2.150000e-01 7.729144e-03
2.200000e-01 8.930338e-03
2.250000e-01 9.818943e-03
2.300000e-01 1.024586e-02
2.350000e-01 1.030491e-02
2.400000e-01 9.930256e-03
2.450000e-01 9.187504e-03
2.500000e-01 8.050822e-03
2.550000e-01 6.529167e-03
2.600000e-01 4.867659e-03
2.650000e-01 2.982495e-03
2.700000e-01 9.127172e-04
2.750000e-01 -1.136460e-03
2.800000e-01 -3.131331e-03
2.850000e-01 -5.012250e-03
2.900000e-01 -6.751897e-03
2.950000e-01 -8.167898e-03
3.000000e-01 -9.233600e-03
3.050000e-01 -1.002602e-02
3.100000e-01 -1.032908e-02
3.150000e-01 -1.019985e-02
3.200000e-01 -9.744014e-03
3.250000e-01 -8.885052e-03
3.300000e-01 -7.646213e-03
3.350000e-01 -6.103977e-03
3.400000e-01 -4.355609e-03
3.450000e-01 -2.383087e-03
3.500000e-01 -3.260020e-04
3.550000e-01 1.705465e-03
3.600000e-01 3.739426e-03
3.650000e-01 5.575403e-03
3.700000e-01 7.168972e-03
3.750000e-01 8.516035e-03
3.800000e-01 9.503927e-03
3.850000e-01 1.011820e-02
3.900000e-01 1.033429e-02
3.950000e-01 1.016091e-02
4.000000e-01 9.550201e-03
4.050000e-01 8.541317e-03
4.100000e-01 7.232728e-03
4.150000e-01 5.608104e-03
4.200000e-01 3.766379e-03
4.250000e-01 1.781680e-03
4.300000e-01 -2.783236e-04
4.350000e-01 -2.302058e-03
4.400000e-01 -4.260227e-03
4.450000e-01 -6.056011e-03
4.500000e-01 -7.595089e-03
4.550000e-01 -8.852170e-03
4.600000e-01 -9.749756e-03
4.650000e-01 -1.023371e-02
4.700000e-01 -1.031413e-02
4.750000e-01 -9.993729e-03
4.800000e-01 -9.281446e-03
4.850000e-01 -8.191879e-03
4.900000e-01 -6.788661e-03
4.950000e-01 -5.103699e-03
5.000000e-01 -3.218928e-03
5.050000e-01 -1.206460e-03
5.100000e-01 8.932336e-04
5.150000e-01 2.903156e-03
5.200000e-01 4.823277e-03
5.250000e-01 6.560425e-03
5.300000e-01 7.984114e-03
5.350000e-01 9.131117e-03
5.400000e-01 9.907924e-03
5.450000e-01 1.029944e-02
5.500000e-01 1.028467e-02
5.550000e-01 9.846379e-03
5.600000e-01 9.009033e-03
5.650000e-01 7.808049e-03
5.700000e-01 6.313962e-03
5.750000e-01 4.555456e-03
5.800000e-01 2.615209e-03
5.850000e-01 5.794552e-04
5.900000e-01 -1.462550e-03
5.950000e-01 -3.461622e-03
6.000000e-01 -5.342241e-03
6.050000e-01 -6.987919e-03
6.100000e-01 -8.376076e-03
6.150000e-01 -9.427574e-03
6.200000e-01 -1.007031e-02
6.250000e-01 -1.031459e-02
6.300000e-01 -1.015443e-02
6.350000e-01 -9.603801e-03
6.400000e-01 -8.647896e-03
6.450000e-01 -7.366444e-03
6.500000e-01 -5.818661e-03
6.550000e-01 -3.993519e-03
6.600000e-01 -2.038485e-03
6.650000e-01 -9.734732e-07
6.700000e-01 2.074006e-03
6.750000e-01 4.031226e-03
6.800000e-01 5.829075e-03
6.850000e-01 7.401711e-03
6.900000e-01 8.676087e-03
6.950000e-01 9.616043e-03
7.000000e-01 1.018134e-02
7.050000e-01 1.034406e-02
7.100000e-01 1.006636e-02
7.150000e-01 9.405412e-03
7.200000e-01 8.361836e-03
7.250000e-01 6.962828e-03
7.300000e-01 5.312148e-03
7.350000e-01 3.440601e-03
7.400000e-01 1.443055e-03
7.450000e-01 -6.094072e-04
7.500000e-01 -2.648620e-03
7.550000e-01 -4.576701e-03
7.600000e-01 -6.330654e-03
7.650000e-01 -7.842465e-03
7.700000e-01 -9.034358e-03
7.750000e-01 -9.859523e-03
7.800000e-01 -1.027888e-02
7.850000e-01 -1.028525e-02
7.900000e-01 -9.916084e-03
7.950000e-01 -9.127817e-03
8.000000e-01 -7.968886e-03
8.050000e-01 -6.525287e-03
8.100000e-01 -4.797102e-03
8.150000e-01 -2.878137e-03
8.200000e-01 -8.496880e-04
8.250000e-01 1.227116e-03
8.300000e-01 3.250916e-03
8.350000e-01 5.137915e-03
8.400000e-01 6.800213e-03
8.450000e-01 8.198967e-03
8.500000e-01 9.292937e-03
8.550000e-01 1.000134e-02
8.600000e-01 1.032067e-02
8.650000e-01 1.023847e-02
8.700000e-01 9.725726e-03
8.750000e-01 8.831253e-03
8.800000e-01 7.591186e-03
8.850000e-01 6.037136e-03
8.900000e-01 4.232395e-03
8.950000e-01 2.285237e-03
9.000000e-01 2.509982e-04
9.050000e-01 -1.811493e-03
9.100000e-01 -3.783396e-03
9.150000e-01 -5.627924e-03
9.200000e-01 -7.255451e-03
9.250000e-01 -8.581127e-03
9.300000e-01 -9.557409e-03
9.350000e-01 -1.015020e-02
9.400000e-01 -1.034570e-02
9.450000e-01 -1.011393e-02
9.500000e-01 -9.490103e-03
9.550000e-01 -8.495821e-03
9.600000e-01 -7.162277e-03
9.650000e-01 -5.541685e-03
9.700000e-01 -3.699433e-03
9.750000e-01 -1.699886e-03
9.800000e-01 3.679058e-04
9.850000e-01 2.420309e-03
9.900000e-01 4.376275e-03
9.950000e-01 6.134265e-03
1 7.660795e-03
1.005000e+00 8.870138e-03
1.010000e+00 9.755049e-03
1.015000e+00 1.024858e-02
1.020000e+00 1.030718e-02
1.025000e+00 1.000109e-02
1.030000e+00 9.247635e-03
1.035000e+00 8.137728e-03
1.040000e+00 6.722714e-03
1.045000e+00 5.001363e-03
1.050000e+00 3.112569e-03
1.055000e+00 1.097992e-03
1.060000e+00 -9.495691e-04
1.065000e+00 -2.978077e-03
1.070000e+00 -4.893227e-03
1.075000e+00 -6.597719e-03
1.080000e+00 -8.082861e-03
1.085000e+00 -9.195209e-03
1.090000e+00 -9.944940e-03
1.095000e+00 -1.031831e-02
1.100000e+00 -1.025514e-02
1.105000e+00 -9.807125e-03
1.110000e+00 -8.946846e-03
1.115000e+00 -7.754988e-03
1.120000e+00 -6.252515e-03
1.125000e+00 -4.483054e-03
1.130000e+00 -2.551482e-03
1.135000e+00 -4.945921e-04
1.140000e+00 1.582452e-03
1.145000e+00 3.585968e-03
1.150000e+00 5.436318e-03
1.155000e+00 7.096881e-03
1.160000e+00 8.475788e-03
1.165000e+00 9.488680e-03
1.170000e+00 1.011187e-02
1.175000e+00 1.020624e-02
1.180000e+00 9.683658e-03
1.185000e+00 8.476037e-03
1.190000e+00 6.497541e-03
1.195000e+00 3.802401e-03
1.200000e+00 5.083778e-04
1.205000e+00 -3.124589e-03
1.210000e+00 -6.734830e-03
1.215000e+00 -1.000530e-02
1.220000e+00 -1.263395e-02
1.225000e+00 -1.454264e-02
1.230000e+00 -1.577385e-02
1.235000e+00 -1.640586e-02
1.240000e+00 -1.656905e-02
1.245000e+00 -1.620769e-02
1.250000e+00 -1.518132e-02
1.255000e+00 -1.330757e-02
1.260000e+00 -1.048284e-02
1.265000e+00 -6.797170e-03
1.270000e+00 -2.461615e-03
1.275000e+00 2.234292e-03
1.280000e+00 7.110086e-03
1.285000e+00 1.198652e-02
1.290000e+00 1.659547e-02
1.295000e+00 2.062272e-02
1.300000e+00 2.363452e-02
1.305000e+00 2.532418e-02
1.310000e+00 2.572125e-02
1.315000e+00 2.507253e-02
1.320000e+00 2.368831e-02
1.325000e+00 2.172076e-02
1.330000e+00 1.905275e-02
1.335000e+00 1.551588e-02
1.340000e+00 1.109708e-02
1.345000e+00 6.063598e-03
1.350000e+00 8.476290e-04
1.355000e+00 -4.234782e-03
1.360000e+00 -9.014207e-03
1.365000e+00 -1.345478e-02
1.370000e+00 -1.752592e-02
1.375000e+00 -2.104494e-02
1.380000e+00 -2.373741e-02
1.385000e+00 -2.544287e-02
1.390000e+00 -2.607731e-02
1.395000e+00 -2.557309e-02
1.400000e+00 -2.400177e-02
1.405000e+00 -2.147162e-02
1.410000e+00 -1.816388e-02
1.415000e+00 -1.425565e-02
1.420000e+00 -9.804430e-03
1.425000e+00 -4.899669e-03
1.430000e+00 3.089875e-04
1.435000e+00 5.571416e-03
1.440000e+00 1.054709e-02
1.445000e+00 1.494286e-02
1.450000e+00 1.869153e-02
1.455000e+00 2.189063e-02
1.460000e+00 2.442802e-02
1.465000e+00 2.581714e-02
1.470000e+00 2.582617e-02
1.475000e+00 2.494937e-02
1.480000e+00 2.348802e-02
1.485000e+00 2.102728e-02
1.490000e+00 1.735696e-02
1.495000e+00 1.296572e-02
1.500000e+00 8.307426e-03
1.505000e+00 3.361929e-03
1.510000e+00 -1.800196e-03
1.515000e+00 -6.875287e-03
1.520000e+00 -1.175826e-02
1.525000e+00 -1.627316e-02
1.530000e+00 -1.998035e-02
1.535000e+00 -2.275789e-02
1.540000e+00 -2.475993e-02
1.545000e+00 -2.587549e-02
1.550000e+00 -2.593961e-02
1.555000e+00 -2.497547e-02
1.560000e+00 -2.290417e-02
1.565000e+00 -1.980068e-02
1.570000e+00 -1.608780e-02
1.575000e+00 -1.189157e-02
1.580000e+00 -7.084233e-03
1.585000e+00 -1.825218e-03
1.590000e+00 3.493066e-03
1.595000e+00 8.496881e-03
1.600000e+00 1.307006e-02
1.605000e+00 1.729298e-02
1.610000e+00 2.102715e-02
1.615000e+00 2.373588e-02
1.620000e+00 2.524729e-02
1.625000e+00 2.599434e-02
1.630000e+00 2.584908e-02
1.635000e+00 2.443644e-02
1.640000e+00 2.203750e-02
1.645000e+00 1.893295e-02
1.650000e+00 1.506181e-02
1.655000e+00 1.043820e-02
1.660000e+00 5.381798e-03
1.665000e+00 2.586549e-04
1.670000e+00 -4.863309e-03
1.675000e+00 -9.919997e-03
1.680000e+00 -1.458300e-02
1.685000e+00 -1.854588e-02
1.690000e+00 -2.180855e-02
1.695000e+00 -2.428152e-02
1.700000e+00 -2.567531e-02
1.705000e+00 -2.612744e-02
1.710000e+00 -2.563818e-02
1.715000e+00 -2.389802e-02
1.720000e+00 -2.119208e-02
1.725000e+00 -1.786203e-02
1.730000e+00 -1.376406e-02
1.735000e+00 -8.967959e-03
1.740000e+00 -3.886813e-03
1.745000e+00 1.263614e-03
1.750000e+00 6.418739e-03
1.755000e+00 1.136665e-02
1.760000e+00 1.584895e-02
1.765000e+00 1.968390e-02
1.770000e+00 2.271886e-02
1.775000e+00 2.481617e-02
1.780000e+00 2.598884e-02
1.785000e+00 2.615702e-02
1.790000e+00 2.511835e-02
1.795000e+00 2.316320e-02
1.800000e+00 2.046030e-02
1.805000e+00 1.672909e-02
1.810000e+00 1.228876e-02
1.815000e+00 7.564101e-03
1.820000e+00 2.424303e-03
1.825000e+00 -2.899417e-03
1.830000e+00 -7.956525e-03
1.835000e+00 -1.272303e-02
1.840000e+00 -1.706881e-02
1.845000e+00 -2.066984e-02
1.850000e+00 -2.340707e-02
1.855000e+00 -2.527910e-02
1.860000e+00 -2.616482e-02
1.865000e+00 -2.595838e-02
1.870000e+00 -2.471083e-02
1.875000e+00 -2.247243e-02
1.880000e+00 -1.936541e-02
1.885000e+00 -1.551425e-02
1.890000e+00 -1.096264e-02
1.895000e+00 -6.019652e-03
1.900000e+00 -9.287652e-04
1.905000e+00 4.341620e-03
1.910000e+00 9.429630e-03
1.915000e+00 1.402845e-02
1.920000e+00 1.821590e-02
1.925000e+00 2.164530e-02
1.930000e+00 2.408851e-02
1.935000e+00 2.571407e-02
1.940000e+00 2.626653e-02
1.945000e+00 2.567572e-02
1.950000e+00 2.419431e-02
1.955000e+00 2.174457e-02
1.960000e+00 1.832809e-02
1.965000e+00 1.424561e-02
1.970000e+00 9.625405e-03
1.975000e+00 4.532538e-03
1.980000e+00 -7.078193e-04
1.985000e+00 -5.880065e-03
1.990000e+00 -1.085096e-02
1.995000e+00 -1.538178e-02
2 -1.929096e-02
2.005000e+00 -2.244560e-02
2.010000e+00 -2.468469e-02
2.015000e+00 -2.599054e-02
2.020000e+00 -2.625008e-02
2.025000e+00 -2.538744e-02
2.030000e+00 -2.361787e-02
2.035000e+00 -2.084170e-02
2.040000e+00 -1.717683e-02
2.045000e+00 -1.296180e-02
2.050000e+00 -8.161879e-03
2.055000e+00 -3.014222e-03
2.060000e+00 2.178589e-03
2.065000e+00 7.367198e-03
2.070000e+00 1.223434e-02
2.075000e+00 1.656934e-02
2.080000e+00 2.034720e-02
2.085000e+00 2.324673e-02
2.090000e+00 2.516928e-02
2.095000e+00 2.617598e-02
2.100000e+00 2.608538e-02
2.105000e+00 2.495361e-02
2.110000e+00 2.291147e-02
2.115000e+00 1.988075e-02
2.120000e+00 1.603925e-02
2.125000e+00 1.164012e-02
2.130000e+00 6.716807e-03
2.135000e+00 1.490105e-03
2.140000e+00 -3.729570e-03
2.145000e+00 -8.816080e-03
2.150000e+00 -1.356395e-02
2.155000e+00 -1.775177e-02
2.160000e+00 -2.122709e-02
2.165000e+00 -2.387816e-02
2.170000e+00 -2.561844e-02
2.175000e+00 -2.626281e-02
2.180000e+00 -2.587760e-02
2.185000e+00 -2.452450e-02
2.190000e+00 -2.208966e-02
2.195000e+00 -1.881804e-02
2.200000e+00 -1.483227e-02
2.205000e+00 -1.018998e-02
2.210000e+00 -5.225573e-03
2.215000e+00 -1.614470e-05
2.220000e+00 5.238195e-03
2.225000e+00 1.021305e-02
2.230000e+00 1.484179e-02
2.235000e+00 1.886865e-02
2.240000e+00 2.209172e-02
2.245000e+00 2.450068e-02
2.250000e+00 2.590568e-02
2.255000e+00 2.622637e-02
2.260000e+00 2.556385e-02
2.265000e+00 2.388871e-02
2.270000e+00 2.123596e-02
2.275000e+00 1.776402e-02
2.280000e+00 1.355077e-02
2.285000e+00 8.797527e-03
2.290000e+00 3.713713e-03
2.295000e+00 -1.544473e-03
2.300000e+00 -6.709132e-03
2.305000e+00 -1.163185e-02
2.310000e+00 -1.607904e-02
2.315000e+00 -1.985042e-02
2.320000e+00 -2.290102e-02
2.325000e+00 -2.503075e-02
2.330000e+00 -2.617179e-02
2.335000e+00 -2.626737e-02
2.340000e+00 -2.531028e-02
2.345000e+00 -2.340329e-02
2.350000e+00 -2.047127e-02
2.355000e+00 -1.674273e-02
2.360000e+00 -1.238975e-02
2.365000e+00 -7.416509e-03
2.370000e+00 -2.204611e-03
2.375000e+00 3.097228e-03
2.380000e+00 8.352194e-03
2.385000e+00 1.319139e-02
2.390000e+00 1.750031e-02
2.395000e+00 2.101960e-02
2.400000e+00 2.352615e-02
2.405000e+00 2.498963e-02
2.410000e+00 2.515753e-02
2.415000e+00 2.398994e-02
2.420000e+00 2.155525e-02
2.425000e+00 1.780884e-02
2.430000e+00 1.301802e-02
2.435000e+00 7.495988e-03
2.440000e+00 1.510868e-03
2.445000e+00 -4.458993e-03
2.450000e+00 -1.005037e-02
2.455000e+00 -1.502883e-02
2.460000e+00 -1.921611e-02
2.465000e+00 -2.258641e-02
2.470000e+00 -2.506072e-02
2.475000e+00 -2.659105e-02
2.480000e+00 -2.709569e-02
2.485000e+00 -2.637809e-02
2.490000e+00 -2.430914e-02
2.495000e+00 -2.082371e-02
2.500000e+00 -1.597087e-02
2.505000e+00 -1.003146e-02
2.510000e+00 -3.435911e-03
2.515000e+00 3.386636e-03
2.520000e+00 1.003430e-02
2.525000e+00 1.612798e-02
2.530000e+00 2.141013e-02
2.535000e+00 2.577297e-02
2.540000e+00 2.905180e-02
2.545000e+00 3.117407e-02
2.550000e+00 3.205363e-02
2.555000e+00 3.166066e-02
2.560000e+00 3.016679e-02
2.565000e+00 2.754910e-02
2.570000e+00 2.396520e-02
2.575000e+00 1.949828e-02
2.580000e+00 1.405585e-02
2.585000e+00 7.928917e-03
2.590000e+00 1.310329e-03
2.595000e+00 -5.412897e-03
2.600000e+00 -1.173344e-02
2.605000e+00 -1.748957e-02
2.610000e+00 -2.244821e-02
2.615000e+00 -2.661313e-02
2.620000e+00 -2.994076e-02
2.625000e+00 -3.215549e-02
2.630000e+00 -3.305091e-02
2.635000e+00 -3.238897e-02
2.640000e+00 -3.025731e-02
2.645000e+00 -2.690584e-02
2.650000e+00 -2.268001e-02
2.655000e+00 -1.782373e-02
2.660000e+00 -1.228361e-02
2.665000e+00 -6.167094e-03
2.670000e+00 4.039058e-04
2.675000e+00 7.131835e-03
2.680000e+00 1.350063e-02
2.685000e+00 1.917126e-02
2.690000e+00 2.395715e-02
2.695000e+00 2.780085e-02
2.700000e+00 3.065389e-02
2.705000e+00 3.239951e-02
2.710000e+00 3.289619e-02
2.715000e+00 3.197730e-02
2.720000e+00 2.968708e-02
2.725000e+00 2.618743e-02
2.730000e+00 2.168437e-02
2.735000e+00 1.640661e-02
2.740000e+00 1.043347e-02
2.745000e+00 4.066214e-03
2.750000e+00 -2.454451e-03
2.755000e+00 -8.951958e-03
2.760000e+00 -1.506117e-02
2.765000e+00 -2.060592e-02
2.770000e+00 -2.533211e-02
2.775000e+00 -2.900547e-02
2.780000e+00 -3.152761e-02
2.785000e+00 -3.275949e-02
2.790000e+00 -3.272843e-02
2.795000e+00 -3.141642e-02
2.800000e+00 -2.883044e-02
2.805000e+00 -2.512407e-02
2.810000e+00 -2.038715e-02
2.815000e+00 -1.479642e-02
2.820000e+00 -8.635284e-03
2.825000e+00 -2.151638e-03
2.830000e+00 4.432877e-03
2.835000e+00 1.085451e-02
2.840000e+00 1.682506e-02
2.845000e+00 2.209187e-02
2.850000e+00 2.651193e-02
2.855000e+00 2.992339e-02
2.860000e+00 3.212366e-02
2.865000e+00 3.302425e-02
2.870000e+00 3.262102e-02
2.875000e+00 3.090149e-02
2.880000e+00 2.789734e-02
2.885000e+00 2.380606e-02
2.890000e+00 1.886397e-02
2.895000e+00 1.319177e-02
2.900000e+00 6.854915e-03
2.905000e+00 1.604002e-04
2.910000e+00 -6.435675e-03
2.915000e+00 -1.265609e-02
2.920000e+00 -1.840257e-02
2.925000e+00 -2.355063e-02
2.930000e+00 -2.781926e-02
2.935000e+00 -3.091090e-02
2.940000e+00 -3.262655e-02
2.945000e+00 -3.302267e-02
2.950000e+00 -3.224656e-02
2.955000e+00 -3.027883e-02
2.960000e+00 -2.705150e-02
2.965000e+00 -2.260409e-02
2.970000e+00 -1.719801e-02
2.975000e+00 -1.117700e-02
2.980000e+00 -4.859016e-03
2.985000e+00 1.595869e-03
2.990000e+00 8.202848e-03
2.995000e+00 1.465590e-02
3 2.034670e-02
