T X
0 0
5.000000e-03 -1.110108e-11
1.000000e-02 3.432508e-12
1.500000e-02 -5.748037e-11
2.000000e-02 -7.542546e-11
2.500000e-02 4.071171e-10
3.000000e-02 4.138528e-09
3.500000e-02 3.135110e-08
4.000000e-02 1.982586e-07
4.500000e-02 1.108170e-06
5.000000e-02 5.359481e-06
5.500000e-02 2.222125e-05
6.000000e-02 7.898769e-05
6.500000e-02 2.412271e-04
7.000000e-02 6.343184e-04
7.500000e-02 1.437868e-03
8.000000e-02 2.809532e-03
8.500000e-02 4.728993e-03
9.000000e-02 6.862065e-03
9.500000e-02 8.640737e-03
1.000000e-01 9.635136e-03
1.050000e-01 9.921101e-03
1.100000e-01 9.955552e-03
1.150000e-01 9.969227e-03
1.200000e-01 9.646499e-03
1.250000e-01 8.631757e-03
1.300000e-01 7.134983e-03
1.350000e-01 5.605763e-03
1.400000e-01 4.006234e-03
1.450000e-01 2.033076e-03
1.500000e-01 -1.226725e-04
1.550000e-01 -2.026517e-03
1.600000e-01 -3.774329e-03
1.650000e-01 -5.630263e-03
1.700000e-01 -7.313152e-03
1.750000e-01 -8.534479e-03
1.800000e-01 -9.517647e-03
1.850000e-01 -1.026443e-02
1.900000e-01 -1.038952e-02
1.950000e-01 -9.984682e-03
2.000000e-01 -9.377762e-03
2.050000e-01 -8.403584e-03
2.100000e-01 -6.990164e-03
2.150000e-01 -5.416848e-03
2.200000e-01 -3.601858e-03
2.250000e-01 -1.464281e-03
2.300000e-01 6.036819e-04
2.350000e-01 2.524116e-03
2.400000e-01 4.492424e-03
2.450000e-01 6.285644e-03
2.500000e-01 7.765311e-03
2.550000e-01 9.008806e-03
2.600000e-01 9.819180e-03
2.650000e-01 1.019885e-02
2.700000e-01 1.032247e-02
2.750000e-01 9.971769e-03
2.800000e-01 9.130771e-03
2.850000e-01 8.044195e-03
2.900000e-01 6.603934e-03
2.950000e-01 4.834933e-03
3.000000e-01 2.945259e-03
3.050000e-01 9.068487e-04
3.100000e-01 -1.151704e-03
3.150000e-01 -3.126667e-03
3.200000e-01 -5.079849e-03
3.250000e-01 -6.769333e-03
3.300000e-01 -8.132015e-03
3.350000e-01 -9.298661e-03
3.400000e-01 -1.003655e-02
3.450000e-01 -1.031475e-02
3.500000e-01 -1.026134e-02
3.550000e-01 -9.754521e-03
3.600000e-01 -8.864488e-03
3.650000e-01 -7.651319e-03
3.700000e-01 -6.095683e-03
3.750000e-01 -4.349638e-03
3.800000e-01 -2.384177e-03
3.850000e-01 -2.931245e-04
3.900000e-01 1.725937e-03
3.950000e-01 3.752093e-03
4.000000e-01 5.610695e-03
4.050000e-01 7.174935e-03
4.100000e-01 8.540090e-03
4.150000e-01 9.529752e-03
4.200000e-01 1.013498e-02
4.250000e-01 1.037002e-02
4.300000e-01 1.015050e-02
4.350000e-01 9.566653e-03
4.400000e-01 8.549326e-03
4.450000e-01 7.209689e-03
4.500000e-01 5.632594e-03
4.550000e-01 3.739471e-03
4.600000e-01 1.788586e-03
4.650000e-01 -2.640429e-04
4.700000e-01 -2.367044e-03
4.750000e-01 -4.258718e-03
4.800000e-01 -6.083564e-03
4.850000e-01 -7.641739e-03
4.900000e-01 -8.842246e-03
4.950000e-01 -9.768647e-03
5.000000e-01 -1.023595e-02
5.050000e-01 -1.034068e-02
5.100000e-01 -1.001343e-02
5.150000e-01 -9.280120e-03
5.200000e-01 -8.231299e-03
5.250000e-01 -6.752028e-03
5.300000e-01 -5.097686e-03
5.350000e-01 -3.220968e-03
5.400000e-01 -1.151306e-03
5.450000e-01 8.620232e-04
5.500000e-01 2.929078e-03
5.550000e-01 4.845409e-03
5.600000e-01 6.542260e-03
5.650000e-01 8.031240e-03
5.700000e-01 9.151789e-03
5.750000e-01 9.941492e-03
5.800000e-01 1.031162e-02
5.850000e-01 1.030568e-02
5.900000e-01 9.877831e-03
5.950000e-01 9.024905e-03
6.000000e-01 7.878170e-03
6.050000e-01 6.328550e-03
6.100000e-01 4.577136e-03
6.150000e-01 2.639808e-03
6.200000e-01 5.464791e-04
6.250000e-01 -1.476702e-03
6.300000e-01 -3.522372e-03
6.350000e-01 -5.388499e-03
6.400000e-01 -7.022644e-03
6.450000e-01 -8.425131e-03
6.500000e-01 -9.436657e-03
6.550000e-01 -1.010465e-02
6.600000e-01 -1.034599e-02
6.650000e-01 -1.018046e-02
6.700000e-01 -9.602791e-03
6.750000e-01 -8.654793e-03
6.800000e-01 -7.377475e-03
6.850000e-01 -5.770846e-03
6.900000e-01 -3.999702e-03
6.950000e-01 -2.016720e-03
7.000000e-01 3.744769e-05
7.050000e-01 2.068776e-03
7.100000e-01 4.057039e-03
7.150000e-01 5.842217e-03
7.200000e-01 7.436982e-03
7.250000e-01 8.697824e-03
7.300000e-01 9.625690e-03
7.350000e-01 1.020129e-02
7.400000e-01 1.033204e-02
7.450000e-01 1.007951e-02
7.500000e-01 9.408418e-03
7.550000e-01 8.361062e-03
7.600000e-01 6.965608e-03
7.650000e-01 5.310035e-03
7.700000e-01 3.438015e-03
7.750000e-01 1.420887e-03
7.800000e-01 -6.174609e-04
7.850000e-01 -2.671517e-03
7.900000e-01 -4.596275e-03
7.950000e-01 -6.355727e-03
8.000000e-01 -7.864784e-03
8.050000e-01 -9.045951e-03
8.100000e-01 -9.887665e-03
8.150000e-01 -1.028824e-02
8.200000e-01 -1.031744e-02
8.250000e-01 -9.926492e-03
8.300000e-01 -9.122395e-03
8.350000e-01 -7.985712e-03
8.400000e-01 -6.515993e-03
8.450000e-01 -4.783572e-03
8.500000e-01 -2.860465e-03
8.550000e-01 -8.309553e-04
8.600000e-01 1.257362e-03
8.650000e-01 3.263546e-03
8.700000e-01 5.141308e-03
8.750000e-01 6.832009e-03
8.800000e-01 8.221803e-03
8.850000e-01 9.311104e-03
8.900000e-01 1.001880e-02
8.950000e-01 1.034129e-02
9.000000e-01 1.023699e-02
9.050000e-01 9.723303e-03
9.100000e-01 8.843927e-03
9.150000e-01 7.578614e-03
9.200000e-01 6.032415e-03
9.250000e-01 4.245417e-03
9.300000e-01 2.286456e-03
9.350000e-01 2.337699e-04
9.400000e-01 -1.825619e-03
9.450000e-01 -3.811108e-03
9.500000e-01 -5.663398e-03
9.550000e-01 -7.264231e-03
9.600000e-01 -8.592439e-03
9.650000e-01 -9.577345e-03
9.700000e-01 -1.016569e-02
9.750000e-01 -1.036195e-02
9.800000e-01 -1.013759e-02
9.850000e-01 -9.507253e-03
9.900000e-01 -8.501641e-03
9.950000e-01 -7.157729e-03
1 -5.521497e-03
1.005000e+00 -3.683596e-03
1.010000e+00 -1.676921e-03
1.015000e+00 3.875532e-04
1.020000e+00 2.417507e-03
1.025000e+00 4.395774e-03
1.030000e+00 6.154420e-03
1.035000e+00 7.679960e-03
1.040000e+00 8.914874e-03
1.045000e+00 9.757046e-03
1.050000e+00 1.025826e-02
1.055000e+00 1.032234e-02
1.060000e+00 9.975826e-03
1.065000e+00 9.264915e-03
1.070000e+00 8.140002e-03
1.075000e+00 6.714547e-03
1.080000e+00 5.015933e-03
1.085000e+00 3.103867e-03
1.090000e+00 1.088321e-03
1.095000e+00 -9.815815e-04
1.100000e+00 -2.998441e-03
1.105000e+00 -4.904905e-03
1.110000e+00 -6.600023e-03
1.115000e+00 -8.031264e-03
1.120000e+00 -9.137207e-03
1.125000e+00 -9.868013e-03
1.130000e+00 -1.029476e-02
1.135000e+00 -1.042194e-02
1.140000e+00 -1.040021e-02
1.145000e+00 -1.035117e-02
1.150000e+00 -1.033593e-02
1.155000e+00 -1.043023e-02
1.160000e+00 -1.048666e-02
1.165000e+00 -1.033544e-02
1.170000e+00 -9.769808e-03
1.175000e+00 -8.598191e-03
1.180000e+00 -6.852120e-03
1.185000e+00 -4.669953e-03
1.190000e+00 -2.313333e-03
1.195000e+00 -6.470316e-05
1.200000e+00 2.010957e-03
1.205000e+00 3.927513e-03
1.210000e+00 5.758138e-03
1.215000e+00 7.578137e-03
1.220000e+00 9.227759e-03
1.225000e+00 1.046175e-02
1.230000e+00 1.113756e-02
1.235000e+00 1.119847e-02
1.240000e+00 1.077874e-02
1.245000e+00 1.008370e-02
1.250000e+00 9.090925e-03
1.255000e+00 7.779918e-03
1.260000e+00 6.053629e-03
1.265000e+00 3.920945e-03
1.270000e+00 1.673866e-03
1.275000e+00 -5.420738e-04
1.280000e+00 -2.564637e-03
1.285000e+00 -4.396692e-03
1.290000e+00 -6.057329e-03
1.295000e+00 -7.333759e-03
1.300000e+00 -7.957591e-03
1.305000e+00 -7.721165e-03
1.310000e+00 -6.668994e-03
1.315000e+00 -4.993688e-03
1.320000e+00 -3.002434e-03
1.325000e+00 -8.211812e-04
1.330000e+00 1.441175e-03
1.335000e+00 3.551351e-03
1.340000e+00 5.270982e-03
1.345000e+00 6.451324e-03
1.350000e+00 7.298219e-03
1.355000e+00 7.986761e-03
1.360000e+00 8.643371e-03
1.365000e+00 9.299161e-03
1.370000e+00 9.612056e-03
1.375000e+00 9.219328e-03
1.380000e+00 8.161444e-03
1.385000e+00 6.936902e-03
1.390000e+00 5.647836e-03
1.395000e+00 3.919622e-03
1.400000e+00 1.952979e-03
1.405000e+00 2.786699e-04
1.410000e+00 -1.348209e-03
1.415000e+00 -3.489773e-03
1.420000e+00 -5.670746e-03
1.425000e+00 -7.236172e-03
1.430000e+00 -8.316673e-03
1.435000e+00 -9.001740e-03
1.440000e+00 -9.306169e-03
1.445000e+00 -9.493227e-03
1.450000e+00 -9.472173e-03
1.455000e+00 -8.920463e-03
1.460000e+00 -7.951397e-03
1.465000e+00 -6.698586e-03
1.470000e+00 -5.041461e-03
1.475000e+00 -3.204854e-03
1.480000e+00 -1.468413e-03
1.485000e+00 4.004519e-04
1.490000e+00 2.352107e-03
1.495000e+00 4.144585e-03
1.500000e+00 5.876258e-03
1.505000e+00 7.329374e-03
1.510000e+00 8.339327e-03
1.515000e+00 9.136519e-03
1.520000e+00 9.630889e-03
1.525000e+00 9.682010e-03
1.530000e+00 9.374092e-03
1.535000e+00 8.594664e-03
1.540000e+00 7.401511e-03
1.545000e+00 6.135266e-03
1.550000e+00 4.679590e-03
1.555000e+00 2.870694e-03
1.560000e+00 8.921030e-04
1.565000e+00 -1.156565e-03
1.570000e+00 -3.038181e-03
1.575000e+00 -4.646238e-03
1.580000e+00 -6.188784e-03
1.585000e+00 -7.612452e-03
1.590000e+00 -8.740125e-03
1.595000e+00 -9.471282e-03
1.600000e+00 -9.642419e-03
1.605000e+00 -9.413417e-03
1.610000e+00 -9.043320e-03
1.615000e+00 -8.350417e-03
1.620000e+00 -7.241440e-03
1.625000e+00 -5.699599e-03
1.630000e+00 -3.856187e-03
1.635000e+00 -2.099112e-03
1.640000e+00 -3.624242e-04
1.645000e+00 1.536832e-03
1.650000e+00 3.512219e-03
1.655000e+00 5.349495e-03
1.660000e+00 6.754431e-03
1.665000e+00 7.806750e-03
1.670000e+00 8.822009e-03
1.675000e+00 9.521021e-03
1.680000e+00 9.602218e-03
1.685000e+00 9.340126e-03
1.690000e+00 8.820177e-03
1.695000e+00 7.958041e-03
1.700000e+00 6.683037e-03
1.705000e+00 5.063278e-03
1.710000e+00 3.452871e-03
1.715000e+00 1.711177e-03
1.720000e+00 -3.475931e-04
1.725000e+00 -2.296152e-03
1.730000e+00 -4.004761e-03
1.735000e+00 -5.584048e-03
1.740000e+00 -7.052372e-03
1.745000e+00 -8.281105e-03
1.750000e+00 -9.025670e-03
1.755000e+00 -9.467505e-03
1.760000e+00 -9.573701e-03
1.765000e+00 -9.157040e-03
1.770000e+00 -8.500257e-03
1.775000e+00 -7.569174e-03
1.780000e+00 -6.196493e-03
1.785000e+00 -4.554350e-03
1.790000e+00 -2.865028e-03
1.795000e+00 -1.086140e-03
1.800000e+00 9.425541e-04
1.805000e+00 2.864328e-03
1.810000e+00 4.505734e-03
1.815000e+00 6.088718e-03
1.820000e+00 7.467403e-03
1.825000e+00 8.480186e-03
1.830000e+00 9.147532e-03
1.835000e+00 9.478531e-03
1.840000e+00 9.444565e-03
1.845000e+00 8.996653e-03
1.850000e+00 8.231978e-03
1.855000e+00 7.069331e-03
1.860000e+00 5.585784e-03
1.865000e+00 4.083266e-03
1.870000e+00 2.309721e-03
1.875000e+00 3.465998e-04
1.880000e+00 -1.455992e-03
1.885000e+00 -3.257852e-03
1.890000e+00 -5.015051e-03
1.895000e+00 -6.502762e-03
1.900000e+00 -7.683708e-03
1.905000e+00 -8.630281e-03
1.910000e+00 -9.273440e-03
1.915000e+00 -9.408045e-03
1.920000e+00 -9.233318e-03
1.925000e+00 -8.794940e-03
1.930000e+00 -7.871561e-03
1.935000e+00 -6.669163e-03
1.940000e+00 -5.235778e-03
1.945000e+00 -3.541933e-03
1.950000e+00 -1.723180e-03
1.955000e+00 1.708584e-04
1.960000e+00 2.042539e-03
1.965000e+00 3.836787e-03
1.970000e+00 5.469487e-03
1.975000e+00 6.915978e-03
1.980000e+00 8.058941e-03
1.985000e+00 8.814925e-03
1.990000e+00 9.351333e-03
1.995000e+00 9.460473e-03
2 9.094246e-03
2.005000e+00 8.506317e-03
2.010000e+00 7.533859e-03
2.015000e+00 6.195970e-03
2.020000e+00 4.695734e-03
2.025000e+00 2.994359e-03
2.030000e+00 1.100428e-03
2.035000e+00 -7.797597e-04
2.040000e+00 -2.570576e-03
2.045000e+00 -4.388260e-03
2.050000e+00 -5.977912e-03
2.055000e+00 -7.238860e-03
2.060000e+00 -8.358709e-03
2.065000e+00 -9.074763e-03
2.070000e+00 -9.356048e-03
2.075000e+00 -9.404172e-03
2.080000e+00 -9.003511e-03
2.085000e+00 -8.183701e-03
2.090000e+00 -7.152375e-03
2.095000e+00 -5.784117e-03
2.100000e+00 -4.152261e-03
2.105000e+00 -2.418617e-03
2.110000e+00 -5.520198e-04
2.115000e+00 1.336506e-03
2.120000e+00 3.170607e-03
2.125000e+00 4.892992e-03
2.130000e+00 6.390469e-03
2.135000e+00 7.627620e-03
2.140000e+00 8.597332e-03
2.145000e+00 9.207324e-03
2.150000e+00 9.426535e-03
2.155000e+00 9.323151e-03
2.160000e+00 8.803547e-03
2.165000e+00 7.961552e-03
2.170000e+00 6.806061e-03
2.175000e+00 5.277505e-03
2.180000e+00 3.658306e-03
2.185000e+00 1.887024e-03
2.190000e+00 -5.135268e-05
2.195000e+00 -1.889637e-03
2.200000e+00 -3.679004e-03
2.205000e+00 -5.392250e-03
2.210000e+00 -6.809960e-03
2.215000e+00 -7.957103e-03
2.220000e+00 -8.868415e-03
2.225000e+00 -9.343105e-03
2.230000e+00 -9.446317e-03
2.235000e+00 -9.241512e-03
2.240000e+00 -8.579609e-03
2.245000e+00 -7.607302e-03
2.250000e+00 -6.408091e-03
2.255000e+00 -4.866743e-03
2.260000e+00 -3.141218e-03
2.265000e+00 -1.338827e-03
2.270000e+00 5.924869e-04
2.275000e+00 2.466595e-03
2.280000e+00 4.195306e-03
2.285000e+00 5.763048e-03
2.290000e+00 7.099219e-03
2.295000e+00 8.160056e-03
2.300000e+00 8.870552e-03
2.305000e+00 9.264421e-03
2.310000e+00 9.259202e-03
2.315000e+00 8.891325e-03
2.320000e+00 8.245087e-03
2.325000e+00 7.241004e-03
2.330000e+00 5.981314e-03
2.335000e+00 4.516328e-03
2.340000e+00 2.853413e-03
2.345000e+00 1.035054e-03
2.350000e+00 -8.576719e-04
2.355000e+00 -2.826336e-03
2.360000e+00 -4.849246e-03
2.365000e+00 -6.839235e-03
2.370000e+00 -8.923793e-03
2.375000e+00 -1.099861e-02
2.380000e+00 -1.300214e-02
2.385000e+00 -1.495625e-02
2.390000e+00 -1.653814e-02
2.395000e+00 -1.764159e-02
2.400000e+00 -1.807045e-02
2.405000e+00 -1.755620e-02
2.410000e+00 -1.614911e-02
2.415000e+00 -1.389040e-02
2.420000e+00 -1.098141e-02
2.425000e+00 -7.711071e-03
2.430000e+00 -4.288728e-03
2.435000e+00 -8.494838e-04
2.440000e+00 2.501833e-03
2.445000e+00 5.782189e-03
2.450000e+00 8.996407e-03
2.455000e+00 1.195200e-02
2.460000e+00 1.453290e-02
2.465000e+00 1.651642e-02
2.470000e+00 1.769041e-02
2.475000e+00 1.802643e-02
2.480000e+00 1.755471e-02
2.485000e+00 1.642683e-02
2.490000e+00 1.471727e-02
2.495000e+00 1.261042e-02
2.500000e+00 1.011090e-02
2.505000e+00 7.138394e-03
2.510000e+00 3.956412e-03
2.515000e+00 6.246724e-04
2.520000e+00 -2.577369e-03
2.525000e+00 -5.202422e-03
2.530000e+00 -7.237248e-03
2.535000e+00 -8.559413e-03
2.540000e+00 -9.197235e-03
2.545000e+00 -9.362888e-03
2.550000e+00 -8.935664e-03
2.555000e+00 -8.050722e-03
2.560000e+00 -6.863588e-03
2.565000e+00 -5.443699e-03
2.570000e+00 -4.129812e-03
2.575000e+00 -2.962206e-03
2.580000e+00 -1.755683e-03
2.585000e+00 -4.177865e-04
2.590000e+00 1.226980e-03
2.595000e+00 3.137422e-03
2.600000e+00 4.977543e-03
2.605000e+00 6.566224e-03
2.610000e+00 7.690569e-03
2.615000e+00 8.354234e-03
2.620000e+00 8.738426e-03
2.625000e+00 8.740359e-03
2.630000e+00 8.399786e-03
2.635000e+00 7.715398e-03
2.640000e+00 6.659075e-03
2.645000e+00 5.411595e-03
2.650000e+00 4.026570e-03
2.655000e+00 2.452678e-03
2.660000e+00 7.204174e-04
2.665000e+00 -1.122790e-03
2.670000e+00 -2.906788e-03
2.675000e+00 -4.389774e-03
2.680000e+00 -5.555412e-03
2.685000e+00 -6.521984e-03
2.690000e+00 -7.423078e-03
2.695000e+00 -8.260948e-03
2.700000e+00 -8.838150e-03
2.705000e+00 -8.860177e-03
2.710000e+00 -8.297497e-03
2.715000e+00 -7.309137e-03
2.720000e+00 -6.083043e-03
2.725000e+00 -4.849703e-03
2.730000e+00 -3.555317e-03
2.735000e+00 -2.059331e-03
2.740000e+00 -3.340117e-04
2.745000e+00 1.564230e-03
2.750000e+00 3.359807e-03
2.755000e+00 4.862152e-03
2.760000e+00 6.123867e-03
2.765000e+00 7.112585e-03
2.770000e+00 7.834080e-03
2.775000e+00 8.319587e-03
2.780000e+00 8.529937e-03
2.785000e+00 8.424438e-03
2.790000e+00 7.890420e-03
2.795000e+00 6.974309e-03
2.800000e+00 5.828078e-03
2.805000e+00 4.473306e-03
2.810000e+00 2.899632e-03
2.815000e+00 1.265670e-03
2.820000e+00 -3.081959e-04
2.825000e+00 -1.956485e-03
2.830000e+00 -3.662051e-03
2.835000e+00 -5.179921e-03
2.840000e+00 -6.355250e-03
2.845000e+00 -7.274769e-03
2.850000e+00 -7.957544e-03
2.855000e+00 -8.369808e-03
2.860000e+00 -8.515503e-03
2.865000e+00 -8.182816e-03
2.870000e+00 -7.430391e-03
2.875000e+00 -6.515278e-03
2.880000e+00 -5.413172e-03
2.885000e+00 -4.087100e-03
2.890000e+00 -2.553092e-03
2.895000e+00 -8.254248e-04
2.900000e+00 9.544339e-04
2.905000e+00 2.593337e-03
2.910000e+00 3.960704e-03
2.915000e+00 5.246738e-03
2.920000e+00 6.581793e-03
2.925000e+00 7.633576e-03
2.930000e+00 8.139698e-03
2.935000e+00 8.191905e-03
2.940000e+00 8.169925e-03
2.945000e+00 8.025486e-03
2.950000e+00 7.330669e-03
2.955000e+00 6.133680e-03
2.960000e+00 4.912277e-03
2.965000e+00 3.666080e-03
2.970000e+00 1.987242e-03
2.975000e+00 2.180124e-04
2.980000e+00 -1.304918e-03
2.985000e+00 -2.805047e-03
2.990000e+00 -4.354281e-03
2.995000e+00 -5.778926e-03
3 -6.865208e-03
