T X
0 0
5.000000e-03 1.805656e-07
1.000000e-02 8.257317e-07
1.500000e-02 2.008178e-06
2.000000e-02 3.682240e-06
2.500000e-02 5.781698e-06
3.000000e-02 8.201555e-06
3.500000e-02 1.080306e-05
4.000000e-02 1.345369e-05
4.500000e-02 1.604621e-05
5.000000e-02 1.847340e-05
5.500000e-02 2.062631e-05
6.000000e-02 2.238745e-05
6.500000e-02 2.365522e-05
7.000000e-02 2.434569e-05
7.500000e-02 2.440355e-05
8.000000e-02 2.378304e-05
8.500000e-02 2.242482e-05
9.000000e-02 2.024890e-05
9.500000e-02 1.718534e-05
1.000000e-01 1.325480e-05
1.050000e-01 8.615523e-06
1.100000e-01 3.558349e-06
1.150000e-01 -1.594456e-06
1.200000e-01 -6.596232e-06
1.250000e-01 -1.129844e-05
1.300000e-01 -1.556302e-05
1.350000e-01 -1.918439e-05
1.400000e-01 -2.195622e-05
1.450000e-01 -2.376020e-05
1.500000e-01 -2.458579e-05
1.550000e-01 -2.441785e-05
1.600000e-01 -2.322100e-05
1.650000e-01 -2.105811e-05
1.700000e-01 -1.805493e-05
1.750000e-01 -1.432354e-05
1.800000e-01 -9.988493e-06
1.850000e-01 -5.256884e-06
1.900000e-01 -3.562508e-07
1.950000e-01 4.543934e-06
2.000000e-01 9.268458e-06
2.050000e-01 1.360488e-05
2.100000e-01 1.736285e-05
2.150000e-01 2.039176e-05
2.200000e-01 2.255481e-05
2.250000e-01 2.378198e-05
2.300000e-01 2.406058e-05
2.350000e-01 2.338091e-05
2.400000e-01 2.174998e-05
2.450000e-01 1.922372e-05
2.500000e-01 1.591359e-05
2.550000e-01 1.196539e-05
2.600000e-01 7.563315e-06
2.650000e-01 2.886676e-06
2.700000e-01 -1.891098e-06
2.750000e-01 -6.584196e-06
2.800000e-01 -1.101286e-05
2.850000e-01 -1.498761e-05
2.900000e-01 -1.833008e-05
2.950000e-01 -2.090957e-05
3.000000e-01 -2.264951e-05
3.050000e-01 -2.349956e-05
3.100000e-01 -2.342400e-05
3.150000e-01 -2.240278e-05
3.200000e-01 -2.046132e-05
3.250000e-01 -1.769707e-05
3.300000e-01 -1.424160e-05
3.350000e-01 -1.023845e-05
3.400000e-01 -5.839569e-06
3.450000e-01 -1.205874e-06
3.500000e-01 3.487434e-06
3.550000e-01 8.037221e-06
3.600000e-01 1.224037e-05
3.650000e-01 1.593339e-05
3.700000e-01 1.898530e-05
3.750000e-01 2.129058e-05
3.800000e-01 2.275380e-05
3.850000e-01 2.330973e-05
3.900000e-01 2.292882e-05
3.950000e-01 2.162003e-05
4.000000e-01 1.945206e-05
4.050000e-01 1.651818e-05
4.100000e-01 1.293246e-05
4.150000e-01 8.830550e-06
4.200000e-01 4.372229e-06
4.250000e-01 -2.596627e-07
4.300000e-01 -4.881591e-06
4.350000e-01 -9.304361e-06
4.400000e-01 -1.334390e-05
4.450000e-01 -1.683991e-05
4.500000e-01 -1.966531e-05
4.550000e-01 -2.171742e-05
4.600000e-01 -2.291257e-05
4.650000e-01 -2.318772e-05
4.700000e-01 -2.252641e-05
4.750000e-01 -2.096193e-05
4.800000e-01 -1.856246e-05
4.850000e-01 -1.543782e-05
4.900000e-01 -1.170597e-05
4.950000e-01 -7.498390e-06
5.000000e-01 -2.971975e-06
5.050000e-01 1.682835e-06
5.100000e-01 6.253424e-06
5.150000e-01 1.055378e-05
5.200000e-01 1.442534e-05
5.250000e-01 1.773664e-05
5.300000e-01 2.035873e-05
5.350000e-01 2.216781e-05
5.400000e-01 2.307700e-05
5.450000e-01 2.304757e-05
5.500000e-01 2.209841e-05
5.550000e-01 2.028905e-05
5.600000e-01 1.768972e-05
5.650000e-01 1.437395e-05
5.700000e-01 1.046040e-05
5.750000e-01 6.115994e-06
5.800000e-01 1.533629e-06
5.850000e-01 -3.088067e-06
5.900000e-01 -7.574111e-06
5.950000e-01 -1.176990e-05
6.000000e-01 -1.551618e-05
6.050000e-01 -1.864408e-05
6.100000e-01 -2.101560e-05
6.150000e-01 -2.253135e-05
6.200000e-01 -2.314207e-05
6.250000e-01 -2.284688e-05
6.300000e-01 -2.165420e-05
6.350000e-01 -1.959813e-05
6.400000e-01 -1.674754e-05
6.450000e-01 -1.321362e-05
6.500000e-01 -9.152130e-06
6.550000e-01 -4.733881e-06
6.600000e-01 -1.351103e-07
6.650000e-01 4.469006e-06
6.700000e-01 8.904727e-06
6.750000e-01 1.299346e-05
6.800000e-01 1.655915e-05
6.850000e-01 1.945461e-05
6.900000e-01 2.156842e-05
6.950000e-01 2.281820e-05
7.000000e-01 2.316162e-05
7.050000e-01 2.259151e-05
7.100000e-01 2.112384e-05
7.150000e-01 1.880778e-05
7.200000e-01 1.573215e-05
7.250000e-01 1.202128e-05
7.300000e-01 7.837029e-06
7.350000e-01 3.347887e-06
7.400000e-01 -1.273639e-06
7.450000e-01 -5.847389e-06
7.500000e-01 -1.020006e-05
7.550000e-01 -1.415164e-05
7.600000e-01 -1.753215e-05
7.650000e-01 -2.019457e-05
7.700000e-01 -2.204060e-05
7.750000e-01 -2.301936e-05
7.800000e-01 -2.309841e-05
7.850000e-01 -2.226111e-05
7.900000e-01 -2.052013e-05
7.950000e-01 -1.794619e-05
8.000000e-01 -1.465314e-05
8.050000e-01 -1.078811e-05
8.100000e-01 -6.510862e-06
8.150000e-01 -1.972155e-06
8.200000e-01 2.664744e-06
8.250000e-01 7.215199e-06
8.300000e-01 1.147588e-05
8.350000e-01 1.525246e-05
8.400000e-01 1.840286e-05
8.450000e-01 2.083073e-05
8.500000e-01 2.244521e-05
8.550000e-01 2.317374e-05
8.600000e-01 2.297091e-05
8.650000e-01 2.182798e-05
8.700000e-01 1.980761e-05
8.750000e-01 1.701196e-05
8.800000e-01 1.355690e-05
8.850000e-01 9.565557e-06
8.900000e-01 5.174494e-06
8.950000e-01 5.593749e-07
9.000000e-01 -4.081073e-06
9.050000e-01 -8.545744e-06
9.100000e-01 -1.265423e-05
9.150000e-01 -1.625743e-05
9.200000e-01 -1.922658e-05
9.250000e-01 -2.143854e-05
9.300000e-01 -2.278951e-05
9.350000e-01 -2.322021e-05
9.400000e-01 -2.271562e-05
9.450000e-01 -2.130865e-05
9.500000e-01 -1.906222e-05
9.550000e-01 -1.606262e-05
9.600000e-01 -1.242100e-05
9.650000e-01 -8.276372e-06
9.700000e-01 -3.793394e-06
9.750000e-01 8.437301e-07
9.800000e-01 5.441301e-06
9.850000e-01 9.817723e-06
9.900000e-01 1.379864e-05
9.950000e-01 1.723544e-05
1 1.999210e-05
1.005000e+00 2.195021e-05
1.010000e+00 2.303028e-05
1.015000e+00 2.317975e-05
1.020000e+00 2.239824e-05
1.025000e+00 2.072993e-05
1.030000e+00 1.824924e-05
1.035000e+00 1.504959e-05
1.040000e+00 1.123867e-05
1.045000e+00 6.962964e-06
1.050000e+00 2.404599e-06
1.055000e+00 -2.238800e-06
1.060000e+00 -6.778851e-06
1.065000e+00 -1.104726e-05
1.070000e+00 -1.488938e-05
1.075000e+00 -1.815341e-05
1.080000e+00 -2.069441e-05
1.085000e+00 -2.239218e-05
1.090000e+00 -2.317489e-05
1.095000e+00 -2.303583e-05
1.100000e+00 -2.200113e-05
1.105000e+00 -2.010406e-05
1.110000e+00 -1.739700e-05
1.115000e+00 -1.397641e-05
1.120000e+00 -9.987463e-06
1.125000e+00 -5.609199e-06
1.130000e+00 -1.027743e-06
1.135000e+00 3.587605e-06
1.140000e+00 8.073164e-06
1.145000e+00 1.226036e-05
1.150000e+00 1.596500e-05
1.155000e+00 1.901551e-05
1.160000e+00 2.128886e-05
1.165000e+00 2.270931e-05
1.170000e+00 2.323650e-05
1.175000e+00 2.285083e-05
1.180000e+00 2.155357e-05
1.185000e+00 1.938393e-05
1.190000e+00 1.644063e-05
1.195000e+00 1.286430e-05
1.200000e+00 8.813229e-06
1.205000e+00 4.439822e-06
1.210000e+00 -1.208538e-07
1.215000e+00 -4.741960e-06
1.220000e+00 -9.314756e-06
1.225000e+00 -1.374634e-05
1.230000e+00 -1.795571e-05
1.235000e+00 -2.185967e-05
1.240000e+00 -2.535517e-05
1.245000e+00 -2.830970e-05
1.250000e+00 -3.056499e-05
1.255000e+00 -3.198156e-05
1.260000e+00 -3.247202e-05
1.265000e+00 -3.202371e-05
1.270000e+00 -3.069492e-05
1.275000e+00 -2.858414e-05
1.280000e+00 -2.580666e-05
1.285000e+00 -2.246407e-05
1.290000e+00 -1.863697e-05
1.295000e+00 -1.439809e-05
1.300000e+00 -9.817992e-06
1.305000e+00 -4.932278e-06
1.310000e+00 2.835428e-07
1.315000e+00 5.858578e-06
1.320000e+00 1.173801e-05
1.325000e+00 1.776003e-05
1.330000e+00 2.364711e-05
1.335000e+00 2.899183e-05
1.340000e+00 3.342256e-05
1.345000e+00 3.677396e-05
1.350000e+00 3.902203e-05
1.355000e+00 4.014637e-05
1.360000e+00 4.012533e-05
1.365000e+00 3.900104e-05
1.370000e+00 3.682110e-05
1.375000e+00 3.359173e-05
1.380000e+00 2.932400e-05
1.385000e+00 2.409253e-05
1.390000e+00 1.806104e-05
1.395000e+00 1.142209e-05
1.400000e+00 4.343681e-06
1.405000e+00 -3.006716e-06
1.410000e+00 -1.037690e-05
1.415000e+00 -1.741163e-05
1.420000e+00 -2.371224e-05
1.425000e+00 -2.892269e-05
1.430000e+00 -3.282486e-05
1.435000e+00 -3.534344e-05
1.440000e+00 -3.648442e-05
1.445000e+00 -3.626425e-05
1.450000e+00 -3.468720e-05
1.455000e+00 -3.176839e-05
1.460000e+00 -2.759127e-05
1.465000e+00 -2.234941e-05
1.470000e+00 -1.628024e-05
1.475000e+00 -9.579218e-06
1.480000e+00 -2.457051e-06
1.485000e+00 4.733043e-06
1.490000e+00 1.162290e-05
1.495000e+00 1.804554e-05
1.500000e+00 2.390808e-05
1.505000e+00 2.894000e-05
1.510000e+00 3.277462e-05
1.515000e+00 3.524212e-05
1.520000e+00 3.636039e-05
1.525000e+00 3.610807e-05
1.530000e+00 3.445428e-05
1.535000e+00 3.145787e-05
1.540000e+00 2.718474e-05
1.545000e+00 2.174860e-05
1.550000e+00 1.540673e-05
1.555000e+00 8.439438e-06
1.560000e+00 1.077617e-06
1.565000e+00 -6.406191e-06
1.570000e+00 -1.369685e-05
1.575000e+00 -2.049976e-05
1.580000e+00 -2.650252e-05
1.585000e+00 -3.139372e-05
1.590000e+00 -3.499025e-05
1.595000e+00 -3.719745e-05
1.600000e+00 -3.790306e-05
1.605000e+00 -3.703504e-05
1.610000e+00 -3.459348e-05
1.615000e+00 -3.066059e-05
1.620000e+00 -2.545871e-05
1.625000e+00 -1.925188e-05
1.630000e+00 -1.224931e-05
1.635000e+00 -4.718657e-06
1.640000e+00 2.966799e-06
1.645000e+00 1.046499e-05
1.650000e+00 1.750271e-05
1.655000e+00 2.377986e-05
1.660000e+00 2.900799e-05
1.665000e+00 3.298817e-05
1.670000e+00 3.559845e-05
1.675000e+00 3.678002e-05
1.680000e+00 3.647770e-05
1.685000e+00 3.468967e-05
1.690000e+00 3.153881e-05
1.695000e+00 2.717878e-05
1.700000e+00 2.178872e-05
1.705000e+00 1.561156e-05
1.710000e+00 8.886761e-06
1.715000e+00 1.849717e-06
1.720000e+00 -5.202450e-06
1.725000e+00 -1.197194e-05
1.730000e+00 -1.821919e-05
1.735000e+00 -2.371655e-05
1.740000e+00 -2.825972e-05
1.745000e+00 -3.170473e-05
1.750000e+00 -3.394309e-05
1.755000e+00 -3.488903e-05
1.760000e+00 -3.450380e-05
1.765000e+00 -3.281103e-05
1.770000e+00 -2.989215e-05
1.775000e+00 -2.586035e-05
1.780000e+00 -2.086394e-05
1.785000e+00 -1.507226e-05
1.790000e+00 -8.670360e-06
1.795000e+00 -1.918039e-06
1.800000e+00 4.913860e-06
1.805000e+00 1.159758e-05
1.810000e+00 1.787444e-05
1.815000e+00 2.348714e-05
1.820000e+00 2.824055e-05
1.825000e+00 3.195661e-05
1.830000e+00 3.446432e-05
1.835000e+00 3.565202e-05
1.840000e+00 3.546574e-05
1.845000e+00 3.389462e-05
1.850000e+00 3.098582e-05
1.855000e+00 2.684029e-05
1.860000e+00 2.159643e-05
1.865000e+00 1.542828e-05
1.870000e+00 8.569954e-06
1.875000e+00 1.292982e-06
1.880000e+00 -6.106046e-06
1.885000e+00 -1.331270e-05
1.890000e+00 -2.005656e-05
1.895000e+00 -2.607267e-05
1.900000e+00 -3.108367e-05
1.905000e+00 -3.487236e-05
1.910000e+00 -3.726356e-05
1.915000e+00 -3.813092e-05
1.920000e+00 -3.745155e-05
1.925000e+00 -3.525182e-05
1.930000e+00 -3.159611e-05
1.935000e+00 -2.661275e-05
1.940000e+00 -2.047063e-05
1.945000e+00 -1.342358e-05
1.950000e+00 -5.792175e-06
1.955000e+00 2.104079e-06
1.960000e+00 9.948103e-06
1.965000e+00 1.742870e-05
1.970000e+00 2.423048e-05
1.975000e+00 3.004173e-05
1.980000e+00 3.460176e-05
1.985000e+00 3.771892e-05
1.990000e+00 3.926850e-05
1.995000e+00 3.920109e-05
2 3.752230e-05
2.005000e+00 3.428199e-05
2.010000e+00 2.959785e-05
2.015000e+00 2.367453e-05
2.020000e+00 1.678335e-05
2.025000e+00 9.215115e-06
2.030000e+00 1.281828e-06
2.035000e+00 -6.698902e-06
2.040000e+00 -1.440277e-05
2.045000e+00 -2.148810e-05
2.050000e+00 -2.765593e-05
2.055000e+00 -3.264987e-05
2.060000e+00 -3.626376e-05
2.065000e+00 -3.837213e-05
2.070000e+00 -3.890166e-05
2.075000e+00 -3.783195e-05
2.080000e+00 -3.521450e-05
2.085000e+00 -3.116954e-05
2.090000e+00 -2.587583e-05
2.095000e+00 -1.956215e-05
2.100000e+00 -1.249429e-05
2.105000e+00 -4.967649e-06
2.110000e+00 2.714930e-06
2.115000e+00 1.024673e-05
2.120000e+00 1.731678e-05
2.125000e+00 2.363903e-05
2.130000e+00 2.895667e-05
2.135000e+00 3.305829e-05
2.140000e+00 3.579129e-05
2.145000e+00 3.707457e-05
2.150000e+00 3.687859e-05
2.155000e+00 3.520810e-05
2.160000e+00 3.213782e-05
2.165000e+00 2.780492e-05
2.170000e+00 2.240533e-05
2.175000e+00 1.617229e-05
2.180000e+00 9.356301e-06
2.185000e+00 2.221601e-06
2.190000e+00 -4.969495e-06
2.195000e+00 -1.192905e-05
2.200000e+00 -1.836505e-05
2.205000e+00 -2.402022e-05
2.210000e+00 -2.867946e-05
2.215000e+00 -3.219116e-05
2.220000e+00 -3.444192e-05
2.225000e+00 -3.533167e-05
2.230000e+00 -3.482158e-05
2.235000e+00 -3.294393e-05
2.240000e+00 -2.978987e-05
2.245000e+00 -2.551456e-05
2.250000e+00 -2.029277e-05
2.255000e+00 -1.431249e-05
2.260000e+00 -7.791227e-06
2.265000e+00 -9.814273e-07
2.270000e+00 5.838259e-06
2.275000e+00 1.239317e-05
2.280000e+00 1.843109e-05
2.285000e+00 2.374359e-05
2.290000e+00 2.814152e-05
2.295000e+00 3.144440e-05
2.300000e+00 3.351122e-05
2.305000e+00 3.426084e-05
2.310000e+00 3.367956e-05
2.315000e+00 3.180840e-05
2.320000e+00 2.872447e-05
2.325000e+00 2.453929e-05
2.330000e+00 1.941338e-05
2.335000e+00 1.353413e-05
2.340000e+00 7.126725e-06
2.345000e+00 4.573830e-07
2.350000e+00 -6.225384e-06
2.355000e+00 -1.267292e-05
2.360000e+00 -1.863890e-05
2.365000e+00 -2.390057e-05
2.370000e+00 -2.823849e-05
2.375000e+00 -3.147902e-05
2.380000e+00 -3.350260e-05
2.385000e+00 -3.421890e-05
2.390000e+00 -3.360108e-05
2.395000e+00 -3.168421e-05
2.400000e+00 -2.853670e-05
2.405000e+00 -2.427564e-05
2.410000e+00 -1.905310e-05
2.415000e+00 -1.306451e-05
2.420000e+00 -6.558955e-06
2.425000e+00 2.077985e-07
2.430000e+00 6.976038e-06
2.435000e+00 1.348646e-05
2.440000e+00 1.948938e-05
2.445000e+00 2.474944e-05
2.450000e+00 2.905216e-05
2.455000e+00 3.220931e-05
2.460000e+00 3.409228e-05
2.465000e+00 3.464387e-05
2.470000e+00 3.385698e-05
2.475000e+00 3.174419e-05
2.480000e+00 2.836597e-05
2.485000e+00 2.385465e-05
2.490000e+00 1.839726e-05
2.495000e+00 1.223403e-05
2.500000e+00 5.612435e-06
2.505000e+00 -1.237043e-06
2.510000e+00 -8.087788e-06
2.515000e+00 -1.473044e-05
2.520000e+00 -2.097231e-05
2.525000e+00 -2.662847e-05
2.530000e+00 -3.154963e-05
2.535000e+00 -3.562864e-05
2.540000e+00 -3.875153e-05
2.545000e+00 -4.078922e-05
2.550000e+00 -4.162131e-05
2.555000e+00 -4.117938e-05
2.560000e+00 -3.947634e-05
2.565000e+00 -3.659280e-05
2.570000e+00 -3.266413e-05
2.575000e+00 -2.786116e-05
2.580000e+00 -2.237783e-05
2.585000e+00 -1.641182e-05
2.590000e+00 -1.015502e-05
2.595000e+00 -3.784503e-06
2.600000e+00 2.565216e-06
2.605000e+00 8.810500e-06
2.610000e+00 1.489372e-05
2.615000e+00 2.073854e-05
2.620000e+00 2.622804e-05
2.625000e+00 3.119817e-05
2.630000e+00 3.544332e-05
2.635000e+00 3.872399e-05
2.640000e+00 4.081052e-05
2.645000e+00 4.155492e-05
2.650000e+00 4.091607e-05
2.655000e+00 3.896944e-05
2.660000e+00 3.586762e-05
2.665000e+00 3.179177e-05
2.670000e+00 2.693444e-05
2.675000e+00 2.146339e-05
2.680000e+00 1.550672e-05
2.685000e+00 9.178946e-06
2.690000e+00 2.624332e-06
2.695000e+00 -3.980453e-06
2.700000e+00 -1.044509e-05
2.705000e+00 -1.655556e-05
2.710000e+00 -2.206983e-05
2.715000e+00 -2.674477e-05
2.720000e+00 -3.035964e-05
2.725000e+00 -3.272123e-05
2.730000e+00 -3.367800e-05
2.735000e+00 -3.315816e-05
2.740000e+00 -3.121874e-05
2.745000e+00 -2.803022e-05
2.750000e+00 -2.380445e-05
2.755000e+00 -1.874384e-05
2.760000e+00 -1.302314e-05
2.765000e+00 -6.806802e-06
2.770000e+00 -2.959713e-07
2.775000e+00 6.254287e-06
2.780000e+00 1.257292e-05
2.785000e+00 1.839498e-05
2.790000e+00 2.346439e-05
2.795000e+00 2.755672e-05
2.800000e+00 3.051261e-05
2.805000e+00 3.222939e-05
2.810000e+00 3.263355e-05
2.815000e+00 3.172296e-05
2.820000e+00 2.955497e-05
2.825000e+00 2.618969e-05
2.830000e+00 2.172843e-05
2.835000e+00 1.638424e-05
2.840000e+00 1.046278e-05
2.845000e+00 4.216911e-06
2.850000e+00 -2.186821e-06
2.855000e+00 -8.537317e-06
2.860000e+00 -1.455320e-05
2.865000e+00 -1.997823e-05
2.870000e+00 -2.461307e-05
2.875000e+00 -2.828061e-05
2.880000e+00 -3.082514e-05
2.885000e+00 -3.212620e-05
2.890000e+00 -3.211765e-05
2.895000e+00 -3.081550e-05
2.900000e+00 -2.831410e-05
2.905000e+00 -2.471822e-05
2.910000e+00 -2.011588e-05
2.915000e+00 -1.465431e-05
2.920000e+00 -8.572281e-06
2.925000e+00 -2.151464e-06
2.930000e+00 4.342487e-06
2.935000e+00 1.065605e-05
2.940000e+00 1.654854e-05
2.945000e+00 2.180956e-05
2.950000e+00 2.620567e-05
2.955000e+00 2.948874e-05
2.960000e+00 3.148888e-05
2.965000e+00 3.219659e-05
2.970000e+00 3.168672e-05
2.975000e+00 2.993680e-05
2.980000e+00 2.688477e-05
2.985000e+00 2.266173e-05
2.990000e+00 1.758844e-05
2.995000e+00 1.192510e-05
3 5.805111e-06
