T X
0 0
5.000000e-03 1.837453e-12
1.000000e-02 5.941328e-11
1.500000e-02 2.060810e-10
2.000000e-02 3.331865e-10
2.500000e-02 -5.749034e-11
3.000000e-02 -1.906190e-09
3.500000e-02 -4.320636e-09
4.000000e-02 4.083860e-09
4.500000e-02 6.200450e-08
5.000000e-02 2.454493e-07
5.500000e-02 6.481196e-07
6.000000e-02 1.336720e-06
6.500000e-02 2.326017e-06
7.000000e-02 3.604535e-06
7.500000e-02 5.159709e-06
8.000000e-02 6.963166e-06
8.500000e-02 8.974667e-06
9.000000e-02 1.116708e-05
9.500000e-02 1.348160e-05
1.000000e-01 1.578031e-05
1.050000e-01 1.794260e-05
1.100000e-01 1.993256e-05
1.150000e-01 2.168580e-05
1.200000e-01 2.306278e-05
1.250000e-01 2.391973e-05
1.300000e-01 2.410374e-05
1.350000e-01 2.345343e-05
1.400000e-01 2.184993e-05
1.450000e-01 1.920431e-05
1.500000e-01 1.551072e-05
1.550000e-01 1.094449e-05
1.600000e-01 5.782032e-06
1.650000e-01 2.875427e-07
1.700000e-01 -5.331119e-06
1.750000e-01 -1.091118e-05
1.800000e-01 -1.621407e-05
1.850000e-01 -2.092693e-05
1.900000e-01 -2.479459e-05
1.950000e-01 -2.766009e-05
2.000000e-01 -2.943600e-05
2.050000e-01 -3.002281e-05
2.100000e-01 -2.933030e-05
2.150000e-01 -2.739247e-05
2.200000e-01 -2.431409e-05
2.250000e-01 -2.018626e-05
2.300000e-01 -1.512979e-05
2.350000e-01 -9.369659e-06
2.400000e-01 -3.191657e-06
2.450000e-01 3.187620e-06
2.500000e-01 9.555464e-06
2.550000e-01 1.558768e-05
2.600000e-01 2.096121e-05
2.650000e-01 2.547441e-05
2.700000e-01 2.899386e-05
2.750000e-01 3.135965e-05
2.800000e-01 3.242487e-05
2.850000e-01 3.212801e-05
2.900000e-01 3.047486e-05
2.950000e-01 2.754647e-05
3.000000e-01 2.349731e-05
3.050000e-01 1.847657e-05
3.100000e-01 1.262856e-05
3.150000e-01 6.202742e-06
3.200000e-01 -4.749150e-07
3.250000e-01 -7.128296e-06
3.300000e-01 -1.351071e-05
3.350000e-01 -1.936760e-05
3.400000e-01 -2.446720e-05
3.450000e-01 -2.858199e-05
3.500000e-01 -3.150466e-05
3.550000e-01 -3.312987e-05
3.600000e-01 -3.341813e-05
3.650000e-01 -3.234369e-05
3.700000e-01 -2.995202e-05
3.750000e-01 -2.633959e-05
3.800000e-01 -2.163076e-05
3.850000e-01 -1.603138e-05
3.900000e-01 -9.791436e-06
3.950000e-01 -3.148867e-06
4.000000e-01 3.627094e-06
4.050000e-01 1.026018e-05
4.100000e-01 1.650941e-05
4.150000e-01 2.209969e-05
4.200000e-01 2.678105e-05
4.250000e-01 3.038745e-05
4.300000e-01 3.276686e-05
4.350000e-01 3.382253e-05
4.400000e-01 3.353199e-05
4.450000e-01 3.188210e-05
4.500000e-01 2.892281e-05
4.550000e-01 2.479771e-05
4.600000e-01 1.968132e-05
4.650000e-01 1.378099e-05
4.700000e-01 7.327057e-06
4.750000e-01 5.600581e-07
4.800000e-01 -6.243605e-06
4.850000e-01 -1.279783e-05
4.900000e-01 -1.883593e-05
4.950000e-01 -2.411349e-05
5.000000e-01 -2.843958e-05
5.050000e-01 -3.164597e-05
5.100000e-01 -3.357375e-05
5.150000e-01 -3.414394e-05
5.200000e-01 -3.333662e-05
5.250000e-01 -3.119361e-05
5.300000e-01 -2.781930e-05
5.350000e-01 -2.332600e-05
5.400000e-01 -1.787875e-05
5.450000e-01 -1.170706e-05
5.500000e-01 -5.067824e-06
5.550000e-01 1.761749e-06
5.600000e-01 8.524054e-06
5.650000e-01 1.496965e-05
5.700000e-01 2.083194e-05
5.750000e-01 2.586607e-05
5.800000e-01 2.985481e-05
5.850000e-01 3.264159e-05
5.900000e-01 3.413878e-05
5.950000e-01 3.427974e-05
6.000000e-01 3.305101e-05
6.050000e-01 3.049125e-05
6.100000e-01 2.668422e-05
6.150000e-01 2.181110e-05
6.200000e-01 1.608831e-05
6.250000e-01 9.724077e-06
6.300000e-01 2.958574e-06
6.350000e-01 -3.947763e-06
6.400000e-01 -1.071269e-05
6.450000e-01 -1.704109e-05
6.500000e-01 -2.267220e-05
6.550000e-01 -2.740777e-05
6.600000e-01 -3.107912e-05
6.650000e-01 -3.352059e-05
6.700000e-01 -3.461417e-05
6.750000e-01 -3.430668e-05
6.800000e-01 -3.261250e-05
6.850000e-01 -2.962807e-05
6.900000e-01 -2.548248e-05
6.950000e-01 -2.030885e-05
7.000000e-01 -1.429849e-05
7.050000e-01 -7.705380e-06
7.100000e-01 -8.051285e-07
7.150000e-01 6.112368e-06
7.200000e-01 1.278086e-05
7.250000e-01 1.896443e-05
7.300000e-01 2.441535e-05
7.350000e-01 2.889209e-05
7.400000e-01 3.220340e-05
7.450000e-01 3.422524e-05
7.500000e-01 3.488617e-05
7.550000e-01 3.416632e-05
7.600000e-01 3.208557e-05
7.650000e-01 2.870652e-05
7.700000e-01 2.416495e-05
7.750000e-01 1.865814e-05
7.800000e-01 1.241701e-05
7.850000e-01 5.682502e-06
7.900000e-01 -1.291189e-06
7.950000e-01 -8.226847e-06
8.000000e-01 -1.484098e-05
8.050000e-01 -2.085976e-05
8.100000e-01 -2.604002e-05
8.150000e-01 -3.019318e-05
8.200000e-01 -3.315959e-05
8.250000e-01 -3.480424e-05
8.300000e-01 -3.505277e-05
8.350000e-01 -3.389264e-05
8.400000e-01 -3.137288e-05
8.450000e-01 -2.760953e-05
8.500000e-01 -2.275264e-05
8.550000e-01 -1.697465e-05
8.600000e-01 -1.050135e-05
8.650000e-01 -3.604339e-06
8.700000e-01 3.428680e-06
8.750000e-01 1.031637e-05
8.800000e-01 1.679650e-05
8.850000e-01 2.262640e-05
8.900000e-01 2.757146e-05
8.950000e-01 3.141232e-05
9.000000e-01 3.398705e-05
9.050000e-01 3.520390e-05
9.100000e-01 3.502529e-05
9.150000e-01 3.346487e-05
9.200000e-01 3.056855e-05
9.250000e-01 2.642879e-05
9.300000e-01 2.121783e-05
9.350000e-01 1.516495e-05
9.400000e-01 8.521652e-06
9.450000e-01 1.542535e-06
9.500000e-01 -5.511298e-06
9.550000e-01 -1.236332e-05
9.600000e-01 -1.872986e-05
9.650000e-01 -2.433907e-05
9.700000e-01 -2.896489e-05
9.750000e-01 -3.244621e-05
9.800000e-01 -3.465484e-05
9.850000e-01 -3.548830e-05
9.900000e-01 -3.489960e-05
9.950000e-01 -3.290228e-05
1 -2.958242e-05
1.005000e+00 -2.509396e-05
1.010000e+00 -1.961484e-05
1.015000e+00 -1.334477e-05
1.020000e+00 -6.524937e-06
1.025000e+00 5.629385e-07
1.030000e+00 7.622000e-06
1.035000e+00 1.437020e-05
1.040000e+00 2.054207e-05
1.045000e+00 2.590826e-05
1.050000e+00 3.026174e-05
1.055000e+00 3.340465e-05
1.060000e+00 3.520451e-05
1.065000e+00 3.560062e-05
1.070000e+00 3.458388e-05
1.075000e+00 3.219718e-05
1.080000e+00 2.852463e-05
1.085000e+00 2.369822e-05
1.090000e+00 1.791207e-05
1.095000e+00 1.141741e-05
1.100000e+00 4.479399e-06
1.105000e+00 -2.640337e-06
1.110000e+00 -9.664135e-06
1.115000e+00 -1.631539e-05
1.120000e+00 -2.232019e-05
1.125000e+00 -2.742035e-05
1.130000e+00 -3.142586e-05
1.135000e+00 -3.419894e-05
1.140000e+00 -3.562706e-05
1.145000e+00 -3.562868e-05
1.150000e+00 -3.417288e-05
1.155000e+00 -3.129821e-05
1.160000e+00 -2.712328e-05
1.165000e+00 -2.185411e-05
1.170000e+00 -1.575322e-05
1.175000e+00 -9.154072e-06
1.180000e+00 -2.451577e-06
1.185000e+00 3.958984e-06
1.190000e+00 9.741222e-06
1.195000e+00 1.468605e-05
1.200000e+00 1.869181e-05
1.205000e+00 2.167588e-05
1.210000e+00 2.350526e-05
1.215000e+00 2.401764e-05
1.220000e+00 2.308227e-05
1.225000e+00 2.065181e-05
1.230000e+00 1.686017e-05
1.235000e+00 1.198232e-05
1.240000e+00 6.242892e-06
1.245000e+00 -1.577963e-07
1.250000e+00 -6.890604e-06
1.255000e+00 -1.360078e-05
1.260000e+00 -1.998764e-05
1.265000e+00 -2.564472e-05
1.270000e+00 -3.017188e-05
1.275000e+00 -3.344181e-05
1.280000e+00 -3.546064e-05
1.285000e+00 -3.617370e-05
1.290000e+00 -3.553250e-05
1.295000e+00 -3.351682e-05
1.300000e+00 -3.016156e-05
1.305000e+00 -2.559615e-05
1.310000e+00 -1.995229e-05
1.315000e+00 -1.342138e-05
1.320000e+00 -6.335593e-06
1.325000e+00 9.458505e-07
1.330000e+00 8.139126e-06
1.335000e+00 1.506911e-05
1.340000e+00 2.162615e-05
1.345000e+00 2.765806e-05
1.350000e+00 3.295305e-05
1.355000e+00 3.731432e-05
1.360000e+00 4.058801e-05
1.365000e+00 4.268340e-05
1.370000e+00 4.352896e-05
1.375000e+00 4.303794e-05
1.380000e+00 4.119138e-05
1.385000e+00 3.805795e-05
1.390000e+00 3.377707e-05
1.395000e+00 2.853325e-05
1.400000e+00 2.252794e-05
1.405000e+00 1.597063e-05
1.410000e+00 9.083776e-06
1.415000e+00 2.157621e-06
1.420000e+00 -4.460090e-06
1.425000e+00 -1.047959e-05
1.430000e+00 -1.577058e-05
1.435000e+00 -2.027826e-05
1.440000e+00 -2.392241e-05
1.445000e+00 -2.664704e-05
1.450000e+00 -2.839550e-05
1.455000e+00 -2.911151e-05
1.460000e+00 -2.879165e-05
1.465000e+00 -2.745010e-05
1.470000e+00 -2.511191e-05
1.475000e+00 -2.183529e-05
1.480000e+00 -1.773451e-05
1.485000e+00 -1.295613e-05
1.490000e+00 -7.656145e-06
1.495000e+00 -2.034238e-06
1.500000e+00 3.696780e-06
1.505000e+00 9.314899e-06
1.510000e+00 1.457382e-05
1.515000e+00 1.928191e-05
1.520000e+00 2.329228e-05
1.525000e+00 2.646098e-05
1.530000e+00 2.867539e-05
1.535000e+00 2.982890e-05
1.540000e+00 2.981941e-05
1.545000e+00 2.861368e-05
1.550000e+00 2.625648e-05
1.555000e+00 2.279226e-05
1.560000e+00 1.829569e-05
1.565000e+00 1.293746e-05
1.570000e+00 6.935273e-06
1.575000e+00 5.535750e-07
1.580000e+00 -5.913148e-06
1.585000e+00 -1.217608e-05
1.590000e+00 -1.794457e-05
1.595000e+00 -2.294367e-05
1.600000e+00 -2.694600e-05
1.605000e+00 -2.977527e-05
1.610000e+00 -3.130894e-05
1.615000e+00 -3.151323e-05
1.620000e+00 -3.040737e-05
1.625000e+00 -2.803103e-05
1.630000e+00 -2.448205e-05
1.635000e+00 -1.994409e-05
1.640000e+00 -1.465421e-05
1.645000e+00 -8.840872e-06
1.650000e+00 -2.726602e-06
1.655000e+00 3.472164e-06
1.660000e+00 9.500454e-06
1.665000e+00 1.506569e-05
1.670000e+00 1.994509e-05
1.675000e+00 2.399752e-05
1.680000e+00 2.711221e-05
1.685000e+00 2.915821e-05
1.690000e+00 3.002207e-05
1.695000e+00 2.967111e-05
1.700000e+00 2.816650e-05
1.705000e+00 2.560037e-05
1.710000e+00 2.204887e-05
1.715000e+00 1.764031e-05
1.720000e+00 1.254487e-05
1.725000e+00 6.953678e-06
1.730000e+00 1.072270e-06
1.735000e+00 -4.850991e-06
1.740000e+00 -1.053705e-05
1.745000e+00 -1.579204e-05
1.750000e+00 -2.045349e-05
1.755000e+00 -2.431618e-05
1.760000e+00 -2.718653e-05
1.765000e+00 -2.893786e-05
1.770000e+00 -2.951307e-05
1.775000e+00 -2.891023e-05
1.780000e+00 -2.717648e-05
1.785000e+00 -2.437117e-05
1.790000e+00 -2.057530e-05
1.795000e+00 -1.594181e-05
1.800000e+00 -1.070275e-05
1.805000e+00 -5.088258e-06
1.810000e+00 7.082549e-07
1.815000e+00 6.471927e-06
1.820000e+00 1.196654e-05
1.825000e+00 1.695037e-05
1.830000e+00 2.120868e-05
1.835000e+00 2.458118e-05
1.840000e+00 2.695514e-05
1.845000e+00 2.824908e-05
1.850000e+00 2.841399e-05
1.855000e+00 2.745926e-05
1.860000e+00 2.543943e-05
1.865000e+00 2.243271e-05
1.870000e+00 1.857474e-05
1.875000e+00 1.405976e-05
1.880000e+00 9.053866e-06
1.885000e+00 3.720735e-06
1.890000e+00 -1.720818e-06
1.895000e+00 -7.046508e-06
1.900000e+00 -1.205174e-05
1.905000e+00 -1.656521e-05
1.910000e+00 -2.043555e-05
1.915000e+00 -2.351202e-05
1.920000e+00 -2.568254e-05
1.925000e+00 -2.687059e-05
1.930000e+00 -2.703559e-05
1.935000e+00 -2.620346e-05
1.940000e+00 -2.443016e-05
1.945000e+00 -2.175419e-05
1.950000e+00 -1.825804e-05
1.955000e+00 -1.410162e-05
1.960000e+00 -9.436048e-06
1.965000e+00 -4.418945e-06
1.970000e+00 7.701411e-07
1.975000e+00 5.968701e-06
1.980000e+00 1.099478e-05
1.985000e+00 1.564883e-05
1.990000e+00 1.974001e-05
1.995000e+00 2.311223e-05
2 2.566863e-05
2.005000e+00 2.730911e-05
2.010000e+00 2.792521e-05
2.015000e+00 2.748424e-05
2.020000e+00 2.599890e-05
2.025000e+00 2.349972e-05
2.030000e+00 2.008546e-05
2.035000e+00 1.588737e-05
2.040000e+00 1.100888e-05
2.045000e+00 5.587533e-06
2.050000e+00 -1.470409e-07
2.055000e+00 -5.949896e-06
2.060000e+00 -1.160936e-05
2.065000e+00 -1.691033e-05
2.070000e+00 -2.164212e-05
2.075000e+00 -2.560562e-05
2.080000e+00 -2.860489e-05
2.085000e+00 -3.049072e-05
2.090000e+00 -3.116258e-05
2.095000e+00 -3.058174e-05
2.100000e+00 -2.877235e-05
2.105000e+00 -2.576405e-05
2.110000e+00 -2.163672e-05
2.115000e+00 -1.654641e-05
2.120000e+00 -1.069948e-05
2.125000e+00 -4.331352e-06
2.130000e+00 2.305533e-06
2.135000e+00 8.946419e-06
2.140000e+00 1.533187e-05
2.145000e+00 2.117058e-05
2.150000e+00 2.618811e-05
2.155000e+00 3.016895e-05
2.160000e+00 3.292465e-05
2.165000e+00 3.432161e-05
2.170000e+00 3.428245e-05
2.175000e+00 3.278314e-05
2.180000e+00 2.987361e-05
2.185000e+00 2.566631e-05
2.190000e+00 2.033743e-05
2.195000e+00 1.411719e-05
2.200000e+00 7.239380e-06
2.205000e+00 -1.899746e-08
2.210000e+00 -7.322302e-06
2.215000e+00 -1.435313e-05
2.220000e+00 -2.081662e-05
2.225000e+00 -2.644156e-05
2.230000e+00 -3.097959e-05
2.235000e+00 -3.420434e-05
2.240000e+00 -3.596522e-05
2.245000e+00 -3.618344e-05
2.250000e+00 -3.484974e-05
2.255000e+00 -3.202817e-05
2.260000e+00 -2.783632e-05
2.265000e+00 -2.245151e-05
2.270000e+00 -1.608983e-05
2.275000e+00 -9.020565e-06
2.280000e+00 -1.587325e-06
2.285000e+00 5.878661e-06
2.290000e+00 1.309894e-05
2.295000e+00 1.977831e-05
2.300000e+00 2.561643e-05
2.305000e+00 3.034157e-05
2.310000e+00 3.374241e-05
2.315000e+00 3.569869e-05
2.320000e+00 3.613719e-05
2.325000e+00 3.503705e-05
2.330000e+00 3.245842e-05
2.335000e+00 2.851029e-05
2.340000e+00 2.334394e-05
2.345000e+00 1.721429e-05
2.350000e+00 1.043081e-05
2.355000e+00 3.267041e-06
2.360000e+00 -3.995784e-06
2.365000e+00 -1.105069e-05
2.370000e+00 -1.759248e-05
2.375000e+00 -2.333739e-05
2.380000e+00 -2.805018e-05
2.385000e+00 -3.155459e-05
2.390000e+00 -3.373474e-05
2.395000e+00 -3.451646e-05
2.400000e+00 -3.384993e-05
2.405000e+00 -3.176235e-05
2.410000e+00 -2.837761e-05
2.415000e+00 -2.384920e-05
2.420000e+00 -1.837731e-05
2.425000e+00 -1.220868e-05
2.430000e+00 -5.600203e-06
2.435000e+00 1.159356e-06
2.440000e+00 7.790620e-06
2.445000e+00 1.403220e-05
2.450000e+00 1.964487e-05
2.455000e+00 2.444894e-05
2.460000e+00 2.825321e-05
2.465000e+00 3.085587e-05
2.470000e+00 3.210694e-05
2.475000e+00 3.188786e-05
2.480000e+00 3.012769e-05
2.485000e+00 2.682094e-05
2.490000e+00 2.202931e-05
2.495000e+00 1.591864e-05
2.500000e+00 8.762798e-06
2.505000e+00 9.277479e-07
2.510000e+00 -7.191678e-06
2.515000e+00 -1.526726e-05
2.520000e+00 -2.300888e-05
2.525000e+00 -3.015473e-05
2.530000e+00 -3.651290e-05
2.535000e+00 -4.188827e-05
2.540000e+00 -4.605367e-05
2.545000e+00 -4.879443e-05
2.550000e+00 -4.990531e-05
2.555000e+00 -4.922472e-05
2.560000e+00 -4.668095e-05
2.565000e+00 -4.235049e-05
2.570000e+00 -3.645276e-05
2.575000e+00 -2.920823e-05
2.580000e+00 -2.086705e-05
2.585000e+00 -1.174774e-05
2.590000e+00 -2.223127e-06
2.595000e+00 7.276086e-06
2.600000e+00 1.634665e-05
2.605000e+00 2.462948e-05
2.610000e+00 3.188218e-05
2.615000e+00 3.795542e-05
2.620000e+00 4.265006e-05
2.625000e+00 4.571849e-05
2.630000e+00 4.694269e-05
2.635000e+00 4.626013e-05
2.640000e+00 4.382329e-05
2.645000e+00 3.991869e-05
2.650000e+00 3.487559e-05
2.655000e+00 2.901579e-05
2.660000e+00 2.260921e-05
2.665000e+00 1.585867e-05
2.670000e+00 8.934049e-06
2.675000e+00 2.047439e-06
2.680000e+00 -4.509105e-06
2.685000e+00 -1.044111e-05
2.690000e+00 -1.551816e-05
2.695000e+00 -1.956717e-05
2.700000e+00 -2.243964e-05
2.705000e+00 -2.402091e-05
2.710000e+00 -2.431985e-05
2.715000e+00 -2.343458e-05
2.720000e+00 -2.145106e-05
2.725000e+00 -1.845004e-05
2.730000e+00 -1.458780e-05
2.735000e+00 -1.010256e-05
2.740000e+00 -5.202035e-06
2.745000e+00 -1.160408e-07
2.750000e+00 4.841346e-06
2.755000e+00 9.434989e-06
2.760000e+00 1.358772e-05
2.765000e+00 1.722700e-05
2.770000e+00 2.020750e-05
2.775000e+00 2.244491e-05
2.780000e+00 2.393167e-05
2.785000e+00 2.458173e-05
2.790000e+00 2.425472e-05
2.795000e+00 2.292568e-05
2.800000e+00 2.068102e-05
2.805000e+00 1.764806e-05
2.810000e+00 1.396344e-05
2.815000e+00 9.697435e-06
2.820000e+00 4.902163e-06
2.825000e+00 -2.109403e-07
2.830000e+00 -5.285053e-06
2.835000e+00 -9.990081e-06
2.840000e+00 -1.408711e-05
2.845000e+00 -1.748180e-05
2.850000e+00 -2.017236e-05
2.855000e+00 -2.212404e-05
2.860000e+00 -2.328078e-05
2.865000e+00 -2.361536e-05
2.870000e+00 -2.313237e-05
2.875000e+00 -2.182130e-05
2.880000e+00 -1.973940e-05
2.885000e+00 -1.699473e-05
2.890000e+00 -1.364360e-05
2.895000e+00 -9.777072e-06
2.900000e+00 -5.546777e-06
2.905000e+00 -1.090251e-06
2.910000e+00 3.474504e-06
2.915000e+00 7.985781e-06
2.920000e+00 1.225265e-05
2.925000e+00 1.607996e-05
2.930000e+00 1.930431e-05
2.935000e+00 2.182883e-05
2.940000e+00 2.356797e-05
2.945000e+00 2.444785e-05
2.950000e+00 2.442417e-05
2.955000e+00 2.345299e-05
2.960000e+00 2.150453e-05
2.965000e+00 1.865981e-05
2.970000e+00 1.505679e-05
2.975000e+00 1.079574e-05
2.980000e+00 6.038615e-06
2.985000e+00 9.846991e-07
2.990000e+00 -4.158039e-06
2.995000e+00 -9.127526e-06
3 -1.368690e-05
