T X
0 0
5.000000e-03 -3.911085e-07
1.000000e-02 -3.382949e-06
1.500000e-02 -1.277116e-05
2.000000e-02 -2.866461e-05
2.500000e-02 -4.589500e-05
3.000000e-02 -6.139679e-05
3.500000e-02 -7.328143e-05
4.000000e-02 -7.086994e-05
4.500000e-02 -3.816703e-05
5.000000e-02 3.109994e-05
5.500000e-02 1.316818e-04
6.000000e-02 2.638893e-04
6.500000e-02 4.334043e-04
7.000000e-02 6.349029e-04
7.500000e-02 8.628273e-04
8.000000e-02 1.115777e-03
8.500000e-02 1.382225e-03
9.000000e-02 1.649068e-03
9.500000e-02 1.911336e-03
1.000000e-01 2.173619e-03
1.050000e-01 2.439391e-03
1.100000e-01 2.705714e-03
1.150000e-01 2.983750e-03
1.200000e-01 3.283372e-03
1.250000e-01 3.605867e-03
1.300000e-01 3.962732e-03
1.350000e-01 4.362545e-03
1.400000e-01 4.811721e-03
1.450000e-01 5.296368e-03
1.500000e-01 5.806177e-03
1.550000e-01 6.427154e-03
1.600000e-01 7.260701e-03
1.650000e-01 8.222027e-03
1.700000e-01 9.073472e-03
1.750000e-01 9.801378e-03
1.800000e-01 1.078807e-02
1.850000e-01 1.230148e-02
1.900000e-01 1.413207e-02
1.950000e-01 1.607204e-02
2.000000e-01 1.821728e-02
2.050000e-01 2.051884e-02
2.100000e-01 2.280579e-02
2.150000e-01 2.528079e-02
2.200000e-01 2.816922e-02
2.250000e-01 3.143829e-02
2.300000e-01 3.524066e-02
2.350000e-01 3.973934e-02
2.400000e-01 4.491699e-02
2.450000e-01 5.091946e-02
2.500000e-01 5.779488e-02
2.550000e-01 6.540347e-02
2.600000e-01 7.386174e-02
2.650000e-01 8.328528e-02
2.700000e-01 9.361813e-02
2.750000e-01 1.049727e-01
2.800000e-01 1.174553e-01
2.850000e-01 1.311388e-01
2.900000e-01 1.462673e-01
2.950000e-01 1.630570e-01
3.000000e-01 1.817720e-01
3.050000e-01 2.027838e-01
3.100000e-01 2.264112e-01
3.150000e-01 2.530693e-01
3.200000e-01 2.832567e-01
3.250000e-01 3.174571e-01
3.300000e-01 3.562080e-01
3.350000e-01 4.000484e-01
3.400000e-01 4.495483e-01
3.450000e-01 5.053932e-01
3.500000e-01 5.683121e-01
3.550000e-01 6.390611e-01
3.600000e-01 7.185066e-01
3.650000e-01 8.076197e-01
3.700000e-01 9.074641e-01
3.750000e-01 1.019233e+00
3.800000e-01 1.144255e+00
3.850000e-01 1.284076e+00
3.900000e-01 1.440436e+00
3.950000e-01 1.615219e+00
4.000000e-01 1.810621e+00
4.050000e-01 2.029146e+00
4.100000e-01 2.273600e+00
4.150000e-01 2.547227e+00
4.200000e-01 2.853663e+00
4.250000e-01 3.197014e+00
4.300000e-01 3.581894e+00
4.350000e-01 4.013455e+00
4.400000e-01 4.497493e+00
4.450000e-01 5.040491e+00
4.500000e-01 5.649815e+00
4.550000e-01 6.333760e+00
4.600000e-01 7.101533e+00
4.650000e-01 7.963376e+00
4.700000e-01 8.930692e+00
4.750000e-01 1.001634e+01
4.800000e-01 1.123474e+01
4.850000e-01 1.260194e+01
4.900000e-01 1.413597e+01
4.950000e-01 1.585710e+01
5.000000e-01 1.778791e+01
5.050000e-01 1.995365e+01
5.100000e-01 2.238270e+01
5.150000e-01 2.510688e+01
5.200000e-01 2.816189e+01
5.250000e-01 3.158774e+01
5.300000e-01 3.542930e+01
5.350000e-01 3.973696e+01
5.400000e-01 4.456722e+01
5.450000e-01 4.998342e+01
5.500000e-01 5.605664e+01
5.550000e-01 6.286665e+01
5.600000e-01 7.050295e+01
5.650000e-01 7.906596e+01
5.700000e-01 8.866827e+01
5.750000e-01 9.943622e+01
5.800000e-01 1.115115e+02
5.850000e-01 1.250531e+02
5.900000e-01 1.402394e+02
5.950000e-01 1.572702e+02
6.000000e-01 1.763698e+02
6.050000e-01 1.977897e+02
6.100000e-01 2.218117e+02
6.150000e-01 2.487524e+02
6.200000e-01 2.789662e+02
6.250000e-01 3.128508e+02
6.300000e-01 3.508522e+02
6.350000e-01 3.934705e+02
6.400000e-01 4.412664e+02
6.450000e-01 4.948690e+02
6.500000e-01 5.549833e+02
6.550000e-01 6.224003e+02
6.600000e-01 6.980072e+02
6.650000e-01 7.827984e+02
6.700000e-01 8.778891e+02
6.750000e-01 9.845306e+02
6.800000e-01 1.104126e+03
6.850000e-01 1.238247e+03
6.900000e-01 1.388661e+03
6.950000e-01 1.557344e+03
7.000000e-01 1.746516e+03
7.050000e-01 1.958666e+03
7.100000e-01 2.196585e+03
7.150000e-01 2.463403e+03
7.200000e-01 2.762630e+03
7.250000e-01 3.098204e+03
7.300000e-01 3.474539e+03
7.350000e-01 3.896587e+03
7.400000e-01 4.369900e+03
7.450000e-01 4.900706e+03
7.500000e-01 5.495989e+03
7.550000e-01 6.163581e+03
7.600000e-01 6.912266e+03
7.650000e-01 7.751894e+03
7.700000e-01 8.693513e+03
7.750000e-01 9.749510e+03
7.800000e-01 1.093378e+04
7.850000e-01 1.226191e+04
7.900000e-01 1.375136e+04
7.950000e-01 1.542174e+04
8.000000e-01 1.729502e+04
8.050000e-01 1.939585e+04
8.100000e-01 2.175187e+04
8.150000e-01 2.439407e+04
8.200000e-01 2.735723e+04
8.250000e-01 3.068031e+04
8.300000e-01 3.440706e+04
8.350000e-01 3.858650e+04
8.400000e-01 4.327361e+04
8.450000e-01 4.853006e+04
8.500000e-01 5.442502e+04
8.550000e-01 6.103604e+04
8.600000e-01 6.845010e+04
8.650000e-01 7.676474e+04
8.700000e-01 8.608937e+04
8.750000e-01 9.654666e+04
8.800000e-01 1.082742e+05
8.850000e-01 1.214263e+05
8.900000e-01 1.361759e+05
8.950000e-01 1.527173e+05
9.000000e-01 1.712678e+05
9.050000e-01 1.920718e+05
9.100000e-01 2.154028e+05
9.150000e-01 2.415678e+05
9.200000e-01 2.709111e+05
9.250000e-01 3.038187e+05
9.300000e-01 3.407236e+05
9.350000e-01 3.821114e+05
9.400000e-01 4.285265e+05
9.450000e-01 4.805797e+05
9.500000e-01 5.389558e+05
9.550000e-01 6.044229e+05
9.600000e-01 6.778423e+05
9.650000e-01 7.601799e+05
9.700000e-01 8.525192e+05
9.750000e-01 9.560748e+05
9.800000e-01 1.072209e+06
9.850000e-01 1.202451e+06
9.900000e-01 1.348513e+06
9.950000e-01 1.512317e+06
1 1.696019e+06
1.005000e+00 1.902034e+06
1.010000e+00 2.133075e+06
1.015000e+00 2.392180e+06
1.020000e+00 2.682759e+06
1.025000e+00 3.008634e+06
1.030000e+00 3.374093e+06
1.035000e+00 3.783945e+06
1.040000e+00 4.243582e+06
1.045000e+00 4.759051e+06
1.050000e+00 5.337134e+06
1.055000e+00 5.985436e+06
1.060000e+00 6.712489e+06
1.065000e+00 7.527856e+06
1.070000e+00 8.442266e+06
1.075000e+00 9.467750e+06
1.080000e+00 1.061780e+07
1.085000e+00 1.190755e+07
1.090000e+00 1.335396e+07
1.095000e+00 1.497607e+07
1.100000e+00 1.679521e+07
1.105000e+00 1.883533e+07
1.110000e+00 2.112326e+07
1.115000e+00 2.368911e+07
1.120000e+00 2.656663e+07
1.125000e+00 2.979369e+07
1.130000e+00 3.341273e+07
1.135000e+00 3.747139e+07
1.140000e+00 4.202304e+07
1.145000e+00 4.712759e+07
1.150000e+00 5.285219e+07
1.155000e+00 5.927216e+07
1.160000e+00 6.647196e+07
1.165000e+00 7.454632e+07
1.170000e+00 8.360148e+07
1.175000e+00 9.375657e+07
1.180000e+00 1.051452e+08
1.185000e+00 1.179172e+08
1.190000e+00 1.322406e+08
1.195000e+00 1.483039e+08
1.200000e+00 1.663185e+08
1.205000e+00 1.865212e+08
1.210000e+00 2.091780e+08
1.215000e+00 2.345869e+08
1.220000e+00 2.630822e+08
1.225000e+00 2.950388e+08
1.230000e+00 3.308773e+08
1.235000e+00 3.710690e+08
1.240000e+00 4.161428e+08
1.245000e+00 4.666918e+08
1.250000e+00 5.233810e+08
1.255000e+00 5.869562e+08
1.260000e+00 6.582539e+08
1.265000e+00 7.382121e+08
1.270000e+00 8.278829e+08
1.275000e+00 9.284460e+08
1.280000e+00 1.041225e+09
1.285000e+00 1.167702e+09
1.290000e+00 1.309543e+09
1.295000e+00 1.468614e+09
1.300000e+00 1.647007e+09
1.305000e+00 1.847069e+09
1.310000e+00 2.071433e+09
1.315000e+00 2.323050e+09
1.320000e+00 2.605232e+09
1.325000e+00 2.921690e+09
1.330000e+00 3.276588e+09
1.335000e+00 3.674596e+09
1.340000e+00 4.120950e+09
1.345000e+00 4.621523e+09
1.350000e+00 5.182900e+09
1.355000e+00 5.812468e+09
1.360000e+00 6.518510e+09
1.365000e+00 7.310315e+09
1.370000e+00 8.198301e+09
1.375000e+00 9.194150e+09
1.380000e+00 1.031097e+10
1.385000e+00 1.156344e+10
1.390000e+00 1.296805e+10
1.395000e+00 1.454329e+10
1.400000e+00 1.630986e+10
1.405000e+00 1.829103e+10
1.410000e+00 2.051284e+10
1.415000e+00 2.300454e+10
1.420000e+00 2.579891e+10
1.425000e+00 2.893271e+10
1.430000e+00 3.244717e+10
1.435000e+00 3.638853e+10
1.440000e+00 4.080866e+10
1.445000e+00 4.576569e+10
1.450000e+00 5.132486e+10
1.455000e+00 5.755930e+10
1.460000e+00 6.455104e+10
1.465000e+00 7.239207e+10
1.470000e+00 8.118556e+10
1.475000e+00 9.104718e+10
1.480000e+00 1.021067e+11
1.485000e+00 1.145096e+11
1.490000e+00 1.284191e+11
1.495000e+00 1.440182e+11
1.500000e+00 1.615122e+11
1.505000e+00 1.811311e+11
1.510000e+00 2.031331e+11
1.515000e+00 2.278077e+11
1.520000e+00 2.554796e+11
1.525000e+00 2.865128e+11
1.530000e+00 3.213155e+11
1.535000e+00 3.603458e+11
1.540000e+00 4.041171e+11
1.545000e+00 4.532053e+11
1.550000e+00 5.082562e+11
1.555000e+00 5.699942e+11
1.560000e+00 6.392316e+11
1.565000e+00 7.168792e+11
1.570000e+00 8.039586e+11
1.575000e+00 9.016157e+11
1.580000e+00 1.011135e+12
1.585000e+00 1.133958e+12
1.590000e+00 1.271700e+12
1.595000e+00 1.426174e+12
1.600000e+00 1.599411e+12
1.605000e+00 1.793692e+12
1.610000e+00 2.011572e+12
1.615000e+00 2.255919e+12
1.620000e+00 2.529945e+12
1.625000e+00 2.837259e+12
1.630000e+00 3.181901e+12
1.635000e+00 3.568407e+12
1.640000e+00 4.001862e+12
1.645000e+00 4.487970e+12
1.650000e+00 5.033124e+12
1.655000e+00 5.644499e+12
1.660000e+00 6.330137e+12
1.665000e+00 7.099061e+12
1.670000e+00 7.961385e+12
1.675000e+00 8.928456e+12
1.680000e+00 1.001300e+13
1.685000e+00 1.122928e+13
1.690000e+00 1.259330e+13
1.695000e+00 1.412301e+13
1.700000e+00 1.583854e+13
1.705000e+00 1.776245e+13
1.710000e+00 1.992006e+13
1.715000e+00 2.233975e+13
1.720000e+00 2.505337e+13
1.725000e+00 2.809660e+13
1.730000e+00 3.150951e+13
1.735000e+00 3.533697e+13
1.740000e+00 3.962936e+13
1.745000e+00 4.444315e+13
1.750000e+00 4.984167e+13
1.755000e+00 5.589595e+13
1.760000e+00 6.268564e+13
1.765000e+00 7.030008e+13
1.770000e+00 7.883945e+13
1.775000e+00 8.841609e+13
1.780000e+00 9.915601e+13
1.785000e+00 1.112005e+14
1.790000e+00 1.247081e+14
1.795000e+00 1.398564e+14
1.800000e+00 1.568448e+14
1.805000e+00 1.758967e+14
1.810000e+00 1.972630e+14
1.815000e+00 2.212245e+14
1.820000e+00 2.480967e+14
1.825000e+00 2.782331e+14
1.830000e+00 3.120301e+14
1.835000e+00 3.499325e+14
1.840000e+00 3.924389e+14
1.845000e+00 4.401085e+14
1.850000e+00 4.935686e+14
1.855000e+00 5.535225e+14
1.860000e+00 6.207590e+14
1.865000e+00 6.961627e+14
1.870000e+00 7.807257e+14
1.875000e+00 8.755607e+14
1.880000e+00 9.819152e+14
1.885000e+00 1.101189e+15
1.890000e+00 1234950290306357
1.895000e+00 1.384960e+15
1.900000e+00 1553191372617548
1.905000e+00 1.741858e+15
1.910000e+00 1953441737011254
1.915000e+00 2.190727e+15
1.920000e+00 2456834803320230
1.925000e+00 2.755267e+15
1.930000e+00 3.089950e+15
1.935000e+00 3.465287e+15
1.940000e+00 3.886216e+15
1.945000e+00 4.358276e+15
1.950000e+00 4887676286682314
1.955000e+00 5481383411791893
1.960000e+00 6147208273074300
1.965000e+00 6893911028135035
1.970000e+00 7731315932892111
1.975000e+00 8670440597622787
1.980000e+00 9723640944360544
1.985000e+00 10904773771861666
1.990000e+00 12229379067083432
1.995000e+00 13714884462399930
2 15380834527839862
2.005000e+00 17249147915712602
2.010000e+00 19344405744295452
2.015000e+00 21694175007785796
2.020000e+00 24329371266939200
2.025000e+00 27284665403586076
2.030000e+00 30598939778077112
2.035000e+00 34315799794629720
2.040000e+00 38484147623143760
2.045000e+00 43158825593365696
2.050000e+00 48401337735817336
2.055000e+00 54280658992610416
2.060000e+00 60874142708335920
2.065000e+00 68268538360542616
2.070000e+00 76561132898003664
2.075000e+00 85861030727199552
2.080000e+00 96290589207434016
2.085000e+00 107987028472632560
2.090000e+00 121104236813916224
2.095000e+00 135814795369717824
2.100000e+00 152312248753408096
2.105000e+00 170813651466313984
2.110000e+00 191562423665341600
2.115000e+00 214831553827421024
2.120000e+00 240927190394169664
2.125000e+00 270192669765643264
2.130000e+00 303013033443762944
2.135000e+00 339820093958148928
2.140000e+00 381098116291578176
2.145000e+00 427390189197475264
2.150000e+00 479305370486690496
2.155000e+00 537526700398145280
2.160000e+00 602820188202537216
2.165000e+00 676044890475893888
2.170000e+00 758164213640888704
2.175000e+00 850258589269656192
2.180000e+00 953539689190500480
2.185000e+00 1069366367260890112
2.190000e+00 1199262537547578880
2.195000e+00 1344937224427952896
2.200000e+00 1508307047943724800
2.205000e+00 1691521440337930240
2.210000e+00 1896990925837839872
2.215000e+00 2127418835548023296
2.220000e+00 2385836874521306624
2.225000e+00 2675645009761116160
2.230000e+00 3000656203455004672
2.235000e+00 3365146579166567424
2.240000e+00 3773911682006842880
2.245000e+00 4232329572525129728
2.250000e+00 4746431585896480768
2.255000e+00 5322981685806089216
2.260000e+00 5969565454783118336
2.265000e+00 6694689897573498880
2.270000e+00 7507895367942731776
2.275000e+00 8419881087030233088
2.280000e+00 9.442646e+18
2.285000e+00 1.058965e+19
2.290000e+00 1.187597e+19
2.295000e+00 1.331855e+19
2.300000e+00 1.493636e+19
2.305000e+00 1.675068e+19
2.310000e+00 1.878539e+19
2.315000e+00 2.106725e+19
2.320000e+00 2.362630e+19
2.325000e+00 2.649619e+19
2.330000e+00 2.971469e+19
2.335000e+00 3.332414e+19
2.340000e+00 3.737203e+19
2.345000e+00 4.191162e+19
2.350000e+00 4.700263e+19
2.355000e+00 5.271205e+19
2.360000e+00 5.911499e+19
2.365000e+00 6.629571e+19
2.370000e+00 7.434866e+19
2.375000e+00 8.337981e+19
2.380000e+00 9.350797e+19
2.385000e+00 1.048664e+20
2.390000e+00 1.176046e+20
2.395000e+00 1.318900e+20
2.400000e+00 1.479107e+20
2.405000e+00 1.658775e+20
2.410000e+00 1.860266e+20
2.415000e+00 2.086233e+20
2.420000e+00 2.339648e+20
2.425000e+00 2.623846e+20
2.430000e+00 2.942565e+20
2.435000e+00 3.299999e+20
2.440000e+00 3.700851e+20
2.445000e+00 4.150394e+20
2.450000e+00 4.654543e+20
2.455000e+00 5.219932e+20
2.460000e+00 5.853998e+20
2.465000e+00 6.565085e+20
2.470000e+00 7.362547e+20
2.475000e+00 8.256877e+20
2.480000e+00 9.259842e+20
2.485000e+00 1.038464e+21
2.490000e+00 1.164606e+21
2.495000e+00 1.306071e+21
2.500000e+00 1.464720e+21
2.505000e+00 1.642640e+21
2.510000e+00 1.842171e+21
2.515000e+00 2.065940e+21
2.520000e+00 2.316891e+21
2.525000e+00 2.598324e+21
2.530000e+00 2.913943e+21
2.535000e+00 3.267900e+21
2.540000e+00 3.664853e+21
2.545000e+00 4.110023e+21
2.550000e+00 4.609269e+21
2.555000e+00 5.169157e+21
2.560000e+00 5.797056e+21
2.565000e+00 6.501226e+21
2.570000e+00 7.290931e+21
2.575000e+00 8.176562e+21
2.580000e+00 9.169771e+21
2.585000e+00 1.028363e+22
2.590000e+00 1.153278e+22
2.595000e+00 1.293367e+22
2.600000e+00 1.450472e+22
2.605000e+00 1.626662e+22
2.610000e+00 1.824253e+22
2.615000e+00 2.045845e+22
2.620000e+00 2.294354e+22
2.625000e+00 2.573050e+22
2.630000e+00 2.885599e+22
2.635000e+00 3.236113e+22
2.640000e+00 3.629205e+22
2.645000e+00 4.070045e+22
2.650000e+00 4.564434e+22
2.655000e+00 5.118877e+22
2.660000e+00 5.740668e+22
2.665000e+00 6.437988e+22
2.670000e+00 7.220012e+22
2.675000e+00 8.097029e+22
2.680000e+00 9.080577e+22
2.685000e+00 1.018360e+23
2.690000e+00 1.142060e+23
2.695000e+00 1.280786e+23
2.700000e+00 1.436364e+23
2.705000e+00 1.610839e+23
2.710000e+00 1.806508e+23
2.715000e+00 2.025945e+23
2.720000e+00 2.272037e+23
2.725000e+00 2.548022e+23
2.730000e+00 2.857531e+23
2.735000e+00 3.204635e+23
2.740000e+00 3.593903e+23
2.745000e+00 4.030455e+23
2.750000e+00 4.520036e+23
2.755000e+00 5.069086e+23
2.760000e+00 5.684829e+23
2.765000e+00 6.375366e+23
2.770000e+00 7.149783e+23
2.775000e+00 8.018269e+23
2.780000e+00 8.992250e+23
2.785000e+00 1.008454e+24
2.790000e+00 1.130951e+24
2.795000e+00 1.268328e+24
2.800000e+00 1.422392e+24
2.805000e+00 1.595170e+24
2.810000e+00 1.788936e+24
2.815000e+00 2.006239e+24
2.820000e+00 2.249937e+24
2.825000e+00 2.523237e+24
2.830000e+00 2.829735e+24
2.835000e+00 3.173464e+24
2.840000e+00 3.558945e+24
2.845000e+00 3.991251e+24
2.850000e+00 4.476069e+24
2.855000e+00 5.019778e+24
2.860000e+00 5.629532e+24
2.865000e+00 6.313353e+24
2.870000e+00 7.080237e+24
2.875000e+00 7.940275e+24
2.880000e+00 8.904782e+24
2.885000e+00 9.986448e+24
2.890000e+00 1.119950e+25
2.895000e+00 1.255991e+25
2.900000e+00 1.408557e+25
2.905000e+00 1.579654e+25
2.910000e+00 1.771535e+25
2.915000e+00 1.986724e+25
2.920000e+00 2.228052e+25
2.925000e+00 2.498694e+25
2.930000e+00 2.802210e+25
2.935000e+00 3.142596e+25
2.940000e+00 3.524327e+25
2.945000e+00 3.952428e+25
2.950000e+00 4.432531e+25
2.955000e+00 4.970951e+25
2.960000e+00 5.574774e+25
2.965000e+00 6.251943e+25
2.970000e+00 7.011367e+25
2.975000e+00 7.863040e+25
2.980000e+00 8.818165e+25
2.985000e+00 9.889309e+25
2.990000e+00 1.109057e+26
2.995000e+00 1.243774e+26
3 1.394855e+26
