T X
0 0
5.000000e-03 6.214672e-07
1.000000e-02 5.254650e-06
1.500000e-02 1.885466e-05
2.000000e-02 3.907486e-05
2.500000e-02 5.884152e-05
3.000000e-02 8.295511e-05
3.500000e-02 1.132064e-04
4.000000e-02 1.240520e-04
4.500000e-02 9.044712e-05
5.000000e-02 1.025402e-05
5.500000e-02 -1.163911e-04
6.000000e-02 -3.010635e-04
6.500000e-02 -5.615924e-04
7.000000e-02 -8.945040e-04
7.500000e-02 -1.276313e-03
8.000000e-02 -1.700145e-03
8.500000e-02 -2.168580e-03
9.000000e-02 -2.685196e-03
9.500000e-02 -3.253738e-03
1.000000e-01 -3.869332e-03
1.050000e-01 -4.523467e-03
1.100000e-01 -5.201504e-03
1.150000e-01 -5.931908e-03
1.200000e-01 -6.760287e-03
1.250000e-01 -7.663049e-03
1.300000e-01 -8.643099e-03
1.350000e-01 -9.743804e-03
1.400000e-01 -1.096612e-02
1.450000e-01 -1.233520e-02
1.500000e-01 -1.389894e-02
1.550000e-01 -1.566120e-02
1.600000e-01 -1.757046e-02
1.650000e-01 -1.963265e-02
1.700000e-01 -2.204584e-02
1.750000e-01 -2.499057e-02
1.800000e-01 -2.837679e-02
1.850000e-01 -3.197397e-02
1.900000e-01 -3.572722e-02
1.950000e-01 -3.983078e-02
2.000000e-01 -4.447765e-02
2.050000e-01 -4.982023e-02
2.100000e-01 -5.608747e-02
2.150000e-01 -6.339989e-02
2.200000e-01 -7.167963e-02
2.250000e-01 -8.091737e-02
2.300000e-01 -9.121131e-02
2.350000e-01 -1.025181e-01
2.400000e-01 -1.148341e-01
2.450000e-01 -1.283944e-01
2.500000e-01 -1.434056e-01
2.550000e-01 -1.601211e-01
2.600000e-01 -1.789406e-01
2.650000e-01 -2.002060e-01
2.700000e-01 -2.243363e-01
2.750000e-01 -2.517892e-01
2.800000e-01 -2.829176e-01
2.850000e-01 -3.181485e-01
2.900000e-01 -3.578479e-01
2.950000e-01 -4.023357e-01
3.000000e-01 -4.521769e-01
3.050000e-01 -5.079443e-01
3.100000e-01 -5.701485e-01
3.150000e-01 -6.395355e-01
3.200000e-01 -7.169598e-01
3.250000e-01 -8.033281e-01
3.300000e-01 -8.997917e-01
3.350000e-01 -1.007635e+00
3.400000e-01 -1.128268e+00
3.450000e-01 -1.263344e+00
3.500000e-01 -1.414757e+00
3.550000e-01 -1.584644e+00
3.600000e-01 -1.775311e+00
3.650000e-01 -1.989328e+00
3.700000e-01 -2.229691e+00
3.750000e-01 -2.499749e+00
3.800000e-01 -2.803088e+00
3.850000e-01 -3.143783e+00
3.900000e-01 -3.526450e+00
3.950000e-01 -3.955989e+00
4.000000e-01 -4.438060e+00
4.050000e-01 -4.979172e+00
4.100000e-01 -5.586416e+00
4.150000e-01 -6.267725e+00
4.200000e-01 -7.031921e+00
4.250000e-01 -7.889045e+00
4.300000e-01 -8.850394e+00
4.350000e-01 -9.928427e+00
4.400000e-01 -1.113714e+01
4.450000e-01 -1.249235e+01
4.500000e-01 -1.401188e+01
4.550000e-01 -1.571547e+01
4.600000e-01 -1.762537e+01
4.650000e-01 -1.976668e+01
4.700000e-01 -2.216734e+01
4.750000e-01 -2.485878e+01
4.800000e-01 -2.787643e+01
4.850000e-01 -3.125998e+01
4.900000e-01 -3.505392e+01
4.950000e-01 -3.930822e+01
5.000000e-01 -4.407896e+01
5.050000e-01 -4.942885e+01
5.100000e-01 -5.542830e+01
5.150000e-01 -6.215638e+01
5.200000e-01 -6.970179e+01
5.250000e-01 -7.816407e+01
5.300000e-01 -8.765466e+01
5.350000e-01 -9.829849e+01
5.400000e-01 -1.102358e+02
5.450000e-01 -1.236237e+02
5.500000e-01 -1.386385e+02
5.550000e-01 -1.554779e+02
5.600000e-01 -1.743635e+02
5.650000e-01 -1.955438e+02
5.700000e-01 -2.192976e+02
5.750000e-01 -2.459374e+02
5.800000e-01 -2.758135e+02
5.850000e-01 -3.093190e+02
5.900000e-01 -3.468946e+02
5.950000e-01 -3.890346e+02
6.000000e-01 -4.362933e+02
6.050000e-01 -4.892923e+02
6.100000e-01 -5.487289e+02
6.150000e-01 -6.153848e+02
6.200000e-01 -6.901368e+02
6.250000e-01 -7.739684e+02
6.300000e-01 -8.679824e+02
6.350000e-01 -9.734159e+02
6.400000e-01 -1.091656e+03
6.450000e-01 -1.224258e+03
6.500000e-01 -1.372967e+03
6.550000e-01 -1.539739e+03
6.600000e-01 -1.726769e+03
6.650000e-01 -1.936517e+03
6.700000e-01 -2.171743e+03
6.750000e-01 -2.435543e+03
6.800000e-01 -2.731386e+03
6.850000e-01 -3.063166e+03
6.900000e-01 -3.435248e+03
6.950000e-01 -3.852527e+03
7.000000e-01 -4.320494e+03
7.050000e-01 -4.845305e+03
7.100000e-01 -5.433866e+03
7.150000e-01 -6.093921e+03
7.200000e-01 -6.834153e+03
7.250000e-01 -7.664302e+03
7.300000e-01 -8.595290e+03
7.350000e-01 -9.639366e+03
7.400000e-01 -1.081027e+04
7.450000e-01 -1.212340e+04
7.500000e-01 -1.359603e+04
7.550000e-01 -1.524755e+04
7.600000e-01 -1.709968e+04
7.650000e-01 -1.917679e+04
7.700000e-01 -2.150620e+04
7.750000e-01 -2.411857e+04
7.800000e-01 -2.704826e+04
7.850000e-01 -3.033382e+04
7.900000e-01 -3.401848e+04
7.950000e-01 -3.815072e+04
8.000000e-01 -4.278489e+04
8.050000e-01 -4.798199e+04
8.100000e-01 -5.381037e+04
8.150000e-01 -6.034673e+04
8.200000e-01 -6.767706e+04
8.250000e-01 -7.589780e+04
8.300000e-01 -8.511713e+04
8.350000e-01 -9.545632e+04
8.400000e-01 -1.070514e+05
8.450000e-01 -1.200550e+05
8.500000e-01 -1.346381e+05
8.550000e-01 -1.509926e+05
8.600000e-01 -1.693337e+05
8.650000e-01 -1.899027e+05
8.700000e-01 -2.129703e+05
8.750000e-01 -2.388398e+05
8.800000e-01 -2.678517e+05
8.850000e-01 -3.003878e+05
8.900000e-01 -3.368759e+05
8.950000e-01 -3.777963e+05
9.000000e-01 -4.236873e+05
9.050000e-01 -4.751528e+05
9.100000e-01 -5.328697e+05
9.150000e-01 -5.975975e+05
9.200000e-01 -6.701878e+05
9.250000e-01 -7.515957e+05
9.300000e-01 -8.428922e+05
9.350000e-01 -9.452785e+05
9.400000e-01 -1.060102e+06
9.450000e-01 -1.188872e+06
9.500000e-01 -1.333285e+06
9.550000e-01 -1.495239e+06
9.600000e-01 -1.676867e+06
9.650000e-01 -1.880556e+06
9.700000e-01 -2.108987e+06
9.750000e-01 -2.365167e+06
9.800000e-01 -2.652464e+06
9.850000e-01 -2.974659e+06
9.900000e-01 -3.335992e+06
9.950000e-01 -3.741216e+06
1 -4.195662e+06
1.005000e+00 -4.705310e+06
1.010000e+00 -5.276865e+06
1.015000e+00 -5.917847e+06
1.020000e+00 -6.636689e+06
1.025000e+00 -7.442849e+06
1.030000e+00 -8.346934e+06
1.035000e+00 -9.360838e+06
1.040000e+00 -1.049790e+07
1.045000e+00 -1.177308e+07
1.050000e+00 -1.320316e+07
1.055000e+00 -1.480695e+07
1.060000e+00 -1.660556e+07
1.065000e+00 -1.862264e+07
1.070000e+00 -2.088473e+07
1.075000e+00 -2.342161e+07
1.080000e+00 -2.626663e+07
1.085000e+00 -2.945725e+07
1.090000e+00 -3.303543e+07
1.095000e+00 -3.704825e+07
1.100000e+00 -4.154851e+07
1.105000e+00 -4.659541e+07
1.110000e+00 -5.225537e+07
1.115000e+00 -5.860284e+07
1.120000e+00 -6.572134e+07
1.125000e+00 -7.370453e+07
1.130000e+00 -8.265743e+07
1.135000e+00 -9.269785e+07
1.140000e+00 -1.039579e+08
1.145000e+00 -1.165857e+08
1.150000e+00 -1.307473e+08
1.155000e+00 -1.466293e+08
1.160000e+00 -1.644403e+08
1.165000e+00 -1.844150e+08
1.170000e+00 -2.068159e+08
1.175000e+00 -2.319378e+08
1.180000e+00 -2.601114e+08
1.185000e+00 -2.917072e+08
1.190000e+00 -3.271409e+08
1.195000e+00 -3.668788e+08
1.200000e+00 -4.114436e+08
1.205000e+00 -4.614218e+08
1.210000e+00 -5.174708e+08
1.215000e+00 -5.803281e+08
1.220000e+00 -6.508207e+08
1.225000e+00 -7.298760e+08
1.230000e+00 -8.185342e+08
1.235000e+00 -9.179617e+08
1.240000e+00 -1.029467e+09
1.245000e+00 -1.154516e+09
1.250000e+00 -1.294756e+09
1.255000e+00 -1.452030e+09
1.260000e+00 -1.628408e+09
1.265000e+00 -1.826211e+09
1.270000e+00 -2.048042e+09
1.275000e+00 -2.296818e+09
1.280000e+00 -2.575813e+09
1.285000e+00 -2.888697e+09
1.290000e+00 -3.239588e+09
1.295000e+00 -3.633102e+09
1.300000e+00 -4.074415e+09
1.305000e+00 -4.569335e+09
1.310000e+00 -5.124373e+09
1.315000e+00 -5.746832e+09
1.320000e+00 -6.444901e+09
1.325000e+00 -7.227765e+09
1.330000e+00 -8.105723e+09
1.335000e+00 -9.090327e+09
1.340000e+00 -1.019453e+10
1.345000e+00 -1.143286e+10
1.350000e+00 -1.282162e+10
1.355000e+00 -1.437906e+10
1.360000e+00 -1.612569e+10
1.365000e+00 -1.808448e+10
1.370000e+00 -2.028120e+10
1.375000e+00 -2.274477e+10
1.380000e+00 -2.550758e+10
1.385000e+00 -2.860599e+10
1.390000e+00 -3.208077e+10
1.395000e+00 -3.597762e+10
1.400000e+00 -4.034783e+10
1.405000e+00 -4.524889e+10
1.410000e+00 -5.074529e+10
1.415000e+00 -5.690933e+10
1.420000e+00 -6.382212e+10
1.425000e+00 -7.157460e+10
1.430000e+00 -8.026879e+10
1.435000e+00 -9.001905e+10
1.440000e+00 -1.009537e+11
1.445000e+00 -1.132166e+11
1.450000e+00 -1.269690e+11
1.455000e+00 -1.423919e+11
1.460000e+00 -1.596883e+11
1.465000e+00 -1.790857e+11
1.470000e+00 -2.008393e+11
1.475000e+00 -2.252353e+11
1.480000e+00 -2.525947e+11
1.485000e+00 -2.832774e+11
1.490000e+00 -3.176872e+11
1.495000e+00 -3.562767e+11
1.500000e+00 -3.995537e+11
1.505000e+00 -4.480876e+11
1.510000e+00 -5.025169e+11
1.515000e+00 -5.635577e+11
1.520000e+00 -6.320132e+11
1.525000e+00 -7.087840e+11
1.530000e+00 -7.948801e+11
1.535000e+00 -8.914344e+11
1.540000e+00 -9.997171e+11
1.545000e+00 -1.121153e+12
1.550000e+00 -1.257340e+12
1.555000e+00 -1.410069e+12
1.560000e+00 -1.581350e+12
1.565000e+00 -1.773437e+12
1.570000e+00 -1.988857e+12
1.575000e+00 -2.230444e+12
1.580000e+00 -2.501377e+12
1.585000e+00 -2.805219e+12
1.590000e+00 -3.145970e+12
1.595000e+00 -3.528112e+12
1.600000e+00 -3.956672e+12
1.605000e+00 -4.437290e+12
1.610000e+00 -4.976289e+12
1.615000e+00 -5.580760e+12
1.620000e+00 -6.258656e+12
1.625000e+00 -7.018896e+12
1.630000e+00 -7.871483e+12
1.635000e+00 -8.827634e+12
1.640000e+00 -9.899928e+12
1.645000e+00 -1.110247e+13
1.650000e+00 -1.245109e+13
1.655000e+00 -1.396353e+13
1.660000e+00 -1.565969e+13
1.665000e+00 -1.756187e+13
1.670000e+00 -1.969512e+13
1.675000e+00 -2.208749e+13
1.680000e+00 -2.477046e+13
1.685000e+00 -2.777933e+13
1.690000e+00 -3.115369e+13
1.695000e+00 -3.493794e+13
1.700000e+00 -3.918186e+13
1.705000e+00 -4.394128e+13
1.710000e+00 -4.927884e+13
1.715000e+00 -5.526475e+13
1.720000e+00 -6.197778e+13
1.725000e+00 -6.950623e+13
1.730000e+00 -7.794917e+13
1.735000e+00 -8.741767e+13
1.740000e+00 -9.803631e+13
1.745000e+00 -1.099448e+14
1.750000e+00 -1.232998e+14
1.755000e+00 -1.382771e+14
1.760000e+00 -1.550736e+14
1.765000e+00 -1.739105e+14
1.770000e+00 -1.950354e+14
1.775000e+00 -2.187264e+14
1.780000e+00 -2.452951e+14
1.785000e+00 -2.750912e+14
1.790000e+00 -3.085066e+14
1.795000e+00 -3.459809e+14
1.800000e+00 -3.880073e+14
1.805000e+00 -4.351387e+14
1.810000e+00 -4.879951e+14
1.815000e+00 -5.472719e+14
1.820000e+00 -613749171727421
1.825000e+00 -688301419957848
1.830000e+00 -7.719095e+14
1.835000e+00 -8.656736e+14
1.840000e+00 -9.708271e+14
1.845000e+00 -1.088754e+15
1.850000e+00 -1.221005e+15
1.855000e+00 -1.369321e+15
1.860000e+00 -1535652287922541
1.865000e+00 -1.722188e+15
1.870000e+00 -1.931383e+15
1.875000e+00 -2165988421134252
1.880000e+00 -2.429092e+15
1.885000e+00 -2.724154e+15
1.890000e+00 -3.055057e+15
1.895000e+00 -3426155868178464
1.900000e+00 -3842331783184917
1.905000e+00 -4309060678902854
1.910000e+00 -4832483237423766
1.915000e+00 -5419486050560880
1.920000e+00 -6077792226340103
1.925000e+00 -6816062999751965
1.930000e+00 -7644011687669472
1.935000e+00 -8572531485945132
1.940000e+00 -9613838790408858
1.945000e+00 -10781633924874626
1.950000e+00 -12091281393757776
1.955000e+00 -13560012032256624
1.960000e+00 -15207149707993204
1.965000e+00 -17054365561217934
1.970000e+00 -19125963132891876
1.975000e+00 -21449198122830084
1.980000e+00 -24054636986323232
1.985000e+00 -26976559091797752
1.990000e+00 -30253407726091468
1.995000e+00 -33928295889541108
2 -38049573532572328
2.005000e+00 -42671463688278632
2.010000e+00 -47854775869486288
2.015000e+00 -53667706128877064
2.020000e+00 -60186734316402592
2.025000e+00 -67497630312159040
2.030000e+00 -75696582474470928
2.035000e+00 -84891463179425520
2.040000e+00 -95203248085571968
2.045000e+00 -106767607793069056
2.050000e+00 -119736692844000480
2.055000e+00 -134281135535414576
2.060000e+00 -150592294904482240
2.065000e+00 -168884774430322528
2.070000e+00 -189399245535822304
2.075000e+00 -212405614025659456
2.080000e+00 -238206571187377216
2.085000e+00 -267141576324373952
2.090000e+00 -299591322976032832
2.095000e+00 -335982747573310400
2.100000e+00 -376794646637391808
2.105000e+00 -422563976170137024
2.110000e+00 -473892916280671360
2.115000e+00 -531456794125962112
2.120000e+00 -596012969008289152
2.125000e+00 -668410796762667392
2.130000e+00 -749602804718374656
2.135000e+00 -840657223983879552
2.140000e+00 -942772043837442816
2.145000e+00 -1057290773632948352
2.150000e+00 -1185720119047844864
2.155000e+00 -1329749805437741312
2.160000e+00 -1491274809733891840
2.165000e+00 -1672420292215776000
2.170000e+00 -1875569556928411904
2.175000e+00 -2103395408256278016
2.180000e+00 -2358895316118771200
2.185000e+00 -2645430854271171072
2.190000e+00 -2966771928024837632
2.195000e+00 -3327146373571823616
2.200000e+00 -3731295583377421312
2.205000e+00 -4184536887513927680
2.210000e+00 -4692833513142246400
2.215000e+00 -5262873042616232960
2.220000e+00 -5902155400941328384
2.225000e+00 -6619091530340669440
2.230000e+00 -7423114050492511232
2.235000e+00 -8324801363096061952
2.240000e+00 -9.336017e+18
2.245000e+00 -1.047006e+19
2.250000e+00 -1.174187e+19
2.255000e+00 -1.316815e+19
2.260000e+00 -1.476769e+19
2.265000e+00 -1.656153e+19
2.270000e+00 -1.857326e+19
2.275000e+00 -2.082936e+19
2.280000e+00 -2.335950e+19
2.285000e+00 -2.619699e+19
2.290000e+00 -2.937914e+19
2.295000e+00 -3.294783e+19
2.300000e+00 -3.695001e+19
2.305000e+00 -4.143834e+19
2.310000e+00 -4.647186e+19
2.315000e+00 -5.211681e+19
2.320000e+00 -5.844745e+19
2.325000e+00 -6.554708e+19
2.330000e+00 -7.350909e+19
2.335000e+00 -8.243826e+19
2.340000e+00 -9.245205e+19
2.345000e+00 -1.036822e+20
2.350000e+00 -1.162765e+20
2.355000e+00 -1.304007e+20
2.360000e+00 -1.462405e+20
2.365000e+00 -1.640043e+20
2.370000e+00 -1.839260e+20
2.375000e+00 -2.062675e+20
2.380000e+00 -2.313228e+20
2.385000e+00 -2.594217e+20
2.390000e+00 -2.909337e+20
2.395000e+00 -3.262735e+20
2.400000e+00 -3.659060e+20
2.405000e+00 -4.103527e+20
2.410000e+00 -4.601983e+20
2.415000e+00 -5.160987e+20
2.420000e+00 -5.787893e+20
2.425000e+00 -6.490950e+20
2.430000e+00 -7.279407e+20
2.435000e+00 -8.163638e+20
2.440000e+00 -9.155277e+20
2.445000e+00 -1.026737e+21
2.450000e+00 -1.151455e+21
2.455000e+00 -1.291323e+21
2.460000e+00 -1.448180e+21
2.465000e+00 -1.624090e+21
2.470000e+00 -1.821369e+21
2.475000e+00 -2.042611e+21
2.480000e+00 -2.290728e+21
2.485000e+00 -2.568983e+21
2.490000e+00 -2.881038e+21
2.495000e+00 -3.230998e+21
2.500000e+00 -3.623468e+21
2.505000e+00 -4.063612e+21
2.510000e+00 -4.557219e+21
2.515000e+00 -5.110786e+21
2.520000e+00 -5.731594e+21
2.525000e+00 -6.427812e+21
2.530000e+00 -7.208600e+21
2.535000e+00 -8.084230e+21
2.540000e+00 -9.066223e+21
2.545000e+00 -1.016750e+22
2.550000e+00 -1.140255e+22
2.555000e+00 -1.278762e+22
2.560000e+00 -1.434093e+22
2.565000e+00 -1.608293e+22
2.570000e+00 -1.803653e+22
2.575000e+00 -2.022743e+22
2.580000e+00 -2.268446e+22
2.585000e+00 -2.543994e+22
2.590000e+00 -2.853014e+22
2.595000e+00 -3.199570e+22
2.600000e+00 -3.588223e+22
2.605000e+00 -4.024085e+22
2.610000e+00 -4.512891e+22
2.615000e+00 -5.061073e+22
2.620000e+00 -5.675843e+22
2.625000e+00 -6.365289e+22
2.630000e+00 -7.138482e+22
2.635000e+00 -8.005595e+22
2.640000e+00 -8.978036e+22
2.645000e+00 -1.006860e+23
2.650000e+00 -1.129164e+23
2.655000e+00 -1.266323e+23
2.660000e+00 -1.420144e+23
2.665000e+00 -1.592649e+23
2.670000e+00 -1.786108e+23
2.675000e+00 -2.003067e+23
2.680000e+00 -2.246380e+23
2.685000e+00 -2.519249e+23
2.690000e+00 -2.825263e+23
2.695000e+00 -3.168448e+23
2.700000e+00 -3.553320e+23
2.705000e+00 -3.984942e+23
2.710000e+00 -4.468994e+23
2.715000e+00 -5.011844e+23
2.720000e+00 -5.620634e+23
2.725000e+00 -6.303373e+23
2.730000e+00 -7.069046e+23
2.735000e+00 -7.927724e+23
2.740000e+00 -8.890707e+23
2.745000e+00 -9.970663e+23
2.750000e+00 -1.118180e+24
2.755000e+00 -1.254006e+24
2.760000e+00 -1.406330e+24
2.765000e+00 -1.577157e+24
2.770000e+00 -1.768735e+24
2.775000e+00 -1.983584e+24
2.780000e+00 -2.224530e+24
2.785000e+00 -2.494744e+24
2.790000e+00 -2.797781e+24
2.795000e+00 -3.137628e+24
2.800000e+00 -3.518757e+24
2.805000e+00 -3.946181e+24
2.810000e+00 -4.425524e+24
2.815000e+00 -4.963094e+24
2.820000e+00 -5.565962e+24
2.825000e+00 -6.242060e+24
2.830000e+00 -7.000285e+24
2.835000e+00 -7.850611e+24
2.840000e+00 -8.804227e+24
2.845000e+00 -9.873678e+24
2.850000e+00 -1.107304e+25
2.855000e+00 -1.241808e+25
2.860000e+00 -1.392651e+25
2.865000e+00 -1.561816e+25
2.870000e+00 -1.751530e+25
2.875000e+00 -1.964289e+25
2.880000e+00 -2.202892e+25
2.885000e+00 -2.470478e+25
2.890000e+00 -2.770567e+25
2.895000e+00 -3.107109e+25
2.900000e+00 -3.484530e+25
2.905000e+00 -3.907796e+25
2.910000e+00 -4.382477e+25
2.915000e+00 -4.914818e+25
2.920000e+00 -5.511822e+25
2.925000e+00 -6.181344e+25
2.930000e+00 -6.932193e+25
2.935000e+00 -7.774248e+25
2.940000e+00 -8.718588e+25
2.945000e+00 -9.777636e+25
2.950000e+00 -1.096533e+26
2.955000e+00 -1.229729e+26
2.960000e+00 -1.379104e+26
2.965000e+00 -1.546624e+26
2.970000e+00 -1.734493e+26
2.975000e+00 -1.945183e+26
2.980000e+00 -2.181464e+26
2.985000e+00 -2.446447e+26
2.990000e+00 -2.743618e+26
2.995000e+00 -3.076886e+26
3 -3.450636e+26
