T X
0 0
5.000000e-03 -1.004205e-08
1.000000e-02 9.195946e-09
1.500000e-02 2.219543e-07
2.000000e-02 2.392241e-06
2.500000e-02 1.648291e-05
3.000000e-02 8.305165e-05
3.500000e-02 3.196471e-04
4.000000e-02 9.585398e-04
4.500000e-02 2.269136e-03
5.000000e-02 4.276244e-03
5.500000e-02 6.489785e-03
6.000000e-02 8.154035e-03
6.500000e-02 9.013000e-03
7.000000e-02 9.551359e-03
7.500000e-02 1.010167e-02
8.000000e-02 1.023861e-02
8.500000e-02 9.657985e-03
9.000000e-02 8.779287e-03
9.500000e-02 7.777379e-03
1.000000e-01 6.283731e-03
1.050000e-01 4.434718e-03
1.100000e-01 2.639535e-03
1.150000e-01 7.059173e-04
1.200000e-01 -1.392806e-03
1.250000e-01 -3.265894e-03
1.300000e-01 -5.009014e-03
1.350000e-01 -6.688987e-03
1.400000e-01 -8.004846e-03
1.450000e-01 -9.054529e-03
1.500000e-01 -9.850429e-03
1.550000e-01 -1.012785e-02
1.600000e-01 -1.002558e-02
1.650000e-01 -9.548155e-03
1.700000e-01 -8.594801e-03
1.750000e-01 -7.414538e-03
1.800000e-01 -5.950584e-03
1.850000e-01 -4.148265e-03
1.900000e-01 -2.238144e-03
1.950000e-01 -2.072085e-04
2.000000e-01 1.800472e-03
2.050000e-01 3.680080e-03
2.100000e-01 5.531969e-03
2.150000e-01 7.123926e-03
2.200000e-01 8.395329e-03
2.250000e-01 9.357193e-03
2.300000e-01 9.915412e-03
2.350000e-01 1.012503e-02
2.400000e-01 9.884481e-03
2.450000e-01 9.289607e-03
2.500000e-01 8.365420e-03
2.550000e-01 7.007527e-03
2.600000e-01 5.409123e-03
2.650000e-01 3.580812e-03
2.700000e-01 1.650604e-03
2.750000e-01 -3.226172e-04
2.800000e-01 -2.358259e-03
2.850000e-01 -4.240989e-03
2.900000e-01 -6.008259e-03
2.950000e-01 -7.527549e-03
3.000000e-01 -8.708958e-03
3.050000e-01 -9.555500e-03
3.100000e-01 -9.996116e-03
3.150000e-01 -1.010476e-02
3.200000e-01 -9.775483e-03
3.250000e-01 -9.060668e-03
3.300000e-01 -7.983662e-03
3.350000e-01 -6.562937e-03
3.400000e-01 -4.898822e-03
3.450000e-01 -3.036768e-03
3.500000e-01 -1.097722e-03
3.550000e-01 9.346658e-04
3.600000e-01 2.911527e-03
3.650000e-01 4.795391e-03
3.700000e-01 6.489564e-03
3.750000e-01 7.878897e-03
3.800000e-01 8.996811e-03
3.850000e-01 9.716410e-03
3.900000e-01 1.008242e-02
3.950000e-01 1.005341e-02
4.000000e-01 9.611336e-03
4.050000e-01 8.773147e-03
4.100000e-01 7.592703e-03
4.150000e-01 6.109358e-03
4.200000e-01 4.365912e-03
4.250000e-01 2.499213e-03
4.300000e-01 4.960185e-04
4.350000e-01 -1.529964e-03
4.400000e-01 -3.482655e-03
4.450000e-01 -5.296711e-03
4.500000e-01 -6.915179e-03
4.550000e-01 -8.251983e-03
4.600000e-01 -9.235914e-03
4.650000e-01 -9.874017e-03
4.700000e-01 -1.010821e-02
4.750000e-01 -9.955058e-03
4.800000e-01 -9.409479e-03
4.850000e-01 -8.470330e-03
4.900000e-01 -7.194448e-03
4.950000e-01 -5.622035e-03
5.000000e-01 -3.834510e-03
5.050000e-01 -1.912987e-03
5.100000e-01 9.805035e-05
5.150000e-01 2.090681e-03
5.200000e-01 4.025630e-03
5.250000e-01 5.818223e-03
5.300000e-01 7.344433e-03
5.350000e-01 8.570309e-03
5.400000e-01 9.452925e-03
5.450000e-01 9.977933e-03
5.500000e-01 1.010734e-02
5.550000e-01 9.845688e-03
5.600000e-01 9.178229e-03
5.650000e-01 8.130312e-03
5.700000e-01 6.744616e-03
5.750000e-01 5.108753e-03
5.800000e-01 3.300692e-03
5.850000e-01 1.335648e-03
5.900000e-01 -6.693643e-04
5.950000e-01 -2.681653e-03
6.000000e-01 -4.591067e-03
6.050000e-01 -6.280595e-03
6.100000e-01 -7.725675e-03
6.150000e-01 -8.854948e-03
6.200000e-01 -9.642544e-03
6.250000e-01 -1.006412e-02
6.300000e-01 -1.008729e-02
6.350000e-01 -9.692345e-03
6.400000e-01 -8.890945e-03
6.450000e-01 -7.750304e-03
6.500000e-01 -6.307759e-03
6.550000e-01 -4.609915e-03
6.600000e-01 -2.728737e-03
6.650000e-01 -7.335495e-04
6.700000e-01 1.306205e-03
6.750000e-01 3.302426e-03
6.800000e-01 5.132870e-03
6.850000e-01 6.764699e-03
6.900000e-01 8.123227e-03
6.950000e-01 9.146782e-03
7.000000e-01 9.822901e-03
7.050000e-01 1.010273e-02
7.100000e-01 9.981715e-03
7.150000e-01 9.460478e-03
7.200000e-01 8.565060e-03
7.250000e-01 7.340171e-03
7.300000e-01 5.808288e-03
7.350000e-01 4.057487e-03
7.400000e-01 2.173088e-03
7.450000e-01 1.641005e-04
7.500000e-01 -1.857489e-03
7.550000e-01 -3.801682e-03
7.600000e-01 -5.595830e-03
7.650000e-01 -7.168068e-03
7.700000e-01 -8.446358e-03
7.750000e-01 -9.364037e-03
7.800000e-01 -9.946106e-03
7.850000e-01 -1.013546e-02
7.900000e-01 -9.907368e-03
7.950000e-01 -9.279234e-03
8.000000e-01 -8.267735e-03
8.050000e-01 -6.920150e-03
8.100000e-01 -5.324181e-03
8.150000e-01 -3.539287e-03
8.200000e-01 -1.578470e-03
8.250000e-01 4.395135e-04
8.300000e-01 2.446880e-03
8.350000e-01 4.367325e-03
8.400000e-01 6.086382e-03
8.450000e-01 7.550492e-03
8.500000e-01 8.713809e-03
8.550000e-01 9.568460e-03
8.600000e-01 1.004162e-02
8.650000e-01 1.009945e-02
8.700000e-01 9.751228e-03
8.750000e-01 8.995976e-03
8.800000e-01 7.902292e-03
8.850000e-01 6.492654e-03
8.900000e-01 4.848572e-03
8.950000e-01 3.007149e-03
9.000000e-01 9.931345e-04
9.050000e-01 -1.024371e-03
9.100000e-01 -3.012911e-03
9.150000e-01 -4.883861e-03
9.200000e-01 -6.522177e-03
9.250000e-01 -7.933298e-03
9.300000e-01 -9.033991e-03
9.350000e-01 -9.767803e-03
9.400000e-01 -1.011226e-02
9.450000e-01 -1.005088e-02
9.500000e-01 -9.570743e-03
9.550000e-01 -8.713896e-03
9.600000e-01 -7.527457e-03
9.650000e-01 -6.038089e-03
9.700000e-01 -4.301207e-03
9.750000e-01 -2.393363e-03
9.800000e-01 -4.000950e-04
9.850000e-01 1.628689e-03
9.900000e-01 3.578385e-03
9.950000e-01 5.383818e-03
1 6.971389e-03
1.005000e+00 8.280578e-03
1.010000e+00 9.263842e-03
1.015000e+00 9.885814e-03
1.020000e+00 1.012835e-02
1.025000e+00 9.934281e-03
1.030000e+00 9.357889e-03
1.035000e+00 8.407527e-03
1.040000e+00 7.116713e-03
1.045000e+00 5.552814e-03
1.050000e+00 3.780738e-03
1.055000e+00 1.854808e-03
1.060000e+00 -1.851766e-04
1.065000e+00 -2.206288e-03
1.070000e+00 -4.123830e-03
1.075000e+00 -5.870363e-03
1.080000e+00 -7.382220e-03
1.085000e+00 -8.609799e-03
1.090000e+00 -9.498813e-03
1.095000e+00 -1.003087e-02
1.100000e+00 -1.013292e-02
1.105000e+00 -9.814373e-03
1.110000e+00 -9.115520e-03
1.115000e+00 -8.048680e-03
1.120000e+00 -6.685208e-03
1.125000e+00 -5.062034e-03
1.130000e+00 -3.224815e-03
1.135000e+00 -1.220263e-03
1.140000e+00 8.064845e-04
1.145000e+00 2.778498e-03
1.150000e+00 4.661054e-03
1.155000e+00 6.327867e-03
1.160000e+00 7.755520e-03
1.165000e+00 8.905277e-03
1.170000e+00 9.699288e-03
1.175000e+00 1.007541e-02
1.180000e+00 1.005049e-02
1.185000e+00 9.639059e-03
1.190000e+00 8.836190e-03
1.195000e+00 7.698099e-03
1.200000e+00 6.249440e-03
1.205000e+00 4.541624e-03
1.210000e+00 2.640120e-03
1.215000e+00 6.318297e-04
1.220000e+00 -1.363474e-03
1.225000e+00 -3.279022e-03
1.230000e+00 -5.027652e-03
1.235000e+00 -6.541268e-03
1.240000e+00 -7.820429e-03
1.245000e+00 -8.893834e-03
1.250000e+00 -9.850697e-03
1.255000e+00 -1.080740e-02
1.260000e+00 -1.185641e-02
1.265000e+00 -1.294637e-02
1.270000e+00 -1.393874e-02
1.275000e+00 -1.459469e-02
1.280000e+00 -1.460695e-02
1.285000e+00 -1.381281e-02
1.290000e+00 -1.224240e-02
1.295000e+00 -1.011310e-02
1.300000e+00 -7.694683e-03
1.305000e+00 -5.226166e-03
1.310000e+00 -2.748493e-03
1.315000e+00 -1.576026e-04
1.320000e+00 2.617731e-03
1.325000e+00 5.558415e-03
1.330000e+00 8.497300e-03
1.335000e+00 1.123088e-02
1.340000e+00 1.372944e-02
1.345000e+00 1.611609e-02
1.350000e+00 1.843812e-02
1.355000e+00 2.058822e-02
1.360000e+00 2.216216e-02
1.365000e+00 2.268920e-02
1.370000e+00 2.189577e-02
1.375000e+00 1.993526e-02
1.380000e+00 1.720588e-02
1.385000e+00 1.393208e-02
1.390000e+00 1.035180e-02
1.395000e+00 6.535888e-03
1.400000e+00 2.402626e-03
1.405000e+00 -2.091755e-03
1.410000e+00 -6.568489e-03
1.415000e+00 -1.049744e-02
1.420000e+00 -1.403300e-02
1.425000e+00 -1.729079e-02
1.430000e+00 -1.971970e-02
1.435000e+00 -2.093248e-02
1.440000e+00 -2.141603e-02
1.445000e+00 -2.155284e-02
1.450000e+00 -2.093386e-02
1.455000e+00 -1.926409e-02
1.460000e+00 -1.666719e-02
1.465000e+00 -1.329313e-02
1.470000e+00 -9.442567e-03
1.475000e+00 -5.491447e-03
1.480000e+00 -1.350660e-03
1.485000e+00 3.089273e-03
1.490000e+00 7.424542e-03
1.495000e+00 1.137731e-02
1.500000e+00 1.489908e-02
1.505000e+00 1.773731e-02
1.510000e+00 1.981683e-02
1.515000e+00 2.129109e-02
1.520000e+00 2.198295e-02
1.525000e+00 2.167982e-02
1.530000e+00 2.044982e-02
1.535000e+00 1.827587e-02
1.540000e+00 1.543211e-02
1.545000e+00 1.231001e-02
1.550000e+00 8.688954e-03
1.555000e+00 4.373056e-03
1.560000e+00 -2.298867e-04
1.565000e+00 -4.567947e-03
1.570000e+00 -8.526389e-03
1.575000e+00 -1.225997e-02
1.580000e+00 -1.575170e-02
1.585000e+00 -1.855208e-02
1.590000e+00 -2.037523e-02
1.595000e+00 -2.152899e-02
1.600000e+00 -2.193402e-02
1.605000e+00 -2.129174e-02
1.610000e+00 -1.981408e-02
1.615000e+00 -1.766532e-02
1.620000e+00 -1.476325e-02
1.625000e+00 -1.121809e-02
1.630000e+00 -7.262636e-03
1.635000e+00 -3.034165e-03
1.640000e+00 1.350054e-03
1.645000e+00 5.684675e-03
1.650000e+00 9.697242e-03
1.655000e+00 1.335749e-02
1.660000e+00 1.664878e-02
1.665000e+00 1.915961e-02
1.670000e+00 2.081208e-02
1.675000e+00 2.175466e-02
1.680000e+00 2.179470e-02
1.685000e+00 2.097764e-02
1.690000e+00 1.937038e-02
1.695000e+00 1.687281e-02
1.700000e+00 1.371458e-02
1.705000e+00 1.012460e-02
1.710000e+00 6.073275e-03
1.715000e+00 1.710818e-03
1.720000e+00 -2.658348e-03
1.725000e+00 -6.877754e-03
1.730000e+00 -1.086660e-02
1.735000e+00 -1.445694e-02
1.740000e+00 -1.741252e-02
1.745000e+00 -1.967567e-02
1.750000e+00 -2.119472e-02
1.755000e+00 -2.183456e-02
1.760000e+00 -2.162869e-02
1.765000e+00 -2.056536e-02
1.770000e+00 -1.864016e-02
1.775000e+00 -1.602976e-02
1.780000e+00 -1.274483e-02
1.785000e+00 -8.914989e-03
1.790000e+00 -4.832788e-03
1.795000e+00 -5.044537e-04
1.800000e+00 3.913660e-03
1.805000e+00 8.097527e-03
1.810000e+00 1.193154e-02
1.815000e+00 1.535572e-02
1.820000e+00 1.815467e-02
1.825000e+00 2.018361e-02
1.830000e+00 2.147415e-02
1.835000e+00 2.189412e-02
1.840000e+00 2.139992e-02
1.845000e+00 2.009667e-02
1.850000e+00 1.794240e-02
1.855000e+00 1.510612e-02
1.860000e+00 1.172657e-02
1.865000e+00 7.784334e-03
1.870000e+00 3.539574e-03
1.875000e+00 -8.115775e-04
1.880000e+00 -5.152847e-03
1.885000e+00 -9.251152e-03
1.890000e+00 -1.298141e-02
1.895000e+00 -1.624557e-02
1.900000e+00 -1.882869e-02
1.905000e+00 -2.064908e-02
1.910000e+00 -2.169160e-02
1.915000e+00 -2.180713e-02
1.920000e+00 -2.104432e-02
1.925000e+00 -1.954505e-02
1.930000e+00 -1.723429e-02
1.935000e+00 -1.417707e-02
1.940000e+00 -1.060537e-02
1.945000e+00 -6.576121e-03
1.950000e+00 -2.290539e-03
1.955000e+00 2.036218e-03
1.960000e+00 6.361336e-03
1.965000e+00 1.039551e-02
1.970000e+00 1.400261e-02
1.975000e+00 1.713325e-02
1.980000e+00 1.950297e-02
1.985000e+00 2.106268e-02
1.990000e+00 2.183984e-02
1.995000e+00 2.173716e-02
2 2.076051e-02
2.005000e+00 1.894102e-02
2.010000e+00 1.636386e-02
2.015000e+00 1.317129e-02
2.020000e+00 9.434492e-03
2.025000e+00 5.324946e-03
2.030000e+00 1.029381e-03
2.035000e+00 -3.335358e-03
2.040000e+00 -7.571595e-03
2.045000e+00 -1.150572e-02
2.050000e+00 -1.497412e-02
2.055000e+00 -1.781223e-02
2.060000e+00 -1.999552e-02
2.065000e+00 -2.140092e-02
2.070000e+00 -2.189418e-02
2.075000e+00 -2.152458e-02
2.080000e+00 -2.030238e-02
2.085000e+00 -1.827852e-02
2.090000e+00 -1.552515e-02
2.095000e+00 -1.215876e-02
2.100000e+00 -8.316965e-03
2.105000e+00 -4.108613e-03
2.110000e+00 2.599347e-04
2.115000e+00 4.607879e-03
2.120000e+00 8.743942e-03
2.125000e+00 1.254070e-02
2.130000e+00 1.588578e-02
2.135000e+00 1.856717e-02
2.140000e+00 2.051151e-02
2.145000e+00 2.163005e-02
2.150000e+00 2.186742e-02
2.155000e+00 2.125427e-02
2.160000e+00 1.979474e-02
2.165000e+00 1.756950e-02
2.170000e+00 1.460850e-02
2.175000e+00 1.106448e-02
2.180000e+00 7.086769e-03
2.185000e+00 2.807637e-03
2.190000e+00 -1.522335e-03
2.195000e+00 -5.814418e-03
2.200000e+00 -9.907103e-03
2.205000e+00 -1.360676e-02
2.210000e+00 -1.675628e-02
2.215000e+00 -1.920205e-02
2.220000e+00 -2.091847e-02
2.225000e+00 -2.178935e-02
2.230000e+00 -2.177964e-02
2.235000e+00 -2.093318e-02
2.240000e+00 -1.924249e-02
2.245000e+00 -1.676518e-02
2.250000e+00 -1.359378e-02
2.255000e+00 -9.921475e-03
2.260000e+00 -5.880409e-03
2.265000e+00 -1.573814e-03
2.270000e+00 2.822809e-03
2.275000e+00 7.084682e-03
2.280000e+00 1.103693e-02
2.285000e+00 1.457972e-02
2.290000e+00 1.754243e-02
2.295000e+00 1.979190e-02
2.300000e+00 2.124004e-02
2.305000e+00 2.189297e-02
2.310000e+00 2.165843e-02
2.315000e+00 2.048984e-02
2.320000e+00 1.855822e-02
2.325000e+00 1.590422e-02
2.330000e+00 1.260810e-02
2.335000e+00 8.785535e-03
2.340000e+00 4.600509e-03
2.345000e+00 2.651911e-04
2.350000e+00 -4.091910e-03
2.355000e+00 -8.264151e-03
2.360000e+00 -1.212710e-02
2.365000e+00 -1.551956e-02
2.370000e+00 -1.825799e-02
2.375000e+00 -2.031544e-02
2.380000e+00 -2.155246e-02
2.385000e+00 -2.187325e-02
2.390000e+00 -2.135479e-02
2.395000e+00 -2.002529e-02
2.400000e+00 -1.788953e-02
2.405000e+00 -1.500459e-02
2.410000e+00 -1.150406e-02
2.415000e+00 -7.578069e-03
2.420000e+00 -3.356567e-03
2.425000e+00 1.008375e-03
2.430000e+00 5.329614e-03
2.435000e+00 9.441026e-03
2.440000e+00 1.319714e-02
2.445000e+00 1.643160e-02
2.450000e+00 1.897615e-02
2.455000e+00 2.075389e-02
2.460000e+00 2.168197e-02
2.465000e+00 2.177122e-02
2.470000e+00 2.099377e-02
2.475000e+00 1.931147e-02
2.480000e+00 1.687874e-02
2.485000e+00 1.378958e-02
2.490000e+00 1.018442e-02
2.495000e+00 6.193250e-03
2.500000e+00 1.955212e-03
2.505000e+00 -2.327570e-03
2.510000e+00 -6.574167e-03
2.515000e+00 -1.054868e-02
2.520000e+00 -1.404145e-02
2.525000e+00 -1.696573e-02
2.530000e+00 -1.913146e-02
2.535000e+00 -2.053832e-02
2.540000e+00 -2.120121e-02
2.545000e+00 -2.109748e-02
2.550000e+00 -2.046765e-02
2.555000e+00 -1.945477e-02
2.560000e+00 -1.811742e-02
2.565000e+00 -1.651620e-02
2.570000e+00 -1.461615e-02
2.575000e+00 -1.234548e-02
2.580000e+00 -9.564620e-03
2.585000e+00 -6.283395e-03
2.590000e+00 -2.637635e-03
2.595000e+00 1.285659e-03
2.600000e+00 5.215316e-03
2.605000e+00 8.774393e-03
2.610000e+00 1.178970e-02
2.615000e+00 1.414826e-02
2.620000e+00 1.590666e-02
2.625000e+00 1.725029e-02
2.630000e+00 1.826594e-02
2.635000e+00 1.901678e-02
2.640000e+00 1.944407e-02
2.645000e+00 1.939707e-02
2.650000e+00 1.882283e-02
2.655000e+00 1.774699e-02
2.660000e+00 1.620032e-02
2.665000e+00 1.415040e-02
2.670000e+00 1.146347e-02
2.675000e+00 8.126988e-03
2.680000e+00 4.218387e-03
2.685000e+00 -3.270047e-05
2.690000e+00 -4.251134e-03
2.695000e+00 -8.040812e-03
2.700000e+00 -1.115573e-02
2.705000e+00 -1.371210e-02
2.710000e+00 -1.577491e-02
2.715000e+00 -1.744740e-02
2.720000e+00 -1.869266e-02
2.725000e+00 -1.916768e-02
2.730000e+00 -1.872166e-02
2.735000e+00 -1.732593e-02
2.740000e+00 -1.511358e-02
2.745000e+00 -1.242165e-02
2.750000e+00 -9.512773e-03
2.755000e+00 -6.446145e-03
2.760000e+00 -3.078660e-03
2.765000e+00 6.374184e-04
2.770000e+00 4.484248e-03
2.775000e+00 8.204475e-03
2.780000e+00 1.156092e-02
2.785000e+00 1.428215e-02
2.790000e+00 1.627727e-02
2.795000e+00 1.768312e-02
2.800000e+00 1.850129e-02
2.805000e+00 1.866442e-02
2.810000e+00 1.805920e-02
2.815000e+00 1.668565e-02
2.820000e+00 1.466212e-02
2.825000e+00 1.198608e-02
2.830000e+00 8.866271e-03
2.835000e+00 5.383497e-03
2.840000e+00 1.631547e-03
2.845000e+00 -2.104821e-03
2.850000e+00 -5.690009e-03
2.855000e+00 -9.031501e-03
2.860000e+00 -1.213906e-02
2.865000e+00 -1.482484e-02
2.870000e+00 -1.683484e-02
2.875000e+00 -1.811066e-02
2.880000e+00 -1.865788e-02
2.885000e+00 -1.852730e-02
2.890000e+00 -1.767423e-02
2.895000e+00 -1.610712e-02
2.900000e+00 -1.396388e-02
2.905000e+00 -1.117678e-02
2.910000e+00 -7.732862e-03
2.915000e+00 -4.178990e-03
2.920000e+00 -7.952062e-04
2.925000e+00 2.841948e-03
2.930000e+00 6.777576e-03
2.935000e+00 1.037266e-02
2.940000e+00 1.312839e-02
2.945000e+00 1.524795e-02
2.950000e+00 1.705830e-02
2.955000e+00 1.837012e-02
2.960000e+00 1.887587e-02
2.965000e+00 1.850198e-02
2.970000e+00 1.729657e-02
2.975000e+00 1.537949e-02
2.980000e+00 1.302855e-02
2.985000e+00 1.029738e-02
2.990000e+00 6.977548e-03
2.995000e+00 3.263300e-03
3 -4.863933e-04
