T X
0 0
5.000000e-03 5.996830e-09
1.000000e-02 6.223663e-09
1.500000e-02 2.265982e-07
2.000000e-02 2.410091e-06
2.500000e-02 1.651315e-05
3.000000e-02 8.331530e-05
3.500000e-02 3.205447e-04
4.000000e-02 9.611830e-04
4.500000e-02 2.272969e-03
5.000000e-02 4.274799e-03
5.500000e-02 6.476345e-03
6.000000e-02 8.137037e-03
6.500000e-02 9.017795e-03
7.000000e-02 9.596601e-03
7.500000e-02 1.017549e-02
8.000000e-02 1.030696e-02
8.500000e-02 9.704797e-03
9.000000e-02 8.824012e-03
9.500000e-02 7.830242e-03
1.000000e-01 6.332915e-03
1.050000e-01 4.494281e-03
1.100000e-01 2.714661e-03
1.150000e-01 7.582190e-04
1.200000e-01 -1.359548e-03
1.250000e-01 -3.217560e-03
1.300000e-01 -4.983837e-03
1.350000e-01 -6.707116e-03
1.400000e-01 -8.029922e-03
1.450000e-01 -9.137405e-03
1.500000e-01 -1.001389e-02
1.550000e-01 -1.029200e-02
1.600000e-01 -1.018205e-02
1.650000e-01 -9.685329e-03
1.700000e-01 -8.702093e-03
1.750000e-01 -7.549994e-03
1.800000e-01 -6.065958e-03
1.850000e-01 -4.223538e-03
1.900000e-01 -2.300704e-03
1.950000e-01 -2.147477e-04
2.000000e-01 1.810740e-03
2.050000e-01 3.733843e-03
2.100000e-01 5.646152e-03
2.150000e-01 7.219793e-03
2.200000e-01 8.509412e-03
2.250000e-01 9.492287e-03
2.300000e-01 1.006833e-02
2.350000e-01 1.032404e-02
2.400000e-01 1.007039e-02
2.450000e-01 9.425905e-03
2.500000e-01 8.461787e-03
2.550000e-01 7.108688e-03
2.600000e-01 5.501239e-03
2.650000e-01 3.643661e-03
2.700000e-01 1.692733e-03
2.750000e-01 -3.579707e-04
2.800000e-01 -2.445911e-03
2.850000e-01 -4.337340e-03
2.900000e-01 -6.112496e-03
2.950000e-01 -7.648272e-03
3.000000e-01 -8.851893e-03
3.050000e-01 -9.720298e-03
3.100000e-01 -1.021058e-02
3.150000e-01 -1.029662e-02
3.200000e-01 -9.905831e-03
3.250000e-01 -9.183523e-03
3.300000e-01 -8.092195e-03
3.350000e-01 -6.651528e-03
3.400000e-01 -4.983438e-03
3.450000e-01 -3.084272e-03
3.500000e-01 -1.067833e-03
3.550000e-01 1.008914e-03
3.600000e-01 2.998409e-03
3.650000e-01 4.892482e-03
3.700000e-01 6.614396e-03
3.750000e-01 8.018299e-03
3.800000e-01 9.157679e-03
3.850000e-01 9.923317e-03
3.900000e-01 1.026776e-02
3.950000e-01 1.020423e-02
4.000000e-01 9.751034e-03
4.050000e-01 8.898489e-03
4.100000e-01 7.690670e-03
4.150000e-01 6.200156e-03
4.200000e-01 4.424206e-03
4.250000e-01 2.492077e-03
4.300000e-01 4.619237e-04
4.350000e-01 -1.597781e-03
4.400000e-01 -3.573504e-03
4.450000e-01 -5.423891e-03
4.500000e-01 -7.055607e-03
4.550000e-01 -8.391199e-03
4.600000e-01 -9.409289e-03
4.650000e-01 -1.006497e-02
4.700000e-01 -1.029274e-02
4.750000e-01 -1.011634e-02
4.800000e-01 -9.539973e-03
4.850000e-01 -8.575069e-03
4.900000e-01 -7.292549e-03
4.950000e-01 -5.698506e-03
5.000000e-01 -3.874107e-03
5.050000e-01 -1.917401e-03
5.100000e-01 1.444597e-04
5.150000e-01 2.201062e-03
5.200000e-01 4.135935e-03
5.250000e-01 5.921080e-03
5.300000e-01 7.473000e-03
5.350000e-01 8.727397e-03
5.400000e-01 9.661394e-03
5.450000e-01 1.016612e-02
5.500000e-01 1.027773e-02
5.550000e-01 9.997605e-03
5.600000e-01 9.283157e-03
5.650000e-01 8.236683e-03
5.700000e-01 6.855484e-03
5.750000e-01 5.196044e-03
5.800000e-01 3.315988e-03
5.850000e-01 1.301041e-03
5.900000e-01 -7.474202e-04
5.950000e-01 -2.773298e-03
6.000000e-01 -4.666848e-03
6.050000e-01 -6.405174e-03
6.100000e-01 -7.879284e-03
6.150000e-01 -9.038925e-03
6.200000e-01 -9.849888e-03
6.250000e-01 -1.023824e-02
6.300000e-01 -1.023281e-02
6.350000e-01 -9.824075e-03
6.400000e-01 -9.031623e-03
6.450000e-01 -7.874516e-03
6.500000e-01 -6.395259e-03
6.550000e-01 -4.661237e-03
6.600000e-01 -2.727726e-03
6.650000e-01 -6.915771e-04
6.700000e-01 1.371729e-03
6.750000e-01 3.374553e-03
6.800000e-01 5.245639e-03
6.850000e-01 6.907958e-03
6.900000e-01 8.284175e-03
6.950000e-01 9.338738e-03
7.000000e-01 1.000426e-02
7.050000e-01 1.027191e-02
7.100000e-01 1.014508e-02
7.150000e-01 9.604443e-03
7.200000e-01 8.691389e-03
7.250000e-01 7.438833e-03
7.300000e-01 5.892673e-03
7.350000e-01 4.114406e-03
7.400000e-01 2.149971e-03
7.450000e-01 1.099183e-04
7.500000e-01 -1.919702e-03
7.550000e-01 -3.896111e-03
7.600000e-01 -5.718423e-03
7.650000e-01 -7.307595e-03
7.700000e-01 -8.600901e-03
7.750000e-01 -9.571160e-03
7.800000e-01 -1.014815e-02
7.850000e-01 -1.028828e-02
7.900000e-01 -1.005663e-02
7.950000e-01 -9.405129e-03
8.000000e-01 -8.389239e-03
8.050000e-01 -7.055637e-03
8.100000e-01 -5.396236e-03
8.150000e-01 -3.546003e-03
8.200000e-01 -1.554974e-03
8.250000e-01 4.983363e-04
8.300000e-01 2.522540e-03
8.350000e-01 4.449771e-03
8.400000e-01 6.194398e-03
8.450000e-01 7.719865e-03
8.500000e-01 8.921398e-03
8.550000e-01 9.760019e-03
8.600000e-01 1.020599e-02
8.650000e-01 1.024272e-02
8.700000e-01 9.904234e-03
8.750000e-01 9.143915e-03
8.800000e-01 8.032385e-03
8.850000e-01 6.606436e-03
8.900000e-01 4.881405e-03
8.950000e-01 2.986260e-03
9.000000e-01 9.825935e-04
9.050000e-01 -1.076391e-03
9.100000e-01 -3.084354e-03
9.150000e-01 -4.975112e-03
9.200000e-01 -6.682859e-03
9.250000e-01 -8.105706e-03
9.300000e-01 -9.212364e-03
9.350000e-01 -9.944895e-03
9.400000e-01 -1.027228e-02
9.450000e-01 -1.021037e-02
9.500000e-01 -9.729095e-03
9.550000e-01 -8.863193e-03
9.600000e-01 -7.643793e-03
9.650000e-01 -6.108731e-03
9.700000e-01 -4.337854e-03
9.750000e-01 -2.403101e-03
9.800000e-01 -3.625892e-04
9.850000e-01 1.690665e-03
9.900000e-01 3.656288e-03
9.950000e-01 5.503680e-03
1 7.121420e-03
1.005000e+00 8.448901e-03
1.010000e+00 9.462174e-03
1.015000e+00 1.006392e-02
1.020000e+00 1.028032e-02
1.025000e+00 1.010101e-02
1.030000e+00 9.507595e-03
1.035000e+00 8.535659e-03
1.040000e+00 7.230912e-03
1.045000e+00 5.637375e-03
1.050000e+00 3.793984e-03
1.055000e+00 1.819873e-03
1.060000e+00 -2.238199e-04
1.065000e+00 -2.253431e-03
1.070000e+00 -4.203040e-03
1.075000e+00 -6.005750e-03
1.080000e+00 -7.547330e-03
1.085000e+00 -8.793668e-03
1.090000e+00 -9.687635e-03
1.095000e+00 -1.018426e-02
1.100000e+00 -1.027952e-02
1.105000e+00 -9.978932e-03
1.110000e+00 -9.273658e-03
1.115000e+00 -8.196770e-03
1.120000e+00 -6.789447e-03
1.125000e+00 -5.089036e-03
1.130000e+00 -3.217402e-03
1.135000e+00 -1.222582e-03
1.140000e+00 8.309031e-04
1.145000e+00 2.852161e-03
1.150000e+00 4.760898e-03
1.155000e+00 6.477128e-03
1.160000e+00 7.951503e-03
1.165000e+00 9.073592e-03
1.170000e+00 9.845356e-03
1.175000e+00 1.024317e-02
1.180000e+00 1.022706e-02
1.185000e+00 9.808143e-03
1.190000e+00 8.984917e-03
1.195000e+00 7.817891e-03
1.200000e+00 6.316308e-03
1.205000e+00 4.567637e-03
1.210000e+00 2.655891e-03
1.215000e+00 6.268344e-04
1.220000e+00 -1.410463e-03
1.225000e+00 -3.367833e-03
1.230000e+00 -5.153916e-03
1.235000e+00 -6.708183e-03
1.240000e+00 -8.006159e-03
1.245000e+00 -9.096940e-03
1.250000e+00 -1.006554e-02
1.255000e+00 -1.101688e-02
1.260000e+00 -1.203218e-02
1.265000e+00 -1.307542e-02
1.270000e+00 -1.402029e-02
1.275000e+00 -1.458949e-02
1.280000e+00 -1.455145e-02
1.285000e+00 -1.375926e-02
1.290000e+00 -1.221300e-02
1.295000e+00 -1.011750e-02
1.300000e+00 -7.708687e-03
1.305000e+00 -5.210769e-03
1.310000e+00 -2.650247e-03
1.315000e+00 3.859902e-06
1.320000e+00 2.803399e-03
1.325000e+00 5.715006e-03
1.330000e+00 8.576963e-03
1.335000e+00 1.130284e-02
1.340000e+00 1.382859e-02
1.345000e+00 1.620572e-02
1.350000e+00 1.848570e-02
1.355000e+00 2.055370e-02
1.360000e+00 2.204470e-02
1.365000e+00 2.253484e-02
1.370000e+00 2.181651e-02
1.375000e+00 1.997195e-02
1.380000e+00 1.730257e-02
1.385000e+00 1.402612e-02
1.390000e+00 1.038573e-02
1.395000e+00 6.522412e-03
1.400000e+00 2.368436e-03
1.405000e+00 -2.074698e-03
1.410000e+00 -6.503298e-03
1.415000e+00 -1.047801e-02
1.420000e+00 -1.404046e-02
1.425000e+00 -1.725203e-02
1.430000e+00 -1.967289e-02
1.435000e+00 -2.095477e-02
1.440000e+00 -2.148252e-02
1.445000e+00 -2.161644e-02
1.450000e+00 -2.100396e-02
1.455000e+00 -1.938833e-02
1.460000e+00 -1.683956e-02
1.465000e+00 -1.349358e-02
1.470000e+00 -9.634479e-03
1.475000e+00 -5.613083e-03
1.480000e+00 -1.421647e-03
1.485000e+00 3.021125e-03
1.490000e+00 7.397871e-03
1.495000e+00 1.141403e-02
1.500000e+00 1.494597e-02
1.505000e+00 1.781597e-02
1.510000e+00 1.995852e-02
1.515000e+00 2.144486e-02
1.520000e+00 2.211287e-02
1.525000e+00 2.181845e-02
1.530000e+00 2.062259e-02
1.535000e+00 1.849197e-02
1.540000e+00 1.561622e-02
1.545000e+00 1.241470e-02
1.550000e+00 8.805854e-03
1.555000e+00 4.505966e-03
1.560000e+00 -1.351597e-04
1.565000e+00 -4.583513e-03
1.570000e+00 -8.581370e-03
1.575000e+00 -1.225650e-02
1.580000e+00 -1.582611e-02
1.585000e+00 -1.874228e-02
1.590000e+00 -2.056815e-02
1.595000e+00 -2.166101e-02
1.600000e+00 -2.209273e-02
1.605000e+00 -2.149529e-02
1.610000e+00 -1.999494e-02
1.615000e+00 -1.784460e-02
1.620000e+00 -1.490350e-02
1.625000e+00 -1.132721e-02
1.630000e+00 -7.338946e-03
1.635000e+00 -3.061929e-03
1.640000e+00 1.306116e-03
1.645000e+00 5.651564e-03
1.650000e+00 9.724929e-03
1.655000e+00 1.343941e-02
1.660000e+00 1.675488e-02
1.665000e+00 1.926159e-02
1.670000e+00 2.090799e-02
1.675000e+00 2.187478e-02
1.680000e+00 2.196964e-02
1.685000e+00 2.115858e-02
1.690000e+00 1.955729e-02
1.695000e+00 1.703730e-02
1.700000e+00 1.382113e-02
1.705000e+00 1.027543e-02
1.710000e+00 6.255703e-03
1.715000e+00 1.811218e-03
1.720000e+00 -2.631529e-03
1.725000e+00 -6.832609e-03
1.730000e+00 -1.084280e-02
1.735000e+00 -1.451106e-02
1.740000e+00 -1.750476e-02
1.745000e+00 -1.979079e-02
1.750000e+00 -2.134020e-02
1.755000e+00 -2.201913e-02
1.760000e+00 -2.186280e-02
1.765000e+00 -2.080053e-02
1.770000e+00 -1.882609e-02
1.775000e+00 -1.625700e-02
1.780000e+00 -1.299750e-02
1.785000e+00 -9.083461e-03
1.790000e+00 -4.964912e-03
1.795000e+00 -5.989976e-04
1.800000e+00 3.873699e-03
1.805000e+00 8.069058e-03
1.810000e+00 1.196647e-02
1.815000e+00 1.547539e-02
1.820000e+00 1.832896e-02
1.825000e+00 2.037566e-02
1.830000e+00 2.168226e-02
1.835000e+00 2.214020e-02
1.840000e+00 2.163964e-02
1.845000e+00 2.035318e-02
1.850000e+00 1.824459e-02
1.855000e+00 1.533536e-02
1.860000e+00 1.186283e-02
1.865000e+00 7.917470e-03
1.870000e+00 3.650626e-03
1.875000e+00 -7.522006e-04
1.880000e+00 -5.171877e-03
1.885000e+00 -9.319389e-03
1.890000e+00 -1.311991e-02
1.895000e+00 -1.647005e-02
1.900000e+00 -1.900499e-02
1.905000e+00 -2.085226e-02
1.910000e+00 -2.194833e-02
1.915000e+00 -2.204334e-02
1.920000e+00 -2.133791e-02
1.925000e+00 -1.979673e-02
1.930000e+00 -1.737305e-02
1.935000e+00 -1.432270e-02
1.940000e+00 -1.074255e-02
1.945000e+00 -6.652756e-03
1.950000e+00 -2.313584e-03
1.955000e+00 2.076595e-03
1.960000e+00 6.441894e-03
1.965000e+00 1.053102e-02
1.970000e+00 1.418213e-02
1.975000e+00 1.728526e-02
1.980000e+00 1.967287e-02
1.985000e+00 2.130641e-02
1.990000e+00 2.207325e-02
1.995000e+00 2.191941e-02
2 2.092952e-02
2.005000e+00 1.908776e-02
2.010000e+00 1.650766e-02
2.015000e+00 1.327680e-02
2.020000e+00 9.462976e-03
2.025000e+00 5.362295e-03
2.030000e+00 1.016571e-03
2.035000e+00 -3.433117e-03
2.040000e+00 -7.637651e-03
2.045000e+00 -1.158182e-02
2.050000e+00 -1.512348e-02
2.055000e+00 -1.799125e-02
2.060000e+00 -2.015576e-02
2.065000e+00 -2.154036e-02
2.070000e+00 -2.201898e-02
2.075000e+00 -2.166643e-02
2.080000e+00 -2.046262e-02
2.085000e+00 -1.837129e-02
2.090000e+00 -1.560920e-02
2.095000e+00 -1.222126e-02
2.100000e+00 -8.317278e-03
2.105000e+00 -4.123833e-03
2.110000e+00 2.611330e-04
2.115000e+00 4.604375e-03
2.120000e+00 8.809623e-03
2.125000e+00 1.266813e-02
2.130000e+00 1.594996e-02
2.135000e+00 1.865694e-02
2.140000e+00 2.058802e-02
2.145000e+00 2.172197e-02
2.150000e+00 2.200668e-02
2.155000e+00 2.135024e-02
2.160000e+00 1.991861e-02
2.165000e+00 1.763639e-02
2.170000e+00 1.464604e-02
2.175000e+00 1.115635e-02
2.180000e+00 7.134032e-03
2.185000e+00 2.878937e-03
2.190000e+00 -1.474663e-03
2.195000e+00 -5.872042e-03
2.200000e+00 -9.923866e-03
2.205000e+00 -1.358765e-02
2.210000e+00 -1.679905e-02
2.215000e+00 -1.925819e-02
2.220000e+00 -2.098336e-02
2.225000e+00 -2.189219e-02
2.230000e+00 -2.187810e-02
2.235000e+00 -2.103807e-02
2.240000e+00 -1.932391e-02
2.245000e+00 -1.683942e-02
2.250000e+00 -1.373869e-02
2.255000e+00 -1.004749e-02
2.260000e+00 -5.938287e-03
2.265000e+00 -1.621022e-03
2.270000e+00 2.740962e-03
2.275000e+00 7.022578e-03
2.280000e+00 1.102554e-02
2.285000e+00 1.457897e-02
2.290000e+00 1.755815e-02
2.295000e+00 1.982392e-02
2.300000e+00 2.133571e-02
2.305000e+00 2.198049e-02
2.310000e+00 2.169787e-02
2.315000e+00 2.064030e-02
2.320000e+00 1.873896e-02
2.325000e+00 1.601041e-02
2.330000e+00 1.272877e-02
2.335000e+00 8.908085e-03
2.340000e+00 4.730521e-03
2.345000e+00 4.048175e-04
2.350000e+00 -4.008316e-03
2.355000e+00 -8.214787e-03
2.360000e+00 -1.208573e-02
2.365000e+00 -1.551288e-02
2.370000e+00 -1.828963e-02
2.375000e+00 -2.035022e-02
2.380000e+00 -2.159792e-02
2.385000e+00 -2.199967e-02
2.390000e+00 -2.154002e-02
2.395000e+00 -2.017888e-02
2.400000e+00 -1.800595e-02
2.405000e+00 -1.515739e-02
2.410000e+00 -1.170155e-02
2.415000e+00 -7.751602e-03
2.420000e+00 -3.505518e-03
2.425000e+00 8.901695e-04
2.430000e+00 5.245230e-03
2.435000e+00 9.393908e-03
2.440000e+00 1.317016e-02
2.445000e+00 1.639515e-02
2.450000e+00 1.899480e-02
2.455000e+00 2.083192e-02
2.460000e+00 2.181686e-02
2.465000e+00 2.192581e-02
2.470000e+00 2.111687e-02
2.475000e+00 1.949129e-02
2.480000e+00 1.710119e-02
2.485000e+00 1.400582e-02
2.490000e+00 1.039183e-02
2.495000e+00 6.358228e-03
2.500000e+00 2.092450e-03
2.505000e+00 -2.246330e-03
2.510000e+00 -6.513863e-03
2.515000e+00 -1.046629e-02
2.520000e+00 -1.400623e-02
2.525000e+00 -1.696823e-02
2.530000e+00 -1.918495e-02
2.535000e+00 -2.063407e-02
2.540000e+00 -2.131386e-02
2.545000e+00 -2.132035e-02
2.550000e+00 -2.075591e-02
2.555000e+00 -1.972574e-02
2.560000e+00 -1.836330e-02
2.565000e+00 -1.673269e-02
2.570000e+00 -1.476961e-02
2.575000e+00 -1.240625e-02
2.580000e+00 -9.630704e-03
2.585000e+00 -6.348327e-03
2.590000e+00 -2.607234e-03
2.595000e+00 1.332543e-03
2.600000e+00 5.213018e-03
2.605000e+00 8.764318e-03
2.610000e+00 1.177888e-02
2.615000e+00 1.419084e-02
2.620000e+00 1.602241e-02
2.625000e+00 1.741948e-02
2.630000e+00 1.849075e-02
2.635000e+00 1.923615e-02
2.640000e+00 1.959321e-02
2.645000e+00 1.950212e-02
2.650000e+00 1.891372e-02
2.655000e+00 1.780177e-02
2.660000e+00 1.621900e-02
2.665000e+00 1.409939e-02
2.670000e+00 1.144188e-02
2.675000e+00 8.178237e-03
2.680000e+00 4.248193e-03
2.685000e+00 2.420941e-05
2.690000e+00 -4.137205e-03
2.695000e+00 -7.912522e-03
2.700000e+00 -1.108277e-02
2.705000e+00 -1.368578e-02
2.710000e+00 -1.579643e-02
2.715000e+00 -1.756897e-02
2.720000e+00 -1.884105e-02
2.725000e+00 -1.931331e-02
2.730000e+00 -1.883494e-02
2.735000e+00 -1.740140e-02
2.740000e+00 -1.526188e-02
2.745000e+00 -1.261456e-02
2.750000e+00 -9.713076e-03
2.755000e+00 -6.623141e-03
2.760000e+00 -3.203104e-03
2.765000e+00 5.034651e-04
2.770000e+00 4.380365e-03
2.775000e+00 8.108570e-03
2.780000e+00 1.142700e-02
2.785000e+00 1.425204e-02
2.790000e+00 1.639648e-02
2.795000e+00 1.786194e-02
2.800000e+00 1.870179e-02
2.805000e+00 1.883931e-02
2.810000e+00 1.828261e-02
2.815000e+00 1.697974e-02
2.820000e+00 1.492175e-02
2.825000e+00 1.223037e-02
2.830000e+00 9.049268e-03
2.835000e+00 5.494091e-03
2.840000e+00 1.738973e-03
2.845000e+00 -1.977085e-03
2.850000e+00 -5.576496e-03
2.855000e+00 -9.025733e-03
2.860000e+00 -1.219549e-02
2.865000e+00 -1.489926e-02
2.870000e+00 -1.695502e-02
2.875000e+00 -1.826157e-02
2.880000e+00 -1.885593e-02
2.885000e+00 -1.875078e-02
2.890000e+00 -1.792036e-02
2.895000e+00 -1.639076e-02
2.900000e+00 -1.415699e-02
2.905000e+00 -1.128755e-02
2.910000e+00 -7.956259e-03
2.915000e+00 -4.428210e-03
2.920000e+00 -8.424171e-04
2.925000e+00 2.922002e-03
2.930000e+00 6.798646e-03
2.935000e+00 1.030089e-02
2.940000e+00 1.311261e-02
2.945000e+00 1.538272e-02
2.950000e+00 1.721281e-02
2.955000e+00 1.848993e-02
2.960000e+00 1.898990e-02
2.965000e+00 1.862418e-02
2.970000e+00 1.743578e-02
2.975000e+00 1.554312e-02
2.980000e+00 1.322882e-02
2.985000e+00 1.048389e-02
2.990000e+00 7.155595e-03
2.995000e+00 3.410379e-03
3 -4.065563e-04
