T X
0 0
2.000000e-03 -8.857515e-09
4.000000e-03 -7.716052e-09
6.000000e-03 2.797164e-08
8.000000e-03 3.802573e-08
1.000000e-02 1.382964e-08
1.200000e-02 4.875474e-08
1.400000e-02 8.511883e-08
1.600000e-02 4.984895e-08
1.800000e-02 -6.782867e-08
2.000000e-02 -1.747022e-07
2.200000e-02 -4.887201e-08
2.400000e-02 -2.500183e-07
2.600000e-02 -2.029066e-07
2.800000e-02 2.083622e-06
3.000000e-02 9.425244e-06
3.200000e-02 3.124253e-05
3.400000e-02 9.171069e-05
3.600000e-02 2.428972e-04
3.800000e-02 5.690785e-04
4.000000e-02 1.165424e-03
4.200000e-02 2.080503e-03
4.400000e-02 3.240288e-03
4.600000e-02 4.444745e-03
4.800000e-02 5.495849e-03
5.000000e-02 6.367994e-03
5.200000e-02 7.204197e-03
5.400000e-02 8.100409e-03
5.600000e-02 8.975177e-03
5.800000e-02 9.714807e-03
6.000000e-02 1.035198e-02
6.200000e-02 1.097691e-02
6.400000e-02 1.156422e-02
6.600000e-02 1.203484e-02
6.800000e-02 1.240784e-02
7.000000e-02 1.273951e-02
7.200000e-02 1.298565e-02
7.400000e-02 1.311671e-02
7.600000e-02 1.319764e-02
7.800000e-02 1.321151e-02
8.000000e-02 1.309784e-02
8.200000e-02 1.289660e-02
8.400000e-02 1.263492e-02
8.600000e-02 1.228963e-02
8.800000e-02 1.186420e-02
9.000000e-02 1.136563e-02
9.200000e-02 1.079981e-02
9.400000e-02 1.016850e-02
9.600000e-02 9.464871e-03
9.800000e-02 8.708647e-03
1.000000e-01 7.899132e-03
1.020000e-01 7.016042e-03
1.040000e-01 6.090708e-03
1.060000e-01 5.145758e-03
1.080000e-01 4.162956e-03
1.100000e-01 3.151241e-03
1.120000e-01 2.140804e-03
1.140000e-01 1.130492e-03
1.160000e-01 1.104077e-04
1.180000e-01 -8.939232e-04
1.200000e-01 -1.881776e-03
1.220000e-01 -2.876655e-03
1.240000e-01 -3.864017e-03
1.260000e-01 -4.850799e-03
1.280000e-01 -5.851639e-03
1.300000e-01 -6.823351e-03
1.320000e-01 -7.725032e-03
1.340000e-01 -8.547020e-03
1.360000e-01 -9.285963e-03
1.380000e-01 -9.961879e-03
1.400000e-01 -1.060810e-02
1.420000e-01 -1.121866e-02
1.440000e-01 -1.174748e-02
1.460000e-01 -1.217336e-02
1.480000e-01 -1.252160e-02
1.500000e-01 -1.282350e-02
1.520000e-01 -1.306655e-02
1.540000e-01 -1.320092e-02
1.560000e-01 -1.322027e-02
1.580000e-01 -1.315390e-02
1.600000e-01 -1.301613e-02
1.620000e-01 -1.281145e-02
1.640000e-01 -1.251308e-02
1.660000e-01 -1.210428e-02
1.680000e-01 -1.163002e-02
1.700000e-01 -1.110666e-02
1.720000e-01 -1.049392e-02
1.740000e-01 -9.802861e-03
1.760000e-01 -9.073037e-03
1.780000e-01 -8.286603e-03
1.800000e-01 -7.433566e-03
1.820000e-01 -6.547480e-03
1.840000e-01 -5.634266e-03
1.860000e-01 -4.670273e-03
1.880000e-01 -3.658425e-03
1.900000e-01 -2.629830e-03
1.920000e-01 -1.602534e-03
1.940000e-01 -5.674988e-04
1.960000e-01 4.804139e-04
1.980000e-01 1.529237e-03
2.000000e-01 2.573385e-03
2.020000e-01 3.610378e-03
2.040000e-01 4.628042e-03
2.060000e-01 5.610320e-03
2.080000e-01 6.546013e-03
2.100000e-01 7.437897e-03
2.120000e-01 8.292567e-03
2.140000e-01 9.096349e-03
2.160000e-01 9.832807e-03
2.180000e-01 1.050230e-02
2.200000e-01 1.110010e-02
2.220000e-01 1.161965e-02
2.240000e-01 1.206700e-02
2.260000e-01 1.244500e-02
2.280000e-01 1.273882e-02
2.300000e-01 1.294873e-02
2.320000e-01 1.309383e-02
2.340000e-01 1.316166e-02
2.360000e-01 1.313172e-02
2.380000e-01 1.302006e-02
2.400000e-01 1.283967e-02
2.420000e-01 1.257209e-02
2.440000e-01 1.220625e-02
2.460000e-01 1.175924e-02
2.480000e-01 1.125374e-02
2.500000e-01 1.068292e-02
2.520000e-01 1.002954e-02
2.540000e-01 9.311472e-03
2.560000e-01 8.537254e-03
2.580000e-01 7.691519e-03
2.600000e-01 6.792279e-03
2.620000e-01 5.865080e-03
2.640000e-01 4.906522e-03
2.660000e-01 3.911294e-03
2.680000e-01 2.887263e-03
2.700000e-01 1.849670e-03
2.720000e-01 8.095523e-04
2.740000e-01 -2.337042e-04
2.760000e-01 -1.285117e-03
2.780000e-01 -2.331520e-03
2.800000e-01 -3.344160e-03
2.820000e-01 -4.327189e-03
2.840000e-01 -5.300819e-03
2.860000e-01 -6.252978e-03
2.880000e-01 -7.161430e-03
2.900000e-01 -8.023594e-03
2.920000e-01 -8.843465e-03
2.940000e-01 -9.601377e-03
2.960000e-01 -1.028340e-02
2.980000e-01 -1.090496e-02
3.000000e-01 -1.146774e-02
3.020000e-01 -1.195668e-02
3.040000e-01 -1.236395e-02
3.060000e-01 -1.268875e-02
3.080000e-01 -1.293784e-02
3.100000e-01 -1.310982e-02
3.120000e-01 -1.318713e-02
3.140000e-01 -1.316936e-02
3.160000e-01 -1.307149e-02
3.180000e-01 -1.289375e-02
3.200000e-01 -1.263024e-02
3.220000e-01 -1.228564e-02
3.240000e-01 -1.187104e-02
3.260000e-01 -1.138218e-02
3.280000e-01 -1.081086e-02
3.300000e-01 -1.016994e-02
3.320000e-01 -9.476867e-03
3.340000e-01 -8.728763e-03
3.360000e-01 -7.917271e-03
3.380000e-01 -7.060384e-03
3.400000e-01 -6.165084e-03
3.420000e-01 -5.211487e-03
3.440000e-01 -4.214662e-03
3.460000e-01 -3.204269e-03
3.480000e-01 -2.175870e-03
3.500000e-01 -1.121729e-03
3.520000e-01 -5.830378e-05
3.540000e-01 9.902605e-04
3.560000e-01 2.030137e-03
3.580000e-01 3.076531e-03
3.600000e-01 4.112194e-03
3.620000e-01 5.110343e-03
3.640000e-01 6.056131e-03
3.660000e-01 6.961464e-03
3.680000e-01 7.836410e-03
3.700000e-01 8.655819e-03
3.720000e-01 9.411049e-03
3.740000e-01 1.011528e-02
3.760000e-01 1.075587e-02
3.780000e-01 1.131996e-02
3.800000e-01 1.181739e-02
3.820000e-01 1.224037e-02
3.840000e-01 1.257755e-02
3.860000e-01 1.283824e-02
3.880000e-01 1.302694e-02
3.900000e-01 1.313737e-02
3.920000e-01 1.316416e-02
3.940000e-01 1.310660e-02
3.960000e-01 1.296497e-02
3.980000e-01 1.274057e-02
4.000000e-01 1.242589e-02
4.020000e-01 1.201902e-02
4.040000e-01 1.153597e-02
4.060000e-01 1.099021e-02
4.080000e-01 1.037891e-02
4.100000e-01 9.689079e-03
4.120000e-01 8.928576e-03
4.140000e-01 8.121406e-03
4.160000e-01 7.270871e-03
4.180000e-01 6.366031e-03
4.200000e-01 5.415700e-03
4.220000e-01 4.442454e-03
4.240000e-01 3.454652e-03
4.260000e-01 2.442547e-03
4.280000e-01 1.397690e-03
4.300000e-01 3.415106e-04
4.320000e-01 -7.042415e-04
4.340000e-01 -1.746197e-03
4.360000e-01 -2.780944e-03
4.380000e-01 -3.789609e-03
4.400000e-01 -4.776767e-03
4.420000e-01 -5.747248e-03
4.440000e-01 -6.678651e-03
4.460000e-01 -7.567724e-03
4.480000e-01 -8.421159e-03
4.500000e-01 -9.222244e-03
4.520000e-01 -9.951851e-03
4.540000e-01 -1.060732e-02
4.560000e-01 -1.120058e-02
4.580000e-01 -1.172691e-02
4.600000e-01 -1.216933e-02
4.620000e-01 -1.252979e-02
4.640000e-01 -1.281120e-02
4.660000e-01 -1.301281e-02
4.680000e-01 -1.313146e-02
4.700000e-01 -1.315913e-02
4.720000e-01 -1.310547e-02
4.740000e-01 -1.297792e-02
4.760000e-01 -1.276727e-02
4.780000e-01 -1.247375e-02
4.800000e-01 -1.210592e-02
4.820000e-01 -1.166556e-02
4.840000e-01 -1.114432e-02
4.860000e-01 -1.054601e-02
4.880000e-01 -9.882777e-03
4.900000e-01 -9.154757e-03
4.920000e-01 -8.372925e-03
4.940000e-01 -7.548332e-03
4.960000e-01 -6.668080e-03
4.980000e-01 -5.730944e-03
5.000000e-01 -4.757052e-03
