T X
0 0
5.000000e-03 -5.956284e-09
1.000000e-02 -6.842130e-09
1.500000e-02 3.891513e-07
2.000000e-02 4.099045e-06
2.500000e-02 2.724534e-05
3.000000e-02 1.330173e-04
3.500000e-02 4.902780e-04
4.000000e-02 1.384962e-03
4.500000e-02 3.033159e-03
5.000000e-02 5.212511e-03
5.500000e-02 7.194419e-03
6.000000e-02 8.418578e-03
6.500000e-02 9.148741e-03
7.000000e-02 9.860606e-03
7.500000e-02 1.027757e-02
8.000000e-02 9.991540e-03
8.500000e-02 9.338382e-03
9.000000e-02 8.526453e-03
9.500000e-02 7.215269e-03
1.000000e-01 5.559851e-03
1.050000e-01 3.876149e-03
1.100000e-01 1.934221e-03
1.150000e-01 -1.258634e-04
1.200000e-01 -2.013296e-03
1.250000e-01 -3.941449e-03
1.300000e-01 -5.734080e-03
1.350000e-01 -7.205393e-03
1.400000e-01 -8.541442e-03
1.450000e-01 -9.485158e-03
1.500000e-01 -9.984017e-03
1.550000e-01 -1.016010e-02
1.600000e-01 -9.860021e-03
1.650000e-01 -9.246518e-03
1.700000e-01 -8.276731e-03
1.750000e-01 -6.894489e-03
1.800000e-01 -5.300931e-03
1.850000e-01 -3.441698e-03
1.900000e-01 -1.490331e-03
1.950000e-01 5.081520e-04
2.000000e-01 2.560982e-03
2.050000e-01 4.447033e-03
2.100000e-01 6.192852e-03
2.150000e-01 7.661572e-03
2.200000e-01 8.834959e-03
2.250000e-01 9.684233e-03
2.300000e-01 1.008519e-02
2.350000e-01 1.015453e-02
2.400000e-01 9.776828e-03
2.450000e-01 9.000907e-03
2.500000e-01 7.888404e-03
2.550000e-01 6.443983e-03
2.600000e-01 4.770624e-03
2.650000e-01 2.869398e-03
2.700000e-01 8.971566e-04
2.750000e-01 -1.141438e-03
2.800000e-01 -3.139082e-03
2.850000e-01 -4.975612e-03
2.900000e-01 -6.644811e-03
2.950000e-01 -8.032790e-03
3.000000e-01 -9.117231e-03
3.050000e-01 -9.816087e-03
3.100000e-01 -1.014212e-02
3.150000e-01 -1.006458e-02
3.200000e-01 -9.573835e-03
3.250000e-01 -8.715563e-03
3.300000e-01 -7.500283e-03
3.350000e-01 -5.986496e-03
3.400000e-01 -4.236582e-03
3.450000e-01 -2.327613e-03
3.500000e-01 -2.985182e-04
3.550000e-01 1.715379e-03
3.600000e-01 3.677493e-03
3.650000e-01 5.498267e-03
3.700000e-01 7.080178e-03
3.750000e-01 8.392645e-03
3.800000e-01 9.362497e-03
3.850000e-01 9.971911e-03
3.900000e-01 1.017357e-02
3.950000e-01 9.966971e-03
4.000000e-01 9.366155e-03
4.050000e-01 8.395942e-03
4.100000e-01 7.078287e-03
4.150000e-01 5.490993e-03
4.200000e-01 3.686822e-03
4.250000e-01 1.732668e-03
4.300000e-01 -2.996018e-04
4.350000e-01 -2.313610e-03
4.400000e-01 -4.223094e-03
4.450000e-01 -5.982245e-03
4.500000e-01 -7.492838e-03
4.550000e-01 -8.704910e-03
4.600000e-01 -9.569110e-03
4.650000e-01 -1.007066e-02
4.700000e-01 -1.014853e-02
4.750000e-01 -9.824255e-03
4.800000e-01 -9.119183e-03
4.850000e-01 -8.044685e-03
4.900000e-01 -6.649985e-03
4.950000e-01 -4.989655e-03
5.000000e-01 -3.134204e-03
5.050000e-01 -1.143804e-03
5.100000e-01 8.828420e-04
5.150000e-01 2.884658e-03
5.200000e-01 4.760431e-03
5.250000e-01 6.446016e-03
5.300000e-01 7.886711e-03
5.350000e-01 9.006212e-03
5.400000e-01 9.759995e-03
5.450000e-01 1.013649e-02
5.500000e-01 1.010015e-02
5.550000e-01 9.659950e-03
5.600000e-01 8.841775e-03
5.650000e-01 7.663334e-03
5.700000e-01 6.188304e-03
5.750000e-01 4.462741e-03
5.800000e-01 2.553528e-03
5.850000e-01 5.493093e-04
5.900000e-01 -1.473113e-03
5.950000e-01 -3.447167e-03
6.000000e-01 -5.279452e-03
6.050000e-01 -6.898309e-03
6.100000e-01 -8.240977e-03
6.150000e-01 -9.266984e-03
6.200000e-01 -9.905030e-03
6.250000e-01 -1.014506e-02
6.300000e-01 -9.991396e-03
6.350000e-01 -9.428201e-03
6.400000e-01 -8.497186e-03
6.450000e-01 -7.227766e-03
6.500000e-01 -5.678232e-03
6.550000e-01 -3.901943e-03
6.600000e-01 -1.970533e-03
6.650000e-01 4.301836e-05
6.700000e-01 2.043748e-03
6.750000e-01 3.977013e-03
6.800000e-01 5.750571e-03
6.850000e-01 7.293197e-03
6.900000e-01 8.561209e-03
6.950000e-01 9.474584e-03
7.000000e-01 1.001885e-02
7.050000e-01 1.015910e-02
7.100000e-01 9.887541e-03
7.150000e-01 9.218552e-03
7.200000e-01 8.197298e-03
7.250000e-01 6.839682e-03
7.300000e-01 5.202081e-03
7.350000e-01 3.371065e-03
7.400000e-01 1.397184e-03
7.450000e-01 -6.362514e-04
7.500000e-01 -2.639919e-03
7.550000e-01 -4.533159e-03
7.600000e-01 -6.249310e-03
7.650000e-01 -7.722335e-03
7.700000e-01 -8.888219e-03
7.750000e-01 -9.686921e-03
7.800000e-01 -1.010719e-02
7.850000e-01 -1.013389e-02
7.900000e-01 -9.736286e-03
7.950000e-01 -8.953931e-03
8.000000e-01 -7.840312e-03
8.050000e-01 -6.384461e-03
8.100000e-01 -4.681461e-03
8.150000e-01 -2.801420e-03
8.200000e-01 -7.939885e-04
8.250000e-01 1.222195e-03
8.300000e-01 3.215731e-03
8.350000e-01 5.058236e-03
8.400000e-01 6.702899e-03
8.450000e-01 8.101391e-03
8.500000e-01 9.151066e-03
8.550000e-01 9.851651e-03
8.600000e-01 1.014830e-02
8.650000e-01 1.004862e-02
8.700000e-01 9.549662e-03
8.750000e-01 8.664411e-03
8.800000e-01 7.441073e-03
8.850000e-01 5.915955e-03
8.900000e-01 4.155800e-03
8.950000e-01 2.224108e-03
9.000000e-01 2.125375e-04
9.050000e-01 -1.809063e-03
9.100000e-01 -3.759552e-03
9.150000e-01 -5.565073e-03
9.200000e-01 -7.149510e-03
9.250000e-01 -8.437339e-03
9.300000e-01 -9.404734e-03
9.350000e-01 -9.985298e-03
9.400000e-01 -1.016493e-02
9.450000e-01 -9.948115e-03
9.500000e-01 -9.332585e-03
9.550000e-01 -8.348837e-03
9.600000e-01 -7.014877e-03
9.650000e-01 -5.420287e-03
9.700000e-01 -3.600088e-03
9.750000e-01 -1.635849e-03
9.800000e-01 3.839952e-04
9.850000e-01 2.398221e-03
9.900000e-01 4.304665e-03
9.950000e-01 6.058114e-03
1 7.556232e-03
1.005000e+00 8.752388e-03
1.010000e+00 9.607346e-03
1.015000e+00 1.007012e-02
1.020000e+00 1.014211e-02
1.025000e+00 9.803726e-03
1.030000e+00 9.079577e-03
1.035000e+00 7.989329e-03
1.040000e+00 6.579726e-03
1.045000e+00 4.913130e-03
1.050000e+00 3.038706e-03
1.055000e+00 1.061734e-03
1.060000e+00 -9.700851e-04
1.065000e+00 -2.967110e-03
1.070000e+00 -4.837031e-03
1.075000e+00 -6.521539e-03
1.080000e+00 -7.939142e-03
1.085000e+00 -9.048380e-03
1.090000e+00 -9.787783e-03
1.095000e+00 -1.013771e-02
1.100000e+00 -1.009123e-02
1.105000e+00 -9.640039e-03
1.110000e+00 -8.796910e-03
1.115000e+00 -7.601260e-03
1.120000e+00 -6.120057e-03
1.125000e+00 -4.377083e-03
1.130000e+00 -2.460720e-03
1.135000e+00 -4.667016e-04
1.140000e+00 1.560105e-03
1.145000e+00 3.518850e-03
1.150000e+00 5.344609e-03
1.155000e+00 6.963980e-03
1.160000e+00 8.338560e-03
1.165000e+00 9.437203e-03
1.170000e+00 1.017331e-02
1.175000e+00 1.047871e-02
1.180000e+00 1.021335e-02
1.185000e+00 9.205275e-03
1.190000e+00 7.318711e-03
1.195000e+00 4.557839e-03
1.200000e+00 1.122943e-03
1.205000e+00 -2.639377e-03
1.210000e+00 -6.264416e-03
1.215000e+00 -9.396084e-03
1.220000e+00 -1.194718e-02
1.225000e+00 -1.403877e-02
1.230000e+00 -1.574586e-02
1.235000e+00 -1.700564e-02
1.240000e+00 -1.771195e-02
1.245000e+00 -1.763778e-02
1.250000e+00 -1.654329e-02
1.255000e+00 -1.457756e-02
1.260000e+00 -1.219855e-02
1.265000e+00 -9.258764e-03
1.270000e+00 -5.131571e-03
1.275000e+00 4.076888e-05
1.280000e+00 5.424751e-03
1.285000e+00 1.062924e-02
1.290000e+00 1.556437e-02
1.295000e+00 1.970063e-02
1.300000e+00 2.273232e-02
1.305000e+00 2.482966e-02
1.310000e+00 2.601958e-02
1.315000e+00 2.633501e-02
1.320000e+00 2.584272e-02
1.325000e+00 2.430119e-02
1.330000e+00 2.151298e-02
1.335000e+00 1.776610e-02
1.340000e+00 1.340299e-02
1.345000e+00 8.640164e-03
1.350000e+00 3.746854e-03
1.355000e+00 -1.339006e-03
1.360000e+00 -6.689501e-03
1.365000e+00 -1.188231e-02
1.370000e+00 -1.647881e-02
1.375000e+00 -2.023037e-02
1.380000e+00 -2.314201e-02
1.385000e+00 -2.543284e-02
1.390000e+00 -2.681021e-02
1.395000e+00 -2.671949e-02
1.400000e+00 -2.551238e-02
1.405000e+00 -2.361573e-02
1.410000e+00 -2.080634e-02
1.415000e+00 -1.700714e-02
1.420000e+00 -1.245028e-02
1.425000e+00 -7.471534e-03
1.430000e+00 -2.251245e-03
1.435000e+00 3.112447e-03
1.440000e+00 8.305694e-03
1.445000e+00 1.310243e-02
1.450000e+00 1.753058e-02
1.455000e+00 2.127930e-02
1.460000e+00 2.406361e-02
1.465000e+00 2.594426e-02
1.470000e+00 2.673347e-02
1.475000e+00 2.641391e-02
1.480000e+00 2.520532e-02
1.485000e+00 2.294869e-02
1.490000e+00 1.965219e-02
1.495000e+00 1.564504e-02
1.500000e+00 1.106467e-02
1.505000e+00 6.037583e-03
1.510000e+00 7.465378e-04
1.515000e+00 -4.608801e-03
1.520000e+00 -9.798424e-03
1.525000e+00 -1.455923e-02
1.530000e+00 -1.866850e-02
1.535000e+00 -2.211659e-02
1.540000e+00 -2.472845e-02
1.545000e+00 -2.623413e-02
1.550000e+00 -2.675039e-02
1.555000e+00 -2.625084e-02
1.560000e+00 -2.461024e-02
1.565000e+00 -2.204500e-02
1.570000e+00 -1.861126e-02
1.575000e+00 -1.439318e-02
1.580000e+00 -9.640828e-03
1.585000e+00 -4.489754e-03
1.590000e+00 8.700645e-04
1.595000e+00 6.161329e-03
1.600000e+00 1.120073e-02
1.605000e+00 1.582193e-02
1.610000e+00 1.979461e-02
1.615000e+00 2.297996e-02
1.620000e+00 2.525031e-02
1.625000e+00 2.650656e-02
1.630000e+00 2.671281e-02
1.635000e+00 2.588526e-02
1.640000e+00 2.396493e-02
1.645000e+00 2.110818e-02
1.650000e+00 1.746314e-02
1.655000e+00 1.303471e-02
1.660000e+00 8.148976e-03
1.665000e+00 2.945882e-03
1.670000e+00 -2.435486e-03
1.675000e+00 -7.665900e-03
1.680000e+00 -1.260313e-02
1.685000e+00 -1.704426e-02
1.690000e+00 -2.080069e-02
1.695000e+00 -2.372951e-02
1.700000e+00 -2.570627e-02
1.705000e+00 -2.669942e-02
1.710000e+00 -2.658113e-02
1.715000e+00 -2.540178e-02
1.720000e+00 -2.326384e-02
1.725000e+00 -2.013364e-02
1.730000e+00 -1.621851e-02
1.735000e+00 -1.169533e-02
1.740000e+00 -6.650337e-03
1.745000e+00 -1.360795e-03
1.750000e+00 3.977949e-03
1.755000e+00 9.155981e-03
1.760000e+00 1.397306e-02
1.765000e+00 1.822999e-02
1.770000e+00 2.175170e-02
1.775000e+00 2.442278e-02
1.780000e+00 2.610361e-02
1.785000e+00 2.676852e-02
1.790000e+00 2.634133e-02
1.795000e+00 2.486854e-02
1.800000e+00 2.242828e-02
1.805000e+00 1.906585e-02
1.810000e+00 1.496116e-02
1.815000e+00 1.024302e-02
1.820000e+00 5.128612e-03
1.825000e+00 -1.814945e-04
1.830000e+00 -5.541472e-03
1.835000e+00 -1.059999e-02
1.840000e+00 -1.526637e-02
1.845000e+00 -1.936111e-02
1.850000e+00 -2.260240e-02
1.855000e+00 -2.500415e-02
1.860000e+00 -2.638467e-02
1.865000e+00 -2.669944e-02
1.870000e+00 -2.599722e-02
1.875000e+00 -2.421027e-02
1.880000e+00 -2.149154e-02
1.885000e+00 -1.794138e-02
1.890000e+00 -1.362987e-02
1.895000e+00 -8.801239e-03
1.900000e+00 -3.619533e-03
1.905000e+00 1.729950e-03
1.910000e+00 7.000105e-03
1.915000e+00 1.200514e-02
1.920000e+00 1.651840e-02
1.925000e+00 2.037330e-02
1.930000e+00 2.344711e-02
1.935000e+00 2.553480e-02
1.940000e+00 2.662599e-02
1.945000e+00 2.665776e-02
1.950000e+00 2.559397e-02
1.955000e+00 2.355577e-02
1.960000e+00 2.053931e-02
1.965000e+00 1.673177e-02
1.970000e+00 1.227407e-02
1.975000e+00 7.280778e-03
1.980000e+00 2.026788e-03
1.985000e+00 -3.296696e-03
1.990000e+00 -8.520088e-03
1.995000e+00 -1.338059e-02
2 -1.771066e-02
2.005000e+00 -2.136113e-02
2.010000e+00 -2.413598e-02
2.015000e+00 -2.596810e-02
2.020000e+00 -2.675424e-02
2.025000e+00 -2.646183e-02
2.030000e+00 -2.513175e-02
2.035000e+00 -2.278208e-02
2.040000e+00 -1.953391e-02
2.045000e+00 -1.550883e-02
2.050000e+00 -1.084686e-02
2.055000e+00 -5.762767e-03
2.060000e+00 -4.582352e-04
2.065000e+00 4.873048e-03
2.070000e+00 1.000459e-02
2.075000e+00 1.471815e-02
2.080000e+00 1.887508e-02
2.085000e+00 2.226793e-02
2.090000e+00 2.475942e-02
2.095000e+00 2.629158e-02
2.100000e+00 2.674826e-02
2.105000e+00 2.616341e-02
2.110000e+00 2.453165e-02
2.115000e+00 2.190414e-02
2.120000e+00 1.845048e-02
2.125000e+00 1.421226e-02
2.130000e+00 9.408007e-03
2.135000e+00 4.259107e-03
2.140000e+00 -1.087742e-03
2.145000e+00 -6.379891e-03
2.150000e+00 -1.142359e-02
2.155000e+00 -1.601283e-02
2.160000e+00 -1.995403e-02
2.165000e+00 -2.311619e-02
2.170000e+00 -2.534290e-02
2.175000e+00 -2.653960e-02
2.180000e+00 -2.670970e-02
2.185000e+00 -2.579518e-02
2.190000e+00 -2.385928e-02
2.195000e+00 -2.097308e-02
2.200000e+00 -1.724958e-02
2.205000e+00 -1.285068e-02
2.210000e+00 -7.909255e-03
2.215000e+00 -2.691218e-03
2.220000e+00 2.646191e-03
2.225000e+00 7.883134e-03
2.230000e+00 1.280694e-02
2.235000e+00 1.722966e-02
2.240000e+00 2.094061e-02
2.245000e+00 2.385091e-02
2.250000e+00 2.579182e-02
2.255000e+00 2.669133e-02
2.260000e+00 2.655839e-02
2.265000e+00 2.534596e-02
2.270000e+00 2.312736e-02
2.275000e+00 1.998572e-02
2.280000e+00 1.603382e-02
2.285000e+00 1.146086e-02
2.290000e+00 6.415677e-03
2.295000e+00 1.122638e-03
2.300000e+00 -4.205149e-03
2.305000e+00 -9.371366e-03
2.310000e+00 -1.415164e-02
2.315000e+00 -1.838701e-02
2.320000e+00 -2.186860e-02
2.325000e+00 -2.450175e-02
2.330000e+00 -2.619060e-02
2.335000e+00 -2.682849e-02
2.340000e+00 -2.644132e-02
2.345000e+00 -2.497361e-02
2.350000e+00 -2.251511e-02
2.355000e+00 -1.913173e-02
2.360000e+00 -1.493777e-02
2.365000e+00 -1.016942e-02
2.370000e+00 -4.973922e-03
2.375000e+00 3.849086e-04
2.380000e+00 5.746638e-03
2.385000e+00 1.090885e-02
2.390000e+00 1.570702e-02
2.395000e+00 1.994220e-02
2.400000e+00 2.336317e-02
2.405000e+00 2.579331e-02
2.410000e+00 2.691924e-02
2.415000e+00 2.662603e-02
2.420000e+00 2.478655e-02
2.425000e+00 2.147780e-02
2.430000e+00 1.689132e-02
2.435000e+00 1.132216e-02
2.440000e+00 5.313149e-03
2.445000e+00 -7.954870e-04
2.450000e+00 -6.670111e-03
2.455000e+00 -1.213767e-02
2.460000e+00 -1.714306e-02
2.465000e+00 -2.170835e-02
2.470000e+00 -2.571125e-02
2.475000e+00 -2.871429e-02
2.480000e+00 -3.038712e-02
2.485000e+00 -3.053958e-02
2.490000e+00 -2.912858e-02
2.495000e+00 -2.625327e-02
2.500000e+00 -2.201923e-02
2.505000e+00 -1.650775e-02
2.510000e+00 -9.883220e-03
2.515000e+00 -2.563529e-03
2.520000e+00 4.944498e-03
2.525000e+00 1.212610e-02
2.530000e+00 1.846752e-02
2.535000e+00 2.382229e-02
2.540000e+00 2.827484e-02
2.545000e+00 3.193656e-02
2.550000e+00 3.460384e-02
2.555000e+00 3.592233e-02
2.560000e+00 3.571193e-02
2.565000e+00 3.377755e-02
2.570000e+00 3.039624e-02
2.575000e+00 2.605117e-02
2.580000e+00 2.093277e-02
2.585000e+00 1.490300e-02
2.590000e+00 8.005392e-03
2.595000e+00 8.631464e-04
2.600000e+00 -6.203770e-03
2.605000e+00 -1.327305e-02
2.610000e+00 -2.004281e-02
2.615000e+00 -2.572373e-02
2.620000e+00 -3.001972e-02
2.625000e+00 -3.327132e-02
2.630000e+00 -3.545269e-02
2.635000e+00 -3.626555e-02
2.640000e+00 -3.558083e-02
2.645000e+00 -3.339552e-02
2.650000e+00 -2.973254e-02
2.655000e+00 -2.493502e-02
2.660000e+00 -1.934674e-02
2.665000e+00 -1.296456e-02
2.670000e+00 -5.974321e-03
2.675000e+00 1.310531e-03
2.680000e+00 8.548546e-03
2.685000e+00 1.537490e-02
2.690000e+00 2.146558e-02
2.695000e+00 2.678875e-02
2.700000e+00 3.128307e-02
2.705000e+00 3.441840e-02
2.710000e+00 3.591140e-02
2.715000e+00 3.596786e-02
2.720000e+00 3.483556e-02
2.725000e+00 3.247140e-02
2.730000e+00 2.866826e-02
2.735000e+00 2.348226e-02
2.740000e+00 1.744058e-02
2.745000e+00 1.093709e-02
2.750000e+00 3.874142e-03
2.755000e+00 -3.470089e-03
2.760000e+00 -1.051334e-02
2.765000e+00 -1.715965e-02
2.770000e+00 -2.325435e-02
2.775000e+00 -2.828050e-02
2.780000e+00 -3.211501e-02
2.785000e+00 -3.484096e-02
2.790000e+00 -3.616443e-02
2.795000e+00 -3.599003e-02
2.800000e+00 -3.442491e-02
2.805000e+00 -3.139107e-02
2.810000e+00 -2.708773e-02
2.815000e+00 -2.184224e-02
2.820000e+00 -1.575025e-02
2.825000e+00 -8.892794e-03
2.830000e+00 -1.648745e-03
2.835000e+00 5.544265e-03
2.840000e+00 1.251281e-02
2.845000e+00 1.900666e-02
2.850000e+00 2.478832e-02
2.855000e+00 2.959222e-02
2.860000e+00 3.314992e-02
2.865000e+00 3.539186e-02
2.870000e+00 3.621483e-02
2.875000e+00 3.562782e-02
2.880000e+00 3.363190e-02
2.885000e+00 3.021630e-02
2.890000e+00 2.566612e-02
2.895000e+00 2.016357e-02
2.900000e+00 1.372688e-02
2.905000e+00 6.776848e-03
2.910000e+00 -3.322026e-04
2.915000e+00 -7.557123e-03
2.920000e+00 -1.450135e-02
2.925000e+00 -2.076906e-02
2.930000e+00 -2.629079e-02
2.935000e+00 -3.074829e-02
2.940000e+00 -3.390983e-02
2.945000e+00 -3.581456e-02
2.950000e+00 -3.627083e-02
2.955000e+00 -3.520134e-02
2.960000e+00 -3.277386e-02
2.965000e+00 -2.906436e-02
2.970000e+00 -2.417284e-02
2.975000e+00 -1.831680e-02
2.980000e+00 -1.173266e-02
2.985000e+00 -4.690949e-03
2.990000e+00 2.540493e-03
2.995000e+00 9.671891e-03
3 1.639956e-02
