T X
0 0
5.000000e-03 1.709548e-09
1.000000e-02 5.147792e-10
1.500000e-02 -2.858547e-09
2.000000e-02 -2.222763e-09
2.500000e-02 -8.117873e-09
3.000000e-02 -8.994475e-09
3.500000e-02 2.203448e-09
4.000000e-02 3.742083e-08
4.500000e-02 3.459595e-07
5.000000e-02 2.423886e-06
5.500000e-02 1.259180e-05
6.000000e-02 5.252432e-05
6.500000e-02 1.819301e-04
7.000000e-02 5.287662e-04
7.500000e-02 1.294893e-03
8.000000e-02 2.673970e-03
8.500000e-02 4.655862e-03
9.000000e-02 6.850286e-03
9.500000e-02 8.607157e-03
1.000000e-01 9.513314e-03
1.050000e-01 9.789835e-03
1.100000e-01 9.964964e-03
1.150000e-01 1.009362e-02
1.200000e-01 9.681695e-03
1.250000e-01 8.551212e-03
1.300000e-01 7.178358e-03
1.350000e-01 5.817468e-03
1.400000e-01 4.107905e-03
1.450000e-01 2.004532e-03
1.500000e-01 2.044146e-05
1.550000e-01 -1.788972e-03
1.600000e-01 -3.755512e-03
1.650000e-01 -5.636597e-03
1.700000e-01 -7.122627e-03
1.750000e-01 -8.462858e-03
1.800000e-01 -9.589582e-03
1.850000e-01 -1.010258e-02
1.900000e-01 -1.017550e-02
1.950000e-01 -9.980412e-03
2.000000e-01 -9.296111e-03
2.050000e-01 -8.280278e-03
2.100000e-01 -7.072616e-03
2.150000e-01 -5.430947e-03
2.200000e-01 -3.542613e-03
2.250000e-01 -1.665548e-03
2.300000e-01 3.501650e-04
2.350000e-01 2.386217e-03
2.400000e-01 4.284826e-03
2.450000e-01 6.084230e-03
2.500000e-01 7.584841e-03
2.550000e-01 8.749492e-03
2.600000e-01 9.661496e-03
2.650000e-01 1.015281e-02
2.700000e-01 1.021266e-02
2.750000e-01 9.872077e-03
2.800000e-01 9.119951e-03
2.850000e-01 8.047769e-03
2.900000e-01 6.605122e-03
2.950000e-01 4.898838e-03
3.000000e-01 3.071301e-03
3.050000e-01 1.041277e-03
3.100000e-01 -1.029339e-03
3.150000e-01 -2.997031e-03
3.200000e-01 -4.871611e-03
3.250000e-01 -6.549586e-03
3.300000e-01 -7.989964e-03
3.350000e-01 -9.082891e-03
3.400000e-01 -9.802958e-03
3.450000e-01 -1.019285e-02
3.500000e-01 -1.010421e-02
3.550000e-01 -9.637945e-03
3.600000e-01 -8.842896e-03
3.650000e-01 -7.621557e-03
3.700000e-01 -6.130173e-03
3.750000e-01 -4.402573e-03
3.800000e-01 -2.478313e-03
3.850000e-01 -4.755215e-04
3.900000e-01 1.569033e-03
3.950000e-01 3.533489e-03
4.000000e-01 5.369027e-03
4.050000e-01 6.998490e-03
4.100000e-01 8.324402e-03
4.150000e-01 9.348579e-03
4.200000e-01 9.986071e-03
4.250000e-01 1.021371e-02
4.300000e-01 1.004694e-02
4.350000e-01 9.471959e-03
4.400000e-01 8.526098e-03
4.450000e-01 7.227834e-03
4.500000e-01 5.648699e-03
4.550000e-01 3.853259e-03
4.600000e-01 1.872181e-03
4.650000e-01 -1.534008e-04
4.700000e-01 -2.155590e-03
4.750000e-01 -4.110650e-03
4.800000e-01 -5.892501e-03
4.850000e-01 -7.408650e-03
4.900000e-01 -8.660716e-03
4.950000e-01 -9.582929e-03
5.000000e-01 -1.005320e-02
5.050000e-01 -1.018331e-02
5.100000e-01 -9.922272e-03
5.150000e-01 -9.208196e-03
5.200000e-01 -8.172995e-03
5.250000e-01 -6.797802e-03
5.300000e-01 -5.144596e-03
5.350000e-01 -3.284152e-03
5.400000e-01 -1.310658e-03
5.450000e-01 7.145710e-04
5.500000e-01 2.735384e-03
5.550000e-01 4.643731e-03
5.600000e-01 6.351831e-03
5.650000e-01 7.802705e-03
5.700000e-01 8.977331e-03
5.750000e-01 9.747629e-03
5.800000e-01 1.016454e-02
5.850000e-01 1.019241e-02
5.900000e-01 9.784303e-03
5.950000e-01 8.999682e-03
6.000000e-01 7.820635e-03
6.050000e-01 6.385640e-03
6.100000e-01 4.640160e-03
6.150000e-01 2.722913e-03
6.200000e-01 7.382536e-04
6.250000e-01 -1.349850e-03
6.300000e-01 -3.338157e-03
6.350000e-01 -5.192911e-03
6.400000e-01 -6.838059e-03
6.450000e-01 -8.215777e-03
6.500000e-01 -9.236314e-03
6.550000e-01 -9.926800e-03
6.600000e-01 -1.020250e-02
6.650000e-01 -1.004655e-02
6.700000e-01 -9.546930e-03
6.750000e-01 -8.596930e-03
6.800000e-01 -7.370206e-03
6.850000e-01 -5.827151e-03
6.900000e-01 -4.058008e-03
6.950000e-01 -2.138387e-03
7.000000e-01 -1.021668e-04
7.050000e-01 1.893440e-03
7.100000e-01 3.857020e-03
7.150000e-01 5.638950e-03
7.200000e-01 7.209752e-03
7.250000e-01 8.502906e-03
7.300000e-01 9.457891e-03
7.350000e-01 1.002942e-02
7.400000e-01 1.020347e-02
7.450000e-01 9.965408e-03
7.500000e-01 9.316451e-03
7.550000e-01 8.328828e-03
7.600000e-01 6.976746e-03
7.650000e-01 5.367014e-03
7.700000e-01 3.536490e-03
7.750000e-01 1.555103e-03
7.800000e-01 -4.754685e-04
7.850000e-01 -2.498630e-03
7.900000e-01 -4.407739e-03
7.950000e-01 -6.151059e-03
8.000000e-01 -7.656537e-03
8.050000e-01 -8.845182e-03
8.100000e-01 -9.683853e-03
8.150000e-01 -1.013667e-02
8.200000e-01 -1.018775e-02
8.250000e-01 -9.818174e-03
8.300000e-01 -9.072844e-03
8.350000e-01 -7.973974e-03
8.400000e-01 -6.517139e-03
8.450000e-01 -4.847145e-03
8.500000e-01 -2.951256e-03
8.550000e-01 -9.568638e-04
8.600000e-01 1.077456e-03
8.650000e-01 3.082186e-03
8.700000e-01 4.926311e-03
8.750000e-01 6.635784e-03
8.800000e-01 8.025960e-03
8.850000e-01 9.109201e-03
8.900000e-01 9.852330e-03
8.950000e-01 1.018006e-02
9.000000e-01 1.010391e-02
9.050000e-01 9.644695e-03
9.100000e-01 8.788392e-03
9.150000e-01 7.572141e-03
9.200000e-01 6.067025e-03
9.250000e-01 4.316117e-03
9.300000e-01 2.403209e-03
9.350000e-01 3.658199e-04
9.400000e-01 -1.655380e-03
9.450000e-01 -3.626975e-03
9.500000e-01 -5.462985e-03
9.550000e-01 -7.069679e-03
9.600000e-01 -8.379786e-03
9.650000e-01 -9.378648e-03
9.700000e-01 -1.000967e-02
9.750000e-01 -1.020370e-02
9.800000e-01 -1.002994e-02
9.850000e-01 -9.438841e-03
9.900000e-01 -8.457289e-03
9.950000e-01 -7.158953e-03
1 -5.569937e-03
1.005000e+00 -3.763842e-03
1.010000e+00 -1.797575e-03
1.015000e+00 2.385767e-04
1.020000e+00 2.249823e-03
1.025000e+00 4.197906e-03
1.030000e+00 5.949500e-03
1.035000e+00 7.468397e-03
1.040000e+00 8.709824e-03
1.045000e+00 9.590684e-03
1.050000e+00 1.008720e-02
1.055000e+00 1.019538e-02
1.060000e+00 9.881648e-03
1.065000e+00 9.176919e-03
1.070000e+00 8.117301e-03
1.075000e+00 6.729338e-03
1.080000e+00 5.084085e-03
1.085000e+00 3.201282e-03
1.090000e+00 1.228887e-03
1.095000e+00 -8.213599e-04
1.100000e+00 -2.845556e-03
1.105000e+00 -4.738066e-03
1.110000e+00 -6.444336e-03
1.115000e+00 -7.884139e-03
1.120000e+00 -8.944642e-03
1.125000e+00 -9.564555e-03
1.130000e+00 -9.770393e-03
1.135000e+00 -9.635847e-03
1.140000e+00 -9.386838e-03
1.145000e+00 -9.215336e-03
1.150000e+00 -9.302413e-03
1.155000e+00 -9.672001e-03
1.160000e+00 -1.005039e-02
1.165000e+00 -9.947042e-03
1.170000e+00 -9.275770e-03
1.175000e+00 -8.106594e-03
1.180000e+00 -6.471816e-03
1.185000e+00 -4.570963e-03
1.190000e+00 -3.032603e-03
1.195000e+00 -1.641165e-03
1.200000e+00 4.864082e-04
1.205000e+00 2.875829e-03
1.210000e+00 4.684570e-03
1.215000e+00 6.073825e-03
1.220000e+00 7.479663e-03
1.225000e+00 8.617457e-03
1.230000e+00 9.458091e-03
1.235000e+00 9.973452e-03
1.240000e+00 9.918194e-03
1.245000e+00 9.464239e-03
1.250000e+00 8.786018e-03
1.255000e+00 7.654633e-03
1.260000e+00 6.141734e-03
1.265000e+00 4.458199e-03
1.270000e+00 2.524925e-03
1.275000e+00 5.276938e-04
1.280000e+00 -1.459799e-03
1.285000e+00 -3.453540e-03
1.290000e+00 -5.183831e-03
1.295000e+00 -6.496072e-03
1.300000e+00 -7.304700e-03
1.305000e+00 -7.227644e-03
1.310000e+00 -6.367031e-03
1.315000e+00 -4.812982e-03
1.320000e+00 -2.675162e-03
1.325000e+00 -5.011102e-04
1.330000e+00 1.510419e-03
1.335000e+00 3.206582e-03
1.340000e+00 4.449927e-03
1.345000e+00 5.711882e-03
1.350000e+00 7.003279e-03
1.355000e+00 8.085972e-03
1.360000e+00 9.066376e-03
1.365000e+00 9.545859e-03
1.370000e+00 9.321321e-03
1.375000e+00 8.728570e-03
1.380000e+00 7.918566e-03
1.385000e+00 7.009073e-03
1.390000e+00 5.944707e-03
1.395000e+00 4.383193e-03
1.400000e+00 2.504344e-03
1.405000e+00 3.680385e-04
1.410000e+00 -1.699228e-03
1.415000e+00 -3.352508e-03
1.420000e+00 -4.907638e-03
1.425000e+00 -6.528583e-03
1.430000e+00 -7.958925e-03
1.435000e+00 -8.848982e-03
1.440000e+00 -9.229041e-03
1.445000e+00 -9.432298e-03
1.450000e+00 -9.524700e-03
1.455000e+00 -9.098935e-03
1.460000e+00 -8.022904e-03
1.465000e+00 -6.654721e-03
1.470000e+00 -5.315297e-03
1.475000e+00 -3.731193e-03
1.480000e+00 -1.811521e-03
1.485000e+00 9.065972e-05
1.490000e+00 1.901664e-03
1.495000e+00 3.798171e-03
1.500000e+00 5.634379e-03
1.505000e+00 6.978438e-03
1.510000e+00 8.090578e-03
1.515000e+00 9.092657e-03
1.520000e+00 9.475385e-03
1.525000e+00 9.535079e-03
1.530000e+00 9.352657e-03
1.535000e+00 8.653886e-03
1.540000e+00 7.630938e-03
1.545000e+00 6.423016e-03
1.550000e+00 4.965081e-03
1.555000e+00 3.109088e-03
1.560000e+00 1.201214e-03
1.565000e+00 -5.666108e-04
1.570000e+00 -2.500614e-03
1.575000e+00 -4.374197e-03
1.580000e+00 -5.944302e-03
1.585000e+00 -7.358107e-03
1.590000e+00 -8.429039e-03
1.595000e+00 -9.162558e-03
1.600000e+00 -9.531892e-03
1.605000e+00 -9.603593e-03
1.610000e+00 -9.216324e-03
1.615000e+00 -8.391800e-03
1.620000e+00 -7.427671e-03
1.625000e+00 -5.972850e-03
1.630000e+00 -4.326804e-03
1.635000e+00 -2.648868e-03
1.640000e+00 -6.822449e-04
1.645000e+00 1.258647e-03
1.650000e+00 3.098665e-03
1.655000e+00 4.815309e-03
1.660000e+00 6.369133e-03
1.665000e+00 7.690791e-03
1.670000e+00 8.623690e-03
1.675000e+00 9.330068e-03
1.680000e+00 9.609406e-03
1.685000e+00 9.483877e-03
1.690000e+00 9.009274e-03
1.695000e+00 8.145180e-03
1.700000e+00 7.053438e-03
1.705000e+00 5.528578e-03
1.710000e+00 3.830037e-03
1.715000e+00 2.092179e-03
1.720000e+00 1.121939e-04
1.725000e+00 -1.790129e-03
1.730000e+00 -3.598482e-03
1.735000e+00 -5.298313e-03
1.740000e+00 -6.780623e-03
1.745000e+00 -7.985820e-03
1.750000e+00 -8.862259e-03
1.755000e+00 -9.462279e-03
1.760000e+00 -9.591624e-03
1.765000e+00 -9.404084e-03
1.770000e+00 -8.831166e-03
1.775000e+00 -7.855553e-03
1.780000e+00 -6.636330e-03
1.785000e+00 -5.090387e-03
1.790000e+00 -3.375118e-03
1.795000e+00 -1.478447e-03
1.800000e+00 4.600151e-04
1.805000e+00 2.336972e-03
1.810000e+00 4.176274e-03
1.815000e+00 5.810716e-03
1.820000e+00 7.200637e-03
1.825000e+00 8.324075e-03
1.830000e+00 9.142765e-03
1.835000e+00 9.520477e-03
1.840000e+00 9.549809e-03
1.845000e+00 9.258211e-03
1.850000e+00 8.522361e-03
1.855000e+00 7.507695e-03
1.860000e+00 6.180515e-03
1.865000e+00 4.591489e-03
1.870000e+00 2.837225e-03
1.875000e+00 9.048738e-04
1.880000e+00 -9.578754e-04
1.885000e+00 -2.826389e-03
1.890000e+00 -4.660184e-03
1.895000e+00 -6.183039e-03
1.900000e+00 -7.518951e-03
1.905000e+00 -8.595709e-03
1.910000e+00 -9.229900e-03
1.915000e+00 -9.545476e-03
1.920000e+00 -9.515658e-03
1.925000e+00 -9.048812e-03
1.930000e+00 -8.287870e-03
1.935000e+00 -7.144838e-03
1.940000e+00 -5.733315e-03
1.945000e+00 -4.127804e-03
1.950000e+00 -2.279209e-03
1.955000e+00 -4.234697e-04
1.960000e+00 1.501128e-03
1.965000e+00 3.366891e-03
1.970000e+00 5.084087e-03
1.975000e+00 6.636753e-03
1.980000e+00 7.850462e-03
1.985000e+00 8.814263e-03
1.990000e+00 9.410153e-03
1.995000e+00 9.611096e-03
2 9.446078e-03
2.005000e+00 8.893128e-03
2.010000e+00 8.002677e-03
2.015000e+00 6.755840e-03
2.020000e+00 5.259059e-03
2.025000e+00 3.566106e-03
2.030000e+00 1.745328e-03
2.035000e+00 -2.093506e-04
2.040000e+00 -2.084702e-03
2.045000e+00 -3.875753e-03
2.050000e+00 -5.613797e-03
2.055000e+00 -6.982370e-03
2.060000e+00 -8.164554e-03
2.065000e+00 -9.035462e-03
2.070000e+00 -9.476875e-03
2.075000e+00 -9.603757e-03
2.080000e+00 -9.318748e-03
2.085000e+00 -8.658342e-03
2.090000e+00 -7.671639e-03
2.095000e+00 -6.361780e-03
2.100000e+00 -4.793779e-03
2.105000e+00 -3.063540e-03
2.110000e+00 -1.156554e-03
2.115000e+00 7.353967e-04
2.120000e+00 2.634450e-03
2.125000e+00 4.436858e-03
2.130000e+00 5.995829e-03
2.135000e+00 7.402180e-03
2.140000e+00 8.462257e-03
2.145000e+00 9.182043e-03
2.150000e+00 9.563448e-03
2.155000e+00 9.547483e-03
2.160000e+00 9.149230e-03
2.165000e+00 8.391592e-03
2.170000e+00 7.318853e-03
2.175000e+00 5.922956e-03
2.180000e+00 4.318884e-03
2.185000e+00 2.512032e-03
2.190000e+00 6.259076e-04
2.195000e+00 -1.276015e-03
2.200000e+00 -3.175927e-03
2.205000e+00 -4.873058e-03
2.210000e+00 -6.454669e-03
2.215000e+00 -7.764833e-03
2.220000e+00 -8.704130e-03
2.225000e+00 -9.356085e-03
2.230000e+00 -9.617897e-03
2.235000e+00 -9.477016e-03
2.240000e+00 -8.974679e-03
2.245000e+00 -8.122267e-03
2.250000e+00 -6.940575e-03
2.255000e+00 -5.456621e-03
2.260000e+00 -3.770117e-03
2.265000e+00 -1.963120e-03
2.270000e+00 -2.191772e-05
2.275000e+00 1.889360e-03
2.280000e+00 3.683499e-03
2.285000e+00 5.385042e-03
2.290000e+00 6.809153e-03
2.295000e+00 7.924026e-03
2.300000e+00 8.761094e-03
2.305000e+00 9.211865e-03
2.310000e+00 9.382765e-03
2.315000e+00 9.160397e-03
2.320000e+00 8.608034e-03
2.325000e+00 7.746623e-03
2.330000e+00 6.434587e-03
2.335000e+00 4.975350e-03
2.340000e+00 3.326310e-03
2.345000e+00 1.570493e-03
2.350000e+00 -1.277233e-04
2.355000e+00 -1.774142e-03
2.360000e+00 -3.370656e-03
2.365000e+00 -5.057169e-03
2.370000e+00 -6.780833e-03
2.375000e+00 -8.729856e-03
2.380000e+00 -1.090555e-02
2.385000e+00 -1.316789e-02
2.390000e+00 -1.522475e-02
2.395000e+00 -1.671866e-02
2.400000e+00 -1.749919e-02
2.405000e+00 -1.725238e-02
2.410000e+00 -1.613249e-02
2.415000e+00 -1.444717e-02
2.420000e+00 -1.246422e-02
2.425000e+00 -1.023148e-02
2.430000e+00 -7.583930e-03
2.435000e+00 -4.462979e-03
2.440000e+00 -1.018962e-03
2.445000e+00 2.548727e-03
2.450000e+00 5.996857e-03
2.455000e+00 9.076362e-03
2.460000e+00 1.162085e-02
2.465000e+00 1.367359e-02
2.470000e+00 1.546166e-02
2.475000e+00 1.672571e-02
2.480000e+00 1.722803e-02
2.485000e+00 1.689498e-02
2.490000e+00 1.579555e-02
2.495000e+00 1.402206e-02
2.500000e+00 1.177539e-02
2.505000e+00 9.260126e-03
2.510000e+00 6.382027e-03
2.515000e+00 2.997857e-03
2.520000e+00 -6.356652e-04
2.525000e+00 -3.605576e-03
2.530000e+00 -5.688866e-03
2.535000e+00 -7.428929e-03
2.540000e+00 -8.703464e-03
2.545000e+00 -8.941433e-03
2.550000e+00 -8.379334e-03
2.555000e+00 -7.654925e-03
2.560000e+00 -6.879966e-03
2.565000e+00 -6.023868e-03
2.570000e+00 -5.167470e-03
2.575000e+00 -4.106553e-03
2.580000e+00 -2.538217e-03
2.585000e+00 -7.432700e-04
2.590000e+00 1.134061e-03
2.595000e+00 3.149512e-03
2.600000e+00 4.880355e-03
2.605000e+00 6.150599e-03
2.610000e+00 7.156640e-03
2.615000e+00 7.978426e-03
2.620000e+00 8.650647e-03
2.625000e+00 9.059636e-03
2.630000e+00 9.036745e-03
2.635000e+00 8.403591e-03
2.640000e+00 7.269276e-03
2.645000e+00 5.897088e-03
2.650000e+00 4.387277e-03
2.655000e+00 3.029015e-03
2.660000e+00 1.525059e-03
2.665000e+00 -2.531868e-04
2.670000e+00 -2.074484e-03
2.675000e+00 -3.913306e-03
2.680000e+00 -5.555842e-03
2.685000e+00 -6.825923e-03
2.690000e+00 -7.653475e-03
2.695000e+00 -8.408550e-03
2.700000e+00 -8.974825e-03
2.705000e+00 -9.041830e-03
2.710000e+00 -8.719649e-03
2.715000e+00 -7.971448e-03
2.720000e+00 -6.941870e-03
2.725000e+00 -5.735642e-03
2.730000e+00 -4.275261e-03
2.735000e+00 -2.581542e-03
2.740000e+00 -7.469468e-04
2.745000e+00 1.152082e-03
2.750000e+00 2.761286e-03
2.755000e+00 4.092171e-03
2.760000e+00 5.632748e-03
2.765000e+00 7.162045e-03
2.770000e+00 8.157903e-03
2.775000e+00 8.604228e-03
2.780000e+00 8.804278e-03
2.785000e+00 8.907620e-03
2.790000e+00 8.665244e-03
2.795000e+00 7.802751e-03
2.800000e+00 6.602137e-03
2.805000e+00 5.384714e-03
2.810000e+00 3.828952e-03
2.815000e+00 2.015425e-03
2.820000e+00 3.199568e-04
2.825000e+00 -1.458366e-03
2.830000e+00 -3.253185e-03
2.835000e+00 -4.889542e-03
2.840000e+00 -6.292479e-03
2.845000e+00 -7.328318e-03
2.850000e+00 -8.202543e-03
2.855000e+00 -8.833104e-03
2.860000e+00 -8.899238e-03
2.865000e+00 -8.766329e-03
2.870000e+00 -8.344429e-03
2.875000e+00 -7.314560e-03
2.880000e+00 -6.299929e-03
2.885000e+00 -5.125175e-03
2.890000e+00 -3.327078e-03
2.895000e+00 -1.472588e-03
2.900000e+00 1.759717e-04
2.905000e+00 1.948148e-03
2.910000e+00 3.737013e-03
2.915000e+00 5.310154e-03
2.920000e+00 6.635567e-03
2.925000e+00 7.659116e-03
2.930000e+00 8.424843e-03
2.935000e+00 8.834719e-03
2.940000e+00 8.905669e-03
2.945000e+00 8.705294e-03
2.950000e+00 8.062461e-03
2.955000e+00 7.151870e-03
2.960000e+00 5.971389e-03
2.965000e+00 4.434698e-03
2.970000e+00 2.868190e-03
2.975000e+00 1.111690e-03
2.980000e+00 -7.409153e-04
2.985000e+00 -2.478946e-03
2.990000e+00 -4.188833e-03
2.995000e+00 -5.705274e-03
3 -6.976871e-03
