T X
0 0
5.000000e-03 1.441643e-08
1.000000e-02 4.658026e-08
1.500000e-02 4.060392e-07
2.000000e-02 3.870117e-06
2.500000e-02 2.610739e-05
3.000000e-02 1.293506e-04
3.500000e-02 4.815482e-04
4.000000e-02 1.371844e-03
4.500000e-02 3.026510e-03
5.000000e-02 5.227553e-03
5.500000e-02 7.229333e-03
6.000000e-02 8.451342e-03
6.500000e-02 9.169254e-03
7.000000e-02 9.883746e-03
7.500000e-02 1.030422e-02
8.000000e-02 9.998942e-03
8.500000e-02 9.334213e-03
9.000000e-02 8.542169e-03
9.500000e-02 7.239607e-03
1.000000e-01 5.564129e-03
1.050000e-01 3.870688e-03
1.100000e-01 1.947283e-03
1.150000e-01 -1.003682e-04
1.200000e-01 -2.001121e-03
1.250000e-01 -3.908831e-03
1.300000e-01 -5.669678e-03
1.350000e-01 -7.184164e-03
1.400000e-01 -8.560909e-03
1.450000e-01 -9.513792e-03
1.500000e-01 -1.005111e-02
1.550000e-01 -1.023074e-02
1.600000e-01 -9.903858e-03
1.650000e-01 -9.279497e-03
1.700000e-01 -8.307781e-03
1.750000e-01 -6.936107e-03
1.800000e-01 -5.313923e-03
1.850000e-01 -3.438332e-03
1.900000e-01 -1.504758e-03
1.950000e-01 5.169955e-04
2.000000e-01 2.584055e-03
2.050000e-01 4.462058e-03
2.100000e-01 6.188415e-03
2.150000e-01 7.662844e-03
2.200000e-01 8.860542e-03
2.250000e-01 9.697162e-03
2.300000e-01 1.010215e-02
2.350000e-01 1.016217e-02
2.400000e-01 9.798004e-03
2.450000e-01 9.033935e-03
2.500000e-01 7.899740e-03
2.550000e-01 6.487212e-03
2.600000e-01 4.802305e-03
2.650000e-01 2.888027e-03
2.700000e-01 9.186877e-04
2.750000e-01 -1.131037e-03
2.800000e-01 -3.125650e-03
2.850000e-01 -4.972855e-03
2.900000e-01 -6.655075e-03
2.950000e-01 -8.061911e-03
3.000000e-01 -9.130699e-03
3.050000e-01 -9.851307e-03
3.100000e-01 -1.018517e-02
3.150000e-01 -1.008710e-02
3.200000e-01 -9.611432e-03
3.250000e-01 -8.746539e-03
3.300000e-01 -7.524520e-03
3.350000e-01 -6.012798e-03
3.400000e-01 -4.257100e-03
3.450000e-01 -2.321751e-03
3.500000e-01 -3.144571e-04
3.550000e-01 1.715435e-03
3.600000e-01 3.694339e-03
3.650000e-01 5.486142e-03
3.700000e-01 7.088447e-03
3.750000e-01 8.417876e-03
3.800000e-01 9.383099e-03
3.850000e-01 9.980722e-03
3.900000e-01 1.019906e-02
3.950000e-01 9.990925e-03
4.000000e-01 9.396104e-03
4.050000e-01 8.418137e-03
4.100000e-01 7.109388e-03
4.150000e-01 5.536552e-03
4.200000e-01 3.691692e-03
4.250000e-01 1.742399e-03
4.300000e-01 -2.722030e-04
4.350000e-01 -2.302156e-03
4.400000e-01 -4.235752e-03
4.450000e-01 -5.985074e-03
4.500000e-01 -7.500606e-03
4.550000e-01 -8.735639e-03
4.600000e-01 -9.604046e-03
4.650000e-01 -1.008607e-02
4.700000e-01 -1.016892e-02
4.750000e-01 -9.869932e-03
4.800000e-01 -9.151354e-03
4.850000e-01 -8.063094e-03
4.900000e-01 -6.680148e-03
4.950000e-01 -5.009729e-03
5.000000e-01 -3.145777e-03
5.050000e-01 -1.154535e-03
5.100000e-01 8.815050e-04
5.150000e-01 2.865694e-03
5.200000e-01 4.773112e-03
5.250000e-01 6.464278e-03
5.300000e-01 7.891763e-03
5.350000e-01 9.022117e-03
5.400000e-01 9.786120e-03
5.450000e-01 1.015971e-02
5.500000e-01 1.012029e-02
5.550000e-01 9.694384e-03
5.600000e-01 8.870338e-03
5.650000e-01 7.696548e-03
5.700000e-01 6.207861e-03
5.750000e-01 4.480986e-03
5.800000e-01 2.580659e-03
5.850000e-01 5.634885e-04
5.900000e-01 -1.474450e-03
5.950000e-01 -3.440755e-03
6.000000e-01 -5.277672e-03
6.050000e-01 -6.916683e-03
6.100000e-01 -8.267388e-03
6.150000e-01 -9.277336e-03
6.200000e-01 -9.926790e-03
6.250000e-01 -1.018492e-02
6.300000e-01 -1.001385e-02
6.350000e-01 -9.454048e-03
6.400000e-01 -8.530623e-03
6.450000e-01 -7.259567e-03
6.500000e-01 -5.695227e-03
6.550000e-01 -3.918427e-03
6.600000e-01 -1.987179e-03
6.650000e-01 2.723664e-05
6.700000e-01 2.044892e-03
6.750000e-01 3.974164e-03
6.800000e-01 5.757890e-03
6.850000e-01 7.310648e-03
6.900000e-01 8.573309e-03
6.950000e-01 9.503381e-03
7.000000e-01 1.003826e-02
7.050000e-01 1.018155e-02
7.100000e-01 9.920940e-03
7.150000e-01 9.254921e-03
7.200000e-01 8.221336e-03
7.250000e-01 6.857963e-03
7.300000e-01 5.230990e-03
7.350000e-01 3.393129e-03
7.400000e-01 1.398085e-03
7.450000e-01 -6.205835e-04
7.500000e-01 -2.622512e-03
7.550000e-01 -4.546118e-03
7.600000e-01 -6.268147e-03
7.650000e-01 -7.727270e-03
7.700000e-01 -8.897896e-03
7.750000e-01 -9.721497e-03
7.800000e-01 -1.013331e-02
7.850000e-01 -1.014780e-02
7.900000e-01 -9.774485e-03
7.950000e-01 -8.999306e-03
8.000000e-01 -7.855431e-03
8.050000e-01 -6.400578e-03
8.100000e-01 -4.713218e-03
8.150000e-01 -2.821844e-03
8.200000e-01 -8.021665e-04
8.250000e-01 1.218244e-03
8.300000e-01 3.202317e-03
8.350000e-01 5.070927e-03
8.400000e-01 6.725452e-03
8.450000e-01 8.106705e-03
8.500000e-01 9.168315e-03
8.550000e-01 9.872626e-03
8.600000e-01 1.018382e-02
8.650000e-01 1.007556e-02
8.700000e-01 9.575355e-03
8.750000e-01 8.698692e-03
8.800000e-01 7.464054e-03
8.850000e-01 5.936787e-03
8.900000e-01 4.171464e-03
8.950000e-01 2.251231e-03
9.000000e-01 2.283655e-04
9.050000e-01 -1.813406e-03
9.100000e-01 -3.762011e-03
9.150000e-01 -5.567881e-03
9.200000e-01 -7.156962e-03
9.250000e-01 -8.462412e-03
9.300000e-01 -9.417276e-03
9.350000e-01 -1.000411e-02
9.400000e-01 -1.020345e-02
9.450000e-01 -9.984072e-03
9.500000e-01 -9.352507e-03
9.550000e-01 -8.370136e-03
9.600000e-01 -7.052973e-03
9.650000e-01 -5.439568e-03
9.700000e-01 -3.618729e-03
9.750000e-01 -1.655085e-03
9.800000e-01 3.696334e-04
9.850000e-01 2.403005e-03
9.900000e-01 4.313115e-03
9.950000e-01 6.058192e-03
1 7.567772e-03
1.005000e+00 8.772946e-03
1.010000e+00 9.630201e-03
1.015000e+00 1.009720e-02
1.020000e+00 1.017330e-02
1.025000e+00 9.830561e-03
1.030000e+00 9.108354e-03
1.035000e+00 8.012816e-03
1.040000e+00 6.605165e-03
1.045000e+00 4.937875e-03
1.050000e+00 3.061437e-03
1.055000e+00 1.071211e-03
1.060000e+00 -9.671725e-04
1.065000e+00 -2.963887e-03
1.070000e+00 -4.836369e-03
1.075000e+00 -6.532373e-03
1.080000e+00 -7.957967e-03
1.085000e+00 -9.054909e-03
1.090000e+00 -9.817299e-03
1.095000e+00 -1.017331e-02
1.100000e+00 -1.011450e-02
1.105000e+00 -9.660975e-03
1.110000e+00 -8.829395e-03
1.115000e+00 -7.639401e-03
1.120000e+00 -6.133128e-03
1.125000e+00 -4.398571e-03
1.130000e+00 -2.491047e-03
1.135000e+00 -4.733328e-04
1.140000e+00 1.564804e-03
1.145000e+00 3.513784e-03
1.150000e+00 5.335544e-03
1.155000e+00 6.982679e-03
1.160000e+00 8.360804e-03
1.165000e+00 9.451302e-03
1.170000e+00 1.021136e-02
1.175000e+00 1.053096e-02
1.180000e+00 1.025633e-02
1.185000e+00 9.224578e-03
1.190000e+00 7.324964e-03
1.195000e+00 4.534128e-03
1.200000e+00 1.059561e-03
1.205000e+00 -2.715285e-03
1.210000e+00 -6.315493e-03
1.215000e+00 -9.416596e-03
1.220000e+00 -1.194546e-02
1.225000e+00 -1.402273e-02
1.230000e+00 -1.572975e-02
1.235000e+00 -1.699770e-02
1.240000e+00 -1.773345e-02
1.245000e+00 -1.764992e-02
1.250000e+00 -1.652978e-02
1.255000e+00 -1.455850e-02
1.260000e+00 -1.221906e-02
1.265000e+00 -9.291045e-03
1.270000e+00 -5.128118e-03
1.275000e+00 5.365369e-05
1.280000e+00 5.452127e-03
1.285000e+00 1.067952e-02
1.290000e+00 1.562493e-02
1.295000e+00 1.975379e-02
1.300000e+00 2.280625e-02
1.305000e+00 2.489943e-02
1.310000e+00 2.604283e-02
1.315000e+00 2.633647e-02
1.320000e+00 2.586030e-02
1.325000e+00 2.430402e-02
1.330000e+00 2.149025e-02
1.335000e+00 1.776224e-02
1.340000e+00 1.337769e-02
1.345000e+00 8.591648e-03
1.350000e+00 3.725518e-03
1.355000e+00 -1.321570e-03
1.360000e+00 -6.663964e-03
1.365000e+00 -1.188552e-02
1.370000e+00 -1.653114e-02
1.375000e+00 -2.031752e-02
1.380000e+00 -2.320686e-02
1.385000e+00 -2.549136e-02
1.390000e+00 -2.686569e-02
1.395000e+00 -2.676694e-02
1.400000e+00 -2.551527e-02
1.405000e+00 -2.357907e-02
1.410000e+00 -2.081510e-02
1.415000e+00 -1.701257e-02
1.420000e+00 -1.242591e-02
1.425000e+00 -7.471651e-03
1.430000e+00 -2.249642e-03
1.435000e+00 3.193363e-03
1.440000e+00 8.388402e-03
1.445000e+00 1.313226e-02
1.450000e+00 1.757539e-02
1.455000e+00 2.132263e-02
1.460000e+00 2.406988e-02
1.465000e+00 2.594405e-02
1.470000e+00 2.677740e-02
1.475000e+00 2.647312e-02
1.480000e+00 2.520199e-02
1.485000e+00 2.295705e-02
1.490000e+00 1.970440e-02
1.495000e+00 1.563695e-02
1.500000e+00 1.103025e-02
1.505000e+00 6.015856e-03
1.510000e+00 6.912735e-04
1.515000e+00 -4.670884e-03
1.520000e+00 -9.834485e-03
1.525000e+00 -1.459258e-02
1.530000e+00 -1.868077e-02
1.535000e+00 -2.217647e-02
1.540000e+00 -2.479732e-02
1.545000e+00 -2.623081e-02
1.550000e+00 -2.678080e-02
1.555000e+00 -2.630852e-02
1.560000e+00 -2.462339e-02
1.565000e+00 -2.202915e-02
1.570000e+00 -1.861945e-02
1.575000e+00 -1.439676e-02
1.580000e+00 -9.608681e-03
1.585000e+00 -4.438278e-03
1.590000e+00 8.989318e-04
1.595000e+00 6.179752e-03
1.600000e+00 1.125622e-02
1.605000e+00 1.587284e-02
1.610000e+00 1.982452e-02
1.615000e+00 2.302239e-02
1.620000e+00 2.531750e-02
1.625000e+00 2.652403e-02
1.630000e+00 2.673169e-02
1.635000e+00 2.591742e-02
1.640000e+00 2.395601e-02
1.645000e+00 2.111924e-02
1.650000e+00 1.746398e-02
1.655000e+00 1.301752e-02
1.660000e+00 8.136328e-03
1.665000e+00 2.914996e-03
1.670000e+00 -2.479391e-03
1.675000e+00 -7.686046e-03
1.680000e+00 -1.264227e-02
1.685000e+00 -1.710771e-02
1.690000e+00 -2.083814e-02
1.695000e+00 -2.379083e-02
1.700000e+00 -2.576291e-02
1.705000e+00 -2.670912e-02
1.710000e+00 -2.661314e-02
1.715000e+00 -2.542469e-02
1.720000e+00 -2.324974e-02
1.725000e+00 -2.014261e-02
1.730000e+00 -1.621267e-02
1.735000e+00 -1.166174e-02
1.740000e+00 -6.628847e-03
1.745000e+00 -1.321547e-03
1.750000e+00 3.984547e-03
1.755000e+00 9.191873e-03
1.760000e+00 1.404069e-02
1.765000e+00 1.824075e-02
1.770000e+00 2.181579e-02
1.775000e+00 2.448446e-02
1.780000e+00 2.612819e-02
1.785000e+00 2.680983e-02
1.790000e+00 2.635861e-02
1.795000e+00 2.489374e-02
1.800000e+00 2.244410e-02
1.805000e+00 1.903062e-02
1.810000e+00 1.494913e-02
1.815000e+00 1.024634e-02
1.820000e+00 5.068746e-03
1.825000e+00 -2.279057e-04
1.830000e+00 -5.521712e-03
1.835000e+00 -1.065681e-02
1.840000e+00 -1.532658e-02
1.845000e+00 -1.937049e-02
1.850000e+00 -2.265436e-02
1.855000e+00 -2.505232e-02
1.860000e+00 -2.643164e-02
1.865000e+00 -2.673035e-02
1.870000e+00 -2.601593e-02
1.875000e+00 -2.425014e-02
1.880000e+00 -2.150803e-02
1.885000e+00 -1.791375e-02
1.890000e+00 -1.360965e-02
1.895000e+00 -8.784715e-03
1.900000e+00 -3.564907e-03
1.905000e+00 1.787565e-03
1.910000e+00 7.020490e-03
1.915000e+00 1.204713e-02
1.920000e+00 1.656907e-02
1.925000e+00 2.041128e-02
1.930000e+00 2.347364e-02
1.935000e+00 2.554943e-02
1.940000e+00 2.666736e-02
1.945000e+00 2.667616e-02
1.950000e+00 2.560955e-02
1.955000e+00 2.358757e-02
1.960000e+00 2.056001e-02
1.965000e+00 1.674087e-02
1.970000e+00 1.224386e-02
1.975000e+00 7.268272e-03
1.980000e+00 2.016634e-03
1.985000e+00 -3.360413e-03
1.990000e+00 -8.567270e-03
1.995000e+00 -1.342855e-02
2 -1.778097e-02
2.005000e+00 -2.142360e-02
2.010000e+00 -2.417052e-02
2.015000e+00 -2.599333e-02
2.020000e+00 -2.678434e-02
2.025000e+00 -2.647400e-02
2.030000e+00 -2.513341e-02
2.035000e+00 -2.278907e-02
2.040000e+00 -1.952341e-02
2.045000e+00 -1.548497e-02
2.050000e+00 -1.083883e-02
2.055000e+00 -5.747930e-03
2.060000e+00 -4.436598e-04
2.065000e+00 4.895810e-03
2.070000e+00 1.003886e-02
2.075000e+00 1.475991e-02
2.080000e+00 1.893420e-02
2.085000e+00 2.230594e-02
2.090000e+00 2.480404e-02
2.095000e+00 2.635385e-02
2.100000e+00 2.678015e-02
2.105000e+00 2.619961e-02
2.110000e+00 2.455501e-02
2.115000e+00 2.191499e-02
2.120000e+00 1.842610e-02
2.125000e+00 1.416734e-02
2.130000e+00 9.407110e-03
2.135000e+00 4.217042e-03
2.140000e+00 -1.144732e-03
2.145000e+00 -6.409491e-03
2.150000e+00 -1.146735e-02
2.155000e+00 -1.605214e-02
2.160000e+00 -1.999761e-02
2.165000e+00 -2.313125e-02
2.170000e+00 -2.535806e-02
2.175000e+00 -2.659392e-02
2.180000e+00 -2.672920e-02
2.185000e+00 -2.582054e-02
2.190000e+00 -2.387864e-02
2.195000e+00 -2.099407e-02
2.200000e+00 -1.725236e-02
2.205000e+00 -1.282124e-02
2.210000e+00 -7.924246e-03
2.215000e+00 -2.663288e-03
2.220000e+00 2.707230e-03
2.225000e+00 7.933853e-03
2.230000e+00 1.285878e-02
2.235000e+00 1.727504e-02
2.240000e+00 2.100787e-02
2.245000e+00 2.388368e-02
2.250000e+00 2.581265e-02
2.255000e+00 2.674022e-02
2.260000e+00 2.657573e-02
2.265000e+00 2.535046e-02
2.270000e+00 2.311716e-02
2.275000e+00 1.998666e-02
2.280000e+00 1.603553e-02
2.285000e+00 1.142571e-02
2.290000e+00 6.413474e-03
2.295000e+00 1.107392e-03
2.300000e+00 -4.244392e-03
2.305000e+00 -9.400264e-03
2.310000e+00 -1.419092e-02
2.315000e+00 -1.840440e-02
2.320000e+00 -2.191971e-02
2.325000e+00 -2.455431e-02
2.330000e+00 -2.622138e-02
2.335000e+00 -2.688379e-02
2.340000e+00 -2.648423e-02
2.345000e+00 -2.500361e-02
2.350000e+00 -2.251992e-02
2.355000e+00 -1.913521e-02
2.360000e+00 -1.492960e-02
2.365000e+00 -1.013953e-02
2.370000e+00 -4.948022e-03
2.375000e+00 4.247965e-04
2.380000e+00 5.772108e-03
2.385000e+00 1.094585e-02
2.390000e+00 1.572348e-02
2.395000e+00 1.994154e-02
2.400000e+00 2.340170e-02
2.405000e+00 2.581316e-02
2.410000e+00 2.695217e-02
2.415000e+00 2.663943e-02
2.420000e+00 2.477615e-02
2.425000e+00 2.143442e-02
2.430000e+00 1.681780e-02
2.435000e+00 1.126956e-02
2.440000e+00 5.267972e-03
2.445000e+00 -7.779144e-04
2.450000e+00 -6.630203e-03
2.455000e+00 -1.209319e-02
2.460000e+00 -1.712648e-02
2.465000e+00 -2.171179e-02
2.470000e+00 -2.570162e-02
2.475000e+00 -2.873944e-02
2.480000e+00 -3.037921e-02
2.485000e+00 -3.051151e-02
2.490000e+00 -2.913176e-02
2.495000e+00 -2.625028e-02
2.500000e+00 -2.198226e-02
2.505000e+00 -1.647587e-02
2.510000e+00 -9.910320e-03
2.515000e+00 -2.562500e-03
2.520000e+00 5.010421e-03
2.525000e+00 1.219442e-02
2.530000e+00 1.852142e-02
2.535000e+00 2.384359e-02
2.540000e+00 2.829143e-02
2.545000e+00 3.189435e-02
2.550000e+00 3.452093e-02
2.555000e+00 3.588973e-02
2.560000e+00 3.566572e-02
2.565000e+00 3.373275e-02
2.570000e+00 3.036901e-02
2.575000e+00 2.605845e-02
2.580000e+00 2.095373e-02
2.585000e+00 1.491486e-02
2.590000e+00 8.038481e-03
2.595000e+00 8.659988e-04
2.600000e+00 -6.224228e-03
2.605000e+00 -1.331907e-02
2.610000e+00 -2.009221e-02
2.615000e+00 -2.576848e-02
2.620000e+00 -3.007364e-02
2.625000e+00 -3.328578e-02
2.630000e+00 -3.540378e-02
2.635000e+00 -3.620479e-02
2.640000e+00 -3.557401e-02
2.645000e+00 -3.338518e-02
2.650000e+00 -2.969232e-02
2.655000e+00 -2.490452e-02
2.660000e+00 -1.931572e-02
2.665000e+00 -1.291036e-02
2.670000e+00 -5.921907e-03
2.675000e+00 1.323106e-03
2.680000e+00 8.571763e-03
2.685000e+00 1.538229e-02
2.690000e+00 2.142493e-02
2.695000e+00 2.672124e-02
2.700000e+00 3.125028e-02
2.705000e+00 3.447208e-02
2.710000e+00 3.594268e-02
2.715000e+00 3.595420e-02
2.720000e+00 3.483113e-02
2.725000e+00 3.247325e-02
2.730000e+00 2.863787e-02
2.735000e+00 2.343743e-02
2.740000e+00 1.740300e-02
2.745000e+00 1.089319e-02
2.750000e+00 3.845908e-03
2.755000e+00 -3.483433e-03
2.760000e+00 -1.051599e-02
2.765000e+00 -1.714334e-02
2.770000e+00 -2.325914e-02
2.775000e+00 -2.833257e-02
2.780000e+00 -3.214545e-02
2.785000e+00 -3.483099e-02
2.790000e+00 -3.615248e-02
2.795000e+00 -3.595062e-02
2.800000e+00 -3.436278e-02
2.805000e+00 -3.137862e-02
2.810000e+00 -2.707861e-02
2.815000e+00 -2.178298e-02
2.820000e+00 -1.570482e-02
2.825000e+00 -8.897082e-03
2.830000e+00 -1.646568e-03
2.835000e+00 5.606819e-03
2.840000e+00 1.252773e-02
2.845000e+00 1.898120e-02
2.850000e+00 2.479805e-02
2.855000e+00 2.958767e-02
2.860000e+00 3.310479e-02
2.865000e+00 3.535216e-02
2.870000e+00 3.622677e-02
2.875000e+00 3.564165e-02
2.880000e+00 3.361988e-02
2.885000e+00 3.021489e-02
2.890000e+00 2.570567e-02
2.895000e+00 2.015360e-02
2.900000e+00 1.365241e-02
2.905000e+00 6.734439e-03
2.910000e+00 -3.681115e-04
2.915000e+00 -7.632540e-03
2.920000e+00 -1.455245e-02
2.925000e+00 -2.076889e-02
2.930000e+00 -2.628354e-02
2.935000e+00 -3.075162e-02
2.940000e+00 -3.388086e-02
2.945000e+00 -3.575591e-02
2.950000e+00 -3.622991e-02
2.955000e+00 -3.516789e-02
2.960000e+00 -3.275472e-02
2.965000e+00 -2.904152e-02
2.970000e+00 -2.415900e-02
2.975000e+00 -1.830918e-02
2.980000e+00 -1.172983e-02
2.985000e+00 -4.686077e-03
2.990000e+00 2.546605e-03
2.995000e+00 9.664053e-03
3 1.643292e-02
