T X
0 0
5.000000e-03 -5.416357e-09
1.000000e-02 6.655403e-09
1.500000e-02 3.880361e-07
2.000000e-02 3.812094e-06
2.500000e-02 2.561529e-05
3.000000e-02 1.272601e-04
3.500000e-02 4.755771e-04
4.000000e-02 1.361073e-03
4.500000e-02 3.015343e-03
5.000000e-02 5.221105e-03
5.500000e-02 7.221208e-03
6.000000e-02 8.425164e-03
6.500000e-02 9.124851e-03
7.000000e-02 9.845190e-03
7.500000e-02 1.027792e-02
8.000000e-02 9.965949e-03
8.500000e-02 9.297921e-03
9.000000e-02 8.511342e-03
9.500000e-02 7.198183e-03
1.000000e-01 5.525250e-03
1.050000e-01 3.858865e-03
1.100000e-01 1.935758e-03
1.150000e-01 -1.156695e-04
1.200000e-01 -1.996254e-03
1.250000e-01 -3.898765e-03
1.300000e-01 -5.652273e-03
1.350000e-01 -7.152792e-03
1.400000e-01 -8.532361e-03
1.450000e-01 -9.483784e-03
1.500000e-01 -1.002018e-02
1.550000e-01 -1.018778e-02
1.600000e-01 -9.851941e-03
1.650000e-01 -9.254214e-03
1.700000e-01 -8.281069e-03
1.750000e-01 -6.898595e-03
1.800000e-01 -5.284583e-03
1.850000e-01 -3.408921e-03
1.900000e-01 -1.492495e-03
1.950000e-01 5.160019e-04
2.000000e-01 2.566926e-03
2.050000e-01 4.447093e-03
2.100000e-01 6.180209e-03
2.150000e-01 7.627480e-03
2.200000e-01 8.826780e-03
2.250000e-01 9.654672e-03
2.300000e-01 1.005988e-02
2.350000e-01 1.012852e-02
2.400000e-01 9.755460e-03
2.450000e-01 9.005353e-03
2.500000e-01 7.859206e-03
2.550000e-01 6.455707e-03
2.600000e-01 4.780197e-03
2.650000e-01 2.873623e-03
2.700000e-01 9.151441e-04
2.750000e-01 -1.133937e-03
2.800000e-01 -3.107708e-03
2.850000e-01 -4.972497e-03
2.900000e-01 -6.623248e-03
2.950000e-01 -8.026496e-03
3.000000e-01 -9.103780e-03
3.050000e-01 -9.800985e-03
3.100000e-01 -1.015685e-02
3.150000e-01 -1.003945e-02
3.200000e-01 -9.574649e-03
3.250000e-01 -8.712902e-03
3.300000e-01 -7.490167e-03
3.350000e-01 -5.981408e-03
3.400000e-01 -4.234780e-03
3.450000e-01 -2.318985e-03
3.500000e-01 -3.013284e-04
3.550000e-01 1.703543e-03
3.600000e-01 3.687870e-03
3.650000e-01 5.470861e-03
3.700000e-01 7.061496e-03
3.750000e-01 8.383518e-03
3.800000e-01 9.344802e-03
3.850000e-01 9.941078e-03
3.900000e-01 1.015756e-02
3.950000e-01 9.960320e-03
4.000000e-01 9.348572e-03
4.050000e-01 8.386414e-03
4.100000e-01 7.074586e-03
4.150000e-01 5.508327e-03
4.200000e-01 3.678585e-03
4.250000e-01 1.735832e-03
4.300000e-01 -2.754435e-04
4.350000e-01 -2.300951e-03
4.400000e-01 -4.221229e-03
4.450000e-01 -5.967577e-03
4.500000e-01 -7.467787e-03
4.550000e-01 -8.701140e-03
4.600000e-01 -9.566458e-03
4.650000e-01 -1.004901e-02
4.700000e-01 -1.013067e-02
4.750000e-01 -9.830405e-03
4.800000e-01 -9.107537e-03
4.850000e-01 -8.029126e-03
4.900000e-01 -6.650471e-03
4.950000e-01 -4.987989e-03
5.000000e-01 -3.133130e-03
5.050000e-01 -1.144306e-03
5.100000e-01 8.809255e-04
5.150000e-01 2.862542e-03
5.200000e-01 4.753945e-03
5.250000e-01 6.441137e-03
5.300000e-01 7.859494e-03
5.350000e-01 8.987914e-03
5.400000e-01 9.751041e-03
5.450000e-01 1.011814e-02
5.500000e-01 1.008060e-02
5.550000e-01 9.654468e-03
5.600000e-01 8.829227e-03
5.650000e-01 7.665778e-03
5.700000e-01 6.180488e-03
5.750000e-01 4.460240e-03
5.800000e-01 2.569098e-03
5.850000e-01 5.546322e-04
5.900000e-01 -1.470264e-03
5.950000e-01 -3.432608e-03
6.000000e-01 -5.258739e-03
6.050000e-01 -6.891545e-03
6.100000e-01 -8.234298e-03
6.150000e-01 -9.242412e-03
6.200000e-01 -9.889378e-03
6.250000e-01 -1.014435e-02
6.300000e-01 -9.973863e-03
6.350000e-01 -9.413338e-03
6.400000e-01 -8.494172e-03
6.450000e-01 -7.225825e-03
6.500000e-01 -5.670569e-03
6.550000e-01 -3.902804e-03
6.600000e-01 -1.973967e-03
6.650000e-01 3.070485e-05
6.700000e-01 2.040558e-03
6.750000e-01 3.965710e-03
6.800000e-01 5.731238e-03
6.850000e-01 7.285555e-03
6.900000e-01 8.541036e-03
6.950000e-01 9.460442e-03
7.000000e-01 1.000990e-02
7.050000e-01 1.013668e-02
7.100000e-01 9.876904e-03
7.150000e-01 9.221408e-03
7.200000e-01 8.177909e-03
7.250000e-01 6.833679e-03
7.300000e-01 5.209002e-03
7.350000e-01 3.375156e-03
7.400000e-01 1.390467e-03
7.450000e-01 -6.243495e-04
7.500000e-01 -2.619419e-03
7.550000e-01 -4.526480e-03
7.600000e-01 -6.243902e-03
7.650000e-01 -7.700424e-03
7.700000e-01 -8.861094e-03
7.750000e-01 -9.688669e-03
7.800000e-01 -1.009507e-02
7.850000e-01 -1.010445e-02
7.900000e-01 -9.731220e-03
7.950000e-01 -8.963827e-03
8.000000e-01 -7.816323e-03
8.050000e-01 -6.381648e-03
8.100000e-01 -4.689708e-03
8.150000e-01 -2.803225e-03
8.200000e-01 -7.997379e-04
8.250000e-01 1.226789e-03
8.300000e-01 3.185949e-03
8.350000e-01 5.052176e-03
8.400000e-01 6.701352e-03
8.450000e-01 8.073953e-03
8.500000e-01 9.138522e-03
8.550000e-01 9.835651e-03
8.600000e-01 1.014008e-02
8.650000e-01 1.003390e-02
8.700000e-01 9.532904e-03
8.750000e-01 8.662636e-03
8.800000e-01 7.437548e-03
8.850000e-01 5.908383e-03
8.900000e-01 4.153560e-03
8.950000e-01 2.235387e-03
9.000000e-01 2.192246e-04
9.050000e-01 -1.803957e-03
9.100000e-01 -3.750519e-03
9.150000e-01 -5.545982e-03
9.200000e-01 -7.130142e-03
9.250000e-01 -8.437542e-03
9.300000e-01 -9.378985e-03
9.350000e-01 -9.964753e-03
9.400000e-01 -1.016257e-02
9.450000e-01 -9.936114e-03
9.500000e-01 -9.319553e-03
9.550000e-01 -8.335537e-03
9.600000e-01 -7.023986e-03
9.650000e-01 -5.413883e-03
9.700000e-01 -3.597451e-03
9.750000e-01 -1.644935e-03
9.800000e-01 3.731402e-04
9.850000e-01 2.391498e-03
9.900000e-01 4.299456e-03
9.950000e-01 6.035895e-03
1 7.543578e-03
1.005000e+00 8.740965e-03
1.010000e+00 9.591393e-03
1.015000e+00 1.005445e-02
1.020000e+00 1.013153e-02
1.025000e+00 9.791595e-03
1.030000e+00 9.070516e-03
1.035000e+00 7.982038e-03
1.040000e+00 6.576229e-03
1.045000e+00 4.909754e-03
1.050000e+00 3.047199e-03
1.055000e+00 1.064299e-03
1.060000e+00 -9.680685e-04
1.065000e+00 -2.948818e-03
1.070000e+00 -4.825713e-03
1.075000e+00 -6.508367e-03
1.080000e+00 -7.927700e-03
1.085000e+00 -9.025556e-03
1.090000e+00 -9.772720e-03
1.095000e+00 -1.013158e-02
1.100000e+00 -1.007780e-02
1.105000e+00 -9.618808e-03
1.110000e+00 -8.793812e-03
1.115000e+00 -7.609990e-03
1.120000e+00 -6.099261e-03
1.125000e+00 -4.380766e-03
1.130000e+00 -2.475917e-03
1.135000e+00 -4.680671e-04
1.140000e+00 1.557791e-03
1.145000e+00 3.504365e-03
1.150000e+00 5.319177e-03
1.155000e+00 6.958261e-03
1.160000e+00 8.333464e-03
1.165000e+00 9.420854e-03
1.170000e+00 1.017668e-02
1.175000e+00 1.050601e-02
1.180000e+00 1.023307e-02
1.185000e+00 9.219576e-03
1.190000e+00 7.322253e-03
1.195000e+00 4.546492e-03
1.200000e+00 1.072911e-03
1.205000e+00 -2.697646e-03
1.210000e+00 -6.290647e-03
1.215000e+00 -9.392207e-03
1.220000e+00 -1.190695e-02
1.225000e+00 -1.398634e-02
1.230000e+00 -1.568804e-02
1.235000e+00 -1.696444e-02
1.240000e+00 -1.769948e-02
1.245000e+00 -1.763816e-02
1.250000e+00 -1.651012e-02
1.255000e+00 -1.454913e-02
1.260000e+00 -1.223706e-02
1.265000e+00 -9.320250e-03
1.270000e+00 -5.166197e-03
1.275000e+00 2.294090e-05
1.280000e+00 5.392977e-03
1.285000e+00 1.061474e-02
1.290000e+00 1.556389e-02
1.295000e+00 1.970206e-02
1.300000e+00 2.274027e-02
1.305000e+00 2.483184e-02
1.310000e+00 2.598462e-02
1.315000e+00 2.628976e-02
1.320000e+00 2.584125e-02
1.325000e+00 2.428976e-02
1.330000e+00 2.147390e-02
1.335000e+00 1.776201e-02
1.340000e+00 1.339260e-02
1.345000e+00 8.615974e-03
1.350000e+00 3.785121e-03
1.355000e+00 -1.268598e-03
1.360000e+00 -6.607416e-03
1.365000e+00 -1.182553e-02
1.370000e+00 -1.646699e-02
1.375000e+00 -2.023859e-02
1.380000e+00 -2.314543e-02
1.385000e+00 -2.543841e-02
1.390000e+00 -2.681385e-02
1.395000e+00 -2.671966e-02
1.400000e+00 -2.548674e-02
1.405000e+00 -2.357074e-02
1.410000e+00 -2.081165e-02
1.415000e+00 -1.702349e-02
1.420000e+00 -1.246086e-02
1.425000e+00 -7.502210e-03
1.430000e+00 -2.284897e-03
1.435000e+00 3.129108e-03
1.440000e+00 8.305847e-03
1.445000e+00 1.305722e-02
1.450000e+00 1.751814e-02
1.455000e+00 2.126086e-02
1.460000e+00 2.401139e-02
1.465000e+00 2.588850e-02
1.470000e+00 2.671220e-02
1.475000e+00 2.642735e-02
1.480000e+00 2.519795e-02
1.485000e+00 2.296337e-02
1.490000e+00 1.969885e-02
1.495000e+00 1.563986e-02
1.500000e+00 1.105824e-02
1.505000e+00 6.069193e-03
1.510000e+00 7.521164e-04
1.515000e+00 -4.607764e-03
1.520000e+00 -9.775169e-03
1.525000e+00 -1.453109e-02
1.530000e+00 -1.861785e-02
1.535000e+00 -2.209281e-02
1.540000e+00 -2.472633e-02
1.545000e+00 -2.619349e-02
1.550000e+00 -2.673419e-02
1.555000e+00 -2.627239e-02
1.560000e+00 -2.460802e-02
1.565000e+00 -2.202973e-02
1.570000e+00 -1.861654e-02
1.575000e+00 -1.441811e-02
1.580000e+00 -9.653746e-03
1.585000e+00 -4.476929e-03
1.590000e+00 8.390229e-04
1.595000e+00 6.114703e-03
1.600000e+00 1.119601e-02
1.605000e+00 1.580235e-02
1.610000e+00 1.975582e-02
1.615000e+00 2.295455e-02
1.620000e+00 2.525217e-02
1.625000e+00 2.648042e-02
1.630000e+00 2.668187e-02
1.635000e+00 2.589062e-02
1.640000e+00 2.395697e-02
1.645000e+00 2.110785e-02
1.650000e+00 1.746854e-02
1.655000e+00 1.304521e-02
1.660000e+00 8.177435e-03
1.665000e+00 2.968819e-03
1.670000e+00 -2.418742e-03
1.675000e+00 -7.629781e-03
1.680000e+00 -1.257108e-02
1.685000e+00 -1.704404e-02
1.690000e+00 -2.076767e-02
1.695000e+00 -2.371412e-02
1.700000e+00 -2.571257e-02
1.705000e+00 -2.666030e-02
1.710000e+00 -2.658047e-02
1.715000e+00 -2.540240e-02
1.720000e+00 -2.323340e-02
1.725000e+00 -2.014427e-02
1.730000e+00 -1.622376e-02
1.735000e+00 -1.169411e-02
1.740000e+00 -6.681928e-03
1.745000e+00 -1.369213e-03
1.750000e+00 3.933091e-03
1.755000e+00 9.117859e-03
1.760000e+00 1.397696e-02
1.765000e+00 1.817468e-02
1.770000e+00 2.173361e-02
1.775000e+00 2.442914e-02
1.780000e+00 2.607653e-02
1.785000e+00 2.675886e-02
1.790000e+00 2.633798e-02
1.795000e+00 2.486152e-02
1.800000e+00 2.243236e-02
1.805000e+00 1.904958e-02
1.810000e+00 1.495532e-02
1.815000e+00 1.028627e-02
1.820000e+00 5.121089e-03
1.825000e+00 -1.797640e-04
1.830000e+00 -5.462230e-03
1.835000e+00 -1.058647e-02
1.840000e+00 -1.525836e-02
1.845000e+00 -1.929921e-02
1.850000e+00 -2.258616e-02
1.855000e+00 -2.499206e-02
1.860000e+00 -2.637925e-02
1.865000e+00 -2.669454e-02
1.870000e+00 -2.598320e-02
1.875000e+00 -2.423611e-02
1.880000e+00 -2.149546e-02
1.885000e+00 -1.792781e-02
1.890000e+00 -1.363738e-02
1.895000e+00 -8.816811e-03
1.900000e+00 -3.621636e-03
1.905000e+00 1.736250e-03
1.910000e+00 6.960481e-03
1.915000e+00 1.197750e-02
1.920000e+00 1.650173e-02
1.925000e+00 2.033279e-02
1.930000e+00 2.340661e-02
1.935000e+00 2.550359e-02
1.940000e+00 2.660769e-02
1.945000e+00 2.664487e-02
1.950000e+00 2.558746e-02
1.955000e+00 2.355975e-02
1.960000e+00 2.056780e-02
1.965000e+00 1.675140e-02
1.970000e+00 1.228009e-02
1.975000e+00 7.312261e-03
1.980000e+00 2.060532e-03
1.985000e+00 -3.306125e-03
1.990000e+00 -8.499221e-03
1.995000e+00 -1.335830e-02
2 -1.771411e-02
2.005000e+00 -2.134064e-02
2.010000e+00 -2.411955e-02
2.015000e+00 -2.594074e-02
2.020000e+00 -2.673043e-02
2.025000e+00 -2.645084e-02
2.030000e+00 -2.509771e-02
2.035000e+00 -2.277329e-02
2.040000e+00 -1.954500e-02
2.045000e+00 -1.549443e-02
2.050000e+00 -1.087779e-02
2.055000e+00 -5.797319e-03
2.060000e+00 -4.773114e-04
2.065000e+00 4.825692e-03
2.070000e+00 9.971786e-03
2.075000e+00 1.469055e-02
2.080000e+00 1.885625e-02
2.085000e+00 2.224729e-02
2.090000e+00 2.474173e-02
2.095000e+00 2.630340e-02
2.100000e+00 2.673994e-02
2.105000e+00 2.615952e-02
2.110000e+00 2.453155e-02
2.115000e+00 2.191273e-02
2.120000e+00 1.844361e-02
2.125000e+00 1.418757e-02
2.130000e+00 9.443605e-03
2.135000e+00 4.259626e-03
2.140000e+00 -1.095850e-03
2.145000e+00 -6.337489e-03
2.150000e+00 -1.139982e-02
2.155000e+00 -1.597779e-02
2.160000e+00 -1.992972e-02
2.165000e+00 -2.307359e-02
2.170000e+00 -2.529442e-02
2.175000e+00 -2.654725e-02
2.180000e+00 -2.668832e-02
2.185000e+00 -2.578130e-02
2.190000e+00 -2.386910e-02
2.195000e+00 -2.099981e-02
2.200000e+00 -1.726299e-02
2.205000e+00 -1.285402e-02
2.210000e+00 -7.953715e-03
2.215000e+00 -2.708282e-03
2.220000e+00 2.638822e-03
2.225000e+00 7.874934e-03
2.230000e+00 1.278370e-02
2.235000e+00 1.720929e-02
2.240000e+00 2.095076e-02
2.245000e+00 2.382393e-02
2.250000e+00 2.575664e-02
2.255000e+00 2.669167e-02
2.260000e+00 2.653524e-02
2.265000e+00 2.531699e-02
2.270000e+00 2.311398e-02
2.275000e+00 1.998070e-02
2.280000e+00 1.605124e-02
2.285000e+00 1.145581e-02
2.290000e+00 6.442838e-03
2.295000e+00 1.167455e-03
2.300000e+00 -4.183600e-03
2.305000e+00 -9.339030e-03
2.310000e+00 -1.412013e-02
2.315000e+00 -1.834196e-02
2.320000e+00 -2.186932e-02
2.325000e+00 -2.448928e-02
2.330000e+00 -2.616651e-02
2.335000e+00 -2.684447e-02
2.340000e+00 -2.643520e-02
2.345000e+00 -2.498599e-02
2.350000e+00 -2.250627e-02
2.355000e+00 -1.912970e-02
2.360000e+00 -1.495615e-02
2.365000e+00 -1.014740e-02
2.370000e+00 -4.975170e-03
2.375000e+00 3.717265e-04
2.380000e+00 5.736515e-03
2.385000e+00 1.090893e-02
2.390000e+00 1.569236e-02
2.395000e+00 1.991830e-02
2.400000e+00 2.337710e-02
2.405000e+00 2.579216e-02
2.410000e+00 2.693811e-02
2.415000e+00 2.663741e-02
2.420000e+00 2.478014e-02
2.425000e+00 2.144346e-02
2.430000e+00 1.683219e-02
2.435000e+00 1.128512e-02
2.440000e+00 5.286761e-03
2.445000e+00 -7.727485e-04
2.450000e+00 -6.617280e-03
2.455000e+00 -1.207982e-02
2.460000e+00 -1.711581e-02
2.465000e+00 -2.170245e-02
2.470000e+00 -2.571810e-02
2.475000e+00 -2.875556e-02
2.480000e+00 -3.041338e-02
2.485000e+00 -3.052722e-02
2.490000e+00 -2.915306e-02
2.495000e+00 -2.628543e-02
2.500000e+00 -2.200876e-02
2.505000e+00 -1.651851e-02
2.510000e+00 -9.936589e-03
2.515000e+00 -2.596409e-03
2.520000e+00 4.997596e-03
2.525000e+00 1.218731e-02
2.530000e+00 1.850187e-02
2.535000e+00 2.383460e-02
2.540000e+00 2.829424e-02
2.545000e+00 3.190670e-02
2.550000e+00 3.452762e-02
2.555000e+00 3.591916e-02
2.560000e+00 3.569629e-02
2.565000e+00 3.375062e-02
2.570000e+00 3.039619e-02
2.575000e+00 2.610043e-02
2.580000e+00 2.099939e-02
2.585000e+00 1.494130e-02
2.590000e+00 8.064215e-03
2.595000e+00 9.143820e-04
2.600000e+00 -6.192104e-03
2.605000e+00 -1.331860e-02
2.610000e+00 -2.009968e-02
2.615000e+00 -2.576502e-02
2.620000e+00 -3.005979e-02
2.625000e+00 -3.330124e-02
2.630000e+00 -3.543387e-02
2.635000e+00 -3.622975e-02
2.640000e+00 -3.561407e-02
2.645000e+00 -3.340306e-02
2.650000e+00 -2.972099e-02
2.655000e+00 -2.495825e-02
2.660000e+00 -1.935970e-02
2.665000e+00 -1.294655e-02
2.670000e+00 -5.947294e-03
2.675000e+00 1.296567e-03
2.680000e+00 8.544294e-03
2.685000e+00 1.535563e-02
2.690000e+00 2.141922e-02
2.695000e+00 2.673051e-02
2.700000e+00 3.127789e-02
2.705000e+00 3.448462e-02
2.710000e+00 3.594038e-02
2.715000e+00 3.599176e-02
2.720000e+00 3.486907e-02
2.725000e+00 3.251084e-02
2.730000e+00 2.868219e-02
2.735000e+00 2.347727e-02
2.740000e+00 1.743979e-02
2.745000e+00 1.091301e-02
2.750000e+00 3.882646e-03
2.755000e+00 -3.432431e-03
2.760000e+00 -1.049314e-02
2.765000e+00 -1.715493e-02
2.770000e+00 -2.326549e-02
2.775000e+00 -2.831501e-02
2.780000e+00 -3.215055e-02
2.785000e+00 -3.485631e-02
2.790000e+00 -3.616625e-02
2.795000e+00 -3.599758e-02
2.800000e+00 -3.441973e-02
2.805000e+00 -3.138966e-02
2.810000e+00 -2.709939e-02
2.815000e+00 -2.184144e-02
2.820000e+00 -1.575955e-02
2.825000e+00 -8.924403e-03
2.830000e+00 -1.669976e-03
2.835000e+00 5.586975e-03
2.840000e+00 1.250394e-02
2.845000e+00 1.896804e-02
2.850000e+00 2.479884e-02
2.855000e+00 2.957763e-02
2.860000e+00 3.314165e-02
2.865000e+00 3.537720e-02
2.870000e+00 3.621968e-02
2.875000e+00 3.568985e-02
2.880000e+00 3.366792e-02
2.885000e+00 3.024675e-02
2.890000e+00 2.574457e-02
2.895000e+00 2.019011e-02
2.900000e+00 1.369125e-02
2.905000e+00 6.773854e-03
2.910000e+00 -3.412015e-04
2.915000e+00 -7.607462e-03
2.920000e+00 -1.453502e-02
2.925000e+00 -2.078014e-02
2.930000e+00 -2.627143e-02
2.935000e+00 -3.074352e-02
2.940000e+00 -3.391571e-02
2.945000e+00 -3.577142e-02
2.950000e+00 -3.624845e-02
2.955000e+00 -3.522345e-02
2.960000e+00 -3.278567e-02
2.965000e+00 -2.906069e-02
2.970000e+00 -2.421162e-02
2.975000e+00 -1.836085e-02
2.980000e+00 -1.176227e-02
2.985000e+00 -4.714117e-03
2.990000e+00 2.524456e-03
2.995000e+00 9.640386e-03
3 1.641431e-02
