T X
0 0
5.000000e-03 2.515180e-08
1.000000e-02 1.025747e-07
1.500000e-02 -2.361496e-07
2.000000e-02 -1.714566e-06
2.500000e-02 -2.991846e-06
3.000000e-02 -1.328020e-06
3.500000e-02 2.088810e-06
4.000000e-02 2.353064e-06
4.500000e-02 -4.108897e-07
5.000000e-02 8.998209e-07
5.500000e-02 8.759061e-06
6.000000e-02 1.632321e-05
6.500000e-02 1.098898e-05
7.000000e-02 -2.762612e-05
7.500000e-02 -8.112550e-05
8.000000e-02 -3.781155e-05
8.500000e-02 1.596645e-04
9.000000e-02 3.131681e-04
9.500000e-02 1.819159e-04
1.000000e-01 -1.506738e-04
1.050000e-01 -4.438659e-04
1.100000e-01 -6.106015e-04
1.150000e-01 -5.907237e-04
1.200000e-01 -3.051861e-04
1.250000e-01 2.287734e-04
1.300000e-01 9.640557e-04
1.350000e-01 1.771505e-03
1.400000e-01 2.479442e-03
1.450000e-01 3.027258e-03
1.500000e-01 3.332540e-03
1.550000e-01 3.308205e-03
1.600000e-01 2.929233e-03
1.650000e-01 2.174350e-03
1.700000e-01 1.096453e-03
1.750000e-01 -2.311923e-04
1.800000e-01 -1.758835e-03
1.850000e-01 -3.422668e-03
1.900000e-01 -5.111314e-03
1.950000e-01 -6.755483e-03
2.000000e-01 -8.345122e-03
2.050000e-01 -9.716106e-03
2.100000e-01 -1.073513e-02
2.150000e-01 -1.138621e-02
2.200000e-01 -1.158039e-02
2.250000e-01 -1.123546e-02
2.300000e-01 -1.038062e-02
2.350000e-01 -9.085116e-03
2.400000e-01 -7.312034e-03
2.450000e-01 -5.046920e-03
2.500000e-01 -2.338942e-03
2.550000e-01 7.754383e-04
2.600000e-01 4.209467e-03
2.650000e-01 7.869156e-03
2.700000e-01 1.163961e-02
2.750000e-01 1.540750e-02
2.800000e-01 1.906504e-02
2.850000e-01 2.246590e-02
2.900000e-01 2.543951e-02
2.950000e-01 2.786571e-02
3.000000e-01 2.973226e-02
3.050000e-01 3.100627e-02
3.100000e-01 3.164155e-02
3.150000e-01 3.163731e-02
3.200000e-01 3.101130e-02
3.250000e-01 2.983767e-02
3.300000e-01 2.822460e-02
3.350000e-01 2.628117e-02
3.400000e-01 2.411586e-02
3.450000e-01 2.182507e-02
3.500000e-01 1.955376e-02
3.550000e-01 1.746215e-02
3.600000e-01 1.565292e-02
3.650000e-01 1.422384e-02
3.700000e-01 1.320118e-02
3.750000e-01 1.263025e-02
3.800000e-01 1.265486e-02
3.850000e-01 1.331294e-02
3.900000e-01 1.454972e-02
3.950000e-01 1.633728e-02
4.000000e-01 1.865503e-02
4.050000e-01 2.142306e-02
4.100000e-01 2.457595e-02
4.150000e-01 2.805952e-02
4.200000e-01 3.174086e-02
4.250000e-01 3.549635e-02
4.300000e-01 3.919559e-02
4.350000e-01 4.269693e-02
4.400000e-01 4.591343e-02
4.450000e-01 4.878039e-02
4.500000e-01 5.119255e-02
4.550000e-01 5.302284e-02
4.600000e-01 5.423703e-02
4.650000e-01 5.481231e-02
4.700000e-01 5.472698e-02
4.750000e-01 5.405171e-02
4.800000e-01 5.283449e-02
4.850000e-01 5.112933e-02
4.900000e-01 4.905229e-02
4.950000e-01 4.669210e-02
5.000000e-01 4.412196e-02
5.050000e-01 4.146993e-02
5.100000e-01 3.886400e-02
5.150000e-01 3.641507e-02
5.200000e-01 3.423372e-02
5.250000e-01 3.244195e-02
5.300000e-01 3.116734e-02
5.350000e-01 3.047912e-02
5.400000e-01 3.043579e-02
5.450000e-01 3.105126e-02
5.500000e-01 3.236491e-02
5.550000e-01 3.435460e-02
5.600000e-01 3.688171e-02
5.650000e-01 3.990839e-02
5.700000e-01 4.333144e-02
5.750000e-01 4.701843e-02
5.800000e-01 5.092203e-02
5.850000e-01 5.490198e-02
5.900000e-01 5.880043e-02
5.950000e-01 6.250334e-02
6.000000e-01 6.583891e-02
6.050000e-01 6.867050e-02
6.100000e-01 7.095322e-02
6.150000e-01 7.266093e-02
6.200000e-01 7.376568e-02
6.250000e-01 7.419756e-02
6.300000e-01 7.396354e-02
6.350000e-01 7.312507e-02
6.400000e-01 7.169176e-02
6.450000e-01 6.977085e-02
6.500000e-01 6.747750e-02
6.550000e-01 6.488510e-02
6.600000e-01 6.213531e-02
6.650000e-01 5.935222e-02
6.700000e-01 5.666770e-02
6.750000e-01 5.422883e-02
6.800000e-01 5.213421e-02
6.850000e-01 5.049579e-02
6.900000e-01 4.940751e-02
6.950000e-01 4.893946e-02
7.000000e-01 4.910764e-02
7.050000e-01 4.988650e-02
7.100000e-01 5.133282e-02
7.150000e-01 5.343718e-02
7.200000e-01 5.606337e-02
7.250000e-01 5.914543e-02
7.300000e-01 6.261803e-02
7.350000e-01 6.632908e-02
7.400000e-01 7.016005e-02
7.450000e-01 7.395141e-02
7.500000e-01 7.754771e-02
7.550000e-01 8.092064e-02
7.600000e-01 8.399250e-02
7.650000e-01 8.660980e-02
7.700000e-01 8.865648e-02
7.750000e-01 9.009045e-02
7.800000e-01 9.093005e-02
7.850000e-01 9.115269e-02
7.900000e-01 9.072069e-02
7.950000e-01 8.970169e-02
8.000000e-01 8.815965e-02
8.050000e-01 8.611260e-02
8.100000e-01 8.371276e-02
8.150000e-01 8.112614e-02
8.200000e-01 7.844070e-02
8.250000e-01 7.576405e-02
8.300000e-01 7.318044e-02
8.350000e-01 7.080998e-02
8.400000e-01 6.882392e-02
8.450000e-01 6.734861e-02
8.500000e-01 6.645838e-02
8.550000e-01 6.618679e-02
8.600000e-01 6.654734e-02
8.650000e-01 6.756977e-02
8.700000e-01 6.925221e-02
8.750000e-01 7.153176e-02
8.800000e-01 7.431944e-02
8.850000e-01 7.750480e-02
8.900000e-01 8.094234e-02
8.950000e-01 8.452738e-02
9.000000e-01 8.825539e-02
9.050000e-01 9.200946e-02
9.100000e-01 9.552955e-02
9.150000e-01 9.861641e-02
9.200000e-01 1.012225e-01
9.250000e-01 1.033919e-01
9.300000e-01 1.050252e-01
9.350000e-01 1.059848e-01
9.400000e-01 1.062816e-01
9.450000e-01 1.059099e-01
9.500000e-01 1.049344e-01
9.550000e-01 1.034847e-01
9.600000e-01 1.015709e-01
9.650000e-01 9.921423e-02
9.700000e-01 9.650174e-02
9.750000e-01 9.356521e-02
9.800000e-01 9.062625e-02
9.850000e-01 8.787479e-02
9.900000e-01 8.536757e-02
9.950000e-01 8.314670e-02
1 8.128902e-02
1.005000e+00 7.990483e-02
1.010000e+00 7.910414e-02
1.015000e+00 7.895871e-02
1.020000e+00 7.950157e-02
1.025000e+00 8.067173e-02
1.030000e+00 8.238980e-02
1.035000e+00 8.460775e-02
1.040000e+00 8.727889e-02
1.045000e+00 9.032690e-02
1.050000e+00 9.362705e-02
1.055000e+00 9.704489e-02
1.060000e+00 1.004504e-01
1.065000e+00 1.036877e-01
1.070000e+00 1.066335e-01
1.075000e+00 1.092296e-01
1.080000e+00 1.113454e-01
1.085000e+00 1.128889e-01
1.090000e+00 1.138723e-01
1.095000e+00 1.142057e-01
1.100000e+00 1.138514e-01
1.105000e+00 1.128917e-01
1.110000e+00 1.113481e-01
1.115000e+00 1.092860e-01
1.120000e+00 1.068457e-01
1.125000e+00 1.041525e-01
1.130000e+00 1.012485e-01
1.135000e+00 9.817940e-02
1.140000e+00 9.512338e-02
1.145000e+00 9.223946e-02
1.150000e+00 8.968920e-02
1.155000e+00 8.764390e-02
1.160000e+00 8.611880e-02
1.165000e+00 8.511368e-02
1.170000e+00 8.467243e-02
1.175000e+00 8.478521e-02
1.180000e+00 8.547796e-02
1.185000e+00 8.680599e-02
1.190000e+00 8.872666e-02
1.195000e+00 9.113440e-02
1.200000e+00 9.394995e-02
1.205000e+00 9.706656e-02
1.210000e+00 1.003296e-01
1.215000e+00 1.036002e-01
1.220000e+00 1.067399e-01
1.225000e+00 1.096407e-01
1.230000e+00 1.122204e-01
1.235000e+00 1.143798e-01
1.240000e+00 1.160522e-01
1.245000e+00 1.171844e-01
1.250000e+00 1.177106e-01
1.255000e+00 1.175752e-01
1.260000e+00 1.167955e-01
1.265000e+00 1.154282e-01
1.270000e+00 1.135180e-01
1.275000e+00 1.111710e-01
1.280000e+00 1.084354e-01
1.285000e+00 1.053742e-01
1.290000e+00 1.021745e-01
1.295000e+00 9.899794e-02
1.300000e+00 9.598491e-02
1.305000e+00 9.324114e-02
1.310000e+00 9.083677e-02
1.315000e+00 8.886916e-02
1.320000e+00 8.742728e-02
1.325000e+00 8.659624e-02
1.330000e+00 8.640044e-02
1.335000e+00 8.677374e-02
1.340000e+00 8.772634e-02
1.345000e+00 8.926126e-02
1.350000e+00 9.132532e-02
1.355000e+00 9.390507e-02
1.360000e+00 9.686414e-02
1.365000e+00 1.000059e-01
1.370000e+00 1.031969e-01
1.375000e+00 1.063141e-01
1.380000e+00 1.092724e-01
1.385000e+00 1.119747e-01
1.390000e+00 1.143164e-01
1.395000e+00 1.162080e-01
1.400000e+00 1.175422e-01
1.405000e+00 1.182318e-01
1.410000e+00 1.182434e-01
1.415000e+00 1.176426e-01
1.420000e+00 1.165199e-01
1.425000e+00 1.148687e-01
1.430000e+00 1.127179e-01
1.435000e+00 1.102191e-01
1.440000e+00 1.074792e-01
1.445000e+00 1.045074e-01
1.450000e+00 1.013457e-01
1.455000e+00 9.809129e-02
1.460000e+00 9.494739e-02
1.465000e+00 9.216351e-02
1.470000e+00 8.984933e-02
1.475000e+00 8.810941e-02
1.480000e+00 8.705220e-02
1.485000e+00 8.664061e-02
1.490000e+00 8.685140e-02
1.495000e+00 8.771927e-02
1.500000e+00 8.915450e-02
1.505000e+00 9.096110e-02
1.510000e+00 9.307887e-02
1.515000e+00 9.556274e-02
1.520000e+00 9.836386e-02
1.525000e+00 1.014039e-01
1.530000e+00 1.045775e-01
1.535000e+00 1.076920e-01
1.540000e+00 1.106346e-01
1.545000e+00 1.132810e-01
1.550000e+00 1.154305e-01
1.555000e+00 1.170004e-01
1.560000e+00 1.179796e-01
1.565000e+00 1.183333e-01
1.570000e+00 1.180397e-01
1.575000e+00 1.171479e-01
1.580000e+00 1.157005e-01
1.585000e+00 1.137344e-01
1.590000e+00 1.113164e-01
1.595000e+00 1.085227e-01
1.600000e+00 1.055232e-01
1.605000e+00 1.024538e-01
1.610000e+00 9.937332e-02
1.615000e+00 9.637805e-02
1.620000e+00 9.361866e-02
1.625000e+00 9.123552e-02
1.630000e+00 8.928935e-02
1.635000e+00 8.785016e-02
1.640000e+00 8.697335e-02
1.645000e+00 8.665956e-02
1.650000e+00 8.693826e-02
1.655000e+00 8.785345e-02
1.660000e+00 8.939700e-02
1.665000e+00 9.148286e-02
1.670000e+00 9.398919e-02
1.675000e+00 9.681732e-02
1.680000e+00 9.986685e-02
1.685000e+00 1.029864e-01
1.690000e+00 1.059925e-01
1.695000e+00 1.088016e-01
1.700000e+00 1.114154e-01
1.705000e+00 1.137452e-01
1.710000e+00 1.156235e-01
1.715000e+00 1.168944e-01
1.720000e+00 1.175409e-01
1.725000e+00 1.175977e-01
1.730000e+00 1.170166e-01
1.735000e+00 1.157698e-01
1.740000e+00 1.138996e-01
1.745000e+00 1.115706e-01
1.750000e+00 1.089595e-01
1.755000e+00 1.061377e-01
1.760000e+00 1.031462e-01
1.765000e+00 1.000990e-01
1.770000e+00 9.713183e-02
1.775000e+00 9.437502e-02
1.780000e+00 9.195238e-02
1.785000e+00 8.991471e-02
1.790000e+00 8.836416e-02
1.795000e+00 8.737570e-02
1.800000e+00 8.693112e-02
1.805000e+00 8.702041e-02
1.810000e+00 8.764069e-02
1.815000e+00 8.878451e-02
1.820000e+00 9.039262e-02
1.825000e+00 9.242421e-02
1.830000e+00 9.487616e-02
1.835000e+00 9.770672e-02
1.840000e+00 1.008489e-01
1.845000e+00 1.041639e-01
1.850000e+00 1.074230e-01
1.855000e+00 1.104175e-01
1.860000e+00 1.130055e-01
1.865000e+00 1.150798e-01
1.870000e+00 1.165686e-01
1.875000e+00 1.174227e-01
1.880000e+00 1.175913e-01
1.885000e+00 1.170594e-01
1.890000e+00 1.158887e-01
1.895000e+00 1.142061e-01
1.900000e+00 1.120904e-01
1.905000e+00 1.095578e-01
1.910000e+00 1.066969e-01
1.915000e+00 1.036286e-01
1.920000e+00 1.005045e-01
1.925000e+00 9.746869e-02
1.930000e+00 9.456414e-02
1.935000e+00 9.189555e-02
1.940000e+00 8.961338e-02
1.945000e+00 8.777907e-02
1.950000e+00 8.642720e-02
1.955000e+00 8.559229e-02
1.960000e+00 8.530324e-02
1.965000e+00 8.558618e-02
1.970000e+00 8.643316e-02
1.975000e+00 8.787171e-02
1.980000e+00 8.991420e-02
1.985000e+00 9.240744e-02
1.990000e+00 9.522644e-02
1.995000e+00 9.833522e-02
2 1.015980e-01
2.005000e+00 1.048344e-01
2.010000e+00 1.078668e-01
2.015000e+00 1.105328e-01
2.020000e+00 1.127352e-01
2.025000e+00 1.143950e-01
2.030000e+00 1.154753e-01
2.035000e+00 1.159648e-01
2.040000e+00 1.157888e-01
2.045000e+00 1.148668e-01
2.050000e+00 1.132533e-01
2.055000e+00 1.111093e-01
2.060000e+00 1.085625e-01
2.065000e+00 1.057161e-01
2.070000e+00 1.026587e-01
2.075000e+00 9.948855e-02
2.080000e+00 9.631769e-02
2.085000e+00 9.324253e-02
2.090000e+00 9.036561e-02
2.095000e+00 8.775607e-02
2.100000e+00 8.551122e-02
2.105000e+00 8.375846e-02
2.110000e+00 8.258473e-02
2.115000e+00 8.205586e-02
2.120000e+00 8.218399e-02
2.125000e+00 8.295674e-02
2.130000e+00 8.432697e-02
2.135000e+00 8.619319e-02
2.140000e+00 8.851430e-02
2.145000e+00 9.122174e-02
2.150000e+00 9.412348e-02
2.155000e+00 9.709151e-02
2.160000e+00 1.000572e-01
2.165000e+00 1.028506e-01
2.170000e+00 1.053435e-01
2.175000e+00 1.074373e-01
2.180000e+00 1.089725e-01
2.185000e+00 1.098659e-01
2.190000e+00 1.100886e-01
2.195000e+00 1.096985e-01
2.200000e+00 1.087883e-01
2.205000e+00 1.073623e-01
2.210000e+00 1.054435e-01
2.215000e+00 1.031320e-01
2.220000e+00 1.005144e-01
2.225000e+00 9.760047e-02
2.230000e+00 9.442994e-02
2.235000e+00 9.113410e-02
2.240000e+00 8.790031e-02
2.245000e+00 8.491777e-02
2.250000e+00 8.225413e-02
2.255000e+00 7.991704e-02
2.260000e+00 7.797404e-02
2.265000e+00 7.648562e-02
2.270000e+00 7.550752e-02
2.275000e+00 7.511768e-02
2.280000e+00 7.533490e-02
2.285000e+00 7.611417e-02
2.290000e+00 7.745267e-02
2.295000e+00 7.932441e-02
2.300000e+00 8.163180e-02
2.305000e+00 8.422717e-02
2.310000e+00 8.694060e-02
2.315000e+00 8.967157e-02
2.320000e+00 9.235162e-02
2.325000e+00 9.490809e-02
2.330000e+00 9.718421e-02
2.335000e+00 9.899889e-02
2.340000e+00 1.003043e-01
2.345000e+00 1.010530e-01
2.350000e+00 1.011391e-01
2.355000e+00 1.005622e-01
2.360000e+00 9.941714e-02
2.365000e+00 9.770293e-02
2.370000e+00 9.540471e-02
2.375000e+00 9.259315e-02
2.380000e+00 8.936637e-02
2.385000e+00 8.589938e-02
2.390000e+00 8.232091e-02
2.395000e+00 7.871732e-02
2.400000e+00 7.520913e-02
2.405000e+00 7.193163e-02
2.410000e+00 6.904110e-02
2.415000e+00 6.661973e-02
2.420000e+00 6.472635e-02
2.425000e+00 6.346018e-02
2.430000e+00 6.288159e-02
2.435000e+00 6.298247e-02
2.440000e+00 6.370038e-02
2.445000e+00 6.497719e-02
2.450000e+00 6.679133e-02
2.455000e+00 6.899271e-02
2.460000e+00 7.141071e-02
2.465000e+00 7.400406e-02
2.470000e+00 7.665310e-02
2.475000e+00 7.919826e-02
2.480000e+00 8.153285e-02
2.485000e+00 8.350358e-02
2.490000e+00 8.498745e-02
2.495000e+00 8.593340e-02
2.500000e+00 8.628822e-02
2.505000e+00 8.607428e-02
2.510000e+00 8.533193e-02
2.515000e+00 8.403244e-02
2.520000e+00 8.218414e-02
2.525000e+00 7.982834e-02
2.530000e+00 7.705849e-02
2.535000e+00 7.400635e-02
2.540000e+00 7.073210e-02
2.545000e+00 6.732526e-02
2.550000e+00 6.398845e-02
2.555000e+00 6.089202e-02
2.560000e+00 5.811701e-02
2.565000e+00 5.567459e-02
2.570000e+00 5.358256e-02
2.575000e+00 5.192481e-02
2.580000e+00 5.070965e-02
2.585000e+00 4.994230e-02
2.590000e+00 4.965595e-02
2.595000e+00 4.984947e-02
2.600000e+00 5.053370e-02
2.605000e+00 5.159205e-02
2.610000e+00 5.292638e-02
2.615000e+00 5.453185e-02
2.620000e+00 5.633484e-02
2.625000e+00 5.826293e-02
2.630000e+00 6.018641e-02
2.635000e+00 6.200868e-02
2.640000e+00 6.372513e-02
2.645000e+00 6.525644e-02
2.650000e+00 6.651591e-02
2.655000e+00 6.744172e-02
2.660000e+00 6.795518e-02
2.665000e+00 6.798135e-02
2.670000e+00 6.754016e-02
2.675000e+00 6.668403e-02
2.680000e+00 6.533602e-02
2.685000e+00 6.343230e-02
2.690000e+00 6.101055e-02
2.695000e+00 5.816153e-02
2.700000e+00 5.502145e-02
2.705000e+00 5.170897e-02
2.710000e+00 4.827840e-02
2.715000e+00 4.482229e-02
2.720000e+00 4.152259e-02
2.725000e+00 3.850640e-02
2.730000e+00 3.584404e-02
2.735000e+00 3.361986e-02
2.740000e+00 3.192661e-02
2.745000e+00 3.080686e-02
2.750000e+00 3.023586e-02
2.755000e+00 3.023743e-02
2.760000e+00 3.085083e-02
2.765000e+00 3.200778e-02
2.770000e+00 3.356933e-02
2.775000e+00 3.547367e-02
2.780000e+00 3.768854e-02
2.785000e+00 4.010484e-02
2.790000e+00 4.262122e-02
2.795000e+00 4.507176e-02
2.800000e+00 4.728062e-02
2.805000e+00 4.918745e-02
2.810000e+00 5.066779e-02
2.815000e+00 5.162298e-02
2.820000e+00 5.205731e-02
2.825000e+00 5.194747e-02
2.830000e+00 5.125182e-02
2.835000e+00 4.998097e-02
2.840000e+00 4.821507e-02
2.845000e+00 4.597084e-02
2.850000e+00 4.322963e-02
2.855000e+00 3.999611e-02
2.860000e+00 3.636506e-02
2.865000e+00 3.252179e-02
2.870000e+00 2.865921e-02
2.875000e+00 2.499761e-02
2.880000e+00 2.168895e-02
2.885000e+00 1.880621e-02
2.890000e+00 1.641888e-02
2.895000e+00 1.461824e-02
2.900000e+00 1.344647e-02
2.905000e+00 1.291404e-02
2.910000e+00 1.304071e-02
2.915000e+00 1.378679e-02
2.920000e+00 1.511520e-02
2.925000e+00 1.699607e-02
2.930000e+00 1.936385e-02
2.935000e+00 2.208252e-02
2.940000e+00 2.493881e-02
2.945000e+00 2.776616e-02
2.950000e+00 3.042172e-02
2.955000e+00 3.274215e-02
2.960000e+00 3.468951e-02
2.965000e+00 3.624898e-02
2.970000e+00 3.726628e-02
2.975000e+00 3.760158e-02
2.980000e+00 3.720947e-02
2.985000e+00 3.608049e-02
2.990000e+00 3.430663e-02
2.995000e+00 3.200666e-02
3 2.924288e-02
