T X
0 0
5.000000e-03 5.993810e-07
1.000000e-02 5.008027e-06
1.500000e-02 1.760055e-05
2.000000e-02 3.512113e-05
2.500000e-02 4.977962e-05
3.000000e-02 6.592546e-05
3.500000e-02 8.478564e-05
4.000000e-02 8.088152e-05
4.500000e-02 3.132365e-05
5.000000e-02 -6.161847e-05
5.500000e-02 -1.921027e-04
6.000000e-02 -3.651745e-04
6.500000e-02 -5.905573e-04
7.000000e-02 -8.543870e-04
7.500000e-02 -1.121452e-03
8.000000e-02 -1.373216e-03
8.500000e-02 -1.601242e-03
9.000000e-02 -1.798534e-03
9.500000e-02 -1.958033e-03
1.000000e-01 -2.064573e-03
1.050000e-01 -2.102389e-03
1.100000e-01 -2.054185e-03
1.150000e-01 -1.947671e-03
1.200000e-01 -1.825486e-03
1.250000e-01 -1.660123e-03
1.300000e-01 -1.451349e-03
1.350000e-01 -1.238027e-03
1.400000e-01 -1.015784e-03
1.450000e-01 -8.035490e-04
1.500000e-01 -6.379354e-04
1.550000e-01 -5.061078e-04
1.600000e-01 -3.388393e-04
1.650000e-01 -1.236194e-04
1.700000e-01 -2.851449e-05
1.750000e-01 -1.848055e-04
1.800000e-01 -4.482206e-04
1.850000e-01 -5.477323e-04
1.900000e-01 -3.970653e-04
1.950000e-01 -1.483772e-04
2.000000e-01 6.640086e-05
2.050000e-01 1.705716e-04
2.100000e-01 2.534625e-05
2.150000e-01 -3.871760e-04
2.200000e-01 -8.854453e-04
2.250000e-01 -1.355105e-03
2.300000e-01 -1.776206e-03
2.350000e-01 -1.977401e-03
2.400000e-01 -1.823278e-03
2.450000e-01 -1.401415e-03
2.500000e-01 -7.521264e-04
2.550000e-01 5.591752e-05
2.600000e-01 8.404813e-04
2.650000e-01 1.517851e-03
2.700000e-01 1.965535e-03
2.750000e-01 2.063700e-03
2.800000e-01 1.836291e-03
2.850000e-01 1.272975e-03
2.900000e-01 4.695172e-04
2.950000e-01 -3.881088e-04
3.000000e-01 -1.300759e-03
3.050000e-01 -2.203428e-03
3.100000e-01 -2.895938e-03
3.150000e-01 -3.333607e-03
3.200000e-01 -3.483302e-03
3.250000e-01 -3.260634e-03
3.300000e-01 -2.704566e-03
3.350000e-01 -1.842412e-03
3.400000e-01 -6.692781e-04
3.450000e-01 7.529086e-04
3.500000e-01 2.325963e-03
3.550000e-01 3.936144e-03
3.600000e-01 5.546114e-03
3.650000e-01 7.124771e-03
3.700000e-01 8.526498e-03
3.750000e-01 9.613407e-03
3.800000e-01 1.039877e-02
3.850000e-01 1.083990e-02
3.900000e-01 1.084581e-02
3.950000e-01 1.057761e-02
4.000000e-01 1.002986e-02
4.050000e-01 9.037416e-03
4.100000e-01 7.630969e-03
4.150000e-01 5.860844e-03
4.200000e-01 3.844818e-03
4.250000e-01 1.569392e-03
4.300000e-01 -1.009657e-03
4.350000e-01 -3.740450e-03
4.400000e-01 -6.494480e-03
4.450000e-01 -9.246019e-03
4.500000e-01 -1.203482e-02
4.550000e-01 -1.464604e-02
4.600000e-01 -1.693541e-02
4.650000e-01 -1.894020e-02
4.700000e-01 -2.044583e-02
4.750000e-01 -2.136290e-02
4.800000e-01 -2.174554e-02
4.850000e-01 -2.159430e-02
4.900000e-01 -2.090216e-02
4.950000e-01 -1.970307e-02
5.000000e-01 -1.808418e-02
5.050000e-01 -1.598747e-02
5.100000e-01 -1.341943e-02
5.150000e-01 -1.051503e-02
5.200000e-01 -7.427815e-03
5.250000e-01 -4.361270e-03
5.300000e-01 -1.370004e-03
5.350000e-01 1.536869e-03
5.400000e-01 4.242585e-03
5.450000e-01 6.645391e-03
5.500000e-01 8.645855e-03
5.550000e-01 1.015947e-02
5.600000e-01 1.116343e-02
5.650000e-01 1.163336e-02
5.700000e-01 1.157899e-02
5.750000e-01 1.102491e-02
5.800000e-01 1.001757e-02
5.850000e-01 8.680126e-03
5.900000e-01 7.056635e-03
5.950000e-01 5.239241e-03
6.000000e-01 3.404120e-03
6.050000e-01 1.564060e-03
6.100000e-01 -2.144348e-04
6.150000e-01 -1.713740e-03
6.200000e-01 -2.800066e-03
6.250000e-01 -3.467722e-03
6.300000e-01 -3.778515e-03
6.350000e-01 -3.661599e-03
6.400000e-01 -3.036701e-03
6.450000e-01 -1.999654e-03
6.500000e-01 -5.770970e-04
6.550000e-01 1.306015e-03
6.600000e-01 3.682903e-03
6.650000e-01 6.333917e-03
6.700000e-01 9.083868e-03
6.750000e-01 1.204447e-02
6.800000e-01 1.518758e-02
6.850000e-01 1.838576e-02
6.900000e-01 2.151879e-02
6.950000e-01 2.444367e-02
7.000000e-01 2.702296e-02
7.050000e-01 2.921380e-02
7.100000e-01 3.110191e-02
7.150000e-01 3.251830e-02
7.200000e-01 3.326448e-02
7.250000e-01 3.349999e-02
7.300000e-01 3.333174e-02
7.350000e-01 3.273032e-02
7.400000e-01 3.165874e-02
7.450000e-01 3.007221e-02
7.500000e-01 2.818072e-02
7.550000e-01 2.630412e-02
7.600000e-01 2.446984e-02
7.650000e-01 2.262879e-02
7.700000e-01 2.090410e-02
7.750000e-01 1.938039e-02
7.800000e-01 1.821645e-02
7.850000e-01 1.767263e-02
7.900000e-01 1.771759e-02
7.950000e-01 1.828454e-02
8.000000e-01 1.954887e-02
8.050000e-01 2.138483e-02
8.100000e-01 2.349829e-02
8.150000e-01 2.601985e-02
8.200000e-01 2.912288e-02
8.250000e-01 3.270106e-02
8.300000e-01 3.655656e-02
8.350000e-01 4.044959e-02
8.400000e-01 4.422963e-02
8.450000e-01 4.783792e-02
8.500000e-01 5.119485e-02
8.550000e-01 5.430355e-02
8.600000e-01 5.709645e-02
8.650000e-01 5.941294e-02
8.700000e-01 6.117096e-02
8.750000e-01 6.222742e-02
8.800000e-01 6.256458e-02
8.850000e-01 6.243240e-02
8.900000e-01 6.186195e-02
8.950000e-01 6.087888e-02
9.000000e-01 5.965687e-02
9.050000e-01 5.808355e-02
9.100000e-01 5.620525e-02
9.150000e-01 5.422111e-02
9.200000e-01 5.222454e-02
9.250000e-01 5.049093e-02
9.300000e-01 4.913244e-02
9.350000e-01 4.804112e-02
9.400000e-01 4.729015e-02
9.450000e-01 4.703812e-02
9.500000e-01 4.736767e-02
9.550000e-01 4.825899e-02
9.600000e-01 4.967332e-02
9.650000e-01 5.155584e-02
9.700000e-01 5.392026e-02
9.750000e-01 5.682345e-02
9.800000e-01 6.007887e-02
9.850000e-01 6.356252e-02
9.900000e-01 6.734164e-02
9.950000e-01 7.126343e-02
1 7.500557e-02
1.005000e+00 7.840465e-02
1.010000e+00 8.155176e-02
1.015000e+00 8.459836e-02
1.020000e+00 8.740649e-02
1.025000e+00 8.967894e-02
1.030000e+00 9.140954e-02
1.035000e+00 9.266330e-02
1.040000e+00 9.331712e-02
1.045000e+00 9.343033e-02
1.050000e+00 9.311134e-02
1.055000e+00 9.227717e-02
1.060000e+00 9.100713e-02
1.065000e+00 8.955681e-02
1.070000e+00 8.820099e-02
1.075000e+00 8.688585e-02
1.080000e+00 8.532130e-02
1.085000e+00 8.362486e-02
1.090000e+00 8.209156e-02
1.095000e+00 8.094581e-02
1.100000e+00 8.042560e-02
1.105000e+00 8.054972e-02
1.110000e+00 8.109159e-02
1.115000e+00 8.201210e-02
1.120000e+00 8.348682e-02
1.125000e+00 8.551286e-02
1.130000e+00 8.803238e-02
1.135000e+00 9.102886e-02
1.140000e+00 9.441125e-02
1.145000e+00 9.789178e-02
1.150000e+00 1.012367e-01
1.155000e+00 1.046722e-01
1.160000e+00 1.083216e-01
1.165000e+00 1.119680e-01
1.170000e+00 1.153570e-01
1.175000e+00 1.183013e-01
1.180000e+00 1.206847e-01
1.185000e+00 1.224901e-01
1.190000e+00 1.239222e-01
1.195000e+00 1.249590e-01
1.200000e+00 1.255036e-01
1.205000e+00 1.256787e-01
1.210000e+00 1.254405e-01
1.215000e+00 1.247224e-01
1.220000e+00 1.236990e-01
1.225000e+00 1.226083e-01
1.230000e+00 1.214732e-01
1.235000e+00 1.202311e-01
1.240000e+00 1.189609e-01
1.245000e+00 1.178537e-01
1.250000e+00 1.170013e-01
1.255000e+00 1.164057e-01
1.260000e+00 1.162320e-01
1.265000e+00 1.165501e-01
1.270000e+00 1.173002e-01
1.275000e+00 1.186622e-01
1.280000e+00 1.206111e-01
1.285000e+00 1.229394e-01
1.290000e+00 1.256561e-01
1.295000e+00 1.285967e-01
1.300000e+00 1.316954e-01
1.305000e+00 1.349053e-01
1.310000e+00 1.381073e-01
1.315000e+00 1.413679e-01
1.320000e+00 1.445110e-01
1.325000e+00 1.474622e-01
1.330000e+00 1.501623e-01
1.335000e+00 1.524234e-01
1.340000e+00 1.543753e-01
1.345000e+00 1.559621e-01
1.350000e+00 1.570066e-01
1.355000e+00 1.575696e-01
1.360000e+00 1.576101e-01
1.365000e+00 1.572154e-01
1.370000e+00 1.565923e-01
1.375000e+00 1.556698e-01
1.380000e+00 1.544548e-01
1.385000e+00 1.531623e-01
1.390000e+00 1.519822e-01
1.395000e+00 1.509855e-01
1.400000e+00 1.501371e-01
1.405000e+00 1.495448e-01
1.410000e+00 1.492210e-01
1.415000e+00 1.490742e-01
1.420000e+00 1.492412e-01
1.425000e+00 1.497096e-01
1.430000e+00 1.505477e-01
1.435000e+00 1.520393e-01
1.440000e+00 1.540889e-01
1.445000e+00 1.564840e-01
1.450000e+00 1.591768e-01
1.455000e+00 1.621638e-01
1.460000e+00 1.653256e-01
1.465000e+00 1.684306e-01
1.470000e+00 1.714531e-01
1.475000e+00 1.744030e-01
1.480000e+00 1.771961e-01
1.485000e+00 1.797282e-01
1.490000e+00 1.818121e-01
1.495000e+00 1.833991e-01
1.500000e+00 1.845469e-01
1.505000e+00 1.851870e-01
1.510000e+00 1.852716e-01
1.515000e+00 1.849557e-01
1.520000e+00 1.843936e-01
1.525000e+00 1.834917e-01
1.530000e+00 1.821854e-01
1.535000e+00 1.807273e-01
1.540000e+00 1.793320e-01
1.545000e+00 1.778636e-01
1.550000e+00 1.763129e-01
1.555000e+00 1.749065e-01
1.560000e+00 1.737491e-01
1.565000e+00 1.728897e-01
1.570000e+00 1.723081e-01
1.575000e+00 1.720702e-01
1.580000e+00 1.723469e-01
1.585000e+00 1.731265e-01
1.590000e+00 1.744134e-01
1.595000e+00 1.761982e-01
1.600000e+00 1.784068e-01
1.605000e+00 1.810997e-01
1.610000e+00 1.840882e-01
1.615000e+00 1.871161e-01
1.620000e+00 1.902047e-01
1.625000e+00 1.932658e-01
1.630000e+00 1.961691e-01
1.635000e+00 1.988145e-01
1.640000e+00 2.011033e-01
1.645000e+00 2.029694e-01
1.650000e+00 2.044673e-01
1.655000e+00 2.056864e-01
1.660000e+00 2.064180e-01
1.665000e+00 2.066428e-01
1.670000e+00 2.065599e-01
1.675000e+00 2.060714e-01
1.680000e+00 2.051836e-01
1.685000e+00 2.040407e-01
1.690000e+00 2.025458e-01
1.695000e+00 2.006406e-01
1.700000e+00 1.986032e-01
1.705000e+00 1.966235e-01
1.710000e+00 1.947939e-01
1.715000e+00 1.932667e-01
1.720000e+00 1.919352e-01
1.725000e+00 1.908774e-01
1.730000e+00 1.902146e-01
1.735000e+00 1.899181e-01
1.740000e+00 1.900527e-01
1.745000e+00 1.905711e-01
1.750000e+00 1.915269e-01
1.755000e+00 1.929580e-01
1.760000e+00 1.946323e-01
1.765000e+00 1.966376e-01
1.770000e+00 1.991638e-01
1.775000e+00 2.019709e-01
1.780000e+00 2.048504e-01
1.785000e+00 2.076701e-01
1.790000e+00 2.103882e-01
1.795000e+00 2.130103e-01
1.800000e+00 2.153008e-01
1.805000e+00 2.170123e-01
1.810000e+00 2.181163e-01
1.815000e+00 2.187267e-01
1.820000e+00 2.189734e-01
1.825000e+00 2.188036e-01
1.830000e+00 2.182666e-01
1.835000e+00 2.176552e-01
1.840000e+00 2.168005e-01
1.845000e+00 2.154703e-01
1.850000e+00 2.138242e-01
1.855000e+00 2.119820e-01
1.860000e+00 2.100806e-01
1.865000e+00 2.081040e-01
1.870000e+00 2.060864e-01
1.875000e+00 2.042936e-01
1.880000e+00 2.027493e-01
1.885000e+00 2.014629e-01
1.890000e+00 2.005116e-01
1.895000e+00 1.999773e-01
1.900000e+00 2.000320e-01
1.905000e+00 2.006103e-01
1.910000e+00 2.016351e-01
1.915000e+00 2.030844e-01
1.920000e+00 2.048226e-01
1.925000e+00 2.068464e-01
1.930000e+00 2.089919e-01
1.935000e+00 2.110840e-01
1.940000e+00 2.132300e-01
1.945000e+00 2.153742e-01
1.950000e+00 2.173990e-01
1.955000e+00 2.192879e-01
1.960000e+00 2.209214e-01
1.965000e+00 2.222614e-01
1.970000e+00 2.234223e-01
1.975000e+00 2.243076e-01
1.980000e+00 2.247949e-01
1.985000e+00 2.249626e-01
1.990000e+00 2.246439e-01
1.995000e+00 2.236850e-01
2 2.221364e-01
2.005000e+00 2.201282e-01
2.010000e+00 2.178462e-01
2.015000e+00 2.152784e-01
2.020000e+00 2.126005e-01
2.025000e+00 2.100666e-01
2.030000e+00 2.077737e-01
2.035000e+00 2.059186e-01
2.040000e+00 2.045142e-01
2.045000e+00 2.035325e-01
2.050000e+00 2.029893e-01
2.055000e+00 2.028010e-01
2.060000e+00 2.030999e-01
2.065000e+00 2.040335e-01
2.070000e+00 2.054248e-01
2.075000e+00 2.070590e-01
2.080000e+00 2.088691e-01
2.085000e+00 2.107483e-01
2.090000e+00 2.125231e-01
2.095000e+00 2.141841e-01
2.100000e+00 2.159928e-01
2.105000e+00 2.180816e-01
2.110000e+00 2.202356e-01
2.115000e+00 2.222028e-01
2.120000e+00 2.238396e-01
2.125000e+00 2.251183e-01
2.130000e+00 2.259921e-01
2.135000e+00 2.264236e-01
2.140000e+00 2.264639e-01
2.145000e+00 2.259806e-01
2.150000e+00 2.249247e-01
2.155000e+00 2.232970e-01
2.160000e+00 2.210296e-01
2.165000e+00 2.182629e-01
2.170000e+00 2.151565e-01
2.175000e+00 2.119400e-01
2.180000e+00 2.088835e-01
2.185000e+00 2.060599e-01
2.190000e+00 2.035481e-01
2.195000e+00 2.014617e-01
2.200000e+00 1.998540e-01
2.205000e+00 1.986978e-01
2.210000e+00 1.979878e-01
2.215000e+00 1.977131e-01
2.220000e+00 1.979127e-01
2.225000e+00 1.988540e-01
2.230000e+00 2.004658e-01
2.235000e+00 2.024960e-01
2.240000e+00 2.048677e-01
2.245000e+00 2.074567e-01
2.250000e+00 2.101287e-01
2.255000e+00 2.128701e-01
2.260000e+00 2.156124e-01
2.265000e+00 2.183039e-01
2.270000e+00 2.208212e-01
2.275000e+00 2.229796e-01
2.280000e+00 2.247287e-01
2.285000e+00 2.258727e-01
2.290000e+00 2.263055e-01
2.295000e+00 2.259185e-01
2.300000e+00 2.246886e-01
2.305000e+00 2.228242e-01
2.310000e+00 2.204896e-01
2.315000e+00 2.177321e-01
2.320000e+00 2.145758e-01
2.325000e+00 2.111273e-01
2.330000e+00 2.074913e-01
2.335000e+00 2.038515e-01
2.340000e+00 2.004575e-01
2.345000e+00 1.974816e-01
2.350000e+00 1.950223e-01
2.355000e+00 1.931762e-01
2.360000e+00 1.919959e-01
2.365000e+00 1.915302e-01
2.370000e+00 1.917979e-01
2.375000e+00 1.925708e-01
2.380000e+00 1.938518e-01
2.385000e+00 1.956300e-01
2.390000e+00 1.976137e-01
2.395000e+00 1.999197e-01
2.400000e+00 2.025164e-01
2.405000e+00 2.050977e-01
2.410000e+00 2.074444e-01
2.415000e+00 2.095363e-01
2.420000e+00 2.115030e-01
2.425000e+00 2.131552e-01
2.430000e+00 2.142425e-01
2.435000e+00 2.148508e-01
2.440000e+00 2.151315e-01
2.445000e+00 2.149751e-01
2.450000e+00 2.143464e-01
2.455000e+00 2.133226e-01
2.460000e+00 2.118782e-01
2.465000e+00 2.100820e-01
2.470000e+00 2.080024e-01
2.475000e+00 2.056179e-01
2.480000e+00 2.030438e-01
2.485000e+00 2.004013e-01
2.490000e+00 1.976997e-01
2.495000e+00 1.949915e-01
2.500000e+00 1.922207e-01
2.505000e+00 1.895187e-01
2.510000e+00 1.872908e-01
2.515000e+00 1.856276e-01
2.520000e+00 1.845070e-01
2.525000e+00 1.839245e-01
2.530000e+00 1.838927e-01
2.535000e+00 1.845118e-01
2.540000e+00 1.857657e-01
2.545000e+00 1.875310e-01
2.550000e+00 1.896639e-01
2.555000e+00 1.921189e-01
2.560000e+00 1.948380e-01
2.565000e+00 1.976952e-01
2.570000e+00 2.005644e-01
2.575000e+00 2.031789e-01
2.580000e+00 2.053191e-01
2.585000e+00 2.068723e-01
2.590000e+00 2.077156e-01
2.595000e+00 2.078931e-01
2.600000e+00 2.074336e-01
2.605000e+00 2.063264e-01
2.610000e+00 2.046638e-01
2.615000e+00 2.025669e-01
2.620000e+00 2.001250e-01
2.625000e+00 1.973415e-01
2.630000e+00 1.941617e-01
2.635000e+00 1.908417e-01
2.640000e+00 1.876368e-01
2.645000e+00 1.846363e-01
2.650000e+00 1.820883e-01
2.655000e+00 1.799133e-01
2.660000e+00 1.778694e-01
2.665000e+00 1.761136e-01
2.670000e+00 1.747596e-01
2.675000e+00 1.737346e-01
2.680000e+00 1.732024e-01
2.685000e+00 1.732411e-01
2.690000e+00 1.737255e-01
2.695000e+00 1.744467e-01
2.700000e+00 1.753724e-01
2.705000e+00 1.767041e-01
2.710000e+00 1.783554e-01
2.715000e+00 1.800478e-01
2.720000e+00 1.817650e-01
2.725000e+00 1.834519e-01
2.730000e+00 1.849802e-01
2.735000e+00 1.865309e-01
2.740000e+00 1.881054e-01
2.745000e+00 1.894109e-01
2.750000e+00 1.903989e-01
2.755000e+00 1.910449e-01
2.760000e+00 1.912237e-01
2.765000e+00 1.909148e-01
2.770000e+00 1.899816e-01
2.775000e+00 1.884639e-01
2.780000e+00 1.865142e-01
2.785000e+00 1.842335e-01
2.790000e+00 1.817198e-01
2.795000e+00 1.789309e-01
2.800000e+00 1.759486e-01
2.805000e+00 1.729680e-01
2.810000e+00 1.701131e-01
2.815000e+00 1.673129e-01
2.820000e+00 1.644879e-01
2.825000e+00 1.618494e-01
2.830000e+00 1.596045e-01
2.835000e+00 1.577138e-01
2.840000e+00 1.561432e-01
2.845000e+00 1.551631e-01
2.850000e+00 1.549161e-01
2.855000e+00 1.552082e-01
2.860000e+00 1.560053e-01
2.865000e+00 1.572232e-01
2.870000e+00 1.587829e-01
2.875000e+00 1.607509e-01
2.880000e+00 1.629218e-01
2.885000e+00 1.650942e-01
2.890000e+00 1.672739e-01
2.895000e+00 1.693641e-01
2.900000e+00 1.711568e-01
2.905000e+00 1.725732e-01
2.910000e+00 1.736206e-01
2.915000e+00 1.742023e-01
2.920000e+00 1.742167e-01
2.925000e+00 1.735759e-01
2.930000e+00 1.722320e-01
2.935000e+00 1.702403e-01
2.940000e+00 1.676622e-01
2.945000e+00 1.645603e-01
2.950000e+00 1.611440e-01
2.955000e+00 1.575913e-01
2.960000e+00 1.539206e-01
2.965000e+00 1.502229e-01
2.970000e+00 1.466252e-01
2.975000e+00 1.431580e-01
2.980000e+00 1.399712e-01
2.985000e+00 1.373434e-01
2.990000e+00 1.352806e-01
2.995000e+00 1.336201e-01
3 1.324123e-01
