T X
0 0
5.000000e-03 4.252962e-08
1.000000e-02 9.679441e-08
1.500000e-02 -1.600139e-07
2.000000e-02 -1.013740e-06
2.500000e-02 -1.664254e-06
3.000000e-02 -5.331807e-07
3.500000e-02 3.235656e-06
4.000000e-02 8.521058e-06
4.500000e-02 1.096481e-05
5.000000e-02 9.770354e-06
5.500000e-02 1.170726e-05
6.000000e-02 1.870706e-05
6.500000e-02 1.512011e-05
7.000000e-02 -3.217019e-05
7.500000e-02 -1.170305e-04
8.000000e-02 -1.246059e-04
8.500000e-02 5.009923e-05
9.000000e-02 2.389555e-04
9.500000e-02 1.057140e-04
1.000000e-01 -3.309008e-04
1.050000e-01 -7.193097e-04
1.100000e-01 -9.408359e-04
1.150000e-01 -1.017327e-03
1.200000e-01 -8.007059e-04
1.250000e-01 -2.776888e-04
1.300000e-01 4.217565e-04
1.350000e-01 1.269177e-03
1.400000e-01 2.153229e-03
1.450000e-01 2.900933e-03
1.500000e-01 3.428952e-03
1.550000e-01 3.671588e-03
1.600000e-01 3.556601e-03
1.650000e-01 3.013326e-03
1.700000e-01 2.056388e-03
1.750000e-01 7.619447e-04
1.800000e-01 -8.325671e-04
1.850000e-01 -2.663706e-03
1.900000e-01 -4.639359e-03
1.950000e-01 -6.633832e-03
2.000000e-01 -8.478539e-03
2.050000e-01 -1.008211e-02
2.100000e-01 -1.136878e-02
2.150000e-01 -1.224405e-02
2.200000e-01 -1.265090e-02
2.250000e-01 -1.249832e-02
2.300000e-01 -1.179068e-02
2.350000e-01 -1.056483e-02
2.400000e-01 -8.764400e-03
2.450000e-01 -6.383196e-03
2.500000e-01 -3.469339e-03
2.550000e-01 -1.525514e-04
2.600000e-01 3.441787e-03
2.650000e-01 7.230468e-03
2.700000e-01 1.103685e-02
2.750000e-01 1.472677e-02
2.800000e-01 1.825002e-02
2.850000e-01 2.149515e-02
2.900000e-01 2.434611e-02
2.950000e-01 2.673186e-02
3.000000e-01 2.860269e-02
3.050000e-01 2.993480e-02
3.100000e-01 3.065922e-02
3.150000e-01 3.072420e-02
3.200000e-01 3.018977e-02
3.250000e-01 2.911841e-02
3.300000e-01 2.759292e-02
3.350000e-01 2.570804e-02
3.400000e-01 2.350916e-02
3.450000e-01 2.109280e-02
3.500000e-01 1.860787e-02
3.550000e-01 1.623260e-02
3.600000e-01 1.412403e-02
3.650000e-01 1.238096e-02
3.700000e-01 1.109048e-02
3.750000e-01 1.032486e-02
3.800000e-01 1.014456e-02
3.850000e-01 1.060256e-02
3.900000e-01 1.174499e-02
3.950000e-01 1.355036e-02
4.000000e-01 1.594813e-02
4.050000e-01 1.888221e-02
4.100000e-01 2.223763e-02
4.150000e-01 2.592293e-02
4.200000e-01 2.984526e-02
4.250000e-01 3.384506e-02
4.300000e-01 3.779975e-02
4.350000e-01 4.158389e-02
4.400000e-01 4.508242e-02
4.450000e-01 4.818400e-02
4.500000e-01 5.075211e-02
4.550000e-01 5.265943e-02
4.600000e-01 5.387490e-02
4.650000e-01 5.443097e-02
4.700000e-01 5.432210e-02
4.750000e-01 5.356060e-02
4.800000e-01 5.217155e-02
4.850000e-01 5.021308e-02
4.900000e-01 4.778514e-02
4.950000e-01 4.502270e-02
5.000000e-01 4.206872e-02
5.050000e-01 3.902951e-02
5.100000e-01 3.602032e-02
5.150000e-01 3.321044e-02
5.200000e-01 3.075111e-02
5.250000e-01 2.872726e-02
5.300000e-01 2.728380e-02
5.350000e-01 2.651252e-02
5.400000e-01 2.640063e-02
5.450000e-01 2.697689e-02
5.500000e-01 2.828472e-02
5.550000e-01 3.032361e-02
5.600000e-01 3.302655e-02
5.650000e-01 3.635352e-02
5.700000e-01 4.020050e-02
5.750000e-01 4.438439e-02
5.800000e-01 4.878257e-02
5.850000e-01 5.323749e-02
5.900000e-01 5.761097e-02
5.950000e-01 6.180189e-02
6.000000e-01 6.564794e-02
6.050000e-01 6.899642e-02
6.100000e-01 7.175917e-02
6.150000e-01 7.388877e-02
6.200000e-01 7.530712e-02
6.250000e-01 7.596085e-02
6.300000e-01 7.586462e-02
6.350000e-01 7.504141e-02
6.400000e-01 7.358516e-02
6.450000e-01 7.158089e-02
6.500000e-01 6.909814e-02
6.550000e-01 6.626050e-02
6.600000e-01 6.319491e-02
6.650000e-01 6.007810e-02
6.700000e-01 5.706965e-02
6.750000e-01 5.428320e-02
6.800000e-01 5.182624e-02
6.850000e-01 4.979256e-02
6.900000e-01 4.832746e-02
6.950000e-01 4.755366e-02
7.000000e-01 4.750148e-02
7.050000e-01 4.817171e-02
7.100000e-01 4.955376e-02
7.150000e-01 5.163325e-02
7.200000e-01 5.436765e-02
7.250000e-01 5.764475e-02
7.300000e-01 6.134008e-02
7.350000e-01 6.540380e-02
7.400000e-01 6.972569e-02
7.450000e-01 7.405934e-02
7.500000e-01 7.820023e-02
7.550000e-01 8.203261e-02
7.600000e-01 8.549359e-02
7.650000e-01 8.846985e-02
7.700000e-01 9.080216e-02
7.750000e-01 9.238794e-02
7.800000e-01 9.316975e-02
7.850000e-01 9.318845e-02
7.900000e-01 9.249297e-02
7.950000e-01 9.113807e-02
8.000000e-01 8.919773e-02
8.050000e-01 8.667720e-02
8.100000e-01 8.371433e-02
8.150000e-01 8.057695e-02
8.200000e-01 7.741771e-02
8.250000e-01 7.430668e-02
8.300000e-01 7.133534e-02
8.350000e-01 6.867223e-02
8.400000e-01 6.652311e-02
8.450000e-01 6.500694e-02
8.500000e-01 6.417799e-02
8.550000e-01 6.401843e-02
8.600000e-01 6.451083e-02
8.650000e-01 6.573222e-02
8.700000e-01 6.772913e-02
8.750000e-01 7.044717e-02
8.800000e-01 7.373655e-02
8.850000e-01 7.744037e-02
8.900000e-01 8.149329e-02
8.950000e-01 8.575447e-02
9.000000e-01 9.000415e-02
9.050000e-01 9.414025e-02
9.100000e-01 9.810769e-02
9.150000e-01 1.017545e-01
9.200000e-01 1.048179e-01
9.250000e-01 1.071558e-01
9.300000e-01 1.087829e-01
9.350000e-01 1.097015e-01
9.400000e-01 1.098794e-01
9.450000e-01 1.092388e-01
9.500000e-01 1.078050e-01
9.550000e-01 1.056776e-01
9.600000e-01 1.029846e-01
9.650000e-01 9.984745e-02
9.700000e-01 9.634856e-02
9.750000e-01 9.263721e-02
9.800000e-01 8.888189e-02
9.850000e-01 8.531077e-02
9.900000e-01 8.212627e-02
9.950000e-01 7.937843e-02
1 7.710110e-02
1.005000e+00 7.540915e-02
1.010000e+00 7.443422e-02
1.015000e+00 7.430962e-02
1.020000e+00 7.507547e-02
1.025000e+00 7.663835e-02
1.030000e+00 7.892031e-02
1.035000e+00 8.181550e-02
1.040000e+00 8.519879e-02
1.045000e+00 8.896959e-02
1.050000e+00 9.302878e-02
1.055000e+00 9.726974e-02
1.060000e+00 1.015313e-01
1.065000e+00 1.056464e-01
1.070000e+00 1.094159e-01
1.075000e+00 1.126546e-01
1.080000e+00 1.152691e-01
1.085000e+00 1.171809e-01
1.090000e+00 1.183483e-01
1.095000e+00 1.187402e-01
1.100000e+00 1.183287e-01
1.105000e+00 1.171617e-01
1.110000e+00 1.152876e-01
1.115000e+00 1.127324e-01
1.120000e+00 1.096112e-01
1.125000e+00 1.060952e-01
1.130000e+00 1.023272e-01
1.135000e+00 9.846141e-02
1.140000e+00 9.462496e-02
1.145000e+00 9.094658e-02
1.150000e+00 8.764508e-02
1.155000e+00 8.490203e-02
1.160000e+00 8.282840e-02
1.165000e+00 8.148233e-02
1.170000e+00 8.083799e-02
1.175000e+00 8.092609e-02
1.180000e+00 8.178877e-02
1.185000e+00 8.339511e-02
1.190000e+00 8.573552e-02
1.195000e+00 8.873542e-02
1.200000e+00 9.226491e-02
1.205000e+00 9.619448e-02
1.210000e+00 1.003662e-01
1.215000e+00 1.045950e-01
1.220000e+00 1.086401e-01
1.225000e+00 1.123134e-01
1.230000e+00 1.154906e-01
1.235000e+00 1.180979e-01
1.240000e+00 1.201242e-01
1.245000e+00 1.215313e-01
1.250000e+00 1.222284e-01
1.255000e+00 1.220955e-01
1.260000e+00 1.210957e-01
1.265000e+00 1.193139e-01
1.270000e+00 1.168227e-01
1.275000e+00 1.136987e-01
1.280000e+00 1.101182e-01
1.285000e+00 1.062761e-01
1.290000e+00 1.023301e-01
1.295000e+00 9.842086e-02
1.300000e+00 9.467252e-02
1.305000e+00 9.118695e-02
1.310000e+00 8.805942e-02
1.315000e+00 8.539164e-02
1.320000e+00 8.336152e-02
1.325000e+00 8.217373e-02
1.330000e+00 8.189036e-02
1.335000e+00 8.245773e-02
1.340000e+00 8.378472e-02
1.345000e+00 8.578606e-02
1.350000e+00 8.840312e-02
1.355000e+00 9.156315e-02
1.360000e+00 9.516239e-02
1.365000e+00 9.907573e-02
1.370000e+00 1.031650e-01
1.375000e+00 1.072984e-01
1.380000e+00 1.112891e-01
1.385000e+00 1.149152e-01
1.390000e+00 1.179701e-01
1.395000e+00 1.202684e-01
1.400000e+00 1.217368e-01
1.405000e+00 1.224004e-01
1.410000e+00 1.223284e-01
1.415000e+00 1.215929e-01
1.420000e+00 1.201816e-01
1.425000e+00 1.180848e-01
1.430000e+00 1.153786e-01
1.435000e+00 1.121340e-01
1.440000e+00 1.084696e-01
1.445000e+00 1.045603e-01
1.450000e+00 1.005075e-01
1.455000e+00 9.644951e-02
1.460000e+00 9.264488e-02
1.465000e+00 8.931946e-02
1.470000e+00 8.660186e-02
1.475000e+00 8.457994e-02
1.480000e+00 8.330008e-02
1.485000e+00 8.275309e-02
1.490000e+00 8.295083e-02
1.495000e+00 8.394236e-02
1.500000e+00 8.568850e-02
1.505000e+00 8.806112e-02
1.510000e+00 9.095796e-02
1.515000e+00 9.428588e-02
1.520000e+00 9.792346e-02
1.525000e+00 1.017463e-01
1.530000e+00 1.056239e-01
1.535000e+00 1.093832e-01
1.540000e+00 1.128607e-01
1.545000e+00 1.159564e-01
1.550000e+00 1.185782e-01
1.555000e+00 1.205698e-01
1.560000e+00 1.217900e-01
1.565000e+00 1.221646e-01
1.570000e+00 1.216279e-01
1.575000e+00 1.202357e-01
1.580000e+00 1.181074e-01
1.585000e+00 1.152912e-01
1.590000e+00 1.119358e-01
1.595000e+00 1.082426e-01
1.600000e+00 1.043625e-01
1.605000e+00 1.004483e-01
1.610000e+00 9.654932e-02
1.615000e+00 9.278749e-02
1.620000e+00 8.941420e-02
1.625000e+00 8.653035e-02
1.630000e+00 8.414768e-02
1.635000e+00 8.236942e-02
1.640000e+00 8.136123e-02
1.645000e+00 8.121547e-02
1.650000e+00 8.193403e-02
1.655000e+00 8.346196e-02
1.660000e+00 8.569052e-02
1.665000e+00 8.854869e-02
1.670000e+00 9.198444e-02
1.675000e+00 9.586114e-02
1.680000e+00 9.997519e-02
1.685000e+00 1.041183e-01
1.690000e+00 1.081253e-01
1.695000e+00 1.118802e-01
1.700000e+00 1.152862e-01
1.705000e+00 1.181840e-01
1.710000e+00 1.204121e-01
1.715000e+00 1.218869e-01
1.720000e+00 1.225623e-01
1.725000e+00 1.224729e-01
1.730000e+00 1.216372e-01
1.735000e+00 1.200027e-01
1.740000e+00 1.175820e-01
1.745000e+00 1.144628e-01
1.750000e+00 1.107881e-01
1.755000e+00 1.067640e-01
1.760000e+00 1.025837e-01
1.765000e+00 9.840950e-02
1.770000e+00 9.439772e-02
1.775000e+00 9.072552e-02
1.780000e+00 8.753405e-02
1.785000e+00 8.489599e-02
1.790000e+00 8.292068e-02
1.795000e+00 8.169842e-02
1.800000e+00 8.121175e-02
1.805000e+00 8.141932e-02
1.810000e+00 8.237008e-02
1.815000e+00 8.414954e-02
1.820000e+00 8.668673e-02
1.825000e+00 8.977222e-02
1.830000e+00 9.325591e-02
1.835000e+00 9.702055e-02
1.840000e+00 1.009743e-01
1.845000e+00 1.050161e-01
1.850000e+00 1.089352e-01
1.855000e+00 1.125587e-01
1.860000e+00 1.157107e-01
1.865000e+00 1.182242e-01
1.870000e+00 1.200436e-01
1.875000e+00 1.210726e-01
1.880000e+00 1.212061e-01
1.885000e+00 1.204743e-01
1.890000e+00 1.189448e-01
1.895000e+00 1.166849e-01
1.900000e+00 1.138537e-01
1.905000e+00 1.105484e-01
1.910000e+00 1.069071e-01
1.915000e+00 1.031341e-01
1.920000e+00 9.931462e-02
1.925000e+00 9.561116e-02
1.930000e+00 9.216387e-02
1.935000e+00 8.905253e-02
1.940000e+00 8.639865e-02
1.945000e+00 8.428017e-02
1.950000e+00 8.278356e-02
1.955000e+00 8.198469e-02
1.960000e+00 8.194452e-02
1.965000e+00 8.264913e-02
1.970000e+00 8.401162e-02
1.975000e+00 8.598072e-02
1.980000e+00 8.849819e-02
1.985000e+00 9.150766e-02
1.990000e+00 9.496322e-02
1.995000e+00 9.869497e-02
2 1.025287e-01
2.005000e+00 1.063737e-01
2.010000e+00 1.100253e-01
2.015000e+00 1.132820e-01
2.020000e+00 1.160171e-01
2.025000e+00 1.181241e-01
2.030000e+00 1.195297e-01
2.035000e+00 1.201534e-01
2.040000e+00 1.198969e-01
2.045000e+00 1.186802e-01
2.050000e+00 1.165363e-01
2.055000e+00 1.136343e-01
2.060000e+00 1.101931e-01
2.065000e+00 1.063981e-01
2.070000e+00 1.023767e-01
2.075000e+00 9.820951e-02
2.080000e+00 9.400227e-02
2.085000e+00 8.995360e-02
2.090000e+00 8.629316e-02
2.095000e+00 8.316914e-02
2.100000e+00 8.064353e-02
2.105000e+00 7.876775e-02
2.110000e+00 7.762270e-02
2.115000e+00 7.722172e-02
2.120000e+00 7.752502e-02
2.125000e+00 7.853965e-02
2.130000e+00 8.026860e-02
2.135000e+00 8.262871e-02
2.140000e+00 8.550813e-02
2.145000e+00 8.885313e-02
2.150000e+00 9.255322e-02
2.155000e+00 9.640991e-02
2.160000e+00 1.002946e-01
2.165000e+00 1.040736e-01
2.170000e+00 1.075233e-01
2.175000e+00 1.105037e-01
2.180000e+00 1.129220e-01
2.185000e+00 1.146669e-01
2.190000e+00 1.156442e-01
2.195000e+00 1.157482e-01
2.200000e+00 1.149358e-01
2.205000e+00 1.132377e-01
2.210000e+00 1.107468e-01
2.215000e+00 1.075506e-01
2.220000e+00 1.037331e-01
2.225000e+00 9.948125e-02
2.230000e+00 9.498211e-02
2.235000e+00 9.043016e-02
2.240000e+00 8.604066e-02
2.245000e+00 8.193621e-02
2.250000e+00 7.820440e-02
2.255000e+00 7.497963e-02
2.260000e+00 7.239881e-02
2.265000e+00 7.056970e-02
2.270000e+00 6.956634e-02
2.275000e+00 6.939225e-02
2.280000e+00 7.005168e-02
2.285000e+00 7.150837e-02
2.290000e+00 7.361611e-02
2.295000e+00 7.627520e-02
2.300000e+00 7.938470e-02
2.305000e+00 8.280598e-02
2.310000e+00 8.644221e-02
2.315000e+00 9.015251e-02
2.320000e+00 9.376941e-02
2.325000e+00 9.716454e-02
2.330000e+00 1.001921e-01
2.335000e+00 1.026701e-01
2.340000e+00 1.044674e-01
2.345000e+00 1.055217e-01
2.350000e+00 1.057946e-01
2.355000e+00 1.052770e-01
2.360000e+00 1.039528e-01
2.365000e+00 1.018186e-01
2.370000e+00 9.890673e-02
2.375000e+00 9.530433e-02
2.380000e+00 9.117835e-02
2.385000e+00 8.665761e-02
2.390000e+00 8.180606e-02
2.395000e+00 7.677793e-02
2.400000e+00 7.187270e-02
2.405000e+00 6.736390e-02
2.410000e+00 6.341962e-02
2.415000e+00 6.016507e-02
2.420000e+00 5.769628e-02
2.425000e+00 5.612851e-02
2.430000e+00 5.553499e-02
2.435000e+00 5.587642e-02
2.440000e+00 5.710803e-02
2.445000e+00 5.920655e-02
2.450000e+00 6.213403e-02
2.455000e+00 6.574033e-02
2.460000e+00 6.977186e-02
2.465000e+00 7.399251e-02
2.470000e+00 7.817920e-02
2.475000e+00 8.209110e-02
2.480000e+00 8.555075e-02
2.485000e+00 8.847465e-02
2.490000e+00 9.071639e-02
2.495000e+00 9.218508e-02
2.500000e+00 9.292376e-02
2.505000e+00 9.289972e-02
2.510000e+00 9.199884e-02
2.515000e+00 9.012355e-02
2.520000e+00 8.738106e-02
2.525000e+00 8.397361e-02
2.530000e+00 8.002081e-02
2.535000e+00 7.570622e-02
2.540000e+00 7.115397e-02
2.545000e+00 6.646518e-02
2.550000e+00 6.185015e-02
2.555000e+00 5.745879e-02
2.560000e+00 5.340182e-02
2.565000e+00 4.975929e-02
2.570000e+00 4.659744e-02
2.575000e+00 4.411643e-02
2.580000e+00 4.244197e-02
2.585000e+00 4.153200e-02
2.590000e+00 4.140628e-02
2.595000e+00 4.204949e-02
2.600000e+00 4.337665e-02
2.605000e+00 4.536587e-02
2.610000e+00 4.789943e-02
2.615000e+00 5.082723e-02
2.620000e+00 5.408866e-02
2.625000e+00 5.756459e-02
2.630000e+00 6.106311e-02
2.635000e+00 6.443186e-02
2.640000e+00 6.755712e-02
2.645000e+00 7.028179e-02
2.650000e+00 7.246465e-02
2.655000e+00 7.399944e-02
2.660000e+00 7.478050e-02
2.665000e+00 7.476050e-02
2.670000e+00 7.400179e-02
2.675000e+00 7.256890e-02
2.680000e+00 7.042016e-02
2.685000e+00 6.751721e-02
2.690000e+00 6.392614e-02
2.695000e+00 5.979557e-02
2.700000e+00 5.529699e-02
2.705000e+00 5.052984e-02
2.710000e+00 4.554966e-02
2.715000e+00 4.056289e-02
2.720000e+00 3.585506e-02
2.725000e+00 3.162467e-02
2.730000e+00 2.802423e-02
2.735000e+00 2.517066e-02
2.740000e+00 2.309612e-02
2.745000e+00 2.180444e-02
2.750000e+00 2.137408e-02
2.755000e+00 2.188183e-02
2.760000e+00 2.332164e-02
2.765000e+00 2.563735e-02
2.770000e+00 2.872939e-02
2.775000e+00 3.244036e-02
2.780000e+00 3.661431e-02
2.785000e+00 4.104877e-02
2.790000e+00 4.548920e-02
2.795000e+00 4.973658e-02
2.800000e+00 5.356328e-02
2.805000e+00 5.670978e-02
2.810000e+00 5.904574e-02
2.815000e+00 6.050627e-02
2.820000e+00 6.099647e-02
2.825000e+00 6.048573e-02
2.830000e+00 5.894091e-02
2.835000e+00 5.635573e-02
2.840000e+00 5.285754e-02
2.845000e+00 4.859246e-02
2.850000e+00 4.370559e-02
2.855000e+00 3.840188e-02
2.860000e+00 3.287767e-02
2.865000e+00 2.731195e-02
2.870000e+00 2.193458e-02
2.875000e+00 1.696312e-02
2.880000e+00 1.254326e-02
2.885000e+00 8.823835e-03
2.890000e+00 5.977520e-03
2.895000e+00 4.161930e-03
2.900000e+00 3.468746e-03
2.905000e+00 3.845538e-03
2.910000e+00 5.178962e-03
2.915000e+00 7.382643e-03
2.920000e+00 1.031257e-02
2.925000e+00 1.379330e-02
2.930000e+00 1.771985e-02
2.935000e+00 2.197644e-02
2.940000e+00 2.639898e-02
2.945000e+00 3.078517e-02
2.950000e+00 3.489217e-02
2.955000e+00 3.847282e-02
2.960000e+00 4.133589e-02
2.965000e+00 4.339136e-02
2.970000e+00 4.454415e-02
2.975000e+00 4.473221e-02
2.980000e+00 4.392273e-02
2.985000e+00 4.212511e-02
2.990000e+00 3.946211e-02
2.995000e+00 3.604226e-02
3 3.201076e-02
