T X
0 0
5.000000e-03 -3.912576e-07
1.000000e-02 -3.384655e-06
1.500000e-02 -1.278019e-05
2.000000e-02 -2.869475e-05
2.500000e-02 -4.596847e-05
3.000000e-02 -6.154160e-05
3.500000e-02 -7.352838e-05
4.000000e-02 -7.124695e-05
4.500000e-02 -3.868666e-05
5.000000e-02 3.045599e-05
5.500000e-02 1.309739e-04
6.000000e-02 2.632287e-04
6.500000e-02 4.329660e-04
7.000000e-02 6.349428e-04
7.500000e-02 8.636999e-04
8.000000e-02 1.117956e-03
8.500000e-02 1.386315e-03
9.000000e-02 1.655804e-03
9.500000e-02 1.921578e-03
1.000000e-01 2.188364e-03
1.050000e-01 2.459787e-03
1.100000e-01 2.733075e-03
1.150000e-01 3.019582e-03
1.200000e-01 3.329401e-03
1.250000e-01 3.664058e-03
1.300000e-01 4.035320e-03
1.350000e-01 4.452076e-03
1.400000e-01 4.921113e-03
1.450000e-01 5.428959e-03
1.500000e-01 5.965779e-03
1.550000e-01 6.618164e-03
1.600000e-01 7.488270e-03
1.650000e-01 8.492167e-03
1.700000e-01 9.393027e-03
1.750000e-01 1.017803e-02
1.800000e-01 1.123063e-02
1.850000e-01 1.282032e-02
1.900000e-01 1.473942e-02
1.950000e-01 1.678193e-02
2.000000e-01 1.904582e-02
2.050000e-01 2.148452e-02
2.100000e-01 2.392976e-02
2.150000e-01 2.658716e-02
2.200000e-01 2.968573e-02
2.250000e-01 3.319682e-02
2.300000e-01 3.727787e-02
2.350000e-01 4.209737e-02
2.400000e-01 4.764429e-02
2.450000e-01 5.407166e-02
2.500000e-01 6.143586e-02
2.550000e-01 6.960635e-02
2.600000e-01 7.871011e-02
2.650000e-01 8.887473e-02
2.700000e-01 1.000579e-01
2.750000e-01 1.123873e-01
2.800000e-01 1.259871e-01
2.850000e-01 1.409500e-01
2.900000e-01 1.575428e-01
2.950000e-01 1.760078e-01
3.000000e-01 1.966385e-01
3.050000e-01 2.198404e-01
3.100000e-01 2.459706e-01
3.150000e-01 2.754881e-01
3.200000e-01 3.089412e-01
3.250000e-01 3.468708e-01
3.300000e-01 3.898789e-01
3.350000e-01 4.385781e-01
3.400000e-01 4.936221e-01
3.450000e-01 5.557914e-01
3.500000e-01 6.259233e-01
3.550000e-01 7.048967e-01
3.600000e-01 7.937177e-01
3.650000e-01 8.935158e-01
3.700000e-01 1.005535e+00
3.750000e-01 1.131172e+00
3.800000e-01 1.271989e+00
3.850000e-01 1.429796e+00
3.900000e-01 1.606630e+00
3.950000e-01 1.804716e+00
4.000000e-01 2.026638e+00
4.050000e-01 2.275333e+00
4.100000e-01 2.554108e+00
4.150000e-01 2.866769e+00
4.200000e-01 3.217591e+00
4.250000e-01 3.611408e+00
4.300000e-01 4.053655e+00
4.350000e-01 4.550417e+00
4.400000e-01 5.108552e+00
4.450000e-01 5.735741e+00
4.500000e-01 6.440711e+00
4.550000e-01 7.233303e+00
4.600000e-01 8.124474e+00
4.650000e-01 9.126447e+00
4.700000e-01 1.025288e+01
4.750000e-01 1.151917e+01
4.800000e-01 1.294263e+01
4.850000e-01 1.454258e+01
4.900000e-01 1.634075e+01
4.950000e-01 1.836162e+01
5.000000e-01 2.063253e+01
5.050000e-01 2.318410e+01
5.100000e-01 2.605083e+01
5.150000e-01 2.927144e+01
5.200000e-01 3.288945e+01
5.250000e-01 3.695375e+01
5.300000e-01 4.151925e+01
5.350000e-01 4.664767e+01
5.400000e-01 5.240839e+01
5.450000e-01 5.887931e+01
5.500000e-01 6.614799e+01
5.550000e-01 7.431284e+01
5.600000e-01 8.348449e+01
5.650000e-01 9.378723e+01
5.700000e-01 1.053607e+02
5.750000e-01 1.183618e+02
5.800000e-01 1.329669e+02
5.850000e-01 1.493741e+02
5.900000e-01 1.678061e+02
5.950000e-01 1.885128e+02
6.000000e-01 2.117752e+02
6.050000e-01 2.379089e+02
6.100000e-01 2.672685e+02
6.150000e-01 3.002522e+02
6.200000e-01 3.373075e+02
6.250000e-01 3.789370e+02
6.300000e-01 4.257052e+02
6.350000e-01 4.782464e+02
6.400000e-01 5.372733e+02
6.450000e-01 6.035860e+02
6.500000e-01 6.780838e+02
6.550000e-01 7.617769e+02
6.600000e-01 8.558002e+02
6.650000e-01 9.614281e+02
6.700000e-01 1.080093e+03
6.750000e-01 1.213403e+03
6.800000e-01 1.363167e+03
6.850000e-01 1.531414e+03
6.900000e-01 1.720426e+03
6.950000e-01 1.932765e+03
7.000000e-01 2.171311e+03
7.050000e-01 2.439297e+03
7.100000e-01 2.740358e+03
7.150000e-01 3.078574e+03
7.200000e-01 3.458533e+03
7.250000e-01 3.885386e+03
7.300000e-01 4.364920e+03
7.350000e-01 4.903639e+03
7.400000e-01 5.508846e+03
7.450000e-01 6.188748e+03
7.500000e-01 6.952565e+03
7.550000e-01 7.810652e+03
7.600000e-01 8.774645e+03
7.650000e-01 9.857617e+03
7.700000e-01 1.107425e+04
7.750000e-01 1.244104e+04
7.800000e-01 1.397653e+04
7.850000e-01 1.570152e+04
7.900000e-01 1.763942e+04
7.950000e-01 1.981650e+04
8.000000e-01 2.226227e+04
8.050000e-01 2.500991e+04
8.100000e-01 2.809667e+04
8.150000e-01 3.156439e+04
8.200000e-01 3.546011e+04
8.250000e-01 3.983664e+04
8.300000e-01 4.475333e+04
8.350000e-01 5.027685e+04
8.400000e-01 5.648208e+04
8.450000e-01 6.345317e+04
8.500000e-01 7.128464e+04
8.550000e-01 8.008267e+04
8.600000e-01 8.996657e+04
8.650000e-01 1.010704e+05
8.700000e-01 1.135446e+05
8.750000e-01 1.275584e+05
8.800000e-01 1.433018e+05
8.850000e-01 1.609883e+05
8.900000e-01 1.808576e+05
8.950000e-01 2.031793e+05
9.000000e-01 2.282559e+05
9.050000e-01 2.564276e+05
9.100000e-01 2.880762e+05
9.150000e-01 3.236309e+05
9.200000e-01 3.635738e+05
9.250000e-01 4.084465e+05
9.300000e-01 4.588575e+05
9.350000e-01 5.154902e+05
9.400000e-01 5.791127e+05
9.450000e-01 6.505875e+05
9.500000e-01 7.308838e+05
9.550000e-01 8.210904e+05
9.600000e-01 9.224304e+05
9.650000e-01 1.036278e+06
9.700000e-01 1.164177e+06
9.750000e-01 1.307861e+06
9.800000e-01 1.469278e+06
9.850000e-01 1.650619e+06
9.900000e-01 1.854340e+06
9.950000e-01 2.083205e+06
1 2.340317e+06
1.005000e+00 2.629162e+06
1.010000e+00 2.953656e+06
1.015000e+00 3.318200e+06
1.020000e+00 3.727736e+06
1.025000e+00 4.187818e+06
1.030000e+00 4.704684e+06
1.035000e+00 5.285342e+06
1.040000e+00 5.937665e+06
1.045000e+00 6.670499e+06
1.050000e+00 7.493781e+06
1.055000e+00 8.418672e+06
1.060000e+00 9.457715e+06
1.065000e+00 1.062500e+07
1.070000e+00 1.193635e+07
1.075000e+00 1.340955e+07
1.080000e+00 1.506457e+07
1.085000e+00 1.692386e+07
1.090000e+00 1.901262e+07
1.095000e+00 2.135918e+07
1.100000e+00 2.399536e+07
1.105000e+00 2.695690e+07
1.110000e+00 3.028395e+07
1.115000e+00 3.402164e+07
1.120000e+00 3.822063e+07
1.125000e+00 4.293787e+07
1.130000e+00 4.823731e+07
1.135000e+00 5.419082e+07
1.140000e+00 6.087912e+07
1.145000e+00 6.839290e+07
1.150000e+00 7.683403e+07
1.155000e+00 8.631698e+07
1.160000e+00 9.697033e+07
1.165000e+00 1.089385e+08
1.170000e+00 1.223839e+08
1.175000e+00 1.374886e+08
1.180000e+00 1.544577e+08
1.185000e+00 1.735210e+08
1.190000e+00 1.949372e+08
1.195000e+00 2.189966e+08
1.200000e+00 2.460254e+08
1.205000e+00 2.763902e+08
1.210000e+00 3.105026e+08
1.215000e+00 3.488252e+08
1.220000e+00 3.918776e+08
1.225000e+00 4.402437e+08
1.230000e+00 4.945791e+08
1.235000e+00 5.556207e+08
1.240000e+00 6.241961e+08
1.245000e+00 7.012351e+08
1.250000e+00 7.877824e+08
1.255000e+00 8.850115e+08
1.260000e+00 9.942407e+08
1.265000e+00 1.116951e+09
1.270000e+00 1.254807e+09
1.275000e+00 1.409676e+09
1.280000e+00 1.583661e+09
1.285000e+00 1.779118e+09
1.290000e+00 1.998699e+09
1.295000e+00 2.245381e+09
1.300000e+00 2.522508e+09
1.305000e+00 2.833840e+09
1.310000e+00 3.183596e+09
1.315000e+00 3.576519e+09
1.320000e+00 4.017937e+09
1.325000e+00 4.513836e+09
1.330000e+00 5.070939e+09
1.335000e+00 5.696801e+09
1.340000e+00 6.399907e+09
1.345000e+00 7.189792e+09
1.350000e+00 8.077165e+09
1.355000e+00 9.074059e+09
1.360000e+00 1.019399e+10
1.365000e+00 1.145215e+10
1.370000e+00 1.286558e+10
1.375000e+00 1.445347e+10
1.380000e+00 1.623733e+10
1.385000e+00 1.824137e+10
1.390000e+00 2.049274e+10
1.395000e+00 2.302198e+10
1.400000e+00 2.586338e+10
1.405000e+00 2.905547e+10
1.410000e+00 3.264153e+10
1.415000e+00 3.667019e+10
1.420000e+00 4.119607e+10
1.425000e+00 4.628054e+10
1.430000e+00 5.199255e+10
1.435000e+00 5.840953e+10
1.440000e+00 6.561851e+10
1.445000e+00 7.371723e+10
1.450000e+00 8.281550e+10
1.455000e+00 9.303669e+10
1.460000e+00 1.045194e+11
1.465000e+00 1.174193e+11
1.470000e+00 1.319113e+11
1.475000e+00 1.481920e+11
1.480000e+00 1.664820e+11
1.485000e+00 1.870295e+11
1.490000e+00 2.101129e+11
1.495000e+00 2.360453e+11
1.500000e+00 2.651783e+11
1.505000e+00 2.979069e+11
1.510000e+00 3.346750e+11
1.515000e+00 3.759810e+11
1.520000e+00 4.223850e+11
1.525000e+00 4.745163e+11
1.530000e+00 5.330817e+11
1.535000e+00 5.988753e+11
1.540000e+00 6.727892e+11
1.545000e+00 7.558257e+11
1.550000e+00 8.491106e+11
1.555000e+00 9.539089e+11
1.560000e+00 1.071642e+12
1.565000e+00 1.203905e+12
1.570000e+00 1.352492e+12
1.575000e+00 1.519419e+12
1.580000e+00 1.706947e+12
1.585000e+00 1.917621e+12
1.590000e+00 2.154296e+12
1.595000e+00 2.420182e+12
1.600000e+00 2.718884e+12
1.605000e+00 3.054452e+12
1.610000e+00 3.431436e+12
1.615000e+00 3.854948e+12
1.620000e+00 4.330730e+12
1.625000e+00 4.865234e+12
1.630000e+00 5.465708e+12
1.635000e+00 6.140292e+12
1.640000e+00 6.898135e+12
1.645000e+00 7.749511e+12
1.650000e+00 8.705965e+12
1.655000e+00 9.780467e+12
1.660000e+00 1.098758e+13
1.665000e+00 1.234369e+13
1.670000e+00 1.386716e+13
1.675000e+00 1.557866e+13
1.680000e+00 1.750140e+13
1.685000e+00 1.966144e+13
1.690000e+00 2.208808e+13
1.695000e+00 2.481422e+13
1.700000e+00 2.787682e+13
1.705000e+00 3.131741e+13
1.710000e+00 3.518265e+13
1.715000e+00 3.952494e+13
1.720000e+00 4.440315e+13
1.725000e+00 4.988344e+13
1.730000e+00 5.604012e+13
1.735000e+00 6.295666e+13
1.740000e+00 7.072685e+13
1.745000e+00 7.945605e+13
1.750000e+00 8.926261e+13
1.755000e+00 1.002795e+14
1.760000e+00 1.126561e+14
1.765000e+00 1.265603e+14
1.770000e+00 1.421805e+14
1.775000e+00 1.597286e+14
1.780000e+00 1.794425e+14
1.785000e+00 2.015896e+14
1.790000e+00 2.264700e+14
1.795000e+00 2.544212e+14
1.800000e+00 2.858222e+14
1.805000e+00 3.210987e+14
1.810000e+00 3.607291e+14
1.815000e+00 4.052508e+14
1.820000e+00 4.552673e+14
1.825000e+00 5.114570e+14
1.830000e+00 574581625863514
1.835000e+00 645497206405431
1.840000e+00 7.251653e+14
1.845000e+00 8.146661e+14
1.850000e+00 9.152132e+14
1.855000e+00 1.028170e+15
1.860000e+00 1155067947857298
1.865000e+00 1297627873832874
1.870000e+00 1.457783e+15
1.875000e+00 1.637704e+15
1.880000e+00 1839831563572696
1.885000e+00 2066905868556061
1.890000e+00 2.322006e+15
1.895000e+00 2.608591e+15
1.900000e+00 2930546372278441
1.905000e+00 3.292238e+15
1.910000e+00 3698570183997593
1.915000e+00 4155052326519848
1.920000e+00 4667874064076928
1.925000e+00 5243988899870785
1.930000e+00 5891208546956267
1.935000e+00 6618308849377944
1.940000e+00 7435148777330769
1.945000e+00 8352804107558915
1.950000e+00 9383717602791870
1.955000e+00 10541867726592710
1.960000e+00 11842958181933452
1.965000e+00 13304630842449472
1.970000e+00 14946704965175140
1.975000e+00 16791445925577406
1.980000e+00 18863867115430384
1.985000e+00 21192069110181956
1.990000e+00 23807620697518240
1.995000e+00 26745986924443844
2 30047009976057000
2.005000e+00 33755449406515676
2.010000e+00 37921589050189208
2.015000e+00 42601918840581136
2.020000e+00 47859900765929064
2.025000e+00 53766829375315984
2.030000e+00 60402798484327120
2.035000e+00 67857787171965680
2.040000e+00 76232879844271680
2.045000e+00 85641636886239872
2.050000e+00 96211634459116752
2.055000e+00 108086194320712704
2.060000e+00 121426327164934640
2.065000e+00 136412915826812768
2.070000e+00 153249167928661344
2.075000e+00 172163371253831808
2.080000e+00 193411989157342976
2.085000e+00 217283137979537856
2.090000e+00 244100493724757824
2.095000e+00 274227680928625440
2.100000e+00 308073203154366720
2.105000e+00 346095981948061056
2.110000e+00 388811579465362048
2.115000e+00 436799189257732416
2.120000e+00 490709489712577792
2.125000e+00 551273466665064448
2.130000e+00 619312325127844736
2.135000e+00 695748624326944256
2.140000e+00 781618786902222720
2.145000e+00 878087151979236352
2.150000e+00 986461762912593024
2.155000e+00 1108212103413374976
2.160000e+00 1244989022547161344
2.165000e+00 1398647119475137792
2.170000e+00 1571269890348231680
2.175000e+00 1765197978904005120
2.180000e+00 1983060914077259008
2.185000e+00 2227812764293596160
2.190000e+00 2502772192800082432
2.195000e+00 2811667456549596160
2.200000e+00 3158686958671567360
2.205000e+00 3548536040408834048
2.210000e+00 3986500781738370560
2.215000e+00 4478519677204964864
2.220000e+00 5031264158286003200
2.225000e+00 5652229052541201408
2.230000e+00 6349834208131596288
2.235000e+00 7133538661684707328
2.240000e+00 8013968895863493632
2.245000e+00 9003062927177701376
2.250000e+00 1.011423e+19
2.255000e+00 1.136254e+19
2.260000e+00 1.276492e+19
2.265000e+00 1.434039e+19
2.270000e+00 1.611029e+19
2.275000e+00 1.809865e+19
2.280000e+00 2.033240e+19
2.285000e+00 2.284185e+19
2.290000e+00 2.566102e+19
2.295000e+00 2.882814e+19
2.300000e+00 3.238614e+19
2.305000e+00 3.638328e+19
2.310000e+00 4.087375e+19
2.315000e+00 4.591844e+19
2.320000e+00 5.158575e+19
2.325000e+00 5.795253e+19
2.330000e+00 6.510511e+19
2.335000e+00 7.314046e+19
2.340000e+00 8.216755e+19
2.345000e+00 9.230877e+19
2.350000e+00 1.037016e+20
2.355000e+00 1.165006e+20
2.360000e+00 1.308793e+20
2.365000e+00 1.470325e+20
2.370000e+00 1.651795e+20
2.375000e+00 1.855661e+20
2.380000e+00 2.084690e+20
2.385000e+00 2.341984e+20
2.390000e+00 2.631035e+20
2.395000e+00 2.955761e+20
2.400000e+00 3.320564e+20
2.405000e+00 3.730393e+20
2.410000e+00 4.190802e+20
2.415000e+00 4.708036e+20
2.420000e+00 5.289108e+20
2.425000e+00 5.941896e+20
2.430000e+00 6.675253e+20
2.435000e+00 7.499121e+20
2.440000e+00 8.424672e+20
2.445000e+00 9.464455e+20
2.450000e+00 1.063257e+21
2.455000e+00 1.194485e+21
2.460000e+00 1.341910e+21
2.465000e+00 1.507531e+21
2.470000e+00 1.693592e+21
2.475000e+00 1.902617e+21
2.480000e+00 2.137441e+21
2.485000e+00 2.401246e+21
2.490000e+00 2.697611e+21
2.495000e+00 3.030553e+21
2.500000e+00 3.404588e+21
2.505000e+00 3.824787e+21
2.510000e+00 4.296847e+21
2.515000e+00 4.827169e+21
2.520000e+00 5.422944e+21
2.525000e+00 6.092250e+21
2.530000e+00 6.844163e+21
2.535000e+00 7.688879e+21
2.540000e+00 8.637850e+21
2.545000e+00 9.703944e+21
2.550000e+00 1.090162e+22
2.555000e+00 1.224711e+22
2.560000e+00 1.375866e+22
2.565000e+00 1.545677e+22
2.570000e+00 1.736447e+22
2.575000e+00 1.950761e+22
2.580000e+00 2.191526e+22
2.585000e+00 2.462007e+22
2.590000e+00 2.765871e+22
2.595000e+00 3.107239e+22
2.600000e+00 3.490738e+22
2.605000e+00 3.921569e+22
2.610000e+00 4.405574e+22
2.615000e+00 4.949315e+22
2.620000e+00 5.560166e+22
2.625000e+00 6.246409e+22
2.630000e+00 7.017348e+22
2.635000e+00 7.883438e+22
2.640000e+00 8.856422e+22
2.645000e+00 9.949493e+22
2.650000e+00 1.117747e+23
2.655000e+00 1.255701e+23
2.660000e+00 1.410681e+23
2.665000e+00 1.584789e+23
2.670000e+00 1.780386e+23
2.675000e+00 2.000123e+23
2.680000e+00 2.246981e+23
2.685000e+00 2.524306e+23
2.690000e+00 2.835859e+23
2.695000e+00 3.185864e+23
2.700000e+00 3.579068e+23
2.705000e+00 4.020801e+23
2.710000e+00 4.517053e+23
2.715000e+00 5.074553e+23
2.720000e+00 5.700861e+23
2.725000e+00 6.404468e+23
2.730000e+00 7.194916e+23
2.735000e+00 8.082921e+23
2.740000e+00 9.080525e+23
2.745000e+00 1.020125e+24
2.750000e+00 1.146031e+24
2.755000e+00 1.287475e+24
2.760000e+00 1.446377e+24
2.765000e+00 1.624891e+24
2.770000e+00 1.825437e+24
2.775000e+00 2.050734e+24
2.780000e+00 2.303839e+24
2.785000e+00 2.588181e+24
2.790000e+00 2.907618e+24
2.795000e+00 3.266479e+24
2.800000e+00 3.669632e+24
2.805000e+00 4.122543e+24
2.810000e+00 4.631352e+24
2.815000e+00 5.202960e+24
2.820000e+00 5.845116e+24
2.825000e+00 6.566527e+24
2.830000e+00 7.376976e+24
2.835000e+00 8.287451e+24
2.840000e+00 9.310299e+24
2.845000e+00 1.045939e+25
2.850000e+00 1.175030e+25
2.855000e+00 1.320053e+25
2.860000e+00 1.482976e+25
2.865000e+00 1.666007e+25
2.870000e+00 1.871628e+25
2.875000e+00 2.102626e+25
2.880000e+00 2.362135e+25
2.885000e+00 2.653673e+25
2.890000e+00 2.981192e+25
2.895000e+00 3.349135e+25
2.900000e+00 3.762489e+25
2.905000e+00 4.226860e+25
2.910000e+00 4.748544e+25
2.915000e+00 5.334616e+25
2.920000e+00 5.993020e+25
2.925000e+00 6.732687e+25
2.930000e+00 7.563643e+25
2.935000e+00 8.497157e+25
2.940000e+00 9.545887e+25
2.945000e+00 1.072405e+26
2.950000e+00 1.204763e+26
2.955000e+00 1.353456e+26
2.960000e+00 1.520501e+26
2.965000e+00 1.708164e+26
2.970000e+00 1.918987e+26
2.975000e+00 2.155831e+26
2.980000e+00 2.421906e+26
2.985000e+00 2.720821e+26
2.990000e+00 3.056628e+26
2.995000e+00 3.433881e+26
3 3.857695e+26
