T X
0 0
5.000000e-03 3.279041e-08
1.000000e-02 2.179189e-07
1.500000e-02 3.942903e-07
2.000000e-02 -3.089403e-07
2.500000e-02 -2.229025e-06
3.000000e-02 -4.238209e-06
3.500000e-02 -5.172780e-06
4.000000e-02 -4.049643e-06
4.500000e-02 -3.268942e-07
5.000000e-02 5.220466e-06
5.500000e-02 1.305235e-05
6.000000e-02 2.552497e-05
6.500000e-02 3.570850e-05
7.000000e-02 1.551032e-05
7.500000e-02 -4.008661e-05
8.000000e-02 -3.966393e-05
8.500000e-02 1.105320e-04
9.000000e-02 2.770158e-04
9.500000e-02 1.897393e-04
1.000000e-01 -1.486555e-04
1.050000e-01 -4.929076e-04
1.100000e-01 -7.466517e-04
1.150000e-01 -8.596260e-04
1.200000e-01 -6.680095e-04
1.250000e-01 -1.743959e-04
1.300000e-01 5.132486e-04
1.350000e-01 1.373849e-03
1.400000e-01 2.293916e-03
1.450000e-01 3.157661e-03
1.500000e-01 3.895226e-03
1.550000e-01 4.320021e-03
1.600000e-01 4.372799e-03
1.650000e-01 4.112618e-03
1.700000e-01 3.520138e-03
1.750000e-01 2.595066e-03
1.800000e-01 1.341767e-03
1.850000e-01 -1.449810e-04
1.900000e-01 -1.731627e-03
1.950000e-01 -3.336144e-03
2.000000e-01 -4.786394e-03
2.050000e-01 -5.987824e-03
2.100000e-01 -6.897616e-03
2.150000e-01 -7.355820e-03
2.200000e-01 -7.298126e-03
2.250000e-01 -6.719066e-03
2.300000e-01 -5.505334e-03
2.350000e-01 -3.568791e-03
2.400000e-01 -9.263804e-04
2.450000e-01 2.354561e-03
2.500000e-01 6.262824e-03
2.550000e-01 1.081231e-02
2.600000e-01 1.589053e-02
2.650000e-01 2.135356e-02
2.700000e-01 2.714978e-02
2.750000e-01 3.318418e-02
2.800000e-01 3.926374e-02
2.850000e-01 4.531410e-02
2.900000e-01 5.131439e-02
2.950000e-01 5.717378e-02
3.000000e-01 6.285491e-02
3.050000e-01 6.829034e-02
3.100000e-01 7.345617e-02
3.150000e-01 7.847534e-02
3.200000e-01 8.345267e-02
3.250000e-01 8.848907e-02
3.300000e-01 9.372646e-02
3.350000e-01 9.939717e-02
3.400000e-01 1.058096e-01
3.450000e-01 1.131544e-01
3.500000e-01 1.216500e-01
3.550000e-01 1.316150e-01
3.600000e-01 1.433181e-01
3.650000e-01 1.571102e-01
3.700000e-01 1.733796e-01
3.750000e-01 1.924547e-01
3.800000e-01 2.146811e-01
3.850000e-01 2.404049e-01
3.900000e-01 2.699853e-01
3.950000e-01 3.038140e-01
4.000000e-01 3.423278e-01
4.050000e-01 3.859907e-01
4.100000e-01 4.352706e-01
4.150000e-01 4.906466e-01
4.200000e-01 5.526681e-01
4.250000e-01 6.220179e-01
4.300000e-01 6.994605e-01
4.350000e-01 7.858729e-01
4.400000e-01 8.822282e-01
4.450000e-01 9.895787e-01
4.500000e-01 1.109216e+00
4.550000e-01 1.242655e+00
4.600000e-01 1.391569e+00
4.650000e-01 1.557880e+00
4.700000e-01 1.743820e+00
4.750000e-01 1.951944e+00
4.800000e-01 2.185087e+00
4.850000e-01 2.446495e+00
4.900000e-01 2.739851e+00
4.950000e-01 3.069203e+00
5.000000e-01 3.439188e+00
5.050000e-01 3.855020e+00
5.100000e-01 4.322498e+00
5.150000e-01 4.848158e+00
5.200000e-01 5.439320e+00
5.250000e-01 6.104175e+00
5.300000e-01 6.851871e+00
5.350000e-01 7.692633e+00
5.400000e-01 8.637983e+00
5.450000e-01 9.700826e+00
5.500000e-01 1.089551e+01
5.550000e-01 1.223819e+01
5.600000e-01 1.374709e+01
5.650000e-01 1.544251e+01
5.700000e-01 1.734734e+01
5.750000e-01 1.948725e+01
5.800000e-01 2.189106e+01
5.850000e-01 2.459113e+01
5.900000e-01 2.762387e+01
5.950000e-01 3.103019e+01
6.000000e-01 3.485611e+01
6.050000e-01 3.915334e+01
6.100000e-01 4.397997e+01
6.150000e-01 4.940127e+01
6.200000e-01 5.549064e+01
6.250000e-01 6.233057e+01
6.300000e-01 7.001380e+01
6.350000e-01 7.864455e+01
6.400000e-01 8.833987e+01
6.450000e-01 9.923131e+01
6.500000e-01 1.114667e+02
6.550000e-01 1.252121e+02
6.600000e-01 1.406540e+02
6.650000e-01 1.580020e+02
6.700000e-01 1.774915e+02
6.750000e-01 1.993869e+02
6.800000e-01 2.239854e+02
6.850000e-01 2.516206e+02
6.900000e-01 2.826673e+02
6.950000e-01 3.175467e+02
7.000000e-01 3.567319e+02
7.050000e-01 4.007541e+02
7.100000e-01 4.502102e+02
7.150000e-01 5.057709e+02
7.200000e-01 5.681894e+02
7.250000e-01 6.383119e+02
7.300000e-01 7.170890e+02
7.350000e-01 8.055888e+02
7.400000e-01 9.050111e+02
7.450000e-01 1.016704e+03
7.500000e-01 1.142181e+03
7.550000e-01 1.283144e+03
7.600000e-01 1.441504e+03
7.650000e-01 1.619409e+03
7.700000e-01 1.819269e+03
7.750000e-01 2.043796e+03
7.800000e-01 2.296032e+03
7.850000e-01 2.579400e+03
7.900000e-01 2.897740e+03
7.950000e-01 3.255369e+03
8.000000e-01 3.657137e+03
8.050000e-01 4.108491e+03
8.100000e-01 4.615552e+03
8.150000e-01 5.185194e+03
8.200000e-01 5.825143e+03
8.250000e-01 6.544076e+03
8.300000e-01 7.351741e+03
8.350000e-01 8.259089e+03
8.400000e-01 9.278424e+03
8.450000e-01 1.042357e+04
8.500000e-01 1.171005e+04
8.550000e-01 1.315531e+04
8.600000e-01 1.477894e+04
8.650000e-01 1.660297e+04
8.700000e-01 1.865212e+04
8.750000e-01 2.095419e+04
8.800000e-01 2.354037e+04
8.850000e-01 2.644575e+04
8.900000e-01 2.970971e+04
8.950000e-01 3.337651e+04
9.000000e-01 3.749588e+04
9.050000e-01 4.212366e+04
9.100000e-01 4.732260e+04
9.150000e-01 5.316321e+04
9.200000e-01 5.972467e+04
9.250000e-01 6.709595e+04
9.300000e-01 7.537701e+04
9.350000e-01 8.468012e+04
9.400000e-01 9.513143e+04
9.450000e-01 1.068727e+05
9.500000e-01 1.200630e+05
9.550000e-01 1.348813e+05
9.600000e-01 1.515285e+05
9.650000e-01 1.702303e+05
9.700000e-01 1.912404e+05
9.750000e-01 2.148435e+05
9.800000e-01 2.413597e+05
9.850000e-01 2.711486e+05
9.900000e-01 3.046141e+05
9.950000e-01 3.422099e+05
1 3.844459e+05
1.005000e+00 4.318946e+05
1.010000e+00 4.851996e+05
1.015000e+00 5.450835e+05
1.020000e+00 6.123584e+05
1.025000e+00 6.879364e+05
1.030000e+00 7.728424e+05
1.035000e+00 8.682276e+05
1.040000e+00 9.753853e+05
1.045000e+00 1.095769e+06
1.050000e+00 1.231010e+06
1.055000e+00 1.382942e+06
1.060000e+00 1.553627e+06
1.065000e+00 1.745377e+06
1.070000e+00 1.960794e+06
1.075000e+00 2.202798e+06
1.080000e+00 2.474670e+06
1.085000e+00 2.780097e+06
1.090000e+00 3.123220e+06
1.095000e+00 3.508691e+06
1.100000e+00 3.941738e+06
1.105000e+00 4.428232e+06
1.110000e+00 4.974770e+06
1.115000e+00 5.588763e+06
1.120000e+00 6.278535e+06
1.125000e+00 7.053439e+06
1.130000e+00 7.923984e+06
1.135000e+00 8.901972e+06
1.140000e+00 1.000066e+07
1.145000e+00 1.123496e+07
1.150000e+00 1.262159e+07
1.155000e+00 1.417936e+07
1.160000e+00 1.592940e+07
1.165000e+00 1.789542e+07
1.170000e+00 2.010410e+07
1.175000e+00 2.258537e+07
1.180000e+00 2.537289e+07
1.185000e+00 2.850444e+07
1.190000e+00 3.202249e+07
1.195000e+00 3.597475e+07
1.200000e+00 4.041480e+07
1.205000e+00 4.540284e+07
1.210000e+00 5.100652e+07
1.215000e+00 5.730181e+07
1.220000e+00 6.437407e+07
1.225000e+00 7.231920e+07
1.230000e+00 8.124492e+07
1.235000e+00 9.127227e+07
1.240000e+00 1.025372e+08
1.245000e+00 1.151925e+08
1.250000e+00 1.294097e+08
1.255000e+00 1.453816e+08
1.260000e+00 1.633248e+08
1.265000e+00 1.834825e+08
1.270000e+00 2.061281e+08
1.275000e+00 2.315687e+08
1.280000e+00 2.601492e+08
1.285000e+00 2.922572e+08
1.290000e+00 3.283279e+08
1.295000e+00 3.688506e+08
1.300000e+00 4.143746e+08
1.305000e+00 4.655172e+08
1.310000e+00 5.229719e+08
1.315000e+00 5.875178e+08
1.320000e+00 6.600299e+08
1.325000e+00 7.414916e+08
1.330000e+00 8.330075e+08
1.335000e+00 9.358183e+08
1.340000e+00 1.051318e+09
1.345000e+00 1.181073e+09
1.350000e+00 1.326843e+09
1.355000e+00 1.490603e+09
1.360000e+00 1.674575e+09
1.365000e+00 1.881254e+09
1.370000e+00 2.113440e+09
1.375000e+00 2.374284e+09
1.380000e+00 2.667321e+09
1.385000e+00 2.996525e+09
1.390000e+00 3.366359e+09
1.395000e+00 3.781840e+09
1.400000e+00 4.248599e+09
1.405000e+00 4.772966e+09
1.410000e+00 5.362052e+09
1.415000e+00 6.023843e+09
1.420000e+00 6.767313e+09
1.425000e+00 7.602544e+09
1.430000e+00 8.540859e+09
1.435000e+00 9.594982e+09
1.440000e+00 1.077921e+10
1.445000e+00 1.210959e+10
1.450000e+00 1.360417e+10
1.455000e+00 1.528321e+10
1.460000e+00 1.716949e+10
1.465000e+00 1.928857e+10
1.470000e+00 2.166919e+10
1.475000e+00 2.434363e+10
1.480000e+00 2.734815e+10
1.485000e+00 3.072349e+10
1.490000e+00 3.451542e+10
1.495000e+00 3.877536e+10
1.500000e+00 4.356106e+10
1.505000e+00 4.893742e+10
1.510000e+00 5.497734e+10
1.515000e+00 6.176271e+10
1.520000e+00 6.938554e+10
1.525000e+00 7.794919e+10
1.530000e+00 8.756977e+10
1.535000e+00 9.837774e+10
1.540000e+00 1.105196e+11
1.545000e+00 1.241601e+11
1.550000e+00 1.394841e+11
1.555000e+00 1.566994e+11
1.560000e+00 1.760395e+11
1.565000e+00 1.977665e+11
1.570000e+00 2.221750e+11
1.575000e+00 2.495962e+11
1.580000e+00 2.804016e+11
1.585000e+00 3.150092e+11
1.590000e+00 3.538880e+11
1.595000e+00 3.975653e+11
1.600000e+00 4.466333e+11
1.605000e+00 5.017573e+11
1.610000e+00 5.636848e+11
1.615000e+00 6.332555e+11
1.620000e+00 7.114127e+11
1.625000e+00 7.992162e+11
1.630000e+00 8.978564e+11
1.635000e+00 1.008671e+12
1.640000e+00 1.133162e+12
1.645000e+00 1.273019e+12
1.650000e+00 1.430136e+12
1.655000e+00 1.606645e+12
1.660000e+00 1.804940e+12
1.665000e+00 2.027708e+12
1.670000e+00 2.277970e+12
1.675000e+00 2.559120e+12
1.680000e+00 2.874969e+12
1.685000e+00 3.229802e+12
1.690000e+00 3.628428e+12
1.695000e+00 4.076253e+12
1.700000e+00 4.579349e+12
1.705000e+00 5.144538e+12
1.710000e+00 5.779483e+12
1.715000e+00 6.492794e+12
1.720000e+00 7.294143e+12
1.725000e+00 8.194395e+12
1.730000e+00 9.205758e+12
1.735000e+00 1.034194e+13
1.740000e+00 1.161836e+13
1.745000e+00 1.305231e+13
1.750000e+00 1.466324e+13
1.755000e+00 1.647300e+13
1.760000e+00 1.850612e+13
1.765000e+00 2.079017e+13
1.770000e+00 2.335612e+13
1.775000e+00 2.623876e+13
1.780000e+00 2.947718e+13
1.785000e+00 3.311529e+13
1.790000e+00 3.720242e+13
1.795000e+00 4.179398e+13
1.800000e+00 4.695225e+13
1.805000e+00 5.274716e+13
1.810000e+00 5.925728e+13
1.815000e+00 6.657088e+13
1.820000e+00 7.478714e+13
1.825000e+00 8.401747e+13
1.830000e+00 9.438701e+13
1.835000e+00 1.060364e+14
1.840000e+00 1.191235e+14
1.845000e+00 1.338259e+14
1.850000e+00 1.503428e+14
1.855000e+00 1.688983e+14
1.860000e+00 189743981274697
1.865000e+00 2.131624e+14
1.870000e+00 2.394712e+14
1.875000e+00 2.690270e+14
1.880000e+00 3.022307e+14
1.885000e+00 3.395324e+14
1.890000e+00 3.814379e+14
1.895000e+00 4.285154e+14
1.900000e+00 4.814033e+14
1.905000e+00 5.408187e+14
1.910000e+00 6.075672e+14
1.915000e+00 6.825539e+14
1.920000e+00 766795584794928
1.925000e+00 8.614345e+14
1.930000e+00 967753767131005
1.935000e+00 1.087195e+15
1.940000e+00 1221378123308081
1.945000e+00 1372122132910323
1.950000e+00 1541471157347651
1.955000e+00 1.731721e+15
1.960000e+00 1945452676477752
1.965000e+00 2.185563e+15
1.970000e+00 2455307760808610
1.975000e+00 2758344901607642
1.980000e+00 3.098783e+15
1.985000e+00 3481238973746190
1.990000e+00 3.910898e+15
1.995000e+00 4.393586e+15
2 4935847536018166
2.005000e+00 5545035996344085
2.010000e+00 6229411260010215
2.015000e+00 6998252971924755
2.020000e+00 7861986076142707
2.025000e+00 8832322182391271
2.030000e+00 9922418381578710
2.035000e+00 11147055626389376
2.040000e+00 12522839138864364
2.045000e+00 14068423577865326
2.050000e+00 15804765957731536
2.055000e+00 17755409844381904
2.060000e+00 19946804637433108
2.065000e+00 22408664121555776
2.070000e+00 25174369360734240
2.075000e+00 28281421399207772
2.080000e+00 31771949687507668
2.085000e+00 35693283304725500
2.090000e+00 40098592797858600
2.095000e+00 45047611108250136
2.100000e+00 50607443442504624
2.105000e+00 56853477218060752
2.110000e+00 63870404266233128
2.115000e+00 71753369201070144
2.120000e+00 80609259551636288
2.125000e+00 90558155009028640
2.130000e+00 101734955542612336
2.135000e+00 114291210591465536
2.140000e+00 128397174143064432
2.145000e+00 144244113288223808
2.150000e+00 162046901569403552
2.155000e+00 182046932341824800
2.160000e+00 204515391728627616
2.165000e+00 229756936206824768
2.170000e+00 258113823591278720
2.175000e+00 289970553136073472
2.180000e+00 325759079729684032
2.185000e+00 365964671384777984
2.190000e+00 411132487567759168
2.195000e+00 461874971259934784
2.200000e+00 518880155227728640
2.205000e+00 582920990452244480
2.210000e+00 654865825966748800
2.215000e+00 735690183505359872
2.220000e+00 826489983773353728
2.225000e+00 928496407696975104
2.230000e+00 1043092591944833280
2.235000e+00 1171832381565665280
2.240000e+00 1316461398379735552
2.245000e+00 1478940708684185856
2.250000e+00 1661473414302232064
2.255000e+00 1866534530587108352
2.260000e+00 2096904544691310848
2.265000e+00 2355707112532687872
2.270000e+00 2646451414579028992
2.275000e+00 2973079742599359488
2.280000e+00 3340020954582556160
2.285000e+00 3752250513771022336
2.290000e+00 4215357952959651840
2.295000e+00 4735622682758535168
2.300000e+00 5320099135423897600
2.305000e+00 5976712402634894336
2.310000e+00 6714365692291055616
2.315000e+00 7543061070931723264
2.320000e+00 8474035084121014272
2.325000e+00 9.519911e+18
2.330000e+00 1.069487e+19
2.335000e+00 1.201484e+19
2.340000e+00 1.349773e+19
2.345000e+00 1.516364e+19
2.350000e+00 1.703515e+19
2.355000e+00 1.913765e+19
2.360000e+00 2.149965e+19
2.365000e+00 2.415316e+19
2.370000e+00 2.713417e+19
2.375000e+00 3.048311e+19
2.380000e+00 3.424537e+19
2.385000e+00 3.847198e+19
2.390000e+00 4.322023e+19
2.395000e+00 4.855453e+19
2.400000e+00 5.454719e+19
2.405000e+00 6.127947e+19
2.410000e+00 6.884266e+19
2.415000e+00 7.733931e+19
2.420000e+00 8.688462e+19
2.425000e+00 9.760803e+19
2.430000e+00 1.096549e+20
2.435000e+00 1.231887e+20
2.440000e+00 1.383928e+20
2.445000e+00 1.554734e+20
2.450000e+00 1.746621e+20
2.455000e+00 1.962191e+20
2.460000e+00 2.204367e+20
2.465000e+00 2.476433e+20
2.470000e+00 2.782078e+20
2.475000e+00 3.125445e+20
2.480000e+00 3.511192e+20
2.485000e+00 3.944547e+20
2.490000e+00 4.431388e+20
2.495000e+00 4.978316e+20
2.500000e+00 5.592745e+20
2.505000e+00 6.283009e+20
2.510000e+00 7.058466e+20
2.515000e+00 7.929631e+20
2.520000e+00 8.908315e+20
2.525000e+00 1.000779e+21
2.530000e+00 1.124296e+21
2.535000e+00 1.263059e+21
2.540000e+00 1.418947e+21
2.545000e+00 1.594075e+21
2.550000e+00 1.790818e+21
2.555000e+00 2.011843e+21
2.560000e+00 2.260147e+21
2.565000e+00 2.539097e+21
2.570000e+00 2.852475e+21
2.575000e+00 3.204532e+21
2.580000e+00 3.600039e+21
2.585000e+00 4.044360e+21
2.590000e+00 4.543520e+21
2.595000e+00 5.104287e+21
2.600000e+00 5.734264e+21
2.605000e+00 6.441994e+21
2.610000e+00 7.237073e+21
2.615000e+00 8.130282e+21
2.620000e+00 9.133732e+21
2.625000e+00 1.026103e+22
2.630000e+00 1.152746e+22
2.635000e+00 1.295019e+22
2.640000e+00 1.454852e+22
2.645000e+00 1.634412e+22
2.650000e+00 1.836133e+22
2.655000e+00 2.062750e+22
2.660000e+00 2.317338e+22
2.665000e+00 2.603346e+22
2.670000e+00 2.924655e+22
2.675000e+00 3.285619e+22
2.680000e+00 3.691134e+22
2.685000e+00 4.146699e+22
2.690000e+00 4.658489e+22
2.695000e+00 5.233446e+22
2.700000e+00 5.879364e+22
2.705000e+00 6.605003e+22
2.710000e+00 7.420201e+22
2.715000e+00 8.336011e+22
2.720000e+00 9.364852e+22
2.725000e+00 1.052067e+23
2.730000e+00 1.181915e+23
2.735000e+00 1.327788e+23
2.740000e+00 1.491665e+23
2.745000e+00 1.675769e+23
2.750000e+00 1.882594e+23
2.755000e+00 2.114946e+23
2.760000e+00 2.375976e+23
2.765000e+00 2.669221e+23
2.770000e+00 2.998660e+23
2.775000e+00 3.368758e+23
2.780000e+00 3.784535e+23
2.785000e+00 4.251627e+23
2.790000e+00 4.776368e+23
2.795000e+00 5.365873e+23
2.800000e+00 6.028136e+23
2.805000e+00 6.772136e+23
2.810000e+00 7.607962e+23
2.815000e+00 8.546946e+23
2.820000e+00 9.601820e+23
2.825000e+00 1.078689e+24
2.830000e+00 1.211822e+24
2.835000e+00 1.361387e+24
2.840000e+00 1.529411e+24
2.845000e+00 1.718172e+24
2.850000e+00 1.930231e+24
2.855000e+00 2.168463e+24
2.860000e+00 2.436097e+24
2.865000e+00 2.736764e+24
2.870000e+00 3.074538e+24
2.875000e+00 3.454002e+24
2.880000e+00 3.880299e+24
2.885000e+00 4.359210e+24
2.890000e+00 4.897229e+24
2.895000e+00 5.501651e+24
2.900000e+00 6.180672e+24
2.905000e+00 6.943498e+24
2.910000e+00 7.800474e+24
2.915000e+00 8.763218e+24
2.920000e+00 9.844785e+24
2.925000e+00 1.105984e+25
2.930000e+00 1.242486e+25
2.935000e+00 1.395835e+25
2.940000e+00 1.568111e+25
2.945000e+00 1.761649e+25
2.950000e+00 1.979074e+25
2.955000e+00 2.223334e+25
2.960000e+00 2.497740e+25
2.965000e+00 2.806015e+25
2.970000e+00 3.152336e+25
2.975000e+00 3.541402e+25
2.980000e+00 3.978486e+25
2.985000e+00 4.469516e+25
2.990000e+00 5.021149e+25
2.995000e+00 5.640865e+25
3 6.337068e+25
