T X
0 0
5.000000e-03 1.825789e-07
1.000000e-02 8.302149e-07
1.500000e-02 2.011501e-06
2.000000e-02 3.684435e-06
2.500000e-02 5.787800e-06
3.000000e-02 8.224749e-06
3.500000e-02 1.085997e-05
4.000000e-02 1.355120e-05
4.500000e-02 1.618309e-05
5.000000e-02 1.864764e-05
5.500000e-02 2.084531e-05
6.000000e-02 2.266635e-05
6.500000e-02 2.401067e-05
7.000000e-02 2.478529e-05
7.500000e-02 2.491598e-05
8.000000e-02 2.434705e-05
8.500000e-02 2.302239e-05
9.000000e-02 2.087289e-05
9.500000e-02 1.782351e-05
1.000000e-01 1.387457e-05
1.050000e-01 9.159444e-06
1.100000e-01 3.956140e-06
1.150000e-01 -1.394565e-06
1.200000e-01 -6.616966e-06
1.250000e-01 -1.154031e-05
1.300000e-01 -1.602935e-05
1.350000e-01 -1.988157e-05
1.400000e-01 -2.288345e-05
1.450000e-01 -2.490044e-05
1.500000e-01 -2.588878e-05
1.550000e-01 -2.582808e-05
1.600000e-01 -2.467183e-05
1.650000e-01 -2.246702e-05
1.700000e-01 -1.936370e-05
1.750000e-01 -1.550050e-05
1.800000e-01 -1.098664e-05
1.850000e-01 -5.987156e-06
1.900000e-01 -7.332770e-07
1.950000e-01 4.560772e-06
2.000000e-01 9.675816e-06
2.050000e-01 1.437580e-05
2.100000e-01 1.846417e-05
2.150000e-01 2.180672e-05
2.200000e-01 2.427110e-05
2.250000e-01 2.573936e-05
2.300000e-01 2.615772e-05
2.350000e-01 2.549007e-05
2.400000e-01 2.376183e-05
2.450000e-01 2.107975e-05
2.500000e-01 1.757156e-05
2.550000e-01 1.335785e-05
2.600000e-01 8.585122e-06
2.650000e-01 3.444757e-06
2.700000e-01 -1.849129e-06
2.750000e-01 -7.046320e-06
2.800000e-01 -1.192650e-05
2.850000e-01 -1.632079e-05
2.900000e-01 -2.006287e-05
2.950000e-01 -2.300740e-05
3.000000e-01 -2.503429e-05
3.050000e-01 -2.604256e-05
3.100000e-01 -2.597990e-05
3.150000e-01 -2.485920e-05
3.200000e-01 -2.274339e-05
3.250000e-01 -1.974249e-05
3.300000e-01 -1.596788e-05
3.350000e-01 -1.153513e-05
3.400000e-01 -6.623421e-06
3.450000e-01 -1.438159e-06
3.500000e-01 3.801282e-06
3.550000e-01 8.872104e-06
3.600000e-01 1.357828e-05
3.650000e-01 1.774028e-05
3.700000e-01 2.120271e-05
3.750000e-01 2.382579e-05
3.800000e-01 2.549154e-05
3.850000e-01 2.612526e-05
3.900000e-01 2.570705e-05
3.950000e-01 2.425837e-05
4.000000e-01 2.184204e-05
4.050000e-01 1.856480e-05
4.100000e-01 1.455087e-05
4.150000e-01 9.955027e-06
4.200000e-01 4.953575e-06
4.250000e-01 -2.553677e-07
4.300000e-01 -5.457612e-06
4.350000e-01 -1.043975e-05
4.400000e-01 -1.499099e-05
4.450000e-01 -1.893869e-05
4.500000e-01 -2.214140e-05
4.550000e-01 -2.447657e-05
4.600000e-01 -2.584087e-05
4.650000e-01 -2.616447e-05
4.700000e-01 -2.542679e-05
4.750000e-01 -2.366337e-05
4.800000e-01 -2.096443e-05
4.850000e-01 -1.744348e-05
4.900000e-01 -1.324017e-05
4.950000e-01 -8.507016e-06
5.000000e-01 -3.411711e-06
5.050000e-01 1.840581e-06
5.100000e-01 7.012091e-06
5.150000e-01 1.187964e-05
5.200000e-01 1.626654e-05
5.250000e-01 2.000986e-05
5.300000e-01 2.297959e-05
5.350000e-01 2.505557e-05
5.400000e-01 2.612334e-05
5.450000e-01 2.612810e-05
5.500000e-01 2.507525e-05
5.550000e-01 2.302567e-05
5.600000e-01 2.007469e-05
5.650000e-01 1.634226e-05
5.700000e-01 1.195645e-05
5.750000e-01 7.069921e-06
5.800000e-01 1.883713e-06
5.850000e-01 -3.375859e-06
5.900000e-01 -8.478892e-06
5.950000e-01 -1.323225e-05
6.000000e-01 -1.746444e-05
6.050000e-01 -2.101611e-05
6.100000e-01 -2.374808e-05
6.150000e-01 -2.553405e-05
6.200000e-01 -2.629300e-05
6.250000e-01 -2.599122e-05
6.300000e-01 -2.465079e-05
6.350000e-01 -2.233667e-05
6.400000e-01 -1.914273e-05
6.450000e-01 -1.519010e-05
6.500000e-01 -1.062056e-05
6.550000e-01 -5.619071e-06
6.600000e-01 -3.872903e-07
6.650000e-01 4.857778e-06
6.700000e-01 9.900007e-06
6.750000e-01 1.454378e-05
6.800000e-01 1.860626e-05
6.850000e-01 2.193562e-05
6.900000e-01 2.440218e-05
6.950000e-01 2.590200e-05
7.000000e-01 2.636601e-05
7.050000e-01 2.577394e-05
7.100000e-01 2.414418e-05
7.150000e-01 2.155170e-05
7.200000e-01 1.811967e-05
7.250000e-01 1.397139e-05
7.300000e-01 9.263442e-06
7.350000e-01 4.172012e-06
7.400000e-01 -1.103036e-06
7.450000e-01 -6.330318e-06
7.500000e-01 -1.129344e-05
7.550000e-01 -1.579128e-05
7.600000e-01 -1.965485e-05
7.650000e-01 -2.275236e-05
7.700000e-01 -2.496585e-05
7.750000e-01 -2.618862e-05
7.800000e-01 -2.634954e-05
7.850000e-01 -2.544056e-05
7.900000e-01 -2.351732e-05
7.950000e-01 -2.067821e-05
8.000000e-01 -1.703438e-05
8.050000e-01 -1.271342e-05
8.100000e-01 -7.868940e-06
8.150000e-01 -2.688261e-06
8.200000e-01 2.605442e-06
8.250000e-01 7.779436e-06
8.300000e-01 1.262108e-05
8.350000e-01 1.695668e-05
8.400000e-01 2.063095e-05
8.450000e-01 2.350328e-05
8.500000e-01 2.544721e-05
8.550000e-01 2.635995e-05
8.600000e-01 2.620341e-05
8.650000e-01 2.499948e-05
8.700000e-01 2.281551e-05
8.750000e-01 1.973967e-05
8.800000e-01 1.588119e-05
8.850000e-01 1.138304e-05
8.900000e-01 6.417090e-06
8.950000e-01 1.186967e-06
9.000000e-01 -4.085601e-06
9.050000e-01 -9.180581e-06
9.100000e-01 -1.390461e-05
9.150000e-01 -1.808037e-05
9.200000e-01 -2.154342e-05
9.250000e-01 -2.415633e-05
9.300000e-01 -2.580554e-05
9.350000e-01 -2.641687e-05
9.400000e-01 -2.596915e-05
9.450000e-01 -2.448652e-05
9.500000e-01 -2.203055e-05
9.550000e-01 -1.870673e-05
9.600000e-01 -1.464644e-05
9.650000e-01 -9.999972e-06
9.700000e-01 -4.949311e-06
9.750000e-01 3.084314e-07
9.800000e-01 5.557594e-06
9.850000e-01 1.057398e-05
9.900000e-01 1.515705e-05
9.950000e-01 1.913359e-05
1 2.235836e-05
1.005000e+00 2.470825e-05
1.010000e+00 2.607696e-05
1.015000e+00 2.639458e-05
1.020000e+00 2.564602e-05
1.025000e+00 2.386590e-05
1.030000e+00 2.114300e-05
1.035000e+00 1.760082e-05
1.040000e+00 1.336823e-05
1.045000e+00 8.593205e-06
1.050000e+00 3.453704e-06
1.055000e+00 -1.833180e-06
1.060000e+00 -7.032169e-06
1.065000e+00 -1.192989e-05
1.070000e+00 -1.634263e-05
1.075000e+00 -2.011514e-05
1.080000e+00 -2.310720e-05
1.085000e+00 -2.519146e-05
1.090000e+00 -2.626220e-05
1.095000e+00 -2.626293e-05
1.100000e+00 -2.520573e-05
1.105000e+00 -2.315030e-05
1.110000e+00 -2.019487e-05
1.115000e+00 -1.644813e-05
1.120000e+00 -1.203608e-05
1.125000e+00 -7.126328e-06
1.130000e+00 -1.921565e-06
1.135000e+00 3.350523e-06
1.140000e+00 8.469826e-06
1.145000e+00 1.324007e-05
1.150000e+00 1.748951e-05
1.155000e+00 2.105472e-05
1.160000e+00 2.379048e-05
1.165000e+00 2.557796e-05
1.170000e+00 2.633066e-05
1.175000e+00 2.602222e-05
1.180000e+00 2.467735e-05
1.185000e+00 2.236212e-05
1.190000e+00 1.917535e-05
1.195000e+00 1.524598e-05
1.200000e+00 1.072771e-05
1.205000e+00 5.794155e-06
1.210000e+00 6.200382e-07
1.215000e+00 -4.639892e-06
1.220000e+00 -9.847926e-06
1.225000e+00 -1.489469e-05
1.230000e+00 -1.967706e-05
1.235000e+00 -2.407356e-05
1.240000e+00 -2.794653e-05
1.245000e+00 -3.113858e-05
1.250000e+00 -3.349875e-05
1.255000e+00 -3.492136e-05
1.260000e+00 -3.536232e-05
1.265000e+00 -3.483299e-05
1.270000e+00 -3.337217e-05
1.275000e+00 -3.102287e-05
1.280000e+00 -2.783943e-05
1.285000e+00 -2.391331e-05
1.290000e+00 -1.937612e-05
1.295000e+00 -1.437482e-05
1.300000e+00 -9.037156e-06
1.305000e+00 -3.435662e-06
1.310000e+00 2.410315e-06
1.315000e+00 8.482578e-06
1.320000e+00 1.467902e-05
1.325000e+00 2.078488e-05
1.330000e+00 2.654001e-05
1.335000e+00 3.168963e-05
1.340000e+00 3.599373e-05
1.345000e+00 3.925199e-05
1.350000e+00 4.133985e-05
1.355000e+00 4.218565e-05
1.360000e+00 4.173871e-05
1.365000e+00 4.001051e-05
1.370000e+00 3.709702e-05
1.375000e+00 3.312857e-05
1.380000e+00 2.822274e-05
1.385000e+00 2.249673e-05
1.390000e+00 1.609484e-05
1.395000e+00 9.196641e-06
1.400000e+00 1.995022e-06
1.405000e+00 -5.336402e-06
1.410000e+00 -1.260444e-05
1.415000e+00 -1.953385e-05
1.420000e+00 -2.579056e-05
1.425000e+00 -3.104234e-05
1.430000e+00 -3.501162e-05
1.435000e+00 -3.752763e-05
1.440000e+00 -3.851594e-05
1.445000e+00 -3.795456e-05
1.450000e+00 -3.587626e-05
1.455000e+00 -3.236265e-05
1.460000e+00 -2.752882e-05
1.465000e+00 -2.155909e-05
1.470000e+00 -1.471781e-05
1.475000e+00 -7.304239e-06
1.480000e+00 3.931014e-07
1.485000e+00 8.097862e-06
1.490000e+00 1.547859e-05
1.495000e+00 2.217164e-05
1.500000e+00 2.794177e-05
1.505000e+00 3.266596e-05
1.510000e+00 3.612512e-05
1.515000e+00 3.802533e-05
1.520000e+00 3.824047e-05
1.525000e+00 3.687334e-05
1.530000e+00 3.407339e-05
1.535000e+00 2.992301e-05
1.540000e+00 2.456793e-05
1.545000e+00 1.826394e-05
1.550000e+00 1.126593e-05
1.555000e+00 3.872707e-06
1.560000e+00 -3.565853e-06
1.565000e+00 -1.076510e-05
1.570000e+00 -1.748140e-05
1.575000e+00 -2.345607e-05
1.580000e+00 -2.847249e-05
1.585000e+00 -3.236528e-05
1.590000e+00 -3.497370e-05
1.595000e+00 -3.619346e-05
1.600000e+00 -3.603197e-05
1.605000e+00 -3.453326e-05
1.610000e+00 -3.172681e-05
1.615000e+00 -2.770744e-05
1.620000e+00 -2.265711e-05
1.625000e+00 -1.678622e-05
1.630000e+00 -1.030883e-05
1.635000e+00 -3.426911e-06
1.640000e+00 3.622888e-06
1.645000e+00 1.051890e-05
1.650000e+00 1.697404e-05
1.655000e+00 2.282226e-05
1.660000e+00 2.789867e-05
1.665000e+00 3.196189e-05
1.670000e+00 3.479450e-05
1.675000e+00 3.630028e-05
1.680000e+00 3.644249e-05
1.685000e+00 3.518857e-05
1.690000e+00 3.255678e-05
1.695000e+00 2.864181e-05
1.700000e+00 2.358275e-05
1.705000e+00 1.752544e-05
1.710000e+00 1.068607e-05
1.715000e+00 3.370938e-06
1.720000e+00 -4.133127e-06
1.725000e+00 -1.155238e-05
1.730000e+00 -1.858348e-05
1.735000e+00 -2.495262e-05
1.740000e+00 -3.041212e-05
1.745000e+00 -3.470328e-05
1.750000e+00 -3.760962e-05
1.755000e+00 -3.901458e-05
1.760000e+00 -3.886391e-05
1.765000e+00 -3.713364e-05
1.770000e+00 -3.386476e-05
1.775000e+00 -2.917528e-05
1.780000e+00 -2.324324e-05
1.785000e+00 -1.629623e-05
1.790000e+00 -8.609320e-06
1.795000e+00 -4.944022e-07
1.800000e+00 7.695175e-06
1.805000e+00 1.559040e-05
1.810000e+00 2.287883e-05
1.815000e+00 2.928257e-05
1.820000e+00 3.450996e-05
1.825000e+00 3.831512e-05
1.830000e+00 4.054331e-05
1.835000e+00 4.108520e-05
1.840000e+00 3.989448e-05
1.845000e+00 3.704204e-05
1.850000e+00 3.266204e-05
1.855000e+00 2.692041e-05
1.860000e+00 2.003487e-05
1.865000e+00 1.227609e-05
1.870000e+00 3.983121e-06
1.875000e+00 -4.468063e-06
1.880000e+00 -1.271944e-05
1.885000e+00 -2.043064e-05
1.890000e+00 -2.728369e-05
1.895000e+00 -3.300856e-05
1.900000e+00 -3.737048e-05
1.905000e+00 -4.015544e-05
1.910000e+00 -4.122723e-05
1.915000e+00 -4.057438e-05
1.920000e+00 -3.825637e-05
1.925000e+00 -3.437446e-05
1.930000e+00 -2.910198e-05
1.935000e+00 -2.264743e-05
1.940000e+00 -1.525577e-05
1.945000e+00 -7.257733e-06
1.950000e+00 9.931997e-07
1.955000e+00 9.156469e-06
1.960000e+00 1.688451e-05
1.965000e+00 2.387628e-05
1.970000e+00 2.987046e-05
1.975000e+00 3.461013e-05
1.980000e+00 3.789849e-05
1.985000e+00 3.960508e-05
1.990000e+00 3.966358e-05
1.995000e+00 3.810278e-05
2 3.501528e-05
2.005000e+00 3.053499e-05
2.010000e+00 2.484558e-05
2.015000e+00 1.818761e-05
2.020000e+00 1.084237e-05
2.025000e+00 3.111714e-06
2.030000e+00 -4.685507e-06
2.035000e+00 -1.222891e-05
2.040000e+00 -1.920999e-05
2.045000e+00 -2.536352e-05
2.050000e+00 -3.046676e-05
2.055000e+00 -3.431411e-05
2.060000e+00 -3.675865e-05
2.065000e+00 -3.771408e-05
2.070000e+00 -3.713702e-05
2.075000e+00 -3.507152e-05
2.080000e+00 -3.163319e-05
2.085000e+00 -2.697157e-05
2.090000e+00 -2.128449e-05
2.095000e+00 -1.480215e-05
2.100000e+00 -7.770227e-06
2.105000e+00 -4.724143e-07
2.110000e+00 6.782218e-06
2.115000e+00 1.369431e-05
2.120000e+00 1.999582e-05
2.125000e+00 2.546668e-05
2.130000e+00 2.991921e-05
2.135000e+00 3.318196e-05
2.140000e+00 3.511631e-05
2.145000e+00 3.564022e-05
2.150000e+00 3.474772e-05
2.155000e+00 3.249782e-05
2.160000e+00 2.900315e-05
2.165000e+00 2.441973e-05
2.170000e+00 1.891179e-05
2.175000e+00 1.267501e-05
2.180000e+00 5.965660e-06
2.185000e+00 -9.332536e-07
2.190000e+00 -7.734575e-06
2.195000e+00 -1.417252e-05
2.200000e+00 -2.002196e-05
2.205000e+00 -2.507757e-05
2.210000e+00 -2.915092e-05
2.215000e+00 -3.207624e-05
2.220000e+00 -3.372781e-05
2.225000e+00 -3.404482e-05
2.230000e+00 -3.303907e-05
2.235000e+00 -3.077246e-05
2.240000e+00 -2.733104e-05
2.245000e+00 -2.284649e-05
2.250000e+00 -1.748335e-05
2.255000e+00 -1.144350e-05
2.260000e+00 -4.979568e-06
2.265000e+00 1.647978e-06
2.270000e+00 8.176864e-06
2.275000e+00 1.435551e-05
2.280000e+00 1.996566e-05
2.285000e+00 2.479607e-05
2.290000e+00 2.865212e-05
2.295000e+00 3.139093e-05
2.300000e+00 3.290214e-05
2.305000e+00 3.312857e-05
2.310000e+00 3.207413e-05
2.315000e+00 2.978096e-05
2.320000e+00 2.634648e-05
2.325000e+00 2.190515e-05
2.330000e+00 1.661938e-05
2.335000e+00 1.068205e-05
2.340000e+00 4.323189e-06
2.345000e+00 -2.190132e-06
2.350000e+00 -8.597018e-06
2.355000e+00 -1.465646e-05
2.360000e+00 -2.013965e-05
2.365000e+00 -2.484022e-05
2.370000e+00 -2.858368e-05
2.375000e+00 -3.122413e-05
2.380000e+00 -3.264035e-05
2.385000e+00 -3.276256e-05
2.390000e+00 -3.160451e-05
2.395000e+00 -2.924004e-05
2.400000e+00 -2.576269e-05
2.405000e+00 -2.128650e-05
2.410000e+00 -1.596107e-05
2.415000e+00 -9.993921e-06
2.420000e+00 -3.638890e-06
2.425000e+00 2.848695e-06
2.430000e+00 9.207316e-06
2.435000e+00 1.518872e-05
2.440000e+00 2.057977e-05
2.445000e+00 2.517855e-05
2.450000e+00 2.880437e-05
2.455000e+00 3.129033e-05
2.460000e+00 3.251695e-05
2.465000e+00 3.246577e-05
2.470000e+00 3.116995e-05
2.475000e+00 2.867980e-05
2.480000e+00 2.507654e-05
2.485000e+00 2.048885e-05
2.490000e+00 1.510036e-05
2.495000e+00 9.139579e-06
2.500000e+00 2.855587e-06
2.505000e+00 -3.516948e-06
2.510000e+00 -9.765547e-06
2.515000e+00 -1.570599e-05
2.520000e+00 -2.119580e-05
2.525000e+00 -2.611265e-05
2.530000e+00 -3.033344e-05
2.535000e+00 -3.374701e-05
2.540000e+00 -3.626532e-05
2.545000e+00 -3.781160e-05
2.550000e+00 -3.829990e-05
2.555000e+00 -3.766290e-05
2.560000e+00 -3.590116e-05
2.565000e+00 -3.309140e-05
2.570000e+00 -2.938781e-05
2.575000e+00 -2.499402e-05
2.580000e+00 -2.011662e-05
2.585000e+00 -1.493572e-05
2.590000e+00 -9.565655e-06
2.595000e+00 -4.061179e-06
2.600000e+00 1.531358e-06
2.605000e+00 7.152990e-06
2.610000e+00 1.271194e-05
2.615000e+00 1.807935e-05
2.620000e+00 2.312282e-05
2.625000e+00 2.770369e-05
2.630000e+00 3.166622e-05
2.635000e+00 3.483655e-05
2.640000e+00 3.702380e-05
2.645000e+00 3.807373e-05
2.650000e+00 3.793264e-05
2.655000e+00 3.667322e-05
2.660000e+00 3.446352e-05
2.665000e+00 3.146078e-05
2.670000e+00 2.772191e-05
2.675000e+00 2.323660e-05
2.680000e+00 1.801365e-05
2.685000e+00 1.214316e-05
2.690000e+00 5.833625e-06
2.695000e+00 -6.140247e-07
2.700000e+00 -6.892212e-06
2.705000e+00 -1.278584e-05
2.710000e+00 -1.817603e-05
2.715000e+00 -2.294628e-05
2.720000e+00 -2.691895e-05
2.725000e+00 -2.986518e-05
2.730000e+00 -3.159216e-05
2.735000e+00 -3.200724e-05
2.740000e+00 -3.111538e-05
2.745000e+00 -2.899535e-05
2.750000e+00 -2.576104e-05
2.755000e+00 -2.154457e-05
2.760000e+00 -1.647094e-05
2.765000e+00 -1.067485e-05
2.770000e+00 -4.369327e-06
2.775000e+00 2.148901e-06
2.780000e+00 8.548716e-06
2.785000e+00 1.452624e-05
2.790000e+00 1.983608e-05
2.795000e+00 2.430543e-05
2.800000e+00 2.782305e-05
2.805000e+00 3.030230e-05
2.810000e+00 3.166519e-05
2.815000e+00 3.182442e-05
2.820000e+00 3.070235e-05
2.825000e+00 2.830500e-05
2.830000e+00 2.475269e-05
2.835000e+00 2.022613e-05
2.840000e+00 1.491359e-05
2.845000e+00 8.993622e-06
2.850000e+00 2.661772e-06
2.855000e+00 -3.834922e-06
2.860000e+00 -1.021197e-05
2.865000e+00 -1.618134e-05
2.870000e+00 -2.151440e-05
2.875000e+00 -2.603537e-05
2.880000e+00 -2.954301e-05
2.885000e+00 -3.184490e-05
2.890000e+00 -3.283759e-05
2.895000e+00 -3.251302e-05
2.900000e+00 -3.091908e-05
2.905000e+00 -2.811738e-05
2.910000e+00 -2.416942e-05
2.915000e+00 -1.916186e-05
2.920000e+00 -1.329099e-05
2.925000e+00 -6.874007e-06
2.930000e+00 -2.213242e-07
2.935000e+00 6.428533e-06
2.940000e+00 1.285431e-05
2.945000e+00 1.879953e-05
2.950000e+00 2.398013e-05
2.955000e+00 2.813867e-05
2.960000e+00 3.110557e-05
2.965000e+00 3.280326e-05
2.970000e+00 3.318830e-05
2.975000e+00 3.223729e-05
2.980000e+00 2.999779e-05
2.985000e+00 2.657332e-05
2.990000e+00 2.208435e-05
2.995000e+00 1.672016e-05
3 1.074492e-05
