T X
0 0
2.000000e-03 -8.777636e-09
4.000000e-03 -7.695148e-09
6.000000e-03 3.062473e-08
8.000000e-03 4.581819e-08
1.000000e-02 1.982088e-08
1.200000e-02 4.924057e-08
1.400000e-02 9.071366e-08
1.600000e-02 6.786182e-08
1.800000e-02 -6.252812e-08
2.000000e-02 -2.208728e-07
2.200000e-02 -8.709826e-08
2.400000e-02 -2.652368e-07
2.600000e-02 -5.608936e-07
2.800000e-02 6.038699e-07
3.000000e-02 4.761763e-06
3.200000e-02 1.712037e-05
3.400000e-02 5.249309e-05
3.600000e-02 1.478573e-04
3.800000e-02 3.726682e-04
4.000000e-02 8.236719e-04
4.200000e-02 1.588347e-03
4.400000e-02 2.666856e-03
4.600000e-02 3.915551e-03
4.800000e-02 5.104733e-03
5.000000e-02 6.097743e-03
5.200000e-02 6.965829e-03
5.400000e-02 7.859788e-03
5.600000e-02 8.792686e-03
5.800000e-02 9.639325e-03
6.000000e-02 1.034546e-02
6.200000e-02 1.099431e-02
6.400000e-02 1.163469e-02
6.600000e-02 1.219348e-02
6.800000e-02 1.262446e-02
7.000000e-02 1.299294e-02
7.200000e-02 1.330614e-02
7.400000e-02 1.349810e-02
7.600000e-02 1.360782e-02
7.800000e-02 1.367214e-02
8.000000e-02 1.362440e-02
8.200000e-02 1.345995e-02
8.400000e-02 1.322632e-02
8.600000e-02 1.291695e-02
8.800000e-02 1.252212e-02
9.000000e-02 1.204736e-02
9.200000e-02 1.150034e-02
9.400000e-02 1.088745e-02
9.600000e-02 1.019767e-02
9.800000e-02 9.444970e-03
1.000000e-01 8.644286e-03
1.020000e-01 7.769804e-03
1.040000e-01 6.832036e-03
1.060000e-01 5.869418e-03
1.080000e-01 4.876197e-03
1.100000e-01 3.841465e-03
1.120000e-01 2.794465e-03
1.140000e-01 1.754835e-03
1.160000e-01 7.043074e-04
1.180000e-01 -3.440370e-04
1.200000e-01 -1.369505e-03
1.220000e-01 -2.395988e-03
1.240000e-01 -3.422440e-03
1.260000e-01 -4.440914e-03
1.280000e-01 -5.474797e-03
1.300000e-01 -6.506025e-03
1.320000e-01 -7.480971e-03
1.340000e-01 -8.374420e-03
1.360000e-01 -9.182437e-03
1.380000e-01 -9.912931e-03
1.400000e-01 -1.059821e-02
1.420000e-01 -1.125838e-02
1.440000e-01 -1.185738e-02
1.460000e-01 -1.235287e-02
1.480000e-01 -1.275223e-02
1.500000e-01 -1.309341e-02
1.520000e-01 -1.338977e-02
1.540000e-01 -1.359461e-02
1.560000e-01 -1.367491e-02
1.580000e-01 -1.365319e-02
1.600000e-01 -1.355107e-02
1.620000e-01 -1.338096e-02
1.640000e-01 -1.313106e-02
1.660000e-01 -1.276686e-02
1.680000e-01 -1.230878e-02
1.700000e-01 -1.180104e-02
1.720000e-01 -1.121930e-02
1.740000e-01 -1.054339e-02
1.760000e-01 -9.813496e-03
1.780000e-01 -9.035587e-03
1.800000e-01 -8.186185e-03
1.820000e-01 -7.287540e-03
1.840000e-01 -6.363954e-03
1.860000e-01 -5.397770e-03
1.880000e-01 -4.374708e-03
1.900000e-01 -3.316428e-03
1.920000e-01 -2.253337e-03
1.940000e-01 -1.189074e-03
1.960000e-01 -1.132558e-04
1.980000e-01 9.714903e-04
2.000000e-01 2.057670e-03
2.020000e-01 3.136832e-03
2.040000e-01 4.199534e-03
2.060000e-01 5.237175e-03
2.080000e-01 6.234130e-03
2.100000e-01 7.180836e-03
2.120000e-01 8.087484e-03
2.140000e-01 8.951811e-03
2.160000e-01 9.752034e-03
2.180000e-01 1.048260e-02
2.200000e-01 1.114425e-02
2.220000e-01 1.172593e-02
2.240000e-01 1.222645e-02
2.260000e-01 1.266032e-02
2.280000e-01 1.301729e-02
2.300000e-01 1.327807e-02
2.320000e-01 1.346335e-02
2.340000e-01 1.358455e-02
2.360000e-01 1.361207e-02
2.380000e-01 1.354057e-02
2.400000e-01 1.339457e-02
2.420000e-01 1.317095e-02
2.440000e-01 1.284876e-02
2.460000e-01 1.242901e-02
2.480000e-01 1.193987e-02
2.500000e-01 1.139198e-02
2.520000e-01 1.076146e-02
2.540000e-01 1.005372e-02
2.560000e-01 9.288895e-03
2.580000e-01 8.452648e-03
2.600000e-01 7.549197e-03
2.620000e-01 6.608039e-03
2.640000e-01 5.635148e-03
2.660000e-01 4.625707e-03
2.680000e-01 3.583399e-03
2.700000e-01 2.517094e-03
2.720000e-01 1.439761e-03
2.740000e-01 3.630228e-04
2.760000e-01 -7.178717e-04
2.780000e-01 -1.807495e-03
2.800000e-01 -2.875596e-03
2.820000e-01 -3.904863e-03
2.840000e-01 -4.916994e-03
2.860000e-01 -5.917581e-03
2.880000e-01 -6.885241e-03
2.900000e-01 -7.803893e-03
2.920000e-01 -8.678142e-03
2.940000e-01 -9.499779e-03
2.960000e-01 -1.024737e-02
2.980000e-01 -1.092599e-02
3.000000e-01 -1.154372e-02
3.020000e-01 -1.209158e-02
3.040000e-01 -1.256179e-02
3.060000e-01 -1.294740e-02
3.080000e-01 -1.324765e-02
3.100000e-01 -1.347088e-02
3.120000e-01 -1.360741e-02
3.140000e-01 -1.364250e-02
3.160000e-01 -1.358543e-02
3.180000e-01 -1.344787e-02
3.200000e-01 -1.322600e-02
3.220000e-01 -1.291495e-02
3.240000e-01 -1.252632e-02
3.260000e-01 -1.206662e-02
3.280000e-01 -1.152258e-02
3.300000e-01 -1.089499e-02
3.320000e-01 -1.020798e-02
3.340000e-01 -9.471113e-03
3.360000e-01 -8.667813e-03
3.380000e-01 -7.804713e-03
3.400000e-01 -6.903683e-03
3.420000e-01 -5.950847e-03
3.440000e-01 -4.941010e-03
3.460000e-01 -3.902696e-03
3.480000e-01 -2.849842e-03
3.500000e-01 -1.774284e-03
3.520000e-01 -6.761193e-04
3.540000e-01 4.173689e-04
3.560000e-01 1.495218e-03
3.580000e-01 2.577012e-03
3.600000e-01 3.658835e-03
3.620000e-01 4.715715e-03
3.640000e-01 5.722014e-03
3.660000e-01 6.676584e-03
3.680000e-01 7.602178e-03
3.700000e-01 8.485413e-03
3.720000e-01 9.300480e-03
3.740000e-01 1.005887e-02
3.760000e-01 1.076225e-02
3.780000e-01 1.138851e-02
3.800000e-01 1.194097e-02
3.820000e-01 1.242294e-02
3.840000e-01 1.282041e-02
3.860000e-01 1.313497e-02
3.880000e-01 1.337382e-02
3.900000e-01 1.353374e-02
3.920000e-01 1.361045e-02
3.940000e-01 1.360148e-02
3.960000e-01 1.350423e-02
3.980000e-01 1.332174e-02
4.000000e-01 1.304724e-02
4.020000e-01 1.267499e-02
4.040000e-01 1.221902e-02
4.060000e-01 1.169322e-02
4.080000e-01 1.109974e-02
4.100000e-01 1.042960e-02
4.120000e-01 9.680917e-03
4.140000e-01 8.872154e-03
4.160000e-01 8.018360e-03
4.180000e-01 7.113415e-03
4.200000e-01 6.155359e-03
4.220000e-01 5.161250e-03
4.240000e-01 4.149923e-03
4.260000e-01 3.121400e-03
4.280000e-01 2.056349e-03
4.300000e-01 9.640552e-04
4.320000e-01 -1.222742e-04
4.340000e-01 -1.200432e-03
4.360000e-01 -2.277764e-03
4.380000e-01 -3.335196e-03
4.400000e-01 -4.367088e-03
4.420000e-01 -5.384936e-03
4.440000e-01 -6.371825e-03
4.460000e-01 -7.316363e-03
4.480000e-01 -8.223999e-03
4.500000e-01 -9.084160e-03
4.520000e-01 -9.879851e-03
4.540000e-01 -1.060033e-02
4.560000e-01 -1.125038e-02
4.580000e-01 -1.183381e-02
4.600000e-01 -1.233871e-02
4.620000e-01 -1.276015e-02
4.640000e-01 -1.309716e-02
4.660000e-01 -1.335104e-02
4.680000e-01 -1.352334e-02
4.700000e-01 -1.360264e-02
4.720000e-01 -1.359211e-02
4.740000e-01 -1.350533e-02
4.760000e-01 -1.333668e-02
4.780000e-01 -1.308008e-02
4.800000e-01 -1.274277e-02
4.820000e-01 -1.233234e-02
4.840000e-01 -1.184035e-02
4.860000e-01 -1.126337e-02
4.880000e-01 -1.061582e-02
4.900000e-01 -9.900816e-03
4.920000e-01 -9.121690e-03
4.940000e-01 -8.294965e-03
4.960000e-01 -7.417610e-03
4.980000e-01 -6.476108e-03
5.000000e-01 -5.485265e-03
