T X
0 0
2.000000e-03 1.017810e-10
4.000000e-03 7.089991e-11
6.000000e-03 -1.777249e-10
8.000000e-03 -3.786855e-10
1.000000e-02 -6.023759e-10
1.200000e-02 -6.835016e-10
1.400000e-02 -8.260048e-10
1.600000e-02 -6.815636e-10
1.800000e-02 -5.704650e-10
2.000000e-02 -9.698376e-10
2.200000e-02 -2.507180e-09
2.400000e-02 -2.671485e-09
2.600000e-02 -2.707300e-09
2.800000e-02 1.591189e-09
3.000000e-02 5.573980e-09
3.200000e-02 6.253018e-09
3.400000e-02 1.083356e-08
3.600000e-02 1.570317e-08
3.800000e-02 3.074080e-08
4.000000e-02 3.498902e-08
4.200000e-02 1.339977e-08
4.400000e-02 -2.010377e-08
4.600000e-02 -7.797732e-08
4.800000e-02 -1.408853e-07
5.000000e-02 -1.661547e-07
5.200000e-02 -9.429275e-08
5.400000e-02 5.737415e-08
5.600000e-02 2.093882e-07
5.800000e-02 2.989729e-07
6.000000e-02 3.379344e-07
6.200000e-02 7.597812e-07
6.400000e-02 2.386581e-06
6.600000e-02 6.800705e-06
6.800000e-02 1.804010e-05
7.000000e-02 4.625283e-05
7.200000e-02 1.129180e-04
7.400000e-02 2.555916e-04
7.600000e-02 5.294147e-04
7.800000e-02 9.997108e-04
8.000000e-02 1.720229e-03
8.200000e-02 2.697843e-03
8.400000e-02 3.861055e-03
8.600000e-02 5.061726e-03
8.800000e-02 6.136105e-03
9.000000e-02 7.006250e-03
9.200000e-02 7.736055e-03
9.400000e-02 8.466618e-03
9.600000e-02 9.266951e-03
9.800000e-02 1.005847e-02
1.000000e-01 1.072023e-02
1.020000e-01 1.124240e-02
1.040000e-01 1.171686e-02
1.060000e-01 1.219525e-02
1.080000e-01 1.262231e-02
1.100000e-01 1.292233e-02
1.120000e-01 1.310515e-02
1.140000e-01 1.323964e-02
1.160000e-01 1.333071e-02
1.180000e-01 1.330589e-02
1.200000e-01 1.315279e-02
1.220000e-01 1.294329e-02
1.240000e-01 1.268831e-02
1.260000e-01 1.231701e-02
1.280000e-01 1.182783e-02
1.300000e-01 1.129729e-02
1.320000e-01 1.072003e-02
1.340000e-01 1.003567e-02
1.360000e-01 9.284846e-03
1.380000e-01 8.519788e-03
1.400000e-01 7.681745e-03
1.420000e-01 6.762297e-03
1.440000e-01 5.839518e-03
1.460000e-01 4.886229e-03
1.480000e-01 3.866333e-03
1.500000e-01 2.845392e-03
1.520000e-01 1.815472e-03
1.540000e-01 7.542901e-04
1.560000e-01 -2.815657e-04
1.580000e-01 -1.302230e-03
1.600000e-01 -2.306716e-03
1.620000e-01 -3.254875e-03
1.640000e-01 -4.199411e-03
1.660000e-01 -5.154202e-03
1.680000e-01 -6.092271e-03
1.700000e-01 -7.040107e-03
1.720000e-01 -7.944068e-03
1.740000e-01 -8.753152e-03
1.760000e-01 -9.500642e-03
1.780000e-01 -1.015308e-02
1.800000e-01 -1.070897e-02
1.820000e-01 -1.124703e-02
1.840000e-01 -1.176234e-02
1.860000e-01 -1.220671e-02
1.880000e-01 -1.254878e-02
1.900000e-01 -1.279928e-02
1.920000e-01 -1.300314e-02
1.940000e-01 -1.314010e-02
1.960000e-01 -1.317291e-02
1.980000e-01 -1.308842e-02
2.000000e-01 -1.290171e-02
2.020000e-01 -1.266159e-02
2.040000e-01 -1.236571e-02
2.060000e-01 -1.198726e-02
2.080000e-01 -1.150725e-02
2.100000e-01 -1.092292e-02
2.120000e-01 -1.029631e-02
2.140000e-01 -9.653790e-03
2.160000e-01 -8.948989e-03
2.180000e-01 -8.158639e-03
2.200000e-01 -7.304075e-03
2.220000e-01 -6.419256e-03
2.240000e-01 -5.502162e-03
2.260000e-01 -4.540850e-03
2.280000e-01 -3.541052e-03
2.300000e-01 -2.512577e-03
2.320000e-01 -1.479301e-03
2.340000e-01 -4.406722e-04
2.360000e-01 6.143958e-04
2.380000e-01 1.670997e-03
2.400000e-01 2.713888e-03
2.420000e-01 3.718486e-03
2.440000e-01 4.692780e-03
2.460000e-01 5.660570e-03
2.480000e-01 6.574351e-03
2.500000e-01 7.422669e-03
2.520000e-01 8.242540e-03
2.540000e-01 9.020073e-03
2.560000e-01 9.748674e-03
2.580000e-01 1.041959e-02
2.600000e-01 1.101381e-02
2.620000e-01 1.153641e-02
2.640000e-01 1.198032e-02
2.660000e-01 1.234958e-02
2.680000e-01 1.264882e-02
2.700000e-01 1.285994e-02
2.720000e-01 1.299313e-02
2.740000e-01 1.305925e-02
2.760000e-01 1.302582e-02
2.780000e-01 1.289261e-02
2.800000e-01 1.269254e-02
2.820000e-01 1.241191e-02
2.840000e-01 1.204082e-02
2.860000e-01 1.158876e-02
2.880000e-01 1.105611e-02
2.900000e-01 1.046255e-02
2.920000e-01 9.825417e-03
2.940000e-01 9.128836e-03
2.960000e-01 8.344256e-03
2.980000e-01 7.508145e-03
3.000000e-01 6.661174e-03
3.020000e-01 5.760563e-03
3.040000e-01 4.813522e-03
3.060000e-01 3.843784e-03
3.080000e-01 2.831550e-03
3.100000e-01 1.805721e-03
3.120000e-01 7.724934e-04
3.140000e-01 -2.737756e-04
3.160000e-01 -1.302882e-03
3.180000e-01 -2.324885e-03
3.200000e-01 -3.353592e-03
3.220000e-01 -4.361476e-03
3.240000e-01 -5.334869e-03
3.260000e-01 -6.266952e-03
3.280000e-01 -7.143209e-03
3.300000e-01 -7.980212e-03
3.320000e-01 -8.772000e-03
3.340000e-01 -9.490642e-03
3.360000e-01 -1.014629e-02
3.380000e-01 -1.075242e-02
3.400000e-01 -1.130007e-02
3.420000e-01 -1.177177e-02
3.440000e-01 -1.215852e-02
3.460000e-01 -1.247862e-02
3.480000e-01 -1.272885e-02
3.500000e-01 -1.288474e-02
3.520000e-01 -1.296816e-02
3.540000e-01 -1.297224e-02
3.560000e-01 -1.287097e-02
3.580000e-01 -1.269653e-02
3.600000e-01 -1.245877e-02
3.620000e-01 -1.213135e-02
3.640000e-01 -1.171429e-02
3.660000e-01 -1.120695e-02
3.680000e-01 -1.062926e-02
3.700000e-01 -1.000698e-02
3.720000e-01 -9.318592e-03
3.740000e-01 -8.558693e-03
3.760000e-01 -7.745245e-03
3.780000e-01 -6.891580e-03
3.800000e-01 -5.989200e-03
3.820000e-01 -5.037286e-03
3.840000e-01 -4.064265e-03
3.860000e-01 -3.084702e-03
3.880000e-01 -2.081497e-03
3.900000e-01 -1.040823e-03
3.920000e-01 -3.038184e-06
3.940000e-01 1.016934e-03
3.960000e-01 2.052199e-03
3.980000e-01 3.082057e-03
4.000000e-01 4.076925e-03
4.020000e-01 5.050038e-03
4.040000e-01 5.996684e-03
4.060000e-01 6.900366e-03
4.080000e-01 7.762718e-03
4.100000e-01 8.581386e-03
4.120000e-01 9.334483e-03
4.140000e-01 1.001775e-02
4.160000e-01 1.063956e-02
4.180000e-01 1.120036e-02
4.200000e-01 1.168806e-02
4.220000e-01 1.208515e-02
4.240000e-01 1.242200e-02
4.260000e-01 1.268648e-02
4.280000e-01 1.284768e-02
4.300000e-01 1.294140e-02
4.320000e-01 1.295424e-02
4.340000e-01 1.285831e-02
4.360000e-01 1.271498e-02
4.380000e-01 1.250984e-02
4.400000e-01 1.215730e-02
4.420000e-01 1.175806e-02
4.440000e-01 1.134043e-02
4.460000e-01 1.078413e-02
4.480000e-01 1.015193e-02
4.500000e-01 9.499344e-03
4.520000e-01 8.764945e-03
4.540000e-01 7.941668e-03
4.560000e-01 7.087908e-03
4.580000e-01 6.238430e-03
4.600000e-01 5.317666e-03
4.620000e-01 4.313357e-03
4.640000e-01 3.330213e-03
4.660000e-01 2.346475e-03
4.680000e-01 1.297128e-03
4.700000e-01 2.316262e-04
4.720000e-01 -7.782920e-04
4.740000e-01 -1.779639e-03
4.760000e-01 -2.839071e-03
4.780000e-01 -3.857662e-03
4.800000e-01 -4.794732e-03
4.820000e-01 -5.724059e-03
4.840000e-01 -6.662321e-03
4.860000e-01 -7.554744e-03
4.880000e-01 -8.340249e-03
4.900000e-01 -9.072754e-03
4.920000e-01 -9.814865e-03
4.940000e-01 -1.050699e-02
4.960000e-01 -1.106183e-02
4.980000e-01 -1.152271e-02
5.000000e-01 -1.198318e-02
