T X
0 0
5.000000e-03 -1.189326e-11
1.000000e-02 6.281153e-12
1.500000e-02 -5.369707e-11
2.000000e-02 -1.159193e-10
2.500000e-02 7.035302e-11
3.000000e-02 1.226197e-09
3.500000e-02 1.033677e-08
4.000000e-02 6.335884e-08
4.500000e-02 3.612223e-07
5.000000e-02 1.855688e-06
5.500000e-02 8.310618e-06
6.000000e-02 3.216457e-05
6.500000e-02 1.074694e-04
7.000000e-02 3.104702e-04
7.500000e-02 7.769082e-04
8.000000e-02 1.685233e-03
8.500000e-02 3.167193e-03
9.000000e-02 5.152395e-03
9.500000e-02 7.261720e-03
1.000000e-01 8.931650e-03
1.050000e-01 9.795543e-03
1.100000e-01 9.994103e-03
1.150000e-01 9.981745e-03
1.200000e-01 9.933399e-03
1.250000e-01 9.510708e-03
1.300000e-01 8.398661e-03
1.350000e-01 6.840607e-03
1.400000e-01 5.266306e-03
1.450000e-01 3.615947e-03
1.500000e-01 1.599688e-03
1.550000e-01 -5.784773e-04
1.600000e-01 -2.483324e-03
1.650000e-01 -4.196935e-03
1.700000e-01 -5.979587e-03
1.750000e-01 -7.573064e-03
1.800000e-01 -8.696855e-03
1.850000e-01 -9.581947e-03
1.900000e-01 -1.027531e-02
1.950000e-01 -1.038972e-02
2.000000e-01 -9.936583e-03
2.050000e-01 -9.226988e-03
2.100000e-01 -8.151401e-03
2.150000e-01 -6.650553e-03
2.200000e-01 -5.033471e-03
2.250000e-01 -3.257409e-03
2.300000e-01 -1.141379e-03
2.350000e-01 9.954058e-04
2.400000e-01 2.952740e-03
2.450000e-01 4.863055e-03
2.500000e-01 6.574452e-03
2.550000e-01 7.978127e-03
2.600000e-01 9.187496e-03
2.650000e-01 9.985798e-03
2.700000e-01 1.025388e-02
2.750000e-01 1.023469e-02
2.800000e-01 9.843429e-03
2.850000e-01 8.957979e-03
2.900000e-01 7.777223e-03
2.950000e-01 6.291673e-03
3.000000e-01 4.508027e-03
3.050000e-01 2.604311e-03
3.100000e-01 5.317215e-04
3.150000e-01 -1.581182e-03
3.200000e-01 -3.504753e-03
3.250000e-01 -5.370241e-03
3.300000e-01 -7.077013e-03
3.350000e-01 -8.388598e-03
3.400000e-01 -9.416054e-03
3.450000e-01 -1.010313e-02
3.500000e-01 -1.034363e-02
3.550000e-01 -1.021283e-02
3.600000e-01 -9.632144e-03
3.650000e-01 -8.669229e-03
3.700000e-01 -7.408560e-03
3.750000e-01 -5.766544e-03
3.800000e-01 -3.949783e-03
3.850000e-01 -2.024843e-03
3.900000e-01 7.598049e-05
3.950000e-01 2.110289e-03
4.000000e-01 4.061397e-03
4.050000e-01 5.910508e-03
4.100000e-01 7.471640e-03
4.150000e-01 8.767245e-03
4.200000e-01 9.678006e-03
4.250000e-01 1.020067e-02
4.300000e-01 1.037066e-02
4.350000e-01 1.003520e-02
4.400000e-01 9.382162e-03
4.450000e-01 8.366960e-03
4.500000e-01 6.919989e-03
4.550000e-01 5.314671e-03
4.600000e-01 3.422781e-03
4.650000e-01 1.369093e-03
4.700000e-01 -6.402989e-04
4.750000e-01 -2.718467e-03
4.800000e-01 -4.637930e-03
4.850000e-01 -6.375033e-03
4.900000e-01 -7.883679e-03
4.950000e-01 -9.023630e-03
5.000000e-01 -9.891179e-03
5.050000e-01 -1.028522e-02
5.100000e-01 -1.028884e-02
5.150000e-01 -9.951611e-03
5.200000e-01 -9.092928e-03
5.250000e-01 -7.959490e-03
5.300000e-01 -6.504141e-03
5.350000e-01 -4.736738e-03
5.400000e-01 -2.848169e-03
5.450000e-01 -7.921634e-04
5.500000e-01 1.267892e-03
5.550000e-01 3.286728e-03
5.600000e-01 5.169905e-03
5.650000e-01 6.831765e-03
5.700000e-01 8.277759e-03
5.750000e-01 9.311122e-03
5.800000e-01 1.003704e-02
5.850000e-01 1.036226e-02
5.900000e-01 1.020758e-02
5.950000e-01 9.737750e-03
6.000000e-01 8.800248e-03
6.050000e-01 7.544057e-03
6.100000e-01 6.020227e-03
6.150000e-01 4.196014e-03
6.200000e-01 2.272349e-03
6.250000e-01 2.264619e-04
6.300000e-01 -1.826010e-03
6.350000e-01 -3.810548e-03
6.400000e-01 -5.650451e-03
6.450000e-01 -7.258281e-03
6.500000e-01 -8.605663e-03
6.550000e-01 -9.559692e-03
6.600000e-01 -1.018510e-02
6.650000e-01 -1.037349e-02
6.700000e-01 -1.012885e-02
6.750000e-01 -9.536503e-03
6.800000e-01 -8.502926e-03
6.850000e-01 -7.163425e-03
6.900000e-01 -5.517112e-03
6.950000e-01 -3.647289e-03
7.000000e-01 -1.648340e-03
7.050000e-01 4.572995e-04
7.100000e-01 2.496764e-03
7.150000e-01 4.448325e-03
7.200000e-01 6.220862e-03
7.250000e-01 7.739186e-03
7.300000e-01 8.938027e-03
7.350000e-01 9.785220e-03
7.400000e-01 1.026991e-02
7.450000e-01 1.030503e-02
7.500000e-01 9.969740e-03
7.550000e-01 9.218470e-03
7.600000e-01 8.091351e-03
7.650000e-01 6.670676e-03
7.700000e-01 4.956768e-03
7.750000e-01 3.082597e-03
7.800000e-01 1.057359e-03
7.850000e-01 -1.000291e-03
7.900000e-01 -3.012199e-03
7.950000e-01 -4.945767e-03
8.000000e-01 -6.657271e-03
8.050000e-01 -8.111360e-03
8.100000e-01 -9.245532e-03
8.150000e-01 -1.000657e-02
8.200000e-01 -1.033825e-02
8.250000e-01 -1.027846e-02
8.300000e-01 -9.815046e-03
8.350000e-01 -8.934087e-03
8.400000e-01 -7.739480e-03
8.450000e-01 -6.208050e-03
8.500000e-01 -4.432944e-03
8.550000e-01 -2.487619e-03
8.600000e-01 -4.338955e-04
8.650000e-01 1.625045e-03
8.700000e-01 3.636369e-03
8.750000e-01 5.470198e-03
8.800000e-01 7.097565e-03
8.850000e-01 8.450175e-03
8.900000e-01 9.453277e-03
8.950000e-01 1.009318e-02
9.000000e-01 1.033623e-02
9.050000e-01 1.017704e-02
9.100000e-01 9.587684e-03
9.150000e-01 8.630794e-03
9.200000e-01 7.332889e-03
9.250000e-01 5.721600e-03
9.300000e-01 3.901378e-03
9.350000e-01 1.921973e-03
9.400000e-01 -1.411963e-04
9.450000e-01 -2.195404e-03
9.500000e-01 -4.157934e-03
9.550000e-01 -5.974142e-03
9.600000e-01 -7.540328e-03
9.650000e-01 -8.803717e-03
9.700000e-01 -9.732524e-03
9.750000e-01 -1.023608e-02
9.800000e-01 -1.036238e-02
9.850000e-01 -1.006291e-02
9.900000e-01 -9.336269e-03
9.950000e-01 -8.288537e-03
1 -6.867166e-03
1.005000e+00 -5.182062e-03
1.010000e+00 -3.319437e-03
1.015000e+00 -1.283437e-03
1.020000e+00 7.671078e-04
1.025000e+00 2.800539e-03
1.030000e+00 4.733626e-03
1.035000e+00 6.445372e-03
1.040000e+00 7.931094e-03
1.045000e+00 9.090582e-03
1.050000e+00 9.885062e-03
1.055000e+00 1.028673e-02
1.060000e+00 1.028192e-02
1.065000e+00 9.877121e-03
1.070000e+00 9.061436e-03
1.075000e+00 7.913150e-03
1.080000e+00 6.427025e-03
1.085000e+00 4.685712e-03
1.090000e+00 2.773187e-03
1.095000e+00 7.130918e-04
1.100000e+00 -1.348696e-03
1.105000e+00 -3.365272e-03
1.110000e+00 -5.260566e-03
1.115000e+00 -6.918217e-03
1.120000e+00 -8.319213e-03
1.125000e+00 -9.383926e-03
1.130000e+00 -1.006496e-02
1.135000e+00 -1.036821e-02
1.140000e+00 -1.023772e-02
1.145000e+00 -9.697491e-03
1.150000e+00 -8.779544e-03
1.155000e+00 -7.491602e-03
1.160000e+00 -5.922698e-03
1.165000e+00 -4.125621e-03
1.170000e+00 -2.143858e-03
1.175000e+00 -8.311033e-05
1.180000e+00 1.993116e-03
1.185000e+00 4.069251e-03
1.190000e+00 5.986195e-03
1.195000e+00 7.661271e-03
1.200000e+00 8.971468e-03
1.205000e+00 9.644146e-03
1.210000e+00 9.592035e-03
1.215000e+00 8.640955e-03
1.220000e+00 6.811404e-03
1.225000e+00 4.319876e-03
1.230000e+00 1.404541e-03
1.235000e+00 -1.530345e-03
1.240000e+00 -4.220125e-03
1.245000e+00 -6.537330e-03
1.250000e+00 -8.524039e-03
1.255000e+00 -1.024872e-02
1.260000e+00 -1.177179e-02
1.265000e+00 -1.298893e-02
1.270000e+00 -1.365114e-02
1.275000e+00 -1.365209e-02
1.280000e+00 -1.291406e-02
1.285000e+00 -1.160162e-02
1.290000e+00 -9.937870e-03
1.295000e+00 -8.024871e-03
1.300000e+00 -5.896954e-03
1.305000e+00 -3.440968e-03
1.310000e+00 -7.228637e-04
1.315000e+00 2.077595e-03
1.320000e+00 4.755158e-03
1.325000e+00 7.091229e-03
1.330000e+00 9.061126e-03
1.335000e+00 1.073806e-02
1.340000e+00 1.216454e-02
1.345000e+00 1.314189e-02
1.350000e+00 1.343566e-02
1.355000e+00 1.307997e-02
1.360000e+00 1.229239e-02
1.365000e+00 1.121383e-02
1.370000e+00 9.883641e-03
1.375000e+00 8.584613e-03
1.380000e+00 7.470957e-03
1.385000e+00 6.203035e-03
1.390000e+00 4.883012e-03
1.395000e+00 4.122136e-03
1.400000e+00 3.623123e-03
1.405000e+00 2.517438e-03
1.410000e+00 8.266636e-04
1.415000e+00 -8.607622e-04
1.420000e+00 -2.502725e-03
1.425000e+00 -4.180190e-03
1.430000e+00 -5.546993e-03
1.435000e+00 -6.525482e-03
1.440000e+00 -7.126610e-03
1.445000e+00 -7.236414e-03
1.450000e+00 -7.252514e-03
1.455000e+00 -7.383744e-03
1.460000e+00 -7.166046e-03
1.465000e+00 -6.419246e-03
1.470000e+00 -5.320886e-03
1.475000e+00 -3.906224e-03
1.480000e+00 -2.432400e-03
1.485000e+00 -1.179227e-03
1.490000e+00 6.154459e-05
1.495000e+00 1.327464e-03
1.500000e+00 2.561789e-03
1.505000e+00 3.930637e-03
1.510000e+00 5.237266e-03
1.515000e+00 6.207554e-03
1.520000e+00 6.887902e-03
1.525000e+00 7.237095e-03
1.530000e+00 7.235796e-03
1.535000e+00 7.079945e-03
1.540000e+00 6.693301e-03
1.545000e+00 6.000125e-03
1.550000e+00 5.052797e-03
1.555000e+00 3.771629e-03
1.560000e+00 2.406581e-03
1.565000e+00 1.101311e-03
1.570000e+00 -3.165450e-04
1.575000e+00 -1.800495e-03
1.580000e+00 -3.261829e-03
1.585000e+00 -4.592534e-03
1.590000e+00 -5.579646e-03
1.595000e+00 -6.285507e-03
1.600000e+00 -6.871297e-03
1.605000e+00 -7.251405e-03
1.610000e+00 -7.406621e-03
1.615000e+00 -7.193104e-03
1.620000e+00 -6.468976e-03
1.625000e+00 -5.554184e-03
1.630000e+00 -4.574309e-03
1.635000e+00 -3.445222e-03
1.640000e+00 -2.241490e-03
1.645000e+00 -7.537013e-04
1.650000e+00 9.422063e-04
1.655000e+00 2.396253e-03
1.660000e+00 3.571097e-03
1.665000e+00 4.578603e-03
1.670000e+00 5.642453e-03
1.675000e+00 6.690792e-03
1.680000e+00 7.199542e-03
1.685000e+00 7.242816e-03
1.690000e+00 7.145288e-03
1.695000e+00 6.927325e-03
1.700000e+00 6.424114e-03
1.705000e+00 5.444389e-03
1.710000e+00 4.311596e-03
1.715000e+00 3.188774e-03
1.720000e+00 1.807634e-03
1.725000e+00 2.405560e-04
1.730000e+00 -1.225125e-03
1.735000e+00 -2.515199e-03
1.740000e+00 -3.832090e-03
1.745000e+00 -5.131408e-03
1.750000e+00 -6.060146e-03
1.755000e+00 -6.727006e-03
1.760000e+00 -7.236225e-03
1.765000e+00 -7.362920e-03
1.770000e+00 -7.208212e-03
1.775000e+00 -6.857394e-03
1.780000e+00 -6.229578e-03
1.785000e+00 -5.214144e-03
1.790000e+00 -3.950193e-03
1.795000e+00 -2.779228e-03
1.800000e+00 -1.457949e-03
1.805000e+00 1.154598e-04
1.810000e+00 1.562278e-03
1.815000e+00 2.937174e-03
1.820000e+00 4.249910e-03
1.825000e+00 5.328540e-03
1.830000e+00 6.240612e-03
1.835000e+00 6.926490e-03
1.840000e+00 7.290917e-03
1.845000e+00 7.313835e-03
1.850000e+00 7.147410e-03
1.855000e+00 6.790083e-03
1.860000e+00 5.964486e-03
1.865000e+00 4.921560e-03
1.870000e+00 3.842758e-03
1.875000e+00 2.505113e-03
1.880000e+00 9.984525e-04
1.885000e+00 -4.748991e-04
1.890000e+00 -1.884543e-03
1.895000e+00 -3.293785e-03
1.900000e+00 -4.559783e-03
1.905000e+00 -5.565194e-03
1.910000e+00 -6.458636e-03
1.915000e+00 -7.083911e-03
1.920000e+00 -7.359817e-03
1.925000e+00 -7.392964e-03
1.930000e+00 -7.067593e-03
1.935000e+00 -6.490490e-03
1.940000e+00 -5.723263e-03
1.945000e+00 -4.653023e-03
1.950000e+00 -3.401052e-03
1.955000e+00 -2.100695e-03
1.960000e+00 -6.947199e-04
1.965000e+00 8.385834e-04
1.970000e+00 2.262588e-03
1.975000e+00 3.541384e-03
1.980000e+00 4.830836e-03
1.985000e+00 5.875124e-03
1.990000e+00 6.565848e-03
1.995000e+00 7.142580e-03
2 7.427633e-03
2.005000e+00 7.302772e-03
2.010000e+00 7.029130e-03
2.015000e+00 6.445188e-03
2.020000e+00 5.487534e-03
2.025000e+00 4.425430e-03
2.030000e+00 3.183458e-03
2.035000e+00 1.730299e-03
2.040000e+00 2.491536e-04
2.045000e+00 -1.201458e-03
2.050000e+00 -2.657706e-03
2.055000e+00 -3.981117e-03
2.060000e+00 -5.113597e-03
2.065000e+00 -6.100943e-03
2.070000e+00 -6.796586e-03
2.075000e+00 -7.237718e-03
2.080000e+00 -7.400020e-03
2.085000e+00 -7.219551e-03
2.090000e+00 -6.837558e-03
2.095000e+00 -6.143962e-03
2.100000e+00 -5.160337e-03
2.105000e+00 -4.054873e-03
2.110000e+00 -2.758485e-03
2.115000e+00 -1.312849e-03
2.120000e+00 1.204818e-04
2.125000e+00 1.579155e-03
2.130000e+00 3.013981e-03
2.135000e+00 4.244476e-03
2.140000e+00 5.354111e-03
2.145000e+00 6.305042e-03
2.150000e+00 6.892430e-03
2.155000e+00 7.230964e-03
2.160000e+00 7.388684e-03
2.165000e+00 7.142371e-03
2.170000e+00 6.594834e-03
2.175000e+00 5.884384e-03
2.180000e+00 4.853195e-03
2.185000e+00 3.655429e-03
2.190000e+00 2.356325e-03
2.195000e+00 8.977337e-04
2.200000e+00 -5.689494e-04
2.205000e+00 -1.994281e-03
2.210000e+00 -3.346286e-03
2.215000e+00 -4.608780e-03
2.220000e+00 -5.650719e-03
2.225000e+00 -6.442069e-03
2.230000e+00 -7.026278e-03
2.235000e+00 -7.284191e-03
2.240000e+00 -7.252304e-03
2.245000e+00 -6.972678e-03
2.250000e+00 -6.421357e-03
2.255000e+00 -5.572636e-03
2.260000e+00 -4.499578e-03
2.265000e+00 -3.294082e-03
2.270000e+00 -1.888917e-03
2.275000e+00 -4.523276e-04
2.280000e+00 9.738712e-04
2.285000e+00 2.443433e-03
2.290000e+00 3.731858e-03
2.295000e+00 4.897106e-03
2.300000e+00 5.905884e-03
2.305000e+00 6.616797e-03
2.310000e+00 7.104874e-03
2.315000e+00 7.320855e-03
2.320000e+00 7.217031e-03
2.325000e+00 6.836642e-03
2.330000e+00 6.180756e-03
2.335000e+00 5.233906e-03
2.340000e+00 4.114645e-03
2.345000e+00 2.871887e-03
2.350000e+00 1.465631e-03
2.355000e+00 3.496997e-05
2.360000e+00 -1.423068e-03
2.365000e+00 -2.847622e-03
2.370000e+00 -4.118781e-03
2.375000e+00 -5.256949e-03
2.380000e+00 -6.153440e-03
2.385000e+00 -6.808660e-03
2.390000e+00 -7.195306e-03
2.395000e+00 -7.278634e-03
2.400000e+00 -7.114343e-03
2.405000e+00 -6.625175e-03
2.410000e+00 -5.900836e-03
2.415000e+00 -4.983733e-03
2.420000e+00 -3.776724e-03
2.425000e+00 -2.517880e-03
2.430000e+00 -1.188588e-03
2.435000e+00 2.864434e-04
2.440000e+00 1.648960e-03
2.445000e+00 2.986474e-03
2.450000e+00 4.280457e-03
2.455000e+00 5.338488e-03
2.460000e+00 6.245281e-03
2.465000e+00 6.949885e-03
2.470000e+00 7.330517e-03
2.475000e+00 7.483160e-03
2.480000e+00 7.350597e-03
2.485000e+00 6.898701e-03
2.490000e+00 6.247372e-03
2.495000e+00 5.241271e-03
2.500000e+00 3.889553e-03
2.505000e+00 2.192636e-03
2.510000e+00 -3.425481e-05
2.515000e+00 -2.697269e-03
2.520000e+00 -5.692708e-03
2.525000e+00 -8.879362e-03
2.530000e+00 -1.190606e-02
2.535000e+00 -1.449188e-02
2.540000e+00 -1.640855e-02
2.545000e+00 -1.745926e-02
2.550000e+00 -1.771240e-02
2.555000e+00 -1.722538e-02
2.560000e+00 -1.608708e-02
2.565000e+00 -1.447814e-02
2.570000e+00 -1.243282e-02
2.575000e+00 -9.922624e-03
2.580000e+00 -6.970609e-03
2.585000e+00 -3.628409e-03
2.590000e+00 3.366827e-05
2.595000e+00 3.746470e-03
2.600000e+00 7.221539e-03
2.605000e+00 1.027742e-02
2.610000e+00 1.276419e-02
2.615000e+00 1.470966e-02
2.620000e+00 1.618661e-02
2.625000e+00 1.711232e-02
2.630000e+00 1.743459e-02
2.635000e+00 1.704017e-02
2.640000e+00 1.579696e-02
2.645000e+00 1.385305e-02
2.650000e+00 1.136976e-02
2.655000e+00 8.540365e-03
2.660000e+00 5.582123e-03
2.665000e+00 2.543609e-03
2.670000e+00 -4.616839e-04
2.675000e+00 -3.234254e-03
2.680000e+00 -5.517864e-03
2.685000e+00 -7.074894e-03
2.690000e+00 -7.822523e-03
2.695000e+00 -7.933667e-03
2.700000e+00 -7.676964e-03
2.705000e+00 -7.252507e-03
2.710000e+00 -6.790991e-03
2.715000e+00 -6.201577e-03
2.720000e+00 -5.379814e-03
2.725000e+00 -4.303856e-03
2.730000e+00 -3.023498e-03
2.735000e+00 -1.622903e-03
2.740000e+00 -6.972038e-05
2.745000e+00 1.634730e-03
2.750000e+00 3.377527e-03
2.755000e+00 4.990183e-03
2.760000e+00 6.242991e-03
2.765000e+00 7.109343e-03
2.770000e+00 7.650938e-03
2.775000e+00 7.839599e-03
2.780000e+00 7.924917e-03
2.785000e+00 7.883759e-03
2.790000e+00 7.365626e-03
2.795000e+00 6.276074e-03
2.800000e+00 4.813666e-03
2.805000e+00 3.235666e-03
2.810000e+00 1.632486e-03
2.815000e+00 1.829589e-04
2.820000e+00 -1.119924e-03
2.825000e+00 -2.454433e-03
2.830000e+00 -3.885171e-03
2.835000e+00 -5.326442e-03
2.840000e+00 -6.554144e-03
2.845000e+00 -7.439480e-03
2.850000e+00 -7.875571e-03
2.855000e+00 -7.947990e-03
2.860000e+00 -7.834448e-03
2.865000e+00 -7.391268e-03
2.870000e+00 -6.648627e-03
2.875000e+00 -5.743726e-03
2.880000e+00 -4.573798e-03
2.885000e+00 -3.198454e-03
2.890000e+00 -1.572914e-03
2.895000e+00 2.133652e-04
2.900000e+00 1.833137e-03
2.905000e+00 3.262107e-03
2.910000e+00 4.556067e-03
2.915000e+00 5.779513e-03
2.920000e+00 6.771557e-03
2.925000e+00 7.443240e-03
2.930000e+00 7.998400e-03
2.935000e+00 8.103123e-03
2.940000e+00 7.594456e-03
2.945000e+00 7.006207e-03
2.950000e+00 6.420054e-03
2.955000e+00 5.470648e-03
2.960000e+00 3.958520e-03
2.965000e+00 2.238050e-03
2.970000e+00 8.363690e-04
2.975000e+00 -4.966419e-04
2.980000e+00 -2.089871e-03
2.985000e+00 -3.719331e-03
2.990000e+00 -5.070528e-03
2.995000e+00 -6.155027e-03
3 -7.020586e-03
