T X
0 0
5.000000e-03 2.637512e-08
1.000000e-02 -2.051059e-09
1.500000e-02 -2.385782e-08
2.000000e-02 -1.597712e-08
2.500000e-02 -9.092794e-08
3.000000e-02 -4.206149e-08
3.500000e-02 -2.140466e-07
4.000000e-02 -3.067876e-07
4.500000e-02 6.412783e-07
5.000000e-02 -1.822844e-06
5.500000e-02 -3.050157e-05
6.000000e-02 -1.117041e-04
6.500000e-02 -1.489671e-04
7.000000e-02 2.419267e-04
7.500000e-02 1.523667e-03
8.000000e-02 3.555033e-03
8.500000e-02 5.494960e-03
9.000000e-02 6.903644e-03
9.500000e-02 8.179325e-03
1.000000e-01 9.343827e-03
1.050000e-01 9.889224e-03
1.100000e-01 1.001259e-02
1.150000e-01 1.000578e-02
1.200000e-01 9.431909e-03
1.250000e-01 8.369960e-03
1.300000e-01 7.190137e-03
1.350000e-01 5.609263e-03
1.400000e-01 3.794475e-03
1.450000e-01 2.029788e-03
1.500000e-01 2.934851e-05
1.550000e-01 -1.978074e-03
1.600000e-01 -3.849133e-03
1.650000e-01 -5.702130e-03
1.700000e-01 -7.197295e-03
1.750000e-01 -8.452245e-03
1.800000e-01 -9.458869e-03
1.850000e-01 -9.941178e-03
1.900000e-01 -1.013781e-02
1.950000e-01 -9.903244e-03
2.000000e-01 -9.232401e-03
2.050000e-01 -8.272857e-03
2.100000e-01 -6.885216e-03
2.150000e-01 -5.317116e-03
2.200000e-01 -3.498353e-03
2.250000e-01 -1.483816e-03
2.300000e-01 4.778230e-04
2.350000e-01 2.521619e-03
2.400000e-01 4.401137e-03
2.450000e-01 6.110851e-03
2.500000e-01 7.625898e-03
2.550000e-01 8.779991e-03
2.600000e-01 9.639889e-03
2.650000e-01 1.004454e-02
2.700000e-01 1.009951e-02
2.750000e-01 9.746548e-03
2.800000e-01 8.988939e-03
2.850000e-01 7.914775e-03
2.900000e-01 6.450112e-03
2.950000e-01 4.794091e-03
3.000000e-01 2.907466e-03
3.050000e-01 9.339562e-04
3.100000e-01 -1.070404e-03
3.150000e-01 -3.085800e-03
3.200000e-01 -4.916773e-03
3.250000e-01 -6.606918e-03
3.300000e-01 -7.981484e-03
3.350000e-01 -9.061940e-03
3.400000e-01 -9.783926e-03
3.450000e-01 -1.010966e-02
3.500000e-01 -1.005847e-02
3.550000e-01 -9.554280e-03
3.600000e-01 -8.718243e-03
3.650000e-01 -7.488478e-03
3.700000e-01 -6.006620e-03
3.750000e-01 -4.266059e-03
3.800000e-01 -2.349551e-03
3.850000e-01 -3.498045e-04
3.900000e-01 1.693942e-03
3.950000e-01 3.621989e-03
4.000000e-01 5.446861e-03
4.050000e-01 7.010387e-03
4.100000e-01 8.343556e-03
4.150000e-01 9.320653e-03
4.200000e-01 9.925790e-03
4.250000e-01 1.014500e-02
4.300000e-01 9.924951e-03
4.350000e-01 9.360571e-03
4.400000e-01 8.382722e-03
4.450000e-01 7.104773e-03
4.500000e-01 5.513577e-03
4.550000e-01 3.711122e-03
4.600000e-01 1.764854e-03
4.650000e-01 -2.504768e-04
4.700000e-01 -2.244988e-03
4.750000e-01 -4.176637e-03
4.800000e-01 -5.921354e-03
4.850000e-01 -7.458374e-03
4.900000e-01 -8.661434e-03
4.950000e-01 -9.535750e-03
5.000000e-01 -1.001924e-02
5.050000e-01 -1.011566e-02
5.100000e-01 -9.809958e-03
5.150000e-01 -9.105201e-03
5.200000e-01 -8.043929e-03
5.250000e-01 -6.645533e-03
5.300000e-01 -5.015418e-03
5.350000e-01 -3.162844e-03
5.400000e-01 -1.206334e-03
5.450000e-01 8.252201e-04
5.500000e-01 2.819539e-03
5.550000e-01 4.703926e-03
5.600000e-01 6.397211e-03
5.650000e-01 7.831749e-03
5.700000e-01 8.970643e-03
5.750000e-01 9.740449e-03
5.800000e-01 1.014174e-02
5.850000e-01 1.010739e-02
5.900000e-01 9.682609e-03
5.950000e-01 8.862119e-03
6.000000e-01 7.692708e-03
6.050000e-01 6.219806e-03
6.100000e-01 4.488225e-03
6.150000e-01 2.575231e-03
6.200000e-01 5.655786e-04
6.250000e-01 -1.459545e-03
6.300000e-01 -3.415977e-03
6.350000e-01 -5.232776e-03
6.400000e-01 -6.854187e-03
6.450000e-01 -8.190330e-03
6.500000e-01 -9.213110e-03
6.550000e-01 -9.846526e-03
6.600000e-01 -1.010431e-02
6.650000e-01 -9.954586e-03
6.700000e-01 -9.424079e-03
6.750000e-01 -8.510409e-03
6.800000e-01 -7.255932e-03
6.850000e-01 -5.710037e-03
6.900000e-01 -3.932295e-03
6.950000e-01 -2.020938e-03
7.000000e-01 -6.039955e-06
7.050000e-01 1.986976e-03
7.100000e-01 3.933180e-03
7.150000e-01 5.701898e-03
7.200000e-01 7.252804e-03
7.250000e-01 8.503565e-03
7.300000e-01 9.421204e-03
7.350000e-01 9.974341e-03
7.400000e-01 1.012345e-02
7.450000e-01 9.880581e-03
7.500000e-01 9.214396e-03
7.550000e-01 8.199767e-03
7.600000e-01 6.856254e-03
7.650000e-01 5.245092e-03
7.700000e-01 3.402493e-03
7.750000e-01 1.426048e-03
7.800000e-01 -5.736863e-04
7.850000e-01 -2.566207e-03
7.900000e-01 -4.527005e-03
7.950000e-01 -6.268711e-03
8.000000e-01 -7.623523e-03
8.050000e-01 -8.735850e-03
8.100000e-01 -9.733005e-03
8.150000e-01 -1.024505e-02
8.200000e-01 -1.002828e-02
8.250000e-01 -9.485439e-03
8.300000e-01 -8.974537e-03
8.350000e-01 -8.057945e-03
8.400000e-01 -6.430457e-03
8.450000e-01 -4.549755e-03
8.500000e-01 -2.700398e-03
8.550000e-01 -8.208402e-04
8.600000e-01 1.067501e-03
8.650000e-01 2.944517e-03
8.700000e-01 5.005158e-03
8.750000e-01 6.876131e-03
8.800000e-01 8.173996e-03
8.850000e-01 9.055321e-03
8.900000e-01 9.647680e-03
8.950000e-01 9.902975e-03
9.000000e-01 9.973540e-03
9.050000e-01 9.759975e-03
9.100000e-01 8.898782e-03
9.150000e-01 7.556850e-03
9.200000e-01 5.877015e-03
9.250000e-01 3.908860e-03
9.300000e-01 1.990093e-03
9.350000e-01 2.688383e-04
9.400000e-01 -1.535924e-03
9.450000e-01 -3.405720e-03
9.500000e-01 -5.313412e-03
9.550000e-01 -7.139267e-03
9.600000e-01 -8.531169e-03
9.650000e-01 -9.555199e-03
9.700000e-01 -1.033111e-02
9.750000e-01 -1.038922e-02
9.800000e-01 -9.629649e-03
9.850000e-01 -8.653247e-03
9.900000e-01 -7.831503e-03
9.950000e-01 -6.992334e-03
1 -5.632386e-03
1.005000e+00 -3.840168e-03
1.010000e+00 -2.035492e-03
1.015000e+00 -1.219146e-04
1.020000e+00 1.994888e-03
1.025000e+00 4.040465e-03
1.030000e+00 6.167224e-03
1.035000e+00 8.223378e-03
1.040000e+00 9.646805e-03
1.045000e+00 1.031290e-02
1.050000e+00 1.034202e-02
1.055000e+00 9.834791e-03
1.060000e+00 8.925379e-03
1.065000e+00 7.912982e-03
1.070000e+00 6.983990e-03
1.075000e+00 5.809687e-03
1.080000e+00 4.245130e-03
1.085000e+00 2.720363e-03
1.090000e+00 1.116328e-03
1.095000e+00 -4.210268e-04
1.100000e+00 -1.575399e-03
1.105000e+00 -2.681792e-03
1.110000e+00 -3.901156e-03
1.115000e+00 -5.150401e-03
1.120000e+00 -6.666351e-03
1.125000e+00 -8.305298e-03
1.130000e+00 -9.823746e-03
1.135000e+00 -1.118631e-02
1.140000e+00 -1.216306e-02
1.145000e+00 -1.267788e-02
1.150000e+00 -1.271385e-02
1.155000e+00 -1.242230e-02
1.160000e+00 -1.178514e-02
1.165000e+00 -1.090404e-02
1.170000e+00 -9.910293e-03
1.175000e+00 -8.615601e-03
1.180000e+00 -7.059992e-03
1.185000e+00 -5.384741e-03
1.190000e+00 -3.275516e-03
1.195000e+00 -9.158562e-04
1.200000e+00 1.589825e-03
1.205000e+00 4.335939e-03
1.210000e+00 6.884160e-03
1.215000e+00 9.111989e-03
1.220000e+00 1.093129e-02
1.225000e+00 1.207505e-02
1.230000e+00 1.255877e-02
1.235000e+00 1.237027e-02
1.240000e+00 1.144745e-02
1.245000e+00 9.988849e-03
1.250000e+00 8.107254e-03
1.255000e+00 5.974024e-03
1.260000e+00 3.709256e-03
1.265000e+00 1.518514e-03
1.270000e+00 -5.907913e-04
1.275000e+00 -2.447562e-03
1.280000e+00 -3.910290e-03
1.285000e+00 -5.050923e-03
1.290000e+00 -5.728805e-03
1.295000e+00 -6.031976e-03
1.300000e+00 -5.957298e-03
1.305000e+00 -5.390375e-03
1.310000e+00 -4.578284e-03
1.315000e+00 -3.414864e-03
1.320000e+00 -1.956502e-03
1.325000e+00 -4.832446e-04
1.330000e+00 1.172930e-03
1.335000e+00 2.833953e-03
1.340000e+00 4.399021e-03
1.345000e+00 5.878342e-03
1.350000e+00 7.073050e-03
1.355000e+00 7.995957e-03
1.360000e+00 8.688624e-03
1.365000e+00 8.971695e-03
1.370000e+00 8.935074e-03
1.375000e+00 8.541410e-03
1.380000e+00 7.763176e-03
1.385000e+00 6.688520e-03
1.390000e+00 5.381597e-03
1.395000e+00 3.802525e-03
1.400000e+00 2.115726e-03
1.405000e+00 3.149643e-04
1.410000e+00 -1.550473e-03
1.415000e+00 -3.255189e-03
1.420000e+00 -4.925217e-03
1.425000e+00 -6.324254e-03
1.430000e+00 -7.487988e-03
1.435000e+00 -8.430271e-03
1.440000e+00 -8.942292e-03
1.445000e+00 -9.144618e-03
1.450000e+00 -8.958271e-03
1.455000e+00 -8.385458e-03
1.460000e+00 -7.576033e-03
1.465000e+00 -6.400867e-03
1.470000e+00 -4.976128e-03
1.475000e+00 -3.342182e-03
1.480000e+00 -1.587781e-03
1.485000e+00 1.968048e-04
1.490000e+00 2.020107e-03
1.495000e+00 3.740254e-03
1.500000e+00 5.303122e-03
1.505000e+00 6.684203e-03
1.510000e+00 7.797223e-03
1.515000e+00 8.573630e-03
1.520000e+00 9.002139e-03
1.525000e+00 9.109550e-03
1.530000e+00 8.852017e-03
1.535000e+00 8.234187e-03
1.540000e+00 7.267881e-03
1.545000e+00 6.028748e-03
1.550000e+00 4.535596e-03
1.555000e+00 2.850376e-03
1.560000e+00 1.120176e-03
1.565000e+00 -7.431789e-04
1.570000e+00 -2.530397e-03
1.575000e+00 -4.251376e-03
1.580000e+00 -5.783457e-03
1.585000e+00 -7.016967e-03
1.590000e+00 -8.064739e-03
1.595000e+00 -8.755617e-03
1.600000e+00 -9.115115e-03
1.605000e+00 -9.085490e-03
1.610000e+00 -8.677003e-03
1.615000e+00 -7.971467e-03
1.620000e+00 -6.896100e-03
1.625000e+00 -5.600355e-03
1.630000e+00 -4.048103e-03
1.635000e+00 -2.342655e-03
1.640000e+00 -5.520073e-04
1.645000e+00 1.307220e-03
1.650000e+00 3.036148e-03
1.655000e+00 4.662420e-03
1.660000e+00 6.123478e-03
1.665000e+00 7.387223e-03
1.670000e+00 8.287352e-03
1.675000e+00 8.831388e-03
1.680000e+00 9.113380e-03
1.685000e+00 9.044353e-03
1.690000e+00 8.515102e-03
1.695000e+00 7.616302e-03
1.700000e+00 6.585494e-03
1.705000e+00 5.321011e-03
1.710000e+00 3.652482e-03
1.715000e+00 1.687135e-03
1.720000e+00 -6.116321e-05
1.725000e+00 -1.613050e-03
1.730000e+00 -3.415009e-03
1.735000e+00 -5.259923e-03
1.740000e+00 -6.750191e-03
1.745000e+00 -7.690028e-03
1.750000e+00 -8.422977e-03
1.755000e+00 -8.968472e-03
1.760000e+00 -9.127908e-03
1.765000e+00 -9.040589e-03
1.770000e+00 -8.405957e-03
1.775000e+00 -7.263843e-03
1.780000e+00 -5.963385e-03
1.785000e+00 -4.669137e-03
1.790000e+00 -3.190323e-03
1.795000e+00 -1.335066e-03
1.800000e+00 5.493029e-04
1.805000e+00 2.431258e-03
1.810000e+00 4.155323e-03
1.815000e+00 5.536849e-03
1.820000e+00 6.738215e-03
1.825000e+00 7.850643e-03
1.830000e+00 8.695041e-03
1.835000e+00 9.100333e-03
1.840000e+00 9.209806e-03
1.845000e+00 8.842685e-03
1.850000e+00 7.915418e-03
1.855000e+00 6.825437e-03
1.860000e+00 5.822665e-03
1.865000e+00 4.546110e-03
1.870000e+00 2.789936e-03
1.875000e+00 7.027423e-04
1.880000e+00 -1.280740e-03
1.885000e+00 -2.839719e-03
1.890000e+00 -4.363396e-03
1.895000e+00 -5.961799e-03
1.900000e+00 -7.259170e-03
1.905000e+00 -8.083424e-03
1.910000e+00 -8.734070e-03
1.915000e+00 -9.223663e-03
1.920000e+00 -9.181524e-03
1.925000e+00 -8.793536e-03
1.930000e+00 -7.905113e-03
1.935000e+00 -6.474395e-03
1.940000e+00 -4.987350e-03
1.945000e+00 -3.650904e-03
1.950000e+00 -2.243889e-03
1.955000e+00 -5.009976e-04
1.960000e+00 1.361484e-03
1.965000e+00 3.338919e-03
1.970000e+00 5.215381e-03
1.975000e+00 6.743816e-03
1.980000e+00 7.741392e-03
1.985000e+00 8.266169e-03
1.990000e+00 8.702545e-03
1.995000e+00 8.929489e-03
2 8.809545e-03
2.005000e+00 8.435830e-03
2.010000e+00 7.687180e-03
2.015000e+00 6.417888e-03
2.020000e+00 4.966348e-03
2.025000e+00 3.452013e-03
2.030000e+00 1.593261e-03
2.035000e+00 -3.868897e-04
2.040000e+00 -2.293973e-03
2.045000e+00 -4.179183e-03
2.050000e+00 -5.702057e-03
2.055000e+00 -6.746600e-03
2.060000e+00 -7.571615e-03
2.065000e+00 -8.160371e-03
2.070000e+00 -8.667445e-03
2.075000e+00 -9.077321e-03
2.080000e+00 -9.169410e-03
2.085000e+00 -8.747045e-03
2.090000e+00 -7.724769e-03
2.095000e+00 -6.203782e-03
2.100000e+00 -4.244904e-03
2.105000e+00 -2.292051e-03
2.110000e+00 -4.376239e-04
2.115000e+00 1.217525e-03
2.120000e+00 2.724449e-03
2.125000e+00 4.119894e-03
2.130000e+00 5.432354e-03
2.135000e+00 6.789339e-03
2.140000e+00 7.817362e-03
2.145000e+00 8.635256e-03
2.150000e+00 9.137840e-03
2.155000e+00 9.154306e-03
2.160000e+00 8.879675e-03
2.165000e+00 8.266833e-03
2.170000e+00 7.228121e-03
2.175000e+00 5.868931e-03
2.180000e+00 4.336087e-03
2.185000e+00 2.375094e-03
2.190000e+00 3.195897e-04
2.195000e+00 -1.734894e-03
2.200000e+00 -3.893196e-03
2.205000e+00 -5.646168e-03
2.210000e+00 -7.013881e-03
2.215000e+00 -7.969222e-03
2.220000e+00 -8.368536e-03
2.225000e+00 -8.351422e-03
2.230000e+00 -8.110078e-03
2.235000e+00 -7.610050e-03
2.240000e+00 -7.030940e-03
2.245000e+00 -6.485639e-03
2.250000e+00 -5.860753e-03
2.255000e+00 -5.186118e-03
2.260000e+00 -4.316946e-03
2.265000e+00 -3.145707e-03
2.270000e+00 -1.703096e-03
2.275000e+00 2.196408e-05
2.280000e+00 1.916053e-03
2.285000e+00 3.843109e-03
2.290000e+00 5.766524e-03
2.295000e+00 7.438281e-03
2.300000e+00 8.810057e-03
2.305000e+00 9.773041e-03
2.310000e+00 1.036500e-02
2.315000e+00 1.062555e-02
2.320000e+00 1.042288e-02
2.325000e+00 9.951896e-03
2.330000e+00 9.045580e-03
2.335000e+00 7.727013e-03
2.340000e+00 6.015018e-03
2.345000e+00 3.831153e-03
2.350000e+00 1.238665e-03
2.355000e+00 -1.745980e-03
2.360000e+00 -5.012161e-03
2.365000e+00 -8.395742e-03
2.370000e+00 -1.164375e-02
2.375000e+00 -1.467694e-02
2.380000e+00 -1.713472e-02
2.385000e+00 -1.895347e-02
2.390000e+00 -2.005808e-02
2.395000e+00 -2.013880e-02
2.400000e+00 -1.945536e-02
2.405000e+00 -1.788633e-02
2.410000e+00 -1.555695e-02
2.415000e+00 -1.272640e-02
2.420000e+00 -9.393562e-03
2.425000e+00 -5.789381e-03
2.430000e+00 -2.130242e-03
2.435000e+00 1.468549e-03
2.440000e+00 4.855442e-03
2.445000e+00 7.874927e-03
2.450000e+00 1.051998e-02
2.455000e+00 1.259739e-02
2.460000e+00 1.414398e-02
2.465000e+00 1.515188e-02
2.470000e+00 1.551869e-02
2.475000e+00 1.535800e-02
2.480000e+00 1.467583e-02
2.485000e+00 1.355069e-02
2.490000e+00 1.202032e-02
2.495000e+00 1.012180e-02
2.500000e+00 8.040745e-03
2.505000e+00 5.799292e-03
2.510000e+00 3.526279e-03
2.515000e+00 1.231090e-03
2.520000e+00 -8.935291e-04
2.525000e+00 -2.814103e-03
2.530000e+00 -4.521313e-03
2.535000e+00 -5.895176e-03
2.540000e+00 -6.942029e-03
2.545000e+00 -7.502834e-03
2.550000e+00 -7.729671e-03
2.555000e+00 -7.658964e-03
2.560000e+00 -7.167828e-03
2.565000e+00 -6.211865e-03
2.570000e+00 -5.067149e-03
2.575000e+00 -3.760127e-03
2.580000e+00 -2.230783e-03
2.585000e+00 -5.300701e-04
2.590000e+00 1.263072e-03
2.595000e+00 2.723324e-03
2.600000e+00 4.242468e-03
2.605000e+00 5.778663e-03
2.610000e+00 6.947633e-03
2.615000e+00 7.694607e-03
2.620000e+00 8.109201e-03
2.625000e+00 8.509456e-03
2.630000e+00 8.552006e-03
2.635000e+00 7.979193e-03
2.640000e+00 7.049379e-03
2.645000e+00 6.055833e-03
2.650000e+00 4.830060e-03
2.655000e+00 3.412418e-03
2.660000e+00 1.755504e-03
2.665000e+00 -3.720779e-05
2.670000e+00 -1.844928e-03
2.675000e+00 -3.447694e-03
2.680000e+00 -4.693271e-03
2.685000e+00 -6.054773e-03
2.690000e+00 -7.344973e-03
2.695000e+00 -8.127103e-03
2.700000e+00 -8.504560e-03
2.705000e+00 -8.529690e-03
2.710000e+00 -8.260139e-03
2.715000e+00 -7.760377e-03
2.720000e+00 -7.011995e-03
2.725000e+00 -5.892084e-03
2.730000e+00 -4.349675e-03
2.735000e+00 -2.772142e-03
2.740000e+00 -1.175895e-03
2.745000e+00 5.860178e-04
2.750000e+00 2.235529e-03
2.755000e+00 3.647388e-03
2.760000e+00 5.150468e-03
2.765000e+00 6.681936e-03
2.770000e+00 7.687131e-03
2.775000e+00 8.123747e-03
2.780000e+00 8.276939e-03
2.785000e+00 8.437396e-03
2.790000e+00 8.370931e-03
2.795000e+00 7.744031e-03
2.800000e+00 6.625911e-03
2.805000e+00 5.265568e-03
2.810000e+00 3.879582e-03
2.815000e+00 2.400534e-03
2.820000e+00 7.875248e-04
2.825000e+00 -9.486055e-04
2.830000e+00 -2.671552e-03
2.835000e+00 -4.339466e-03
2.840000e+00 -5.600109e-03
2.845000e+00 -6.794742e-03
2.850000e+00 -7.843218e-03
2.855000e+00 -8.335236e-03
2.860000e+00 -8.474940e-03
2.865000e+00 -8.419528e-03
2.870000e+00 -8.152486e-03
2.875000e+00 -7.393867e-03
2.880000e+00 -6.373634e-03
2.885000e+00 -5.114642e-03
2.890000e+00 -3.438561e-03
2.895000e+00 -1.674071e-03
2.900000e+00 -9.159326e-05
2.905000e+00 1.512837e-03
2.910000e+00 3.065125e-03
2.915000e+00 4.503795e-03
2.920000e+00 5.965275e-03
2.925000e+00 7.297817e-03
2.930000e+00 8.234256e-03
2.935000e+00 8.546305e-03
2.940000e+00 8.476136e-03
2.945000e+00 8.135395e-03
2.950000e+00 7.627515e-03
2.955000e+00 7.002881e-03
2.960000e+00 6.127530e-03
2.965000e+00 4.936810e-03
2.970000e+00 3.216206e-03
2.975000e+00 1.299678e-03
2.980000e+00 -4.953498e-04
2.985000e+00 -2.186423e-03
2.990000e+00 -3.652789e-03
2.995000e+00 -4.933745e-03
3 -6.189106e-03
