T X
0 0
5.000000e-03 -2.244640e-08
1.000000e-02 6.825658e-09
1.500000e-02 2.211794e-08
2.000000e-02 9.120304e-09
2.500000e-02 7.203129e-08
3.000000e-02 -8.113345e-09
3.500000e-02 1.726377e-07
4.000000e-02 9.779556e-07
4.500000e-02 2.600666e-06
5.000000e-02 1.974229e-06
5.500000e-02 -1.744323e-05
6.000000e-02 -7.076343e-05
6.500000e-02 -6.274555e-05
7.000000e-02 3.562010e-04
7.500000e-02 1.609201e-03
8.000000e-02 3.582469e-03
8.500000e-02 5.498890e-03
9.000000e-02 6.893215e-03
9.500000e-02 8.108837e-03
1.000000e-01 9.252003e-03
1.050000e-01 9.868994e-03
1.100000e-01 1.000099e-02
1.150000e-01 9.907380e-03
1.200000e-01 9.338280e-03
1.250000e-01 8.336025e-03
1.300000e-01 7.143299e-03
1.350000e-01 5.576280e-03
1.400000e-01 3.782640e-03
1.450000e-01 1.978359e-03
1.500000e-01 5.171976e-06
1.550000e-01 -1.953120e-03
1.600000e-01 -3.832325e-03
1.650000e-01 -5.666808e-03
1.700000e-01 -7.171862e-03
1.750000e-01 -8.420346e-03
1.800000e-01 -9.379084e-03
1.850000e-01 -9.894308e-03
1.900000e-01 -1.008689e-02
1.950000e-01 -9.824229e-03
2.000000e-01 -9.181296e-03
2.050000e-01 -8.215916e-03
2.100000e-01 -6.840528e-03
2.150000e-01 -5.266330e-03
2.200000e-01 -3.441387e-03
2.250000e-01 -1.487195e-03
2.300000e-01 4.874093e-04
2.350000e-01 2.517212e-03
2.400000e-01 4.376703e-03
2.450000e-01 6.108097e-03
2.500000e-01 7.579178e-03
2.550000e-01 8.721643e-03
2.600000e-01 9.570929e-03
2.650000e-01 9.988528e-03
2.700000e-01 1.005349e-02
2.750000e-01 9.678573e-03
2.800000e-01 8.926785e-03
2.850000e-01 7.836036e-03
2.900000e-01 6.404780e-03
2.950000e-01 4.769141e-03
3.000000e-01 2.879250e-03
3.050000e-01 9.184718e-04
3.100000e-01 -1.098497e-03
3.150000e-01 -3.072454e-03
3.200000e-01 -4.891782e-03
3.250000e-01 -6.564745e-03
3.300000e-01 -7.934721e-03
3.350000e-01 -9.027411e-03
3.400000e-01 -9.726503e-03
3.450000e-01 -1.005152e-02
3.500000e-01 -9.972495e-03
3.550000e-01 -9.493987e-03
3.600000e-01 -8.659952e-03
3.650000e-01 -7.442714e-03
3.700000e-01 -5.966351e-03
3.750000e-01 -4.210554e-03
3.800000e-01 -2.322535e-03
3.850000e-01 -3.302162e-04
3.900000e-01 1.679059e-03
3.950000e-01 3.608200e-03
4.000000e-01 5.425497e-03
4.050000e-01 6.987474e-03
4.100000e-01 8.302245e-03
4.150000e-01 9.254178e-03
4.200000e-01 9.863028e-03
4.250000e-01 1.007356e-02
4.300000e-01 9.879266e-03
4.350000e-01 9.296537e-03
4.400000e-01 8.323139e-03
4.450000e-01 7.041685e-03
4.500000e-01 5.459583e-03
4.550000e-01 3.691779e-03
4.600000e-01 1.742465e-03
4.650000e-01 -2.520899e-04
4.700000e-01 -2.259609e-03
4.750000e-01 -4.162826e-03
4.800000e-01 -5.895310e-03
4.850000e-01 -7.408898e-03
4.900000e-01 -8.604661e-03
4.950000e-01 -9.491875e-03
5.000000e-01 -9.959484e-03
5.050000e-01 -1.006207e-02
5.100000e-01 -9.730173e-03
5.150000e-01 -9.041446e-03
5.200000e-01 -7.981319e-03
5.250000e-01 -6.608660e-03
5.300000e-01 -4.977653e-03
5.350000e-01 -3.125814e-03
5.400000e-01 -1.181431e-03
5.450000e-01 8.436566e-04
5.500000e-01 2.799767e-03
5.550000e-01 4.683674e-03
5.600000e-01 6.360527e-03
5.650000e-01 7.803823e-03
5.700000e-01 8.921992e-03
5.750000e-01 9.685091e-03
5.800000e-01 1.006483e-02
5.850000e-01 1.003852e-02
5.900000e-01 9.625019e-03
5.950000e-01 8.802477e-03
6.000000e-01 7.647070e-03
6.050000e-01 6.153680e-03
6.100000e-01 4.450079e-03
6.150000e-01 2.542440e-03
6.200000e-01 5.643032e-04
6.250000e-01 -1.458324e-03
6.300000e-01 -3.407094e-03
6.350000e-01 -5.220111e-03
6.400000e-01 -6.822707e-03
6.450000e-01 -8.139138e-03
6.500000e-01 -9.153939e-03
6.550000e-01 -9.783939e-03
6.600000e-01 -1.005521e-02
6.650000e-01 -9.891204e-03
6.700000e-01 -9.365112e-03
6.750000e-01 -8.435382e-03
6.800000e-01 -7.203374e-03
6.850000e-01 -5.663682e-03
6.900000e-01 -3.910693e-03
6.950000e-01 -1.992898e-03
7.000000e-01 1.029971e-05
7.050000e-01 1.995538e-03
7.100000e-01 3.920965e-03
7.150000e-01 5.663564e-03
7.200000e-01 7.215982e-03
7.250000e-01 8.454618e-03
7.300000e-01 9.381567e-03
7.350000e-01 9.910381e-03
7.400000e-01 1.005963e-02
7.450000e-01 9.800279e-03
7.500000e-01 9.156476e-03
7.550000e-01 8.145553e-03
7.600000e-01 6.811098e-03
7.650000e-01 5.198663e-03
7.700000e-01 3.361103e-03
7.750000e-01 1.403740e-03
7.800000e-01 -5.807794e-04
7.850000e-01 -2.555092e-03
7.900000e-01 -4.505604e-03
7.950000e-01 -6.233233e-03
8.000000e-01 -7.603711e-03
8.050000e-01 -8.695553e-03
8.100000e-01 -9.658565e-03
8.150000e-01 -1.015323e-02
8.200000e-01 -9.983246e-03
8.250000e-01 -9.455842e-03
8.300000e-01 -8.910202e-03
8.350000e-01 -7.962490e-03
8.400000e-01 -6.374700e-03
8.450000e-01 -4.529385e-03
8.500000e-01 -2.689816e-03
8.550000e-01 -8.111083e-04
8.600000e-01 1.093928e-03
8.650000e-01 2.966960e-03
8.700000e-01 4.979721e-03
8.750000e-01 6.801732e-03
8.800000e-01 8.124214e-03
8.850000e-01 9.014203e-03
8.900000e-01 9.611496e-03
8.950000e-01 9.859007e-03
9.000000e-01 9.913016e-03
9.050000e-01 9.664441e-03
9.100000e-01 8.816542e-03
9.150000e-01 7.483971e-03
9.200000e-01 5.833974e-03
9.250000e-01 3.920854e-03
9.300000e-01 1.998785e-03
9.350000e-01 2.254754e-04
9.400000e-01 -1.587183e-03
9.450000e-01 -3.417058e-03
9.500000e-01 -5.306115e-03
9.550000e-01 -7.098074e-03
9.600000e-01 -8.503502e-03
9.650000e-01 -9.531036e-03
9.700000e-01 -1.027398e-02
9.750000e-01 -1.029748e-02
9.800000e-01 -9.599615e-03
9.850000e-01 -8.678658e-03
9.900000e-01 -7.833083e-03
9.950000e-01 -6.935272e-03
1 -5.571267e-03
1.005000e+00 -3.790920e-03
1.010000e+00 -1.988107e-03
1.015000e+00 -9.429468e-05
1.020000e+00 2.012295e-03
1.025000e+00 4.055729e-03
1.030000e+00 6.160285e-03
1.035000e+00 8.175911e-03
1.040000e+00 9.584923e-03
1.045000e+00 1.022114e-02
1.050000e+00 1.026425e-02
1.055000e+00 9.782539e-03
1.060000e+00 8.963509e-03
1.065000e+00 7.969375e-03
1.070000e+00 6.969358e-03
1.075000e+00 5.767412e-03
1.080000e+00 4.273955e-03
1.085000e+00 2.738489e-03
1.090000e+00 1.129723e-03
1.095000e+00 -3.773458e-04
1.100000e+00 -1.592160e-03
1.105000e+00 -2.734823e-03
1.110000e+00 -3.951082e-03
1.115000e+00 -5.197470e-03
1.120000e+00 -6.730649e-03
1.125000e+00 -8.352760e-03
1.130000e+00 -9.865175e-03
1.135000e+00 -1.116841e-02
1.140000e+00 -1.211126e-02
1.145000e+00 -1.260195e-02
1.150000e+00 -1.266302e-02
1.155000e+00 -1.238294e-02
1.160000e+00 -1.175588e-02
1.165000e+00 -1.084150e-02
1.170000e+00 -9.813120e-03
1.175000e+00 -8.531491e-03
1.180000e+00 -7.006171e-03
1.185000e+00 -5.302282e-03
1.190000e+00 -3.175185e-03
1.195000e+00 -8.176641e-04
1.200000e+00 1.682226e-03
1.205000e+00 4.347322e-03
1.210000e+00 6.849226e-03
1.215000e+00 9.052237e-03
1.220000e+00 1.087673e-02
1.225000e+00 1.198886e-02
1.230000e+00 1.245380e-02
1.235000e+00 1.222326e-02
1.240000e+00 1.132368e-02
1.245000e+00 9.898738e-03
1.250000e+00 8.052981e-03
1.255000e+00 5.918345e-03
1.260000e+00 3.663531e-03
1.265000e+00 1.466460e-03
1.270000e+00 -6.047429e-04
1.275000e+00 -2.404368e-03
1.280000e+00 -3.867349e-03
1.285000e+00 -5.035999e-03
1.290000e+00 -5.717949e-03
1.295000e+00 -5.985558e-03
1.300000e+00 -5.901612e-03
1.305000e+00 -5.345132e-03
1.310000e+00 -4.518471e-03
1.315000e+00 -3.370126e-03
1.320000e+00 -1.969950e-03
1.325000e+00 -4.420712e-04
1.330000e+00 1.231687e-03
1.335000e+00 2.868935e-03
1.340000e+00 4.398820e-03
1.345000e+00 5.859418e-03
1.350000e+00 7.055077e-03
1.355000e+00 8.030537e-03
1.360000e+00 8.668623e-03
1.365000e+00 8.944631e-03
1.370000e+00 8.902231e-03
1.375000e+00 8.485728e-03
1.380000e+00 7.733056e-03
1.385000e+00 6.684239e-03
1.390000e+00 5.343414e-03
1.395000e+00 3.765622e-03
1.400000e+00 2.079276e-03
1.405000e+00 2.729079e-04
1.410000e+00 -1.537569e-03
1.415000e+00 -3.257363e-03
1.420000e+00 -4.917172e-03
1.425000e+00 -6.340749e-03
1.430000e+00 -7.495329e-03
1.435000e+00 -8.406126e-03
1.440000e+00 -8.884471e-03
1.445000e+00 -9.114133e-03
1.450000e+00 -8.938077e-03
1.455000e+00 -8.381638e-03
1.460000e+00 -7.542620e-03
1.465000e+00 -6.326545e-03
1.470000e+00 -4.931720e-03
1.475000e+00 -3.350504e-03
1.480000e+00 -1.563784e-03
1.485000e+00 2.240554e-04
1.490000e+00 2.030696e-03
1.495000e+00 3.754558e-03
1.500000e+00 5.310777e-03
1.505000e+00 6.679932e-03
1.510000e+00 7.752154e-03
1.515000e+00 8.543773e-03
1.520000e+00 9.014223e-03
1.525000e+00 9.088672e-03
1.530000e+00 8.795932e-03
1.535000e+00 8.194727e-03
1.540000e+00 7.220125e-03
1.545000e+00 6.003031e-03
1.550000e+00 4.519115e-03
1.555000e+00 2.838349e-03
1.560000e+00 1.068613e-03
1.565000e+00 -7.759091e-04
1.570000e+00 -2.540778e-03
1.575000e+00 -4.226475e-03
1.580000e+00 -5.761736e-03
1.585000e+00 -7.029653e-03
1.590000e+00 -8.080476e-03
1.595000e+00 -8.720176e-03
1.600000e+00 -9.065276e-03
1.605000e+00 -9.049025e-03
1.610000e+00 -8.641771e-03
1.615000e+00 -7.963712e-03
1.620000e+00 -6.870282e-03
1.625000e+00 -5.542508e-03
1.630000e+00 -4.004461e-03
1.635000e+00 -2.323622e-03
1.640000e+00 -5.411827e-04
1.645000e+00 1.314132e-03
1.650000e+00 3.052535e-03
1.655000e+00 4.667390e-03
1.660000e+00 6.135638e-03
1.665000e+00 7.361540e-03
1.670000e+00 8.264838e-03
1.675000e+00 8.810742e-03
1.680000e+00 9.071909e-03
1.685000e+00 9.021726e-03
1.690000e+00 8.503746e-03
1.695000e+00 7.578128e-03
1.700000e+00 6.528434e-03
1.705000e+00 5.255529e-03
1.710000e+00 3.644441e-03
1.715000e+00 1.712828e-03
1.720000e+00 -8.891559e-05
1.725000e+00 -1.674354e-03
1.730000e+00 -3.452322e-03
1.735000e+00 -5.225149e-03
1.740000e+00 -6.686558e-03
1.745000e+00 -7.692103e-03
1.750000e+00 -8.437005e-03
1.755000e+00 -8.966129e-03
1.760000e+00 -9.088188e-03
1.765000e+00 -8.953734e-03
1.770000e+00 -8.359227e-03
1.775000e+00 -7.274935e-03
1.780000e+00 -5.972578e-03
1.785000e+00 -4.605936e-03
1.790000e+00 -3.122827e-03
1.795000e+00 -1.311631e-03
1.800000e+00 5.483969e-04
1.805000e+00 2.421974e-03
1.810000e+00 4.158423e-03
1.815000e+00 5.537308e-03
1.820000e+00 6.746367e-03
1.825000e+00 7.856037e-03
1.830000e+00 8.665819e-03
1.835000e+00 9.075261e-03
1.840000e+00 9.140008e-03
1.845000e+00 8.791135e-03
1.850000e+00 7.919929e-03
1.855000e+00 6.836948e-03
1.860000e+00 5.772331e-03
1.865000e+00 4.462729e-03
1.870000e+00 2.733224e-03
1.875000e+00 7.109577e-04
1.880000e+00 -1.235250e-03
1.885000e+00 -2.865647e-03
1.890000e+00 -4.408370e-03
1.895000e+00 -5.954755e-03
1.900000e+00 -7.233193e-03
1.905000e+00 -8.061228e-03
1.910000e+00 -8.730107e-03
1.915000e+00 -9.195212e-03
1.920000e+00 -9.150303e-03
1.925000e+00 -8.746389e-03
1.930000e+00 -7.843951e-03
1.935000e+00 -6.484275e-03
1.940000e+00 -4.992125e-03
1.945000e+00 -3.646167e-03
1.950000e+00 -2.228512e-03
1.955000e+00 -5.011028e-04
1.960000e+00 1.381449e-03
1.965000e+00 3.353460e-03
1.970000e+00 5.169766e-03
1.975000e+00 6.661105e-03
1.980000e+00 7.696825e-03
1.985000e+00 8.266534e-03
1.990000e+00 8.699307e-03
1.995000e+00 8.905841e-03
2 8.784075e-03
2.005000e+00 8.385920e-03
2.010000e+00 7.624366e-03
2.015000e+00 6.406667e-03
2.020000e+00 4.980384e-03
2.025000e+00 3.417442e-03
2.030000e+00 1.566183e-03
2.035000e+00 -3.545353e-04
2.040000e+00 -2.265083e-03
2.045000e+00 -4.133377e-03
2.050000e+00 -5.648482e-03
2.055000e+00 -6.712768e-03
2.060000e+00 -7.549285e-03
2.065000e+00 -8.148711e-03
2.070000e+00 -8.616663e-03
2.075000e+00 -9.027064e-03
2.080000e+00 -9.106809e-03
2.085000e+00 -8.663970e-03
2.090000e+00 -7.664605e-03
2.095000e+00 -6.118682e-03
2.100000e+00 -4.241966e-03
2.105000e+00 -2.316552e-03
2.110000e+00 -4.786413e-04
2.115000e+00 1.195032e-03
2.120000e+00 2.702479e-03
2.125000e+00 4.126574e-03
2.130000e+00 5.457075e-03
2.135000e+00 6.749224e-03
2.140000e+00 7.778998e-03
2.145000e+00 8.582829e-03
2.150000e+00 9.083578e-03
2.155000e+00 9.111801e-03
2.160000e+00 8.808892e-03
2.165000e+00 8.172437e-03
2.170000e+00 7.164931e-03
2.175000e+00 5.842283e-03
2.180000e+00 4.285130e-03
2.185000e+00 2.360714e-03
2.190000e+00 3.061251e-04
2.195000e+00 -1.756398e-03
2.200000e+00 -3.826066e-03
2.205000e+00 -5.571102e-03
2.210000e+00 -6.924455e-03
2.215000e+00 -7.904445e-03
2.220000e+00 -8.308881e-03
2.225000e+00 -8.319141e-03
2.230000e+00 -8.070234e-03
2.235000e+00 -7.576079e-03
2.240000e+00 -7.047609e-03
2.245000e+00 -6.507370e-03
2.250000e+00 -5.865649e-03
2.255000e+00 -5.132965e-03
2.260000e+00 -4.253076e-03
2.265000e+00 -3.084304e-03
2.270000e+00 -1.644365e-03
2.275000e+00 3.284225e-05
2.280000e+00 1.953947e-03
2.285000e+00 3.894288e-03
2.290000e+00 5.744361e-03
2.295000e+00 7.373667e-03
2.300000e+00 8.734977e-03
2.305000e+00 9.717021e-03
2.310000e+00 1.030843e-02
2.315000e+00 1.053902e-02
2.320000e+00 1.034223e-02
2.325000e+00 9.848956e-03
2.330000e+00 8.934492e-03
2.335000e+00 7.630409e-03
2.340000e+00 5.930632e-03
2.345000e+00 3.744895e-03
2.350000e+00 1.122315e-03
2.355000e+00 -1.799880e-03
2.360000e+00 -5.044666e-03
2.365000e+00 -8.377389e-03
2.370000e+00 -1.157314e-02
2.375000e+00 -1.459230e-02
2.380000e+00 -1.702036e-02
2.385000e+00 -1.881860e-02
2.390000e+00 -1.984400e-02
2.395000e+00 -1.996068e-02
2.400000e+00 -1.927283e-02
2.405000e+00 -1.772821e-02
2.410000e+00 -1.544355e-02
2.415000e+00 -1.259489e-02
2.420000e+00 -9.302846e-03
2.425000e+00 -5.739363e-03
2.430000e+00 -2.149450e-03
2.435000e+00 1.450969e-03
2.440000e+00 4.798474e-03
2.445000e+00 7.805738e-03
2.450000e+00 1.043075e-02
2.455000e+00 1.247834e-02
2.460000e+00 1.402924e-02
2.465000e+00 1.501208e-02
2.470000e+00 1.539402e-02
2.475000e+00 1.525196e-02
2.480000e+00 1.457481e-02
2.485000e+00 1.342879e-02
2.490000e+00 1.192834e-02
2.495000e+00 1.005975e-02
2.500000e+00 7.979448e-03
2.505000e+00 5.781094e-03
2.510000e+00 3.511032e-03
2.515000e+00 1.243045e-03
2.520000e+00 -8.872020e-04
2.525000e+00 -2.773190e-03
2.530000e+00 -4.442933e-03
2.535000e+00 -5.810928e-03
2.540000e+00 -6.859316e-03
2.545000e+00 -7.442095e-03
2.550000e+00 -7.643220e-03
2.555000e+00 -7.552441e-03
2.560000e+00 -7.047862e-03
2.565000e+00 -6.157120e-03
2.570000e+00 -5.021537e-03
2.575000e+00 -3.700967e-03
2.580000e+00 -2.185475e-03
2.585000e+00 -4.733016e-04
2.590000e+00 1.234498e-03
2.595000e+00 2.716142e-03
2.600000e+00 4.230260e-03
2.605000e+00 5.717536e-03
2.610000e+00 6.893937e-03
2.615000e+00 7.642196e-03
2.620000e+00 8.051753e-03
2.625000e+00 8.406486e-03
2.630000e+00 8.464505e-03
2.635000e+00 7.881430e-03
2.640000e+00 7.012618e-03
2.645000e+00 5.995000e-03
2.650000e+00 4.760820e-03
2.655000e+00 3.354203e-03
2.660000e+00 1.702889e-03
2.665000e+00 -3.737042e-05
2.670000e+00 -1.799714e-03
2.675000e+00 -3.418892e-03
2.680000e+00 -4.729995e-03
2.685000e+00 -6.020971e-03
2.690000e+00 -7.221401e-03
2.695000e+00 -8.047082e-03
2.700000e+00 -8.448720e-03
2.705000e+00 -8.468207e-03
2.710000e+00 -8.175633e-03
2.715000e+00 -7.686496e-03
2.720000e+00 -6.930006e-03
2.725000e+00 -5.795432e-03
2.730000e+00 -4.322406e-03
2.735000e+00 -2.746826e-03
2.740000e+00 -1.149297e-03
2.745000e+00 5.963913e-04
2.750000e+00 2.224987e-03
2.755000e+00 3.644198e-03
2.760000e+00 5.123060e-03
2.765000e+00 6.609823e-03
2.770000e+00 7.610121e-03
2.775000e+00 8.034759e-03
2.780000e+00 8.248171e-03
2.785000e+00 8.366221e-03
2.790000e+00 8.254427e-03
2.795000e+00 7.658772e-03
2.800000e+00 6.549741e-03
2.805000e+00 5.235074e-03
2.810000e+00 3.831830e-03
2.815000e+00 2.365175e-03
2.820000e+00 7.407417e-04
2.825000e+00 -9.415486e-04
2.830000e+00 -2.658169e-03
2.835000e+00 -4.308699e-03
2.840000e+00 -5.577993e-03
2.845000e+00 -6.729442e-03
2.850000e+00 -7.738833e-03
2.855000e+00 -8.294563e-03
2.860000e+00 -8.410911e-03
2.865000e+00 -8.339451e-03
2.870000e+00 -8.044184e-03
2.875000e+00 -7.312170e-03
2.880000e+00 -6.306550e-03
2.885000e+00 -5.060236e-03
2.890000e+00 -3.424027e-03
2.895000e+00 -1.641701e-03
2.900000e+00 -4.959836e-05
2.905000e+00 1.516366e-03
2.910000e+00 3.014911e-03
2.915000e+00 4.504446e-03
2.920000e+00 5.931486e-03
2.925000e+00 7.195963e-03
2.930000e+00 8.117864e-03
2.935000e+00 8.448158e-03
2.940000e+00 8.383783e-03
2.945000e+00 8.038476e-03
2.950000e+00 7.544297e-03
2.955000e+00 6.943157e-03
2.960000e+00 6.047400e-03
2.965000e+00 4.780649e-03
2.970000e+00 3.149036e-03
2.975000e+00 1.289274e-03
2.980000e+00 -4.841309e-04
2.985000e+00 -2.178346e-03
2.990000e+00 -3.642954e-03
2.995000e+00 -4.915314e-03
3 -6.141914e-03
