T X
0 0
5.000000e-03 -5.289335e-09
1.000000e-02 4.486797e-08
1.500000e-02 5.048727e-07
2.000000e-02 4.479459e-06
2.500000e-02 2.852139e-05
3.000000e-02 1.339099e-04
3.500000e-02 4.795952e-04
4.000000e-02 1.335171e-03
4.500000e-02 2.925391e-03
5.000000e-02 5.097350e-03
5.500000e-02 7.185259e-03
6.000000e-02 8.525561e-03
6.500000e-02 9.192589e-03
7.000000e-02 9.768861e-03
7.500000e-02 1.027533e-02
8.000000e-02 1.013508e-02
8.500000e-02 9.343553e-03
9.000000e-02 8.434699e-03
9.500000e-02 7.296884e-03
1.000000e-01 5.585024e-03
1.050000e-01 3.718261e-03
1.100000e-01 1.952731e-03
1.150000e-01 -7.410881e-05
1.200000e-01 -2.150535e-03
1.250000e-01 -3.901652e-03
1.300000e-01 -5.643129e-03
1.350000e-01 -7.289337e-03
1.400000e-01 -8.457076e-03
1.450000e-01 -9.414422e-03
1.500000e-01 -1.008739e-02
1.550000e-01 -1.013876e-02
1.600000e-01 -9.885644e-03
1.650000e-01 -9.319431e-03
1.700000e-01 -8.228938e-03
1.750000e-01 -6.914925e-03
1.800000e-01 -5.316693e-03
1.850000e-01 -3.381773e-03
1.900000e-01 -1.448855e-03
1.950000e-01 5.587259e-04
2.000000e-01 2.619922e-03
2.050000e-01 4.502170e-03
2.100000e-01 6.221400e-03
2.150000e-01 7.675516e-03
2.200000e-01 8.822525e-03
2.250000e-01 9.662860e-03
2.300000e-01 1.008391e-02
2.350000e-01 1.010497e-02
2.400000e-01 9.727091e-03
2.450000e-01 9.002723e-03
2.500000e-01 7.906801e-03
2.550000e-01 6.416833e-03
2.600000e-01 4.767263e-03
2.650000e-01 2.887080e-03
2.700000e-01 8.359695e-04
2.750000e-01 -1.137307e-03
2.800000e-01 -3.147369e-03
2.850000e-01 -5.015872e-03
2.900000e-01 -6.654692e-03
2.950000e-01 -8.106356e-03
3.000000e-01 -9.131386e-03
3.050000e-01 -9.828562e-03
3.100000e-01 -1.016842e-02
3.150000e-01 -1.002554e-02
3.200000e-01 -9.556115e-03
3.250000e-01 -8.705596e-03
3.300000e-01 -7.457573e-03
3.350000e-01 -5.937203e-03
3.400000e-01 -4.217078e-03
3.450000e-01 -2.295681e-03
3.500000e-01 -2.732348e-04
3.550000e-01 1.707935e-03
3.600000e-01 3.699261e-03
3.650000e-01 5.528884e-03
3.700000e-01 7.084687e-03
3.750000e-01 8.416602e-03
3.800000e-01 9.388986e-03
3.850000e-01 9.972370e-03
3.900000e-01 1.017590e-02
3.950000e-01 9.973194e-03
4.000000e-01 9.346895e-03
4.050000e-01 8.356962e-03
4.100000e-01 7.058689e-03
4.150000e-01 5.453639e-03
4.200000e-01 3.654356e-03
4.250000e-01 1.698053e-03
4.300000e-01 -3.314153e-04
4.350000e-01 -2.327049e-03
4.400000e-01 -4.246268e-03
4.450000e-01 -5.975199e-03
4.500000e-01 -7.490600e-03
4.550000e-01 -8.717413e-03
4.600000e-01 -9.587642e-03
4.650000e-01 -1.008561e-02
4.700000e-01 -1.015139e-02
4.750000e-01 -9.824281e-03
4.800000e-01 -9.111882e-03
4.850000e-01 -8.033212e-03
4.900000e-01 -6.629975e-03
4.950000e-01 -4.963009e-03
5.000000e-01 -3.096767e-03
5.050000e-01 -1.088139e-03
5.100000e-01 9.226998e-04
5.150000e-01 2.903862e-03
5.200000e-01 4.788091e-03
5.250000e-01 6.462676e-03
5.300000e-01 7.893191e-03
5.350000e-01 9.011333e-03
5.400000e-01 9.758623e-03
5.450000e-01 1.011614e-02
5.500000e-01 1.008438e-02
5.550000e-01 9.654922e-03
5.600000e-01 8.840561e-03
5.650000e-01 7.659645e-03
5.700000e-01 6.170931e-03
5.750000e-01 4.439469e-03
5.800000e-01 2.527364e-03
5.850000e-01 5.246554e-04
5.900000e-01 -1.505364e-03
5.950000e-01 -3.481692e-03
6.000000e-01 -5.317865e-03
6.050000e-01 -6.919721e-03
6.100000e-01 -8.256807e-03
6.150000e-01 -9.270468e-03
6.200000e-01 -9.894348e-03
6.250000e-01 -1.015451e-02
6.300000e-01 -9.987622e-03
6.350000e-01 -9.401642e-03
6.400000e-01 -8.479623e-03
6.450000e-01 -7.207176e-03
6.500000e-01 -5.639193e-03
6.550000e-01 -3.887098e-03
6.600000e-01 -1.961433e-03
6.650000e-01 6.816440e-05
6.700000e-01 2.078291e-03
6.750000e-01 4.014029e-03
6.800000e-01 5.774901e-03
6.850000e-01 7.307685e-03
6.900000e-01 8.573868e-03
6.950000e-01 9.488554e-03
7.000000e-01 1.002281e-02
7.050000e-01 1.015625e-02
7.100000e-01 9.875316e-03
7.150000e-01 9.197788e-03
7.200000e-01 8.167837e-03
7.250000e-01 6.816589e-03
7.300000e-01 5.180803e-03
7.350000e-01 3.337829e-03
7.400000e-01 1.362947e-03
7.450000e-01 -6.583785e-04
7.500000e-01 -2.654450e-03
7.550000e-01 -4.548224e-03
7.600000e-01 -6.263792e-03
7.650000e-01 -7.740888e-03
7.700000e-01 -8.901029e-03
7.750000e-01 -9.704847e-03
7.800000e-01 -1.011156e-02
7.850000e-01 -1.011667e-02
7.900000e-01 -9.741311e-03
7.950000e-01 -8.954222e-03
8.000000e-01 -7.803570e-03
8.050000e-01 -6.356157e-03
8.100000e-01 -4.646609e-03
8.150000e-01 -2.764945e-03
8.200000e-01 -7.793211e-04
8.250000e-01 1.255242e-03
8.300000e-01 3.230649e-03
8.350000e-01 5.080641e-03
8.400000e-01 6.742023e-03
8.450000e-01 8.101639e-03
8.500000e-01 9.144502e-03
8.550000e-01 9.855518e-03
8.600000e-01 1.015444e-02
8.650000e-01 1.004337e-02
8.700000e-01 9.551330e-03
8.750000e-01 8.659698e-03
8.800000e-01 7.409925e-03
8.850000e-01 5.884457e-03
8.900000e-01 4.128316e-03
8.950000e-01 2.202823e-03
9.000000e-01 1.814810e-04
9.050000e-01 -1.847717e-03
9.100000e-01 -3.798445e-03
9.150000e-01 -5.587849e-03
9.200000e-01 -7.153865e-03
9.250000e-01 -8.444553e-03
9.300000e-01 -9.403216e-03
9.350000e-01 -9.989860e-03
9.400000e-01 -1.016872e-02
9.450000e-01 -9.934410e-03
9.500000e-01 -9.313283e-03
9.550000e-01 -8.327330e-03
9.600000e-01 -7.002885e-03
9.650000e-01 -5.405028e-03
9.700000e-01 -3.578923e-03
9.750000e-01 -1.610131e-03
9.800000e-01 4.181958e-04
9.850000e-01 2.424153e-03
9.900000e-01 4.333128e-03
9.950000e-01 6.081843e-03
1 7.576996e-03
1.005000e+00 8.777012e-03
1.010000e+00 9.608151e-03
1.015000e+00 1.007130e-02
1.020000e+00 1.013007e-02
1.025000e+00 9.780099e-03
1.030000e+00 9.074521e-03
1.035000e+00 7.971893e-03
1.040000e+00 6.553616e-03
1.045000e+00 4.885281e-03
1.050000e+00 3.009972e-03
1.055000e+00 1.032161e-03
1.060000e+00 -9.897372e-04
1.065000e+00 -2.987499e-03
1.070000e+00 -4.859422e-03
1.075000e+00 -6.546464e-03
1.080000e+00 -7.962525e-03
1.085000e+00 -9.053328e-03
1.090000e+00 -9.794634e-03
1.095000e+00 -1.013819e-02
1.100000e+00 -1.008733e-02
1.105000e+00 -9.626839e-03
1.110000e+00 -8.782337e-03
1.115000e+00 -7.575723e-03
1.120000e+00 -6.077722e-03
1.125000e+00 -4.361518e-03
1.130000e+00 -2.441537e-03
1.135000e+00 -4.402844e-04
1.140000e+00 1.585183e-03
1.145000e+00 3.572778e-03
1.150000e+00 5.381602e-03
1.155000e+00 6.991777e-03
1.160000e+00 8.352726e-03
1.165000e+00 9.366920e-03
1.170000e+00 1.000426e-02
1.175000e+00 1.018936e-02
1.180000e+00 9.833799e-03
1.185000e+00 8.877841e-03
1.190000e+00 7.249149e-03
1.195000e+00 4.898981e-03
1.200000e+00 1.873806e-03
1.205000e+00 -1.659749e-03
1.210000e+00 -5.444580e-03
1.215000e+00 -9.107390e-03
1.220000e+00 -1.227002e-02
1.225000e+00 -1.471853e-02
1.230000e+00 -1.633019e-02
1.235000e+00 -1.716543e-02
1.240000e+00 -1.740852e-02
1.245000e+00 -1.712033e-02
1.250000e+00 -1.631364e-02
1.255000e+00 -1.485524e-02
1.260000e+00 -1.252900e-02
1.265000e+00 -9.287193e-03
1.270000e+00 -5.202166e-03
1.275000e+00 -4.898522e-04
1.280000e+00 4.510736e-03
1.285000e+00 9.567924e-03
1.290000e+00 1.449869e-02
1.295000e+00 1.902705e-02
1.300000e+00 2.287152e-02
1.305000e+00 2.564516e-02
1.310000e+00 2.701175e-02
1.315000e+00 2.701034e-02
1.320000e+00 2.588413e-02
1.325000e+00 2.396702e-02
1.330000e+00 2.148881e-02
1.335000e+00 1.834747e-02
1.340000e+00 1.436304e-02
1.345000e+00 9.522459e-03
1.350000e+00 4.093395e-03
1.355000e+00 -1.472924e-03
1.360000e+00 -6.759472e-03
1.365000e+00 -1.156971e-02
1.370000e+00 -1.595623e-02
1.375000e+00 -1.987671e-02
1.380000e+00 -2.315829e-02
1.385000e+00 -2.559370e-02
1.390000e+00 -2.691913e-02
1.395000e+00 -2.708461e-02
1.400000e+00 -2.612888e-02
1.405000e+00 -2.407828e-02
1.410000e+00 -2.110513e-02
1.415000e+00 -1.732641e-02
1.420000e+00 -1.289835e-02
1.425000e+00 -8.023103e-03
1.430000e+00 -2.770751e-03
1.435000e+00 2.704936e-03
1.440000e+00 8.101793e-03
1.445000e+00 1.311863e-02
1.450000e+00 1.747715e-02
1.455000e+00 2.108648e-02
1.460000e+00 2.398427e-02
1.465000e+00 2.602464e-02
1.470000e+00 2.701350e-02
1.475000e+00 2.684133e-02
1.480000e+00 2.553499e-02
1.485000e+00 2.323387e-02
1.490000e+00 2.010806e-02
1.495000e+00 1.627928e-02
1.500000e+00 1.171003e-02
1.505000e+00 6.451520e-03
1.510000e+00 8.914628e-04
1.515000e+00 -4.386684e-03
1.520000e+00 -9.272197e-03
1.525000e+00 -1.413417e-02
1.530000e+00 -1.876811e-02
1.535000e+00 -2.237675e-02
1.540000e+00 -2.472742e-02
1.545000e+00 -2.626020e-02
1.550000e+00 -2.702727e-02
1.555000e+00 -2.662769e-02
1.560000e+00 -2.501606e-02
1.565000e+00 -2.248300e-02
1.570000e+00 -1.904871e-02
1.575000e+00 -1.478640e-02
1.580000e+00 -1.010059e-02
1.585000e+00 -5.051038e-03
1.590000e+00 4.066218e-04
1.595000e+00 5.875587e-03
1.600000e+00 1.097160e-02
1.605000e+00 1.565097e-02
1.610000e+00 1.972041e-02
1.615000e+00 2.291000e-02
1.620000e+00 2.534558e-02
1.625000e+00 2.687215e-02
1.630000e+00 2.708021e-02
1.635000e+00 2.610829e-02
1.640000e+00 2.429126e-02
1.645000e+00 2.163438e-02
1.650000e+00 1.801994e-02
1.655000e+00 1.354000e-02
1.660000e+00 8.474955e-03
1.665000e+00 3.255843e-03
1.670000e+00 -1.908684e-03
1.675000e+00 -7.239767e-03
1.680000e+00 -1.247980e-02
1.685000e+00 -1.694116e-02
1.690000e+00 -2.062404e-02
1.695000e+00 -2.376140e-02
1.700000e+00 -2.595809e-02
1.705000e+00 -2.691929e-02
1.710000e+00 -2.685275e-02
1.715000e+00 -2.580873e-02
1.720000e+00 -2.370549e-02
1.725000e+00 -2.060792e-02
1.730000e+00 -1.666944e-02
1.735000e+00 -1.212607e-02
1.740000e+00 -7.122141e-03
1.745000e+00 -1.766356e-03
1.750000e+00 3.620136e-03
1.755000e+00 8.834432e-03
1.760000e+00 1.381881e-02
1.765000e+00 1.814795e-02
1.770000e+00 2.161586e-02
1.775000e+00 2.447504e-02
1.780000e+00 2.637691e-02
1.785000e+00 2.696779e-02
1.790000e+00 2.661127e-02
1.795000e+00 2.530928e-02
1.800000e+00 2.285598e-02
1.805000e+00 1.953836e-02
1.810000e+00 1.548644e-02
1.815000e+00 1.070630e-02
1.820000e+00 5.560714e-03
1.825000e+00 2.345875e-04
1.830000e+00 -5.203656e-03
1.835000e+00 -1.038190e-02
1.840000e+00 -1.506625e-02
1.845000e+00 -1.921922e-02
1.850000e+00 -2.265243e-02
1.855000e+00 -2.512304e-02
1.860000e+00 -2.652929e-02
1.865000e+00 -2.696552e-02
1.870000e+00 -2.639479e-02
1.875000e+00 -2.462742e-02
1.880000e+00 -2.190320e-02
1.885000e+00 -1.844395e-02
1.890000e+00 -1.413037e-02
1.895000e+00 -9.203789e-03
1.900000e+00 -4.049796e-03
1.905000e+00 1.312799e-03
1.910000e+00 6.704604e-03
1.915000e+00 1.174041e-02
1.920000e+00 1.634649e-02
1.925000e+00 2.033534e-02
1.930000e+00 2.342959e-02
1.935000e+00 2.565705e-02
1.940000e+00 2.687397e-02
1.945000e+00 2.692100e-02
1.950000e+00 2.598586e-02
1.955000e+00 2.402245e-02
1.960000e+00 2.097938e-02
1.965000e+00 1.720363e-02
1.970000e+00 1.277922e-02
1.975000e+00 7.721837e-03
1.980000e+00 2.443585e-03
1.985000e+00 -2.888900e-03
1.990000e+00 -8.249571e-03
1.995000e+00 -1.320039e-02
2 -1.754304e-02
2.005000e+00 -2.134123e-02
2.010000e+00 -2.424665e-02
2.015000e+00 -2.607075e-02
2.020000e+00 -2.699849e-02
2.025000e+00 -2.683292e-02
2.030000e+00 -2.547151e-02
2.035000e+00 -2.320139e-02
2.040000e+00 -2.001911e-02
2.045000e+00 -1.596336e-02
2.050000e+00 -1.131903e-02
2.055000e+00 -6.231157e-03
2.060000e+00 -8.559841e-04
2.065000e+00 4.529347e-03
2.070000e+00 9.717263e-03
2.075000e+00 1.452466e-02
2.080000e+00 1.875081e-02
2.085000e+00 2.226182e-02
2.090000e+00 2.486529e-02
2.095000e+00 2.645294e-02
2.100000e+00 2.703494e-02
2.105000e+00 2.651469e-02
2.110000e+00 2.492758e-02
2.115000e+00 2.239385e-02
2.120000e+00 1.891420e-02
2.125000e+00 1.465988e-02
2.130000e+00 9.888561e-03
2.135000e+00 4.681499e-03
2.140000e+00 -7.375451e-04
2.145000e+00 -6.046015e-03
2.150000e+00 -1.116267e-02
2.155000e+00 -1.587319e-02
2.160000e+00 -1.985960e-02
2.165000e+00 -2.308992e-02
2.170000e+00 -2.544678e-02
2.175000e+00 -2.672886e-02
2.180000e+00 -2.697340e-02
2.185000e+00 -2.618032e-02
2.190000e+00 -2.428447e-02
2.195000e+00 -2.143526e-02
2.200000e+00 -1.777132e-02
2.205000e+00 -1.333143e-02
2.210000e+00 -8.377058e-03
2.215000e+00 -3.147398e-03
2.220000e+00 2.283640e-03
2.225000e+00 7.623743e-03
2.230000e+00 1.257867e-02
2.235000e+00 1.709710e-02
2.240000e+00 2.094337e-02
2.245000e+00 2.386718e-02
2.250000e+00 2.590962e-02
2.255000e+00 2.694626e-02
2.260000e+00 2.683897e-02
2.265000e+00 2.569761e-02
2.270000e+00 2.355672e-02
2.275000e+00 2.043128e-02
2.280000e+00 1.651687e-02
2.285000e+00 1.197084e-02
2.290000e+00 6.888624e-03
2.295000e+00 1.538857e-03
2.300000e+00 -3.833101e-03
2.305000e+00 -9.088172e-03
2.310000e+00 -1.397231e-02
2.315000e+00 -1.827134e-02
2.320000e+00 -2.189288e-02
2.325000e+00 -2.461932e-02
2.330000e+00 -2.634624e-02
2.335000e+00 -2.706958e-02
2.340000e+00 -2.669357e-02
2.345000e+00 -2.527770e-02
2.350000e+00 -2.287584e-02
2.355000e+00 -1.954075e-02
2.360000e+00 -1.543363e-02
2.365000e+00 -1.067628e-02
2.370000e+00 -5.467968e-03
2.375000e+00 -5.974875e-05
2.380000e+00 5.381594e-03
2.385000e+00 1.064857e-02
2.390000e+00 1.546107e-02
2.395000e+00 1.961687e-02
2.400000e+00 2.296992e-02
2.405000e+00 2.530631e-02
2.410000e+00 2.649659e-02
2.415000e+00 2.648399e-02
2.420000e+00 2.512687e-02
2.425000e+00 2.241508e-02
2.430000e+00 1.843150e-02
2.435000e+00 1.329760e-02
2.440000e+00 7.280566e-03
2.445000e+00 7.641414e-04
2.450000e+00 -5.825526e-03
2.455000e+00 -1.212813e-02
2.460000e+00 -1.772159e-02
2.465000e+00 -2.234902e-02
2.470000e+00 -2.596061e-02
2.475000e+00 -2.842015e-02
2.480000e+00 -2.979659e-02
2.485000e+00 -3.011698e-02
2.490000e+00 -2.917951e-02
2.495000e+00 -2.696592e-02
2.500000e+00 -2.339186e-02
2.505000e+00 -1.834824e-02
2.510000e+00 -1.205565e-02
2.515000e+00 -4.845352e-03
2.520000e+00 2.874142e-03
2.525000e+00 1.055552e-02
2.530000e+00 1.768638e-02
2.535000e+00 2.391729e-02
2.540000e+00 2.903004e-02
2.545000e+00 3.286041e-02
2.550000e+00 3.535885e-02
2.555000e+00 3.647618e-02
2.560000e+00 3.615314e-02
2.565000e+00 3.444862e-02
2.570000e+00 3.145043e-02
2.575000e+00 2.730842e-02
2.580000e+00 2.221030e-02
2.585000e+00 1.625835e-02
2.590000e+00 9.544485e-03
2.595000e+00 2.268543e-03
2.600000e+00 -5.288576e-03
2.605000e+00 -1.269826e-02
2.610000e+00 -1.942500e-02
2.615000e+00 -2.519932e-02
2.620000e+00 -2.988176e-02
2.625000e+00 -3.340522e-02
2.630000e+00 -3.585739e-02
2.635000e+00 -3.705196e-02
2.640000e+00 -3.672939e-02
2.645000e+00 -3.476841e-02
2.650000e+00 -3.114594e-02
2.655000e+00 -2.618210e-02
2.660000e+00 -2.034351e-02
2.665000e+00 -1.397159e-02
2.670000e+00 -7.209223e-03
2.675000e+00 -1.014064e-04
2.680000e+00 7.230678e-03
2.685000e+00 1.450081e-02
2.690000e+00 2.119780e-02
2.695000e+00 2.688282e-02
2.700000e+00 3.129493e-02
2.705000e+00 3.436158e-02
2.710000e+00 3.621442e-02
2.715000e+00 3.680294e-02
2.720000e+00 3.599934e-02
2.725000e+00 3.372208e-02
2.730000e+00 2.995054e-02
2.735000e+00 2.489702e-02
2.740000e+00 1.884692e-02
2.745000e+00 1.214443e-02
2.750000e+00 5.058850e-03
2.755000e+00 -2.276710e-03
2.760000e+00 -9.560481e-03
2.765000e+00 -1.647638e-02
2.770000e+00 -2.277927e-02
2.775000e+00 -2.811548e-02
2.780000e+00 -3.229347e-02
2.785000e+00 -3.521211e-02
2.790000e+00 -3.671733e-02
2.795000e+00 -3.678247e-02
2.800000e+00 -3.537528e-02
2.805000e+00 -3.254859e-02
2.810000e+00 -2.845022e-02
2.815000e+00 -2.321166e-02
2.820000e+00 -1.706439e-02
2.825000e+00 -1.021887e-02
2.830000e+00 -2.945165e-03
2.835000e+00 4.427007e-03
2.840000e+00 1.163413e-02
2.845000e+00 1.838393e-02
2.850000e+00 2.440177e-02
2.855000e+00 2.944820e-02
2.860000e+00 3.330467e-02
2.865000e+00 3.580551e-02
2.870000e+00 3.689235e-02
2.875000e+00 3.653381e-02
2.880000e+00 3.472608e-02
2.885000e+00 3.150505e-02
2.890000e+00 2.697890e-02
2.895000e+00 2.141844e-02
2.900000e+00 1.505172e-02
2.905000e+00 8.103830e-03
2.910000e+00 8.426345e-04
2.915000e+00 -6.519791e-03
2.920000e+00 -1.368551e-02
2.925000e+00 -2.025195e-02
2.930000e+00 -2.594126e-02
2.935000e+00 -3.061088e-02
2.940000e+00 -3.410764e-02
2.945000e+00 -3.632473e-02
2.950000e+00 -3.705048e-02
2.955000e+00 -3.616126e-02
2.960000e+00 -3.386111e-02
2.965000e+00 -3.026596e-02
2.970000e+00 -2.549472e-02
2.975000e+00 -1.975326e-02
2.980000e+00 -1.313878e-02
2.985000e+00 -5.916399e-03
2.990000e+00 1.497435e-03
2.995000e+00 8.748952e-03
3 1.556729e-02
