T X
0 0
5.000000e-03 2.980601e-09
1.000000e-02 5.035985e-08
1.500000e-02 5.365060e-07
2.000000e-02 4.633889e-06
2.500000e-02 2.929520e-05
3.000000e-02 1.367835e-04
3.500000e-02 4.868974e-04
4.000000e-02 1.348949e-03
4.500000e-02 2.946025e-03
5.000000e-02 5.125244e-03
5.500000e-02 7.224590e-03
6.000000e-02 8.577889e-03
6.500000e-02 9.243037e-03
7.000000e-02 9.796957e-03
7.500000e-02 1.029022e-02
8.000000e-02 1.016621e-02
8.500000e-02 9.386759e-03
9.000000e-02 8.475166e-03
9.500000e-02 7.371898e-03
1.000000e-01 5.714782e-03
1.050000e-01 3.841966e-03
1.100000e-01 2.051265e-03
1.150000e-01 4.707993e-05
1.200000e-01 -2.033363e-03
1.250000e-01 -3.824214e-03
1.300000e-01 -5.563639e-03
1.350000e-01 -7.245388e-03
1.400000e-01 -8.521387e-03
1.450000e-01 -9.531205e-03
1.500000e-01 -1.022039e-02
1.550000e-01 -1.029415e-02
1.600000e-01 -9.999350e-03
1.650000e-01 -9.402581e-03
1.700000e-01 -8.356310e-03
1.750000e-01 -7.078071e-03
1.800000e-01 -5.489117e-03
1.850000e-01 -3.534145e-03
1.900000e-01 -1.583394e-03
1.950000e-01 3.861153e-04
2.000000e-01 2.450636e-03
2.050000e-01 4.399092e-03
2.100000e-01 6.178765e-03
2.150000e-01 7.679198e-03
2.200000e-01 8.844415e-03
2.250000e-01 9.740622e-03
2.300000e-01 1.023529e-02
2.350000e-01 1.026110e-02
2.400000e-01 9.888030e-03
2.450000e-01 9.175512e-03
2.500000e-01 8.085471e-03
2.550000e-01 6.595111e-03
2.600000e-01 4.908927e-03
2.650000e-01 3.052778e-03
2.700000e-01 1.017013e-03
2.750000e-01 -1.023695e-03
2.800000e-01 -3.043812e-03
2.850000e-01 -4.916690e-03
2.900000e-01 -6.594740e-03
2.950000e-01 -8.074689e-03
3.000000e-01 -9.139642e-03
3.050000e-01 -9.886284e-03
3.100000e-01 -1.030214e-02
3.150000e-01 -1.018670e-02
3.200000e-01 -9.715227e-03
3.250000e-01 -8.920749e-03
3.300000e-01 -7.690958e-03
3.350000e-01 -6.143023e-03
3.400000e-01 -4.406571e-03
3.450000e-01 -2.473322e-03
3.500000e-01 -4.103950e-04
3.550000e-01 1.612068e-03
3.600000e-01 3.609230e-03
3.650000e-01 5.472780e-03
3.700000e-01 7.049963e-03
3.750000e-01 8.409035e-03
3.800000e-01 9.437052e-03
3.850000e-01 1.004378e-02
3.900000e-01 1.027254e-02
3.950000e-01 1.010091e-02
4.000000e-01 9.525920e-03
4.050000e-01 8.571164e-03
4.100000e-01 7.280423e-03
4.150000e-01 5.673879e-03
4.200000e-01 3.852054e-03
4.250000e-01 1.886542e-03
4.300000e-01 -1.754130e-04
4.350000e-01 -2.209427e-03
4.400000e-01 -4.165860e-03
4.450000e-01 -5.949813e-03
4.500000e-01 -7.496203e-03
4.550000e-01 -8.750101e-03
4.600000e-01 -9.646326e-03
4.650000e-01 -1.017283e-02
4.700000e-01 -1.026733e-02
4.750000e-01 -9.960844e-03
4.800000e-01 -9.281533e-03
4.850000e-01 -8.217734e-03
4.900000e-01 -6.820526e-03
4.950000e-01 -5.154219e-03
5.000000e-01 -3.298823e-03
5.050000e-01 -1.298997e-03
5.100000e-01 7.665065e-04
5.150000e-01 2.789793e-03
5.200000e-01 4.701386e-03
5.250000e-01 6.429841e-03
5.300000e-01 7.894717e-03
5.350000e-01 9.050674e-03
5.400000e-01 9.851757e-03
5.450000e-01 1.024153e-02
5.500000e-01 1.023114e-02
5.550000e-01 9.807116e-03
5.600000e-01 9.003251e-03
5.650000e-01 7.844311e-03
5.700000e-01 6.350218e-03
5.750000e-01 4.630229e-03
5.800000e-01 2.713078e-03
5.850000e-01 6.837499e-04
5.900000e-01 -1.360808e-03
5.950000e-01 -3.365785e-03
6.000000e-01 -5.219046e-03
6.050000e-01 -6.867771e-03
6.100000e-01 -8.265754e-03
6.150000e-01 -9.322115e-03
6.200000e-01 -9.996017e-03
6.250000e-01 -1.027737e-02
6.300000e-01 -1.013850e-02
6.350000e-01 -9.591478e-03
6.400000e-01 -8.676398e-03
6.450000e-01 -7.401740e-03
6.500000e-01 -5.831175e-03
6.550000e-01 -4.070001e-03
6.600000e-01 -2.120469e-03
6.650000e-01 -6.888714e-05
6.700000e-01 1.936730e-03
6.750000e-01 3.906562e-03
6.800000e-01 5.723767e-03
6.850000e-01 7.273247e-03
6.900000e-01 8.579998e-03
6.950000e-01 9.537978e-03
7.000000e-01 1.010750e-02
7.050000e-01 1.027933e-02
7.100000e-01 1.003189e-02
7.150000e-01 9.402148e-03
7.200000e-01 8.374651e-03
7.250000e-01 7.008272e-03
7.300000e-01 5.378761e-03
7.350000e-01 3.529516e-03
7.400000e-01 1.541274e-03
7.450000e-01 -5.193920e-04
7.500000e-01 -2.550198e-03
7.550000e-01 -4.466336e-03
7.600000e-01 -6.234581e-03
7.650000e-01 -7.725621e-03
7.700000e-01 -8.905498e-03
7.750000e-01 -9.775284e-03
7.800000e-01 -1.021071e-02
7.850000e-01 -1.024751e-02
7.900000e-01 -9.898405e-03
7.950000e-01 -9.124124e-03
8.000000e-01 -8.003778e-03
8.050000e-01 -6.563426e-03
8.100000e-01 -4.854957e-03
8.150000e-01 -2.962456e-03
8.200000e-01 -9.454270e-04
8.250000e-01 1.115154e-03
8.300000e-01 3.129769e-03
8.350000e-01 5.009869e-03
8.400000e-01 6.697905e-03
8.450000e-01 8.116107e-03
8.500000e-01 9.199175e-03
8.550000e-01 9.934424e-03
8.600000e-01 1.026254e-02
8.650000e-01 1.017611e-02
8.700000e-01 9.712085e-03
8.750000e-01 8.832422e-03
8.800000e-01 7.604930e-03
8.850000e-01 6.097433e-03
8.900000e-01 4.316769e-03
8.950000e-01 2.379631e-03
9.000000e-01 3.526543e-04
9.050000e-01 -1.702582e-03
9.100000e-01 -3.684574e-03
9.150000e-01 -5.518929e-03
9.200000e-01 -7.135328e-03
9.250000e-01 -8.472115e-03
9.300000e-01 -9.460449e-03
9.350000e-01 -1.007970e-02
9.400000e-01 -1.029270e-02
9.450000e-01 -1.009208e-02
9.500000e-01 -9.496119e-03
9.550000e-01 -8.511434e-03
9.600000e-01 -7.189132e-03
9.650000e-01 -5.589975e-03
9.700000e-01 -3.762870e-03
9.750000e-01 -1.782007e-03
9.800000e-01 2.471312e-04
9.850000e-01 2.299676e-03
9.900000e-01 4.253403e-03
9.950000e-01 6.010809e-03
1 7.561679e-03
1.005000e+00 8.788914e-03
1.010000e+00 9.669357e-03
1.015000e+00 1.018302e-02
1.020000e+00 1.026294e-02
1.025000e+00 9.953958e-03
1.030000e+00 9.255199e-03
1.035000e+00 8.153813e-03
1.040000e+00 6.760582e-03
1.045000e+00 5.086905e-03
1.050000e+00 3.186259e-03
1.055000e+00 1.200363e-03
1.060000e+00 -8.504815e-04
1.065000e+00 -2.883422e-03
1.070000e+00 -4.776182e-03
1.075000e+00 -6.491252e-03
1.080000e+00 -7.955110e-03
1.085000e+00 -9.086201e-03
1.090000e+00 -9.867217e-03
1.095000e+00 -1.025565e-02
1.100000e+00 -1.022068e-02
1.105000e+00 -9.787271e-03
1.110000e+00 -8.970727e-03
1.115000e+00 -7.783220e-03
1.120000e+00 -6.291468e-03
1.125000e+00 -4.550852e-03
1.130000e+00 -2.617774e-03
1.135000e+00 -5.986283e-04
1.140000e+00 1.453595e-03
1.145000e+00 3.460449e-03
1.150000e+00 5.313830e-03
1.155000e+00 6.974872e-03
1.160000e+00 8.364785e-03
1.165000e+00 9.407576e-03
1.170000e+00 1.007563e-02
1.175000e+00 1.029313e-02
1.180000e+00 9.954517e-03
1.185000e+00 9.018031e-03
1.190000e+00 7.406595e-03
1.195000e+00 5.038729e-03
1.200000e+00 2.023787e-03
1.205000e+00 -1.502515e-03
1.210000e+00 -5.275014e-03
1.215000e+00 -8.897989e-03
1.220000e+00 -1.207858e-02
1.225000e+00 -1.453656e-02
1.230000e+00 -1.615116e-02
1.235000e+00 -1.705308e-02
1.240000e+00 -1.735362e-02
1.245000e+00 -1.713149e-02
1.250000e+00 -1.640781e-02
1.255000e+00 -1.499630e-02
1.260000e+00 -1.270472e-02
1.265000e+00 -9.476438e-03
1.270000e+00 -5.399736e-03
1.275000e+00 -7.078978e-04
1.280000e+00 4.288621e-03
1.285000e+00 9.343405e-03
1.290000e+00 1.426443e-02
1.295000e+00 1.880768e-02
1.300000e+00 2.265052e-02
1.305000e+00 2.539769e-02
1.310000e+00 2.676385e-02
1.315000e+00 2.678024e-02
1.320000e+00 2.572002e-02
1.325000e+00 2.389191e-02
1.330000e+00 2.150749e-02
1.335000e+00 1.847268e-02
1.340000e+00 1.458104e-02
1.345000e+00 9.839014e-03
1.350000e+00 4.477687e-03
1.355000e+00 -1.058659e-03
1.360000e+00 -6.329043e-03
1.365000e+00 -1.117975e-02
1.370000e+00 -1.561829e-02
1.375000e+00 -1.956165e-02
1.380000e+00 -2.289669e-02
1.385000e+00 -2.538580e-02
1.390000e+00 -2.674191e-02
1.395000e+00 -2.693440e-02
1.400000e+00 -2.598505e-02
1.405000e+00 -2.395686e-02
1.410000e+00 -2.103384e-02
1.415000e+00 -1.734318e-02
1.420000e+00 -1.305189e-02
1.425000e+00 -8.306255e-03
1.430000e+00 -3.144040e-03
1.435000e+00 2.285808e-03
1.440000e+00 7.664869e-03
1.445000e+00 1.265843e-02
1.450000e+00 1.702923e-02
1.455000e+00 2.067179e-02
1.460000e+00 2.359277e-02
1.465000e+00 2.570598e-02
1.470000e+00 2.675395e-02
1.475000e+00 2.661914e-02
1.480000e+00 2.536855e-02
1.485000e+00 2.313397e-02
1.490000e+00 2.009055e-02
1.495000e+00 1.632479e-02
1.500000e+00 1.182453e-02
1.505000e+00 6.651827e-03
1.510000e+00 1.182729e-03
1.515000e+00 -4.006763e-03
1.520000e+00 -8.827199e-03
1.525000e+00 -1.367405e-02
1.530000e+00 -1.832067e-02
1.535000e+00 -2.194278e-02
1.540000e+00 -2.428920e-02
1.545000e+00 -2.582358e-02
1.550000e+00 -2.667192e-02
1.555000e+00 -2.639744e-02
1.560000e+00 -2.491064e-02
1.565000e+00 -2.243901e-02
1.570000e+00 -1.903629e-02
1.575000e+00 -1.483413e-02
1.580000e+00 -1.020539e-02
1.585000e+00 -5.251489e-03
1.590000e+00 1.226690e-04
1.595000e+00 5.559362e-03
1.600000e+00 1.061937e-02
1.605000e+00 1.524773e-02
1.610000e+00 1.927552e-02
1.615000e+00 2.245693e-02
1.620000e+00 2.491261e-02
1.625000e+00 2.649741e-02
1.630000e+00 2.675914e-02
1.635000e+00 2.583762e-02
1.640000e+00 2.411293e-02
1.645000e+00 2.154576e-02
1.650000e+00 1.802694e-02
1.655000e+00 1.365606e-02
1.660000e+00 8.671699e-03
1.665000e+00 3.520247e-03
1.670000e+00 -1.595122e-03
1.675000e+00 -6.917299e-03
1.680000e+00 -1.213251e-02
1.685000e+00 -1.654785e-02
1.690000e+00 -2.020616e-02
1.695000e+00 -2.336107e-02
1.700000e+00 -2.557901e-02
1.705000e+00 -2.652734e-02
1.710000e+00 -2.651324e-02
1.715000e+00 -2.559397e-02
1.720000e+00 -2.357648e-02
1.725000e+00 -2.053357e-02
1.730000e+00 -1.669110e-02
1.735000e+00 -1.227272e-02
1.740000e+00 -7.356375e-03
1.745000e+00 -2.037864e-03
1.750000e+00 3.295493e-03
1.755000e+00 8.436258e-03
1.760000e+00 1.338995e-02
1.765000e+00 1.773789e-02
1.770000e+00 2.122137e-02
1.775000e+00 2.407575e-02
1.780000e+00 2.602109e-02
1.785000e+00 2.666725e-02
1.790000e+00 2.634098e-02
1.795000e+00 2.511541e-02
1.800000e+00 2.275069e-02
1.805000e+00 1.947562e-02
1.810000e+00 1.547703e-02
1.815000e+00 1.081996e-02
1.820000e+00 5.790403e-03
1.825000e+00 5.226121e-04
1.830000e+00 -4.833427e-03
1.835000e+00 -9.963736e-03
1.840000e+00 -1.465681e-02
1.845000e+00 -1.878042e-02
1.850000e+00 -2.222308e-02
1.855000e+00 -2.475397e-02
1.860000e+00 -2.619955e-02
1.865000e+00 -2.666013e-02
1.870000e+00 -2.615405e-02
1.875000e+00 -2.446917e-02
1.880000e+00 -2.178240e-02
1.885000e+00 -1.839390e-02
1.890000e+00 -1.418303e-02
1.895000e+00 -9.360845e-03
1.900000e+00 -4.275174e-03
1.905000e+00 1.052578e-03
1.910000e+00 6.359404e-03
1.915000e+00 1.133969e-02
1.920000e+00 1.592570e-02
1.925000e+00 1.989187e-02
1.930000e+00 2.301617e-02
1.935000e+00 2.526719e-02
1.940000e+00 2.649377e-02
1.945000e+00 2.661524e-02
1.950000e+00 2.575911e-02
1.955000e+00 2.386914e-02
1.960000e+00 2.091170e-02
1.965000e+00 1.721067e-02
1.970000e+00 1.290253e-02
1.975000e+00 7.921356e-03
1.980000e+00 2.646191e-03
1.985000e+00 -2.579038e-03
1.990000e+00 -7.847749e-03
1.995000e+00 -1.281706e-02
2 -1.712860e-02
2.005000e+00 -2.091133e-02
2.010000e+00 -2.382642e-02
2.015000e+00 -2.567426e-02
2.020000e+00 -2.665012e-02
2.025000e+00 -2.652977e-02
2.030000e+00 -2.526853e-02
2.035000e+00 -2.308282e-02
2.040000e+00 -1.995296e-02
2.045000e+00 -1.602375e-02
2.050000e+00 -1.147820e-02
2.055000e+00 -6.419276e-03
2.060000e+00 -1.159436e-03
2.065000e+00 4.160376e-03
2.070000e+00 9.349172e-03
2.075000e+00 1.411421e-02
2.080000e+00 1.834974e-02
2.085000e+00 2.185075e-02
2.090000e+00 2.445771e-02
2.095000e+00 2.610168e-02
2.100000e+00 2.671495e-02
2.105000e+00 2.625963e-02
2.110000e+00 2.472986e-02
2.115000e+00 2.223986e-02
2.120000e+00 1.888803e-02
2.125000e+00 1.473640e-02
2.130000e+00 1.002312e-02
2.135000e+00 4.925542e-03
2.140000e+00 -4.190683e-04
2.145000e+00 -5.684395e-03
2.150000e+00 -1.076634e-02
2.155000e+00 -1.545496e-02
2.160000e+00 -1.942178e-02
2.165000e+00 -2.270355e-02
2.170000e+00 -2.508671e-02
2.175000e+00 -2.637521e-02
2.180000e+00 -2.670068e-02
2.185000e+00 -2.594606e-02
2.190000e+00 -2.409502e-02
2.195000e+00 -2.133810e-02
2.200000e+00 -1.775525e-02
2.205000e+00 -1.341860e-02
2.210000e+00 -8.527841e-03
2.215000e+00 -3.367628e-03
2.220000e+00 1.946624e-03
2.225000e+00 7.237347e-03
2.230000e+00 1.218220e-02
2.235000e+00 1.665618e-02
2.240000e+00 2.050182e-02
2.245000e+00 2.348054e-02
2.250000e+00 2.553904e-02
2.255000e+00 2.660114e-02
2.260000e+00 2.657463e-02
2.265000e+00 2.549903e-02
2.270000e+00 2.341654e-02
2.275000e+00 2.037594e-02
2.280000e+00 1.652631e-02
2.285000e+00 1.205920e-02
2.290000e+00 7.066627e-03
2.295000e+00 1.799005e-03
2.300000e+00 -3.490619e-03
2.305000e+00 -8.723633e-03
2.310000e+00 -1.355945e-02
2.315000e+00 -1.781750e-02
2.320000e+00 -2.147105e-02
2.325000e+00 -2.420382e-02
2.330000e+00 -2.597508e-02
2.335000e+00 -2.677671e-02
2.340000e+00 -2.645012e-02
2.345000e+00 -2.511235e-02
2.350000e+00 -2.278705e-02
2.355000e+00 -1.950706e-02
2.360000e+00 -1.545877e-02
2.365000e+00 -1.076018e-02
2.370000e+00 -5.615606e-03
2.375000e+00 -2.560254e-04
2.380000e+00 5.146691e-03
2.385000e+00 1.033943e-02
2.390000e+00 1.507258e-02
2.395000e+00 1.918454e-02
2.400000e+00 2.250372e-02
2.405000e+00 2.482802e-02
2.410000e+00 2.604119e-02
2.415000e+00 2.607691e-02
2.420000e+00 2.478933e-02
2.425000e+00 2.213833e-02
2.430000e+00 1.824213e-02
2.435000e+00 1.321808e-02
2.440000e+00 7.268839e-03
2.445000e+00 8.520205e-04
2.450000e+00 -5.623371e-03
2.455000e+00 -1.184376e-02
2.460000e+00 -1.733354e-02
2.465000e+00 -2.188953e-02
2.470000e+00 -2.546983e-02
2.475000e+00 -2.792486e-02
2.480000e+00 -2.932672e-02
2.485000e+00 -2.963958e-02
2.490000e+00 -2.873390e-02
2.495000e+00 -2.658977e-02
2.500000e+00 -2.304553e-02
2.505000e+00 -1.807952e-02
2.510000e+00 -1.189351e-02
2.515000e+00 -4.758995e-03
2.520000e+00 2.889555e-03
2.525000e+00 1.044375e-02
2.530000e+00 1.744225e-02
2.535000e+00 2.358021e-02
2.540000e+00 2.857253e-02
2.545000e+00 3.232411e-02
2.550000e+00 3.479723e-02
2.555000e+00 3.592130e-02
2.560000e+00 3.562082e-02
2.565000e+00 3.396328e-02
2.570000e+00 3.106179e-02
2.575000e+00 2.699234e-02
2.580000e+00 2.198394e-02
2.585000e+00 1.612711e-02
2.590000e+00 9.461345e-03
2.595000e+00 2.255375e-03
2.600000e+00 -5.259832e-03
2.605000e+00 -1.261991e-02
2.610000e+00 -1.925886e-02
2.615000e+00 -2.497449e-02
2.620000e+00 -2.954669e-02
2.625000e+00 -3.297629e-02
2.630000e+00 -3.538458e-02
2.635000e+00 -3.651910e-02
2.640000e+00 -3.618153e-02
2.645000e+00 -3.423219e-02
2.650000e+00 -3.063894e-02
2.655000e+00 -2.577256e-02
2.660000e+00 -2.006243e-02
2.665000e+00 -1.380705e-02
2.670000e+00 -7.137706e-03
2.675000e+00 -9.019258e-05
2.680000e+00 7.198175e-03
2.685000e+00 1.442102e-02
2.690000e+00 2.105176e-02
2.695000e+00 2.663564e-02
2.700000e+00 3.098550e-02
2.705000e+00 3.403369e-02
2.710000e+00 3.583205e-02
2.715000e+00 3.639034e-02
2.720000e+00 3.556485e-02
2.725000e+00 3.327429e-02
2.730000e+00 2.948841e-02
2.735000e+00 2.443415e-02
2.740000e+00 1.848970e-02
2.745000e+00 1.185439e-02
2.750000e+00 4.827856e-03
2.755000e+00 -2.368294e-03
2.760000e+00 -9.558324e-03
2.765000e+00 -1.639343e-02
2.770000e+00 -2.260727e-02
2.775000e+00 -2.789326e-02
2.780000e+00 -3.203313e-02
2.785000e+00 -3.493004e-02
2.790000e+00 -3.638923e-02
2.795000e+00 -3.639865e-02
2.800000e+00 -3.500134e-02
2.805000e+00 -3.217219e-02
2.810000e+00 -2.807801e-02
2.815000e+00 -2.288812e-02
2.820000e+00 -1.673664e-02
2.825000e+00 -9.897552e-03
2.830000e+00 -2.679692e-03
2.835000e+00 4.621041e-03
2.840000e+00 1.172632e-02
2.845000e+00 1.835986e-02
2.850000e+00 2.428222e-02
2.855000e+00 2.927335e-02
2.860000e+00 3.305736e-02
2.865000e+00 3.550291e-02
2.870000e+00 3.657311e-02
2.875000e+00 3.619606e-02
2.880000e+00 3.438994e-02
2.885000e+00 3.118190e-02
2.890000e+00 2.668349e-02
2.895000e+00 2.115056e-02
2.900000e+00 1.479486e-02
2.905000e+00 7.878455e-03
2.910000e+00 6.413972e-04
2.915000e+00 -6.709604e-03
2.920000e+00 -1.381354e-02
2.925000e+00 -2.027909e-02
2.930000e+00 -2.584979e-02
2.935000e+00 -3.043587e-02
2.940000e+00 -3.389167e-02
2.945000e+00 -3.604336e-02
2.950000e+00 -3.672827e-02
2.955000e+00 -3.584013e-02
2.960000e+00 -3.351701e-02
2.965000e+00 -2.991490e-02
2.970000e+00 -2.521170e-02
2.975000e+00 -1.953251e-02
2.980000e+00 -1.294047e-02
2.985000e+00 -5.728038e-03
2.990000e+00 1.664617e-03
2.995000e+00 8.804451e-03
3 1.554108e-02
