T X
0 0
5.000000e-03 3.639779e-09
1.000000e-02 4.246216e-09
1.500000e-02 1.710138e-07
2.000000e-02 1.901089e-06
2.500000e-02 1.338874e-05
3.000000e-02 6.904705e-05
3.500000e-02 2.722469e-04
4.000000e-02 8.401759e-04
4.500000e-02 2.054965e-03
5.000000e-02 4.015510e-03
5.500000e-02 6.332190e-03
6.000000e-02 8.241031e-03
6.500000e-02 9.310140e-03
7.000000e-02 9.899805e-03
7.500000e-02 1.049044e-02
8.000000e-02 1.080592e-02
8.500000e-02 1.035179e-02
9.000000e-02 9.402117e-03
9.500000e-02 8.382156e-03
1.000000e-01 6.994146e-03
1.050000e-01 5.086780e-03
1.100000e-01 3.151956e-03
1.150000e-01 1.242364e-03
1.200000e-01 -9.070903e-04
1.250000e-01 -2.963628e-03
1.300000e-01 -4.774567e-03
1.350000e-01 -6.619974e-03
1.400000e-01 -8.240655e-03
1.450000e-01 -9.423654e-03
1.500000e-01 -1.036893e-02
1.550000e-01 -1.081753e-02
1.600000e-01 -1.067238e-02
1.650000e-01 -1.025690e-02
1.700000e-01 -9.432960e-03
1.750000e-01 -8.201480e-03
1.800000e-01 -6.733029e-03
1.850000e-01 -4.852107e-03
1.900000e-01 -2.799375e-03
1.950000e-01 -7.574886e-04
2.000000e-01 1.437225e-03
2.050000e-01 3.545552e-03
2.100000e-01 5.509428e-03
2.150000e-01 7.267925e-03
2.200000e-01 8.613258e-03
2.250000e-01 9.759963e-03
2.300000e-01 1.053591e-02
2.350000e-01 1.076503e-02
2.400000e-01 1.066127e-02
2.450000e-01 1.012035e-02
2.500000e-01 9.171327e-03
2.550000e-01 7.821257e-03
2.600000e-01 6.129724e-03
2.650000e-01 4.316270e-03
2.700000e-01 2.240582e-03
2.750000e-01 7.424226e-05
2.800000e-01 -2.031200e-03
2.850000e-01 -4.120625e-03
2.900000e-01 -6.006774e-03
2.950000e-01 -7.697988e-03
3.000000e-01 -9.053588e-03
3.050000e-01 -1.003760e-02
3.100000e-01 -1.067202e-02
3.150000e-01 -1.079276e-02
3.200000e-01 -1.054870e-02
3.250000e-01 -9.880449e-03
3.300000e-01 -8.783529e-03
3.350000e-01 -7.384296e-03
3.400000e-01 -5.658193e-03
3.450000e-01 -3.731595e-03
3.500000e-01 -1.625071e-03
3.550000e-01 5.353951e-04
3.600000e-01 2.677439e-03
3.650000e-01 4.724891e-03
3.700000e-01 6.524150e-03
3.750000e-01 8.120952e-03
3.800000e-01 9.386361e-03
3.850000e-01 1.025249e-02
3.900000e-01 1.072287e-02
3.950000e-01 1.077680e-02
4.000000e-01 1.041470e-02
4.050000e-01 9.605620e-03
4.100000e-01 8.429586e-03
4.150000e-01 6.902870e-03
4.200000e-01 5.094349e-03
4.250000e-01 3.110644e-03
4.300000e-01 9.890720e-04
4.350000e-01 -1.159589e-03
4.400000e-01 -3.261103e-03
4.450000e-01 -5.256457e-03
4.500000e-01 -7.029266e-03
4.550000e-01 -8.521472e-03
4.600000e-01 -9.688400e-03
4.650000e-01 -1.045007e-02
4.700000e-01 -1.080035e-02
4.750000e-01 -1.071430e-02
4.800000e-01 -1.019347e-02
4.850000e-01 -9.280537e-03
4.900000e-01 -8.002353e-03
4.950000e-01 -6.413748e-03
5.000000e-01 -4.554441e-03
5.050000e-01 -2.512221e-03
5.100000e-01 -3.670771e-04
5.150000e-01 1.794919e-03
5.200000e-01 3.890583e-03
5.250000e-01 5.814797e-03
5.300000e-01 7.485539e-03
5.350000e-01 8.899060e-03
5.400000e-01 9.947043e-03
5.450000e-01 1.056974e-02
5.500000e-01 1.081336e-02
5.550000e-01 1.062082e-02
5.600000e-01 9.980837e-03
5.650000e-01 8.971368e-03
5.700000e-01 7.575552e-03
5.750000e-01 5.872704e-03
5.800000e-01 3.961496e-03
5.850000e-01 1.894478e-03
5.900000e-01 -2.351374e-04
5.950000e-01 -2.377224e-03
6.000000e-01 -4.414658e-03
6.050000e-01 -6.285033e-03
6.100000e-01 -7.928677e-03
6.150000e-01 -9.230574e-03
6.200000e-01 -1.017155e-02
6.250000e-01 -1.072794e-02
6.300000e-01 -1.083096e-02
6.350000e-01 -1.047176e-02
6.400000e-01 -9.736906e-03
6.450000e-01 -8.612672e-03
6.500000e-01 -7.117803e-03
6.550000e-01 -5.376042e-03
6.600000e-01 -3.390744e-03
6.650000e-01 -1.254275e-03
6.700000e-01 8.985756e-04
6.750000e-01 3.038280e-03
6.800000e-01 5.034936e-03
6.850000e-01 6.822931e-03
6.900000e-01 8.368149e-03
6.950000e-01 9.552708e-03
7.000000e-01 1.036038e-02
7.050000e-01 1.077090e-02
7.100000e-01 1.076025e-02
7.150000e-01 1.030432e-02
7.200000e-01 9.433673e-03
7.250000e-01 8.189315e-03
7.300000e-01 6.606578e-03
7.350000e-01 4.776234e-03
7.400000e-01 2.748266e-03
7.450000e-01 6.279947e-04
7.500000e-01 -1.522278e-03
7.550000e-01 -3.612084e-03
7.600000e-01 -5.566983e-03
7.650000e-01 -7.314545e-03
7.700000e-01 -8.731187e-03
7.750000e-01 -9.838257e-03
7.800000e-01 -1.054307e-02
7.850000e-01 -1.080825e-02
7.900000e-01 -1.066329e-02
7.950000e-01 -1.005772e-02
8.000000e-01 -9.096409e-03
8.050000e-01 -7.773968e-03
8.100000e-01 -6.108566e-03
8.150000e-01 -4.234373e-03
8.200000e-01 -2.164912e-03
8.250000e-01 7.585536e-06
8.300000e-01 2.155543e-03
8.350000e-01 4.212283e-03
8.400000e-01 6.113905e-03
8.450000e-01 7.770916e-03
8.500000e-01 9.101432e-03
8.550000e-01 1.007553e-02
8.600000e-01 1.065111e-02
8.650000e-01 1.081495e-02
8.700000e-01 1.054432e-02
8.750000e-01 9.843613e-03
8.800000e-01 8.755612e-03
8.850000e-01 7.292119e-03
8.900000e-01 5.559921e-03
8.950000e-01 3.616938e-03
9.000000e-01 1.510152e-03
9.050000e-01 -6.231568e-04
9.100000e-01 -2.755110e-03
9.150000e-01 -4.787676e-03
9.200000e-01 -6.600586e-03
9.250000e-01 -8.180896e-03
9.300000e-01 -9.430019e-03
9.350000e-01 -1.029997e-02
9.400000e-01 -1.075387e-02
9.450000e-01 -1.076211e-02
9.500000e-01 -1.036407e-02
9.550000e-01 -9.546135e-03
9.600000e-01 -8.359460e-03
9.650000e-01 -6.834048e-03
9.700000e-01 -5.040450e-03
9.750000e-01 -3.045525e-03
9.800000e-01 -8.912461e-04
9.850000e-01 1.262443e-03
9.900000e-01 3.375350e-03
9.950000e-01 5.353772e-03
1 7.110143e-03
1.005000e+00 8.595684e-03
1.010000e+00 9.710447e-03
1.015000e+00 1.046141e-02
1.020000e+00 1.080192e-02
1.025000e+00 1.070855e-02
1.030000e+00 1.018568e-02
1.035000e+00 9.252142e-03
1.040000e+00 7.940121e-03
1.045000e+00 6.306508e-03
1.050000e+00 4.445513e-03
1.055000e+00 2.400715e-03
1.060000e+00 2.678978e-04
1.065000e+00 -1.881018e-03
1.070000e+00 -3.960436e-03
1.075000e+00 -5.872733e-03
1.080000e+00 -7.565269e-03
1.085000e+00 -8.950267e-03
1.090000e+00 -9.987139e-03
1.095000e+00 -1.062615e-02
1.100000e+00 -1.080408e-02
1.105000e+00 -1.057781e-02
1.110000e+00 -9.941552e-03
1.115000e+00 -8.889919e-03
1.120000e+00 -7.514851e-03
1.125000e+00 -5.815427e-03
1.130000e+00 -3.887281e-03
1.135000e+00 -1.801984e-03
1.140000e+00 3.759631e-04
1.145000e+00 2.502471e-03
1.150000e+00 4.572247e-03
1.155000e+00 6.448796e-03
1.160000e+00 8.038812e-03
1.165000e+00 9.329062e-03
1.170000e+00 1.017481e-02
1.175000e+00 1.052883e-02
1.180000e+00 1.027390e-02
1.185000e+00 9.296299e-03
1.190000e+00 7.562885e-03
1.195000e+00 5.031600e-03
1.200000e+00 1.844591e-03
1.205000e+00 -1.789764e-03
1.210000e+00 -5.529732e-03
1.215000e+00 -9.001056e-03
1.220000e+00 -1.194991e-02
1.225000e+00 -1.413025e-02
1.230000e+00 -1.555363e-02
1.235000e+00 -1.635902e-02
1.240000e+00 -1.662691e-02
1.245000e+00 -1.642800e-02
1.250000e+00 -1.563163e-02
1.255000e+00 -1.401401e-02
1.260000e+00 -1.145866e-02
1.265000e+00 -7.951952e-03
1.270000e+00 -3.673485e-03
1.275000e+00 1.087474e-03
1.280000e+00 6.057399e-03
1.285000e+00 1.100783e-02
1.290000e+00 1.574991e-02
1.295000e+00 1.997315e-02
1.300000e+00 2.330535e-02
1.305000e+00 2.541914e-02
1.310000e+00 2.616946e-02
1.315000e+00 2.569931e-02
1.320000e+00 2.432894e-02
1.325000e+00 2.237244e-02
1.330000e+00 1.982864e-02
1.335000e+00 1.653823e-02
1.340000e+00 1.237908e-02
1.345000e+00 7.429784e-03
1.350000e+00 2.119884e-03
1.355000e+00 -3.138944e-03
1.360000e+00 -8.082690e-03
1.365000e+00 -1.263869e-02
1.370000e+00 -1.682805e-02
1.375000e+00 -2.053100e-02
1.380000e+00 -2.350623e-02
1.385000e+00 -2.550125e-02
1.390000e+00 -2.639930e-02
1.395000e+00 -2.614038e-02
1.400000e+00 -2.478847e-02
1.405000e+00 -2.244817e-02
1.410000e+00 -1.922654e-02
1.415000e+00 -1.536755e-02
1.420000e+00 -1.097840e-02
1.425000e+00 -6.122945e-03
1.430000e+00 -9.341415e-04
1.435000e+00 4.380370e-03
1.440000e+00 9.537561e-03
1.445000e+00 1.423816e-02
1.450000e+00 1.820278e-02
1.455000e+00 2.144167e-02
1.460000e+00 2.407713e-02
1.465000e+00 2.591923e-02
1.470000e+00 2.647273e-02
1.475000e+00 2.565235e-02
1.480000e+00 2.405514e-02
1.485000e+00 2.188966e-02
1.490000e+00 1.867815e-02
1.495000e+00 1.433189e-02
1.500000e+00 9.481028e-03
1.505000e+00 4.530421e-03
1.510000e+00 -6.075592e-04
1.515000e+00 -5.813441e-03
1.520000e+00 -1.078591e-02
1.525000e+00 -1.542790e-02
1.530000e+00 -1.951221e-02
1.535000e+00 -2.261220e-02
1.540000e+00 -2.471838e-02
1.545000e+00 -2.601486e-02
1.550000e+00 -2.637400e-02
1.555000e+00 -2.562135e-02
1.560000e+00 -2.382254e-02
1.565000e+00 -2.097358e-02
1.570000e+00 -1.718734e-02
1.575000e+00 -1.296600e-02
1.580000e+00 -8.354489e-03
1.585000e+00 -3.166563e-03
1.590000e+00 2.283652e-03
1.595000e+00 7.538106e-03
1.600000e+00 1.230363e-02
1.605000e+00 1.655814e-02
1.610000e+00 2.037454e-02
1.615000e+00 2.352455e-02
1.620000e+00 2.551160e-02
1.625000e+00 2.626238e-02
1.630000e+00 2.621586e-02
1.635000e+00 2.528823e-02
1.640000e+00 2.310119e-02
1.645000e+00 1.991808e-02
1.650000e+00 1.616063e-02
1.655000e+00 1.178061e-02
1.660000e+00 6.733508e-03
1.665000e+00 1.405312e-03
1.670000e+00 -3.821019e-03
1.675000e+00 -8.873581e-03
1.680000e+00 -1.372472e-02
1.685000e+00 -1.803726e-02
1.690000e+00 -2.147389e-02
1.695000e+00 -2.411527e-02
1.700000e+00 -2.586153e-02
1.705000e+00 -2.646320e-02
1.710000e+00 -2.611305e-02
1.715000e+00 -2.479545e-02
1.720000e+00 -2.226305e-02
1.725000e+00 -1.886310e-02
1.730000e+00 -1.493239e-02
1.735000e+00 -1.030568e-02
1.740000e+00 -5.140316e-03
1.745000e+00 1.350665e-04
1.750000e+00 5.348709e-03
1.755000e+00 1.040153e-02
1.760000e+00 1.507751e-02
1.765000e+00 1.913857e-02
1.770000e+00 2.240879e-02
1.775000e+00 2.478361e-02
1.780000e+00 2.619191e-02
1.785000e+00 2.656967e-02
1.790000e+00 2.588283e-02
1.795000e+00 2.407768e-02
1.800000e+00 2.137593e-02
1.805000e+00 1.795458e-02
1.810000e+00 1.362501e-02
1.815000e+00 8.736942e-03
1.820000e+00 3.686069e-03
1.825000e+00 -1.631305e-03
1.830000e+00 -6.944650e-03
1.835000e+00 -1.187934e-02
1.840000e+00 -1.634783e-02
1.845000e+00 -2.023519e-02
1.850000e+00 -2.326382e-02
1.855000e+00 -2.533582e-02
1.860000e+00 -2.647759e-02
1.865000e+00 -2.652231e-02
1.870000e+00 -2.548025e-02
1.875000e+00 -2.345421e-02
1.880000e+00 -2.048530e-02
1.885000e+00 -1.668520e-02
1.890000e+00 -1.222403e-02
1.895000e+00 -7.267844e-03
1.900000e+00 -2.041469e-03
1.905000e+00 3.202396e-03
1.910000e+00 8.427266e-03
1.915000e+00 1.332549e-02
1.920000e+00 1.756115e-02
1.925000e+00 2.121220e-02
1.930000e+00 2.402697e-02
1.935000e+00 2.579589e-02
1.940000e+00 2.661065e-02
1.945000e+00 2.634093e-02
1.950000e+00 2.497161e-02
1.955000e+00 2.266587e-02
1.960000e+00 1.947060e-02
1.965000e+00 1.545175e-02
1.970000e+00 1.083857e-02
1.975000e+00 5.804086e-03
1.980000e+00 4.878352e-04
1.985000e+00 -4.809646e-03
1.990000e+00 -9.886003e-03
1.995000e+00 -1.463623e-02
2 -1.877875e-02
2.005000e+00 -2.212691e-02
2.010000e+00 -2.463511e-02
2.015000e+00 -2.615635e-02
2.020000e+00 -2.665144e-02
2.025000e+00 -2.607603e-02
2.030000e+00 -2.443377e-02
2.035000e+00 -2.186256e-02
2.040000e+00 -1.837601e-02
2.045000e+00 -1.414992e-02
2.050000e+00 -9.420393e-03
2.055000e+00 -4.260919e-03
2.060000e+00 1.057078e-03
2.065000e+00 6.279471e-03
2.070000e+00 1.132870e-02
2.075000e+00 1.591832e-02
2.080000e+00 1.981977e-02
2.085000e+00 2.298318e-02
2.090000e+00 2.522726e-02
2.095000e+00 2.643124e-02
2.100000e+00 2.660741e-02
2.105000e+00 2.571391e-02
2.110000e+00 2.376947e-02
2.115000e+00 2.093294e-02
2.120000e+00 1.725539e-02
2.125000e+00 1.284292e-02
2.130000e+00 7.959678e-03
2.135000e+00 2.733822e-03
2.140000e+00 -2.604054e-03
2.145000e+00 -7.797738e-03
2.150000e+00 -1.272462e-02
2.155000e+00 -1.712973e-02
2.160000e+00 -2.083034e-02
2.165000e+00 -2.372331e-02
2.170000e+00 -2.565873e-02
2.175000e+00 -2.658673e-02
2.180000e+00 -2.645839e-02
2.185000e+00 -2.527201e-02
2.190000e+00 -2.308119e-02
2.195000e+00 -1.992188e-02
2.200000e+00 -1.602077e-02
2.205000e+00 -1.149953e-02
2.210000e+00 -6.440529e-03
2.215000e+00 -1.198312e-03
2.220000e+00 4.094805e-03
2.225000e+00 9.290682e-03
2.230000e+00 1.404117e-02
2.235000e+00 1.825517e-02
2.240000e+00 2.178795e-02
2.245000e+00 2.440617e-02
2.250000e+00 2.604810e-02
2.255000e+00 2.666037e-02
2.260000e+00 2.620382e-02
2.265000e+00 2.471593e-02
2.270000e+00 2.224355e-02
2.275000e+00 1.886185e-02
2.280000e+00 1.476888e-02
2.285000e+00 1.007387e-02
2.290000e+00 4.942147e-03
2.295000e+00 -3.381865e-04
2.300000e+00 -5.657478e-03
2.305000e+00 -1.071918e-02
2.310000e+00 -1.532460e-02
2.315000e+00 -1.939173e-02
2.320000e+00 -2.264092e-02
2.325000e+00 -2.500957e-02
2.330000e+00 -2.638770e-02
2.335000e+00 -2.672994e-02
2.340000e+00 -2.603587e-02
2.345000e+00 -2.425360e-02
2.350000e+00 -2.153771e-02
2.355000e+00 -1.791760e-02
2.360000e+00 -1.356337e-02
2.365000e+00 -8.688369e-03
2.370000e+00 -3.399546e-03
2.375000e+00 1.975939e-03
2.380000e+00 7.292938e-03
2.385000e+00 1.232106e-02
2.390000e+00 1.670083e-02
2.395000e+00 2.038405e-02
2.400000e+00 2.312321e-02
2.405000e+00 2.466405e-02
2.410000e+00 2.498423e-02
2.415000e+00 2.395092e-02
2.420000e+00 2.156927e-02
2.425000e+00 1.796493e-02
2.430000e+00 1.328527e-02
2.435000e+00 7.845075e-03
2.440000e+00 2.017354e-03
2.445000e+00 -3.824218e-03
2.450000e+00 -9.303939e-03
2.455000e+00 -1.415835e-02
2.460000e+00 -1.827371e-02
2.465000e+00 -2.154584e-02
2.470000e+00 -2.392695e-02
2.475000e+00 -2.542066e-02
2.480000e+00 -2.590351e-02
2.485000e+00 -2.521698e-02
2.490000e+00 -2.321146e-02
2.495000e+00 -1.979501e-02
2.500000e+00 -1.508370e-02
2.505000e+00 -9.303099e-03
2.510000e+00 -2.855295e-03
2.515000e+00 3.789698e-03
2.520000e+00 1.021147e-02
2.525000e+00 1.598205e-02
2.530000e+00 2.094719e-02
2.535000e+00 2.499485e-02
2.540000e+00 2.796636e-02
2.545000e+00 2.984416e-02
2.550000e+00 3.058661e-02
2.555000e+00 3.016621e-02
2.560000e+00 2.863076e-02
2.565000e+00 2.607380e-02
2.570000e+00 2.256880e-02
2.575000e+00 1.820834e-02
2.580000e+00 1.303324e-02
2.585000e+00 7.133138e-03
2.590000e+00 8.138792e-04
2.595000e+00 -5.639108e-03
2.600000e+00 -1.180880e-02
2.605000e+00 -1.729368e-02
2.610000e+00 -2.199911e-02
2.615000e+00 -2.587301e-02
2.620000e+00 -2.887771e-02
2.625000e+00 -3.088165e-02
2.630000e+00 -3.163443e-02
2.635000e+00 -3.096028e-02
2.640000e+00 -2.882069e-02
2.645000e+00 -2.546957e-02
2.650000e+00 -2.127517e-02
2.655000e+00 -1.644918e-02
2.660000e+00 -1.115539e-02
2.665000e+00 -5.393244e-03
2.670000e+00 8.525574e-04
2.675000e+00 7.260985e-03
2.680000e+00 1.341104e-02
2.685000e+00 1.889072e-02
2.690000e+00 2.341248e-02
2.695000e+00 2.694143e-02
2.700000e+00 2.950020e-02
2.705000e+00 3.106099e-02
2.710000e+00 3.146403e-02
2.715000e+00 3.053292e-02
2.720000e+00 2.826871e-02
2.725000e+00 2.481596e-02
2.730000e+00 2.037552e-02
2.735000e+00 1.516306e-02
2.740000e+00 9.437709e-03
2.745000e+00 3.347365e-03
2.750000e+00 -2.933597e-03
2.755000e+00 -9.109075e-03
2.760000e+00 -1.495100e-02
2.765000e+00 -2.017313e-02
2.770000e+00 -2.461358e-02
2.775000e+00 -2.808084e-02
2.780000e+00 -3.036583e-02
2.785000e+00 -3.147943e-02
2.790000e+00 -3.130866e-02
2.795000e+00 -2.987863e-02
2.800000e+00 -2.734756e-02
2.805000e+00 -2.368570e-02
2.810000e+00 -1.907093e-02
2.815000e+00 -1.371503e-02
2.820000e+00 -7.736915e-03
2.825000e+00 -1.492207e-03
2.830000e+00 4.775375e-03
2.835000e+00 1.089994e-02
2.840000e+00 1.659743e-02
2.845000e+00 2.162662e-02
2.850000e+00 2.576711e-02
2.855000e+00 2.887123e-02
2.860000e+00 3.089379e-02
2.865000e+00 3.171531e-02
2.870000e+00 3.119061e-02
2.875000e+00 2.940474e-02
2.880000e+00 2.648674e-02
2.885000e+00 2.247695e-02
2.890000e+00 1.757491e-02
2.895000e+00 1.205165e-02
2.900000e+00 6.042497e-03
2.905000e+00 -3.278829e-04
2.910000e+00 -6.738586e-03
2.915000e+00 -1.274177e-02
2.920000e+00 -1.815183e-02
2.925000e+00 -2.295089e-02
2.930000e+00 -2.690964e-02
2.935000e+00 -2.979957e-02
2.940000e+00 -3.146188e-02
2.945000e+00 -3.174452e-02
2.950000e+00 -3.075715e-02
2.955000e+00 -2.869053e-02
2.960000e+00 -2.555468e-02
2.965000e+00 -2.131620e-02
2.970000e+00 -1.609805e-02
2.975000e+00 -1.020907e-02
2.980000e+00 -4.006421e-03
2.985000e+00 2.232108e-03
2.990000e+00 8.368706e-03
2.995000e+00 1.436810e-02
3 1.996204e-02
