T X
0 0
5.000000e-03 4.071243e-11
1.000000e-02 -4.376316e-11
1.500000e-02 -1.086625e-10
2.000000e-02 -8.084844e-11
2.500000e-02 -1.844155e-10
3.000000e-02 -4.225926e-10
3.500000e-02 2.443658e-10
4.000000e-02 1.727613e-08
4.500000e-02 1.625230e-07
5.000000e-02 1.023771e-06
5.500000e-02 5.044895e-06
6.000000e-02 2.066707e-05
6.500000e-02 7.237726e-05
7.000000e-02 2.192523e-04
7.500000e-02 5.768129e-04
8.000000e-02 1.318222e-03
8.500000e-02 2.613241e-03
9.000000e-02 4.485663e-03
9.500000e-02 6.664190e-03
1.000000e-01 8.606755e-03
1.050000e-01 9.815067e-03
1.100000e-01 1.023568e-02
1.150000e-01 1.027691e-02
1.200000e-01 1.028325e-02
1.250000e-01 1.006681e-02
1.300000e-01 9.202549e-03
1.350000e-01 7.721554e-03
1.400000e-01 6.087144e-03
1.450000e-01 4.449232e-03
1.500000e-01 2.509576e-03
1.550000e-01 2.707235e-04
1.600000e-01 -1.813064e-03
1.650000e-01 -3.622869e-03
1.700000e-01 -5.452144e-03
1.750000e-01 -7.200799e-03
1.800000e-01 -8.485494e-03
1.850000e-01 -9.408239e-03
1.900000e-01 -1.017550e-02
1.950000e-01 -1.049112e-02
2.000000e-01 -1.021394e-02
2.050000e-01 -9.646871e-03
2.100000e-01 -8.763167e-03
2.150000e-01 -7.385544e-03
2.200000e-01 -5.791117e-03
2.250000e-01 -4.079197e-03
2.300000e-01 -2.024754e-03
2.350000e-01 1.324709e-04
2.400000e-01 2.106348e-03
2.450000e-01 4.058811e-03
2.500000e-01 5.902434e-03
2.550000e-01 7.432783e-03
2.600000e-01 8.765258e-03
2.650000e-01 9.736758e-03
2.700000e-01 1.015412e-02
2.750000e-01 1.028916e-02
2.800000e-01 1.011488e-02
2.850000e-01 9.405719e-03
2.900000e-01 8.343357e-03
2.950000e-01 6.978701e-03
3.000000e-01 5.286635e-03
3.050000e-01 3.451765e-03
3.100000e-01 1.433819e-03
3.150000e-01 -6.787080e-04
3.200000e-01 -2.630684e-03
3.250000e-01 -4.553177e-03
3.300000e-01 -6.376851e-03
3.350000e-01 -7.827035e-03
3.400000e-01 -9.004104e-03
3.450000e-01 -9.863875e-03
3.500000e-01 -1.026538e-02
3.550000e-01 -1.028895e-02
3.600000e-01 -9.883443e-03
3.650000e-01 -9.086000e-03
3.700000e-01 -7.977464e-03
3.750000e-01 -6.486781e-03
3.800000e-01 -4.774721e-03
3.850000e-01 -2.905465e-03
3.900000e-01 -8.160012e-04
3.950000e-01 1.258085e-03
4.000000e-01 3.245503e-03
4.050000e-01 5.149813e-03
4.100000e-01 6.793175e-03
4.150000e-01 8.195244e-03
4.200000e-01 9.298093e-03
4.250000e-01 9.978447e-03
4.300000e-01 1.030545e-02
4.350000e-01 1.022381e-02
4.400000e-01 9.712002e-03
4.450000e-01 8.808687e-03
4.500000e-01 7.528446e-03
4.550000e-01 6.014183e-03
4.600000e-01 4.233702e-03
4.650000e-01 2.245007e-03
4.700000e-01 2.461237e-04
4.750000e-01 -1.824442e-03
4.800000e-01 -3.824777e-03
4.850000e-01 -5.622921e-03
4.900000e-01 -7.263746e-03
4.950000e-01 -8.581207e-03
5.000000e-01 -9.540844e-03
5.050000e-01 -1.013388e-02
5.100000e-01 -1.032202e-02
5.150000e-01 -1.011127e-02
5.200000e-01 -9.464510e-03
5.250000e-01 -8.494195e-03
5.300000e-01 -7.144489e-03
5.350000e-01 -5.481456e-03
5.400000e-01 -3.694813e-03
5.450000e-01 -1.658003e-03
5.500000e-01 4.314029e-04
5.550000e-01 2.429241e-03
5.600000e-01 4.419308e-03
5.650000e-01 6.185598e-03
5.700000e-01 7.687380e-03
5.750000e-01 8.913101e-03
5.800000e-01 9.754745e-03
5.850000e-01 1.022080e-02
5.900000e-01 1.029484e-02
5.950000e-01 9.951574e-03
6.000000e-01 9.187513e-03
6.050000e-01 8.110230e-03
6.100000e-01 6.689946e-03
6.150000e-01 4.966878e-03
6.200000e-01 3.120690e-03
6.250000e-01 1.094051e-03
6.300000e-01 -9.528591e-04
6.350000e-01 -2.943890e-03
6.400000e-01 -4.886196e-03
6.450000e-01 -6.566895e-03
6.500000e-01 -8.027814e-03
6.550000e-01 -9.184277e-03
6.600000e-01 -9.938753e-03
6.650000e-01 -1.031787e-02
6.700000e-01 -1.027188e-02
6.750000e-01 -9.820399e-03
6.800000e-01 -8.955928e-03
6.850000e-01 -7.772737e-03
6.900000e-01 -6.256564e-03
6.950000e-01 -4.472784e-03
7.000000e-01 -2.554185e-03
7.050000e-01 -4.838189e-04
7.100000e-01 1.580243e-03
7.150000e-01 3.569977e-03
7.200000e-01 5.435773e-03
7.250000e-01 7.076076e-03
7.300000e-01 8.413578e-03
7.350000e-01 9.425176e-03
7.400000e-01 1.008718e-02
7.450000e-01 1.033044e-02
7.500000e-01 1.017545e-02
7.550000e-01 9.576386e-03
7.600000e-01 8.638135e-03
7.650000e-01 7.330296e-03
7.700000e-01 5.700654e-03
7.750000e-01 3.912712e-03
7.800000e-01 1.912288e-03
7.850000e-01 -1.168202e-04
7.900000e-01 -2.158509e-03
7.950000e-01 -4.126045e-03
8.000000e-01 -5.911745e-03
8.050000e-01 -7.493537e-03
8.100000e-01 -8.747997e-03
8.150000e-01 -9.674208e-03
8.200000e-01 -1.018001e-02
8.250000e-01 -1.031369e-02
8.300000e-01 -1.001158e-02
8.350000e-01 -9.318700e-03
8.400000e-01 -8.292399e-03
8.450000e-01 -6.886386e-03
8.500000e-01 -5.243955e-03
8.550000e-01 -3.360961e-03
8.600000e-01 -1.342731e-03
8.650000e-01 7.249055e-04
8.700000e-01 2.753945e-03
8.750000e-01 4.685014e-03
8.800000e-01 6.422823e-03
8.850000e-01 7.877791e-03
8.900000e-01 9.061788e-03
8.950000e-01 9.864805e-03
9.000000e-01 1.029070e-02
9.050000e-01 1.028109e-02
9.100000e-01 9.873797e-03
9.150000e-01 9.073912e-03
9.200000e-01 7.889550e-03
9.250000e-01 6.415988e-03
9.300000e-01 4.667652e-03
9.350000e-01 2.764265e-03
9.400000e-01 7.356786e-04
9.450000e-01 -1.325889e-03
9.500000e-01 -3.332171e-03
9.550000e-01 -5.205068e-03
9.600000e-01 -6.869426e-03
9.650000e-01 -8.273617e-03
9.700000e-01 -9.323642e-03
9.750000e-01 -1.001934e-02
9.800000e-01 -1.031603e-02
9.850000e-01 -1.018140e-02
9.900000e-01 -9.669933e-03
9.950000e-01 -8.777542e-03
1 -7.493759e-03
1.005000e+00 -5.955654e-03
1.010000e+00 -4.162060e-03
1.015000e+00 -2.185794e-03
1.020000e+00 -1.517351e-04
1.025000e+00 1.925095e-03
1.030000e+00 3.897492e-03
1.035000e+00 5.723940e-03
1.040000e+00 7.322060e-03
1.045000e+00 8.618876e-03
1.050000e+00 9.586825e-03
1.055000e+00 1.015951e-02
1.060000e+00 1.032457e-02
1.065000e+00 1.009775e-02
1.070000e+00 9.460970e-03
1.075000e+00 8.427199e-03
1.080000e+00 7.068935e-03
1.085000e+00 5.429021e-03
1.090000e+00 3.581772e-03
1.095000e+00 1.574682e-03
1.100000e+00 -4.766298e-04
1.105000e+00 -2.505509e-03
1.110000e+00 -4.424783e-03
1.115000e+00 -6.170710e-03
1.120000e+00 -7.678265e-03
1.125000e+00 -8.849507e-03
1.130000e+00 -9.711170e-03
1.135000e+00 -1.024907e-02
1.140000e+00 -1.055486e-02
1.145000e+00 -1.072366e-02
1.150000e+00 -1.088434e-02
1.155000e+00 -1.112798e-02
1.160000e+00 -1.142055e-02
1.165000e+00 -1.168086e-02
1.170000e+00 -1.165994e-02
1.175000e+00 -1.109203e-02
1.180000e+00 -9.841809e-03
1.185000e+00 -7.904207e-03
1.190000e+00 -5.475102e-03
1.195000e+00 -2.871460e-03
1.200000e+00 -3.875297e-04
1.205000e+00 1.850279e-03
1.210000e+00 3.917591e-03
1.215000e+00 5.894976e-03
1.220000e+00 7.889302e-03
1.225000e+00 9.756043e-03
1.230000e+00 1.119504e-02
1.235000e+00 1.202711e-02
1.240000e+00 1.220373e-02
1.245000e+00 1.186942e-02
1.250000e+00 1.122920e-02
1.255000e+00 1.035873e-02
1.260000e+00 9.115238e-03
1.265000e+00 7.361158e-03
1.270000e+00 5.084429e-03
1.275000e+00 2.537016e-03
1.280000e+00 5.438533e-05
1.285000e+00 -2.181035e-03
1.290000e+00 -4.137030e-03
1.295000e+00 -5.837599e-03
1.300000e+00 -7.222039e-03
1.305000e+00 -8.000772e-03
1.310000e+00 -7.914559e-03
1.315000e+00 -6.994528e-03
1.320000e+00 -5.360404e-03
1.325000e+00 -3.409286e-03
1.330000e+00 -1.352627e-03
1.335000e+00 7.279974e-04
1.340000e+00 2.623741e-03
1.345000e+00 4.195849e-03
1.350000e+00 5.299618e-03
1.355000e+00 6.132198e-03
1.360000e+00 6.951439e-03
1.365000e+00 7.823994e-03
1.370000e+00 8.608790e-03
1.375000e+00 9.056692e-03
1.380000e+00 8.881834e-03
1.385000e+00 7.962886e-03
1.390000e+00 6.742101e-03
1.395000e+00 5.660254e-03
1.400000e+00 4.468824e-03
1.405000e+00 2.778847e-03
1.410000e+00 1.073865e-03
1.415000e+00 -3.308873e-04
1.420000e+00 -2.034919e-03
1.425000e+00 -4.181965e-03
1.430000e+00 -6.000886e-03
1.435000e+00 -7.074389e-03
1.440000e+00 -7.836213e-03
1.445000e+00 -8.426231e-03
1.450000e+00 -8.785136e-03
1.455000e+00 -9.058094e-03
1.460000e+00 -8.906428e-03
1.465000e+00 -8.053398e-03
1.470000e+00 -6.873903e-03
1.475000e+00 -5.546222e-03
1.480000e+00 -3.995581e-03
1.485000e+00 -2.403803e-03
1.490000e+00 -7.990931e-04
1.495000e+00 1.061912e-03
1.500000e+00 2.958770e-03
1.505000e+00 4.595706e-03
1.510000e+00 6.069282e-03
1.515000e+00 7.214903e-03
1.520000e+00 8.069719e-03
1.525000e+00 8.817173e-03
1.530000e+00 9.156617e-03
1.535000e+00 9.001836e-03
1.540000e+00 8.556084e-03
1.545000e+00 7.690267e-03
1.550000e+00 6.510578e-03
1.555000e+00 5.320080e-03
1.560000e+00 3.796555e-03
1.565000e+00 1.969190e-03
1.570000e+00 1.494764e-04
1.575000e+00 -1.711249e-03
1.580000e+00 -3.365928e-03
1.585000e+00 -4.836205e-03
1.590000e+00 -6.361866e-03
1.595000e+00 -7.656640e-03
1.600000e+00 -8.489109e-03
1.605000e+00 -8.980958e-03
1.610000e+00 -9.058324e-03
1.615000e+00 -8.817352e-03
1.620000e+00 -8.456361e-03
1.625000e+00 -7.658392e-03
1.630000e+00 -6.385321e-03
1.635000e+00 -4.841810e-03
1.640000e+00 -3.185485e-03
1.645000e+00 -1.590991e-03
1.650000e+00 1.462870e-04
1.655000e+00 2.126718e-03
1.660000e+00 3.942124e-03
1.665000e+00 5.472190e-03
1.670000e+00 6.747337e-03
1.675000e+00 7.811330e-03
1.680000e+00 8.825491e-03
1.685000e+00 9.270041e-03
1.690000e+00 9.133148e-03
1.695000e+00 8.894390e-03
1.700000e+00 8.381219e-03
1.705000e+00 7.397289e-03
1.710000e+00 6.005149e-03
1.715000e+00 4.455081e-03
1.720000e+00 2.880426e-03
1.725000e+00 1.095988e-03
1.730000e+00 -8.806891e-04
1.735000e+00 -2.689483e-03
1.740000e+00 -4.328358e-03
1.745000e+00 -5.884769e-03
1.750000e+00 -7.241772e-03
1.755000e+00 -8.280960e-03
1.760000e+00 -8.956548e-03
1.765000e+00 -9.345841e-03
1.770000e+00 -9.261819e-03
1.775000e+00 -8.796432e-03
1.780000e+00 -8.177537e-03
1.785000e+00 -7.111348e-03
1.790000e+00 -5.698171e-03
1.795000e+00 -4.137393e-03
1.800000e+00 -2.373403e-03
1.805000e+00 -5.530191e-04
1.810000e+00 1.357966e-03
1.815000e+00 3.194717e-03
1.820000e+00 4.822686e-03
1.825000e+00 6.370502e-03
1.830000e+00 7.580826e-03
1.835000e+00 8.549126e-03
1.840000e+00 9.310174e-03
1.845000e+00 9.473094e-03
1.850000e+00 9.326867e-03
1.855000e+00 8.916310e-03
1.860000e+00 8.059158e-03
1.865000e+00 6.823904e-03
1.870000e+00 5.303684e-03
1.875000e+00 3.774786e-03
1.880000e+00 1.962934e-03
1.885000e+00 -2.065176e-05
1.890000e+00 -1.865656e-03
1.895000e+00 -3.737330e-03
1.900000e+00 -5.400491e-03
1.905000e+00 -6.824648e-03
1.910000e+00 -8.046004e-03
1.915000e+00 -8.896447e-03
1.920000e+00 -9.391432e-03
1.925000e+00 -9.521281e-03
1.930000e+00 -9.302828e-03
1.935000e+00 -8.711913e-03
1.940000e+00 -7.785223e-03
1.945000e+00 -6.555146e-03
1.950000e+00 -4.970741e-03
1.955000e+00 -3.263971e-03
1.960000e+00 -1.468523e-03
1.965000e+00 4.939110e-04
1.970000e+00 2.396884e-03
1.975000e+00 4.154639e-03
1.980000e+00 5.798508e-03
1.985000e+00 7.238512e-03
1.990000e+00 8.305466e-03
1.995000e+00 9.097609e-03
2 9.576004e-03
2.005000e+00 9.546555e-03
2.010000e+00 9.228881e-03
2.015000e+00 8.533130e-03
2.020000e+00 7.467687e-03
2.025000e+00 6.172351e-03
2.030000e+00 4.569060e-03
2.035000e+00 2.812675e-03
2.040000e+00 9.230443e-04
2.045000e+00 -9.628767e-04
2.050000e+00 -2.821608e-03
2.055000e+00 -4.641801e-03
2.060000e+00 -6.192076e-03
2.065000e+00 -7.540923e-03
2.070000e+00 -8.583851e-03
2.075000e+00 -9.252965e-03
2.080000e+00 -9.606795e-03
2.085000e+00 -9.543725e-03
2.090000e+00 -9.097229e-03
2.095000e+00 -8.309578e-03
2.100000e+00 -7.178899e-03
2.105000e+00 -5.768383e-03
2.110000e+00 -4.150087e-03
2.115000e+00 -2.310414e-03
2.120000e+00 -4.118843e-04
2.125000e+00 1.466053e-03
2.130000e+00 3.372280e-03
2.135000e+00 5.080587e-03
2.140000e+00 6.546917e-03
2.145000e+00 7.828851e-03
2.150000e+00 8.792792e-03
2.155000e+00 9.352672e-03
2.160000e+00 9.608733e-03
2.165000e+00 9.458138e-03
2.170000e+00 8.876270e-03
2.175000e+00 8.052914e-03
2.180000e+00 6.795247e-03
2.185000e+00 5.269472e-03
2.190000e+00 3.656708e-03
2.195000e+00 1.815167e-03
2.200000e+00 -9.892535e-05
2.205000e+00 -1.964300e-03
2.210000e+00 -3.801430e-03
2.215000e+00 -5.514034e-03
2.220000e+00 -6.931819e-03
2.225000e+00 -8.089540e-03
2.230000e+00 -8.961184e-03
2.235000e+00 -9.443907e-03
2.240000e+00 -9.543276e-03
2.245000e+00 -9.286214e-03
2.250000e+00 -8.656928e-03
2.255000e+00 -7.667741e-03
2.260000e+00 -6.430873e-03
2.265000e+00 -4.874595e-03
2.270000e+00 -3.106288e-03
2.275000e+00 -1.272808e-03
2.280000e+00 6.557390e-04
2.285000e+00 2.514448e-03
2.290000e+00 4.240906e-03
2.295000e+00 5.746874e-03
2.300000e+00 7.124257e-03
2.305000e+00 8.214128e-03
2.310000e+00 8.894744e-03
2.315000e+00 9.363894e-03
2.320000e+00 9.371176e-03
2.325000e+00 9.041935e-03
2.330000e+00 8.412975e-03
2.335000e+00 7.362160e-03
2.340000e+00 6.059755e-03
2.345000e+00 4.478247e-03
2.350000e+00 2.678913e-03
2.355000e+00 6.932328e-04
2.360000e+00 -1.462676e-03
2.365000e+00 -3.677498e-03
2.370000e+00 -6.030702e-03
2.375000e+00 -8.520856e-03
2.380000e+00 -1.107763e-02
2.385000e+00 -1.365946e-02
2.390000e+00 -1.605367e-02
2.395000e+00 -1.807413e-02
2.400000e+00 -1.943082e-02
2.405000e+00 -1.988394e-02
2.410000e+00 -1.934000e-02
2.415000e+00 -1.772261e-02
2.420000e+00 -1.521998e-02
2.425000e+00 -1.208110e-02
2.430000e+00 -8.598043e-03
2.435000e+00 -4.935595e-03
2.440000e+00 -1.297365e-03
2.445000e+00 2.231952e-03
2.450000e+00 5.781613e-03
2.455000e+00 9.181002e-03
2.460000e+00 1.249056e-02
2.465000e+00 1.542891e-02
2.470000e+00 1.765921e-02
2.475000e+00 1.922241e-02
2.480000e+00 1.976086e-02
2.485000e+00 1.939017e-02
2.490000e+00 1.836915e-02
2.495000e+00 1.662123e-02
2.500000e+00 1.441047e-02
2.505000e+00 1.182603e-02
2.510000e+00 8.664531e-03
2.515000e+00 5.176401e-03
2.520000e+00 1.646839e-03
2.525000e+00 -1.747027e-03
2.530000e+00 -4.535081e-03
2.535000e+00 -6.531465e-03
2.540000e+00 -7.882572e-03
2.545000e+00 -8.672337e-03
2.550000e+00 -9.108884e-03
2.555000e+00 -9.251600e-03
2.560000e+00 -8.968610e-03
2.565000e+00 -8.404077e-03
2.570000e+00 -7.547956e-03
2.575000e+00 -6.567676e-03
2.580000e+00 -5.663815e-03
2.585000e+00 -4.623195e-03
2.590000e+00 -3.257250e-03
2.595000e+00 -1.449222e-03
2.600000e+00 8.108849e-04
2.605000e+00 3.145340e-03
2.610000e+00 5.199710e-03
2.615000e+00 6.811469e-03
2.620000e+00 7.841634e-03
2.625000e+00 8.550099e-03
2.630000e+00 9.015226e-03
2.635000e+00 9.244250e-03
2.640000e+00 9.216384e-03
2.645000e+00 8.833624e-03
2.650000e+00 8.043492e-03
2.655000e+00 6.862029e-03
2.660000e+00 5.384504e-03
2.665000e+00 3.551690e-03
2.670000e+00 1.541730e-03
2.675000e+00 -4.169543e-04
2.680000e+00 -2.223722e-03
2.685000e+00 -3.810942e-03
2.690000e+00 -5.280534e-03
2.695000e+00 -6.753479e-03
2.700000e+00 -8.105833e-03
2.705000e+00 -9.223349e-03
2.710000e+00 -9.768849e-03
2.715000e+00 -9.614282e-03
2.720000e+00 -9.091590e-03
2.725000e+00 -8.321005e-03
2.730000e+00 -7.482815e-03
2.735000e+00 -6.536878e-03
2.740000e+00 -5.183582e-03
2.745000e+00 -3.342920e-03
2.750000e+00 -1.229222e-03
2.755000e+00 9.097610e-04
2.760000e+00 2.820141e-03
2.765000e+00 4.427998e-03
2.770000e+00 5.915547e-03
2.775000e+00 7.275761e-03
2.780000e+00 8.465822e-03
2.785000e+00 9.378689e-03
2.790000e+00 9.829550e-03
2.795000e+00 9.791407e-03
2.800000e+00 9.346726e-03
2.805000e+00 8.531146e-03
2.810000e+00 7.403142e-03
2.815000e+00 6.013024e-03
2.820000e+00 4.422521e-03
2.825000e+00 2.704251e-03
2.830000e+00 8.121804e-04
2.835000e+00 -1.300825e-03
2.840000e+00 -3.390863e-03
2.845000e+00 -5.142135e-03
2.850000e+00 -6.579814e-03
2.855000e+00 -7.791293e-03
2.860000e+00 -8.884951e-03
2.865000e+00 -9.758598e-03
2.870000e+00 -1.003252e-02
2.875000e+00 -9.784343e-03
2.880000e+00 -9.155269e-03
2.885000e+00 -8.271480e-03
2.890000e+00 -7.252535e-03
2.895000e+00 -5.764638e-03
2.900000e+00 -3.920349e-03
2.905000e+00 -1.902899e-03
2.910000e+00 1.750682e-04
2.915000e+00 2.021008e-03
2.920000e+00 3.721018e-03
2.925000e+00 5.522295e-03
2.930000e+00 7.311379e-03
2.935000e+00 8.650332e-03
2.940000e+00 9.324110e-03
2.945000e+00 9.605060e-03
2.950000e+00 9.927748e-03
2.955000e+00 9.972664e-03
2.960000e+00 9.233462e-03
2.965000e+00 7.949515e-03
2.970000e+00 6.655546e-03
2.975000e+00 5.202229e-03
2.980000e+00 3.320606e-03
2.985000e+00 1.350904e-03
2.990000e+00 -5.497895e-04
2.995000e+00 -2.569296e-03
3 -4.626198e-03
