T X
0 0
5.000000e-03 -5.642134e-08
1.000000e-02 -1.800422e-07
1.500000e-02 -5.263515e-07
2.000000e-02 -1.282281e-06
2.500000e-02 -1.305193e-06
3.000000e-02 2.645098e-06
3.500000e-02 1.080025e-05
4.000000e-02 1.397682e-05
4.500000e-02 8.567339e-06
5.000000e-02 2.562915e-06
5.500000e-02 -5.513327e-06
6.000000e-02 -1.739201e-05
6.500000e-02 -3.726483e-05
7.000000e-02 -8.608027e-05
7.500000e-02 -1.385489e-04
8.000000e-02 -7.118697e-05
8.500000e-02 1.806691e-04
9.000000e-02 3.745395e-04
9.500000e-02 1.970162e-04
1.000000e-01 -2.393095e-04
1.050000e-01 -6.279028e-04
1.100000e-01 -8.791100e-04
1.150000e-01 -8.866194e-04
1.200000e-01 -5.543969e-04
1.250000e-01 5.994171e-06
1.300000e-01 7.464074e-04
1.350000e-01 1.579536e-03
1.400000e-01 2.311548e-03
1.450000e-01 2.926533e-03
1.500000e-01 3.328847e-03
1.550000e-01 3.365851e-03
1.600000e-01 3.060708e-03
1.650000e-01 2.377517e-03
1.700000e-01 1.299137e-03
1.750000e-01 -9.662336e-05
1.800000e-01 -1.725766e-03
1.850000e-01 -3.500974e-03
1.900000e-01 -5.332791e-03
1.950000e-01 -7.145324e-03
2.000000e-01 -8.886498e-03
2.050000e-01 -1.037363e-02
2.100000e-01 -1.148390e-02
2.150000e-01 -1.218695e-02
2.200000e-01 -1.241048e-02
2.250000e-01 -1.217709e-02
2.300000e-01 -1.141600e-02
2.350000e-01 -1.009414e-02
2.400000e-01 -8.329965e-03
2.450000e-01 -6.130095e-03
2.500000e-01 -3.485242e-03
2.550000e-01 -4.473250e-04
2.600000e-01 2.877406e-03
2.650000e-01 6.332565e-03
2.700000e-01 9.799662e-03
2.750000e-01 1.320436e-02
2.800000e-01 1.645078e-02
2.850000e-01 1.945620e-02
2.900000e-01 2.217986e-02
2.950000e-01 2.450255e-02
3.000000e-01 2.631912e-02
3.050000e-01 2.761866e-02
3.100000e-01 2.839426e-02
3.150000e-01 2.867376e-02
3.200000e-01 2.849815e-02
3.250000e-01 2.786222e-02
3.300000e-01 2.678091e-02
3.350000e-01 2.530860e-02
3.400000e-01 2.353172e-02
3.450000e-01 2.161205e-02
3.500000e-01 1.967556e-02
3.550000e-01 1.782481e-02
3.600000e-01 1.617903e-02
3.650000e-01 1.478044e-02
3.700000e-01 1.368923e-02
3.750000e-01 1.303412e-02
3.800000e-01 1.288663e-02
3.850000e-01 1.321663e-02
3.900000e-01 1.403782e-02
3.950000e-01 1.540574e-02
4.000000e-01 1.730140e-02
4.050000e-01 1.964036e-02
4.100000e-01 2.233791e-02
4.150000e-01 2.533502e-02
4.200000e-01 2.855840e-02
4.250000e-01 3.190276e-02
4.300000e-01 3.522834e-02
4.350000e-01 3.841259e-02
4.400000e-01 4.133105e-02
4.450000e-01 4.390826e-02
4.500000e-01 4.608944e-02
4.550000e-01 4.778920e-02
4.600000e-01 4.898610e-02
4.650000e-01 4.961304e-02
4.700000e-01 4.962860e-02
4.750000e-01 4.906455e-02
4.800000e-01 4.797461e-02
4.850000e-01 4.649402e-02
4.900000e-01 4.470882e-02
4.950000e-01 4.265714e-02
5.000000e-01 4.042312e-02
5.050000e-01 3.815098e-02
5.100000e-01 3.596463e-02
5.150000e-01 3.392691e-02
5.200000e-01 3.218622e-02
5.250000e-01 3.085732e-02
5.300000e-01 2.993885e-02
5.350000e-01 2.950216e-02
5.400000e-01 2.965480e-02
5.450000e-01 3.042695e-02
5.500000e-01 3.179978e-02
5.550000e-01 3.374854e-02
5.600000e-01 3.624394e-02
5.650000e-01 3.919137e-02
5.700000e-01 4.246275e-02
5.750000e-01 4.600232e-02
5.800000e-01 4.974407e-02
5.850000e-01 5.358061e-02
5.900000e-01 5.737547e-02
5.950000e-01 6.096854e-02
6.000000e-01 6.424066e-02
6.050000e-01 6.706566e-02
6.100000e-01 6.937409e-02
6.150000e-01 7.112968e-02
6.200000e-01 7.226791e-02
6.250000e-01 7.280230e-02
6.300000e-01 7.274847e-02
6.350000e-01 7.207227e-02
6.400000e-01 7.081711e-02
6.450000e-01 6.906065e-02
6.500000e-01 6.688215e-02
6.550000e-01 6.445039e-02
6.600000e-01 6.189141e-02
6.650000e-01 5.928544e-02
6.700000e-01 5.675222e-02
6.750000e-01 5.441724e-02
6.800000e-01 5.242948e-02
6.850000e-01 5.090133e-02
6.900000e-01 4.990342e-02
6.950000e-01 4.948205e-02
7.000000e-01 4.965754e-02
7.050000e-01 5.042570e-02
7.100000e-01 5.178984e-02
7.150000e-01 5.379705e-02
7.200000e-01 5.639417e-02
7.250000e-01 5.947114e-02
7.300000e-01 6.292046e-02
7.350000e-01 6.660554e-02
7.400000e-01 7.042944e-02
7.450000e-01 7.425237e-02
7.500000e-01 7.794614e-02
7.550000e-01 8.139232e-02
7.600000e-01 8.448289e-02
7.650000e-01 8.718238e-02
7.700000e-01 8.934523e-02
7.750000e-01 9.081818e-02
7.800000e-01 9.162760e-02
7.850000e-01 9.184053e-02
7.900000e-01 9.141738e-02
7.950000e-01 9.035184e-02
8.000000e-01 8.876330e-02
8.050000e-01 8.672425e-02
8.100000e-01 8.434822e-02
8.150000e-01 8.179636e-02
8.200000e-01 7.914237e-02
8.250000e-01 7.651295e-02
8.300000e-01 7.404188e-02
8.350000e-01 7.181321e-02
8.400000e-01 6.993694e-02
8.450000e-01 6.851897e-02
8.500000e-01 6.764792e-02
8.550000e-01 6.738710e-02
8.600000e-01 6.773672e-02
8.650000e-01 6.869385e-02
8.700000e-01 7.028551e-02
8.750000e-01 7.240913e-02
8.800000e-01 7.495321e-02
8.850000e-01 7.792521e-02
8.900000e-01 8.123723e-02
8.950000e-01 8.471501e-02
9.000000e-01 8.823553e-02
9.050000e-01 9.175172e-02
9.100000e-01 9.517257e-02
9.150000e-01 9.829163e-02
9.200000e-01 1.009279e-01
9.250000e-01 1.029922e-01
9.300000e-01 1.045211e-01
9.350000e-01 1.055455e-01
9.400000e-01 1.059472e-01
9.450000e-01 1.056850e-01
9.500000e-01 1.048215e-01
9.550000e-01 1.033806e-01
9.600000e-01 1.014491e-01
9.650000e-01 9.914934e-02
9.700000e-01 9.657977e-02
9.750000e-01 9.383940e-02
9.800000e-01 9.099210e-02
9.850000e-01 8.819772e-02
9.900000e-01 8.567355e-02
9.950000e-01 8.349855e-02
1 8.172997e-02
1.005000e+00 8.043128e-02
1.010000e+00 7.962443e-02
1.015000e+00 7.941733e-02
1.020000e+00 7.987941e-02
1.025000e+00 8.097626e-02
1.030000e+00 8.269960e-02
1.035000e+00 8.493273e-02
1.040000e+00 8.753464e-02
1.045000e+00 9.047169e-02
1.050000e+00 9.366898e-02
1.055000e+00 9.703141e-02
1.060000e+00 1.004418e-01
1.065000e+00 1.037148e-01
1.070000e+00 1.066805e-01
1.075000e+00 1.092551e-01
1.080000e+00 1.113861e-01
1.085000e+00 1.130057e-01
1.090000e+00 1.140871e-01
1.095000e+00 1.145961e-01
1.100000e+00 1.144583e-01
1.105000e+00 1.136479e-01
1.110000e+00 1.122262e-01
1.115000e+00 1.103056e-01
1.120000e+00 1.080062e-01
1.125000e+00 1.054029e-01
1.130000e+00 1.025352e-01
1.135000e+00 9.952008e-02
1.140000e+00 9.654550e-02
1.145000e+00 9.376115e-02
1.150000e+00 9.123180e-02
1.155000e+00 8.901719e-02
1.160000e+00 8.726231e-02
1.165000e+00 8.606323e-02
1.170000e+00 8.546625e-02
1.175000e+00 8.551719e-02
1.180000e+00 8.619085e-02
1.185000e+00 8.742740e-02
1.190000e+00 8.916268e-02
1.195000e+00 9.137598e-02
1.200000e+00 9.405949e-02
1.205000e+00 9.710099e-02
1.210000e+00 1.003260e-01
1.215000e+00 1.035920e-01
1.220000e+00 1.067289e-01
1.225000e+00 1.096298e-01
1.230000e+00 1.122407e-01
1.235000e+00 1.144313e-01
1.240000e+00 1.161367e-01
1.245000e+00 1.173111e-01
1.250000e+00 1.179127e-01
1.255000e+00 1.179278e-01
1.260000e+00 1.173060e-01
1.265000e+00 1.160527e-01
1.270000e+00 1.141968e-01
1.275000e+00 1.118263e-01
1.280000e+00 1.090762e-01
1.285000e+00 1.060847e-01
1.290000e+00 1.030297e-01
1.295000e+00 9.998547e-02
1.300000e+00 9.698674e-02
1.305000e+00 9.415760e-02
1.310000e+00 9.165876e-02
1.315000e+00 8.960300e-02
1.320000e+00 8.805373e-02
1.325000e+00 8.706585e-02
1.330000e+00 8.664503e-02
1.335000e+00 8.686478e-02
1.340000e+00 8.777641e-02
1.345000e+00 8.930025e-02
1.350000e+00 9.136961e-02
1.355000e+00 9.387100e-02
1.360000e+00 9.669818e-02
1.365000e+00 9.976914e-02
1.370000e+00 1.029278e-01
1.375000e+00 1.060683e-01
1.380000e+00 1.090868e-01
1.385000e+00 1.118659e-01
1.390000e+00 1.143436e-01
1.395000e+00 1.163736e-01
1.400000e+00 1.178055e-01
1.405000e+00 1.185951e-01
1.410000e+00 1.186947e-01
1.415000e+00 1.180506e-01
1.420000e+00 1.167818e-01
1.425000e+00 1.150774e-01
1.430000e+00 1.129731e-01
1.435000e+00 1.105172e-01
1.440000e+00 1.077519e-01
1.445000e+00 1.046577e-01
1.450000e+00 1.013846e-01
1.455000e+00 9.812534e-02
1.460000e+00 9.496677e-02
1.465000e+00 9.206200e-02
1.470000e+00 8.957753e-02
1.475000e+00 8.765830e-02
1.480000e+00 8.644594e-02
1.485000e+00 8.592187e-02
1.490000e+00 8.604470e-02
1.495000e+00 8.680366e-02
1.500000e+00 8.808106e-02
1.505000e+00 8.979844e-02
1.510000e+00 9.195114e-02
1.515000e+00 9.447181e-02
1.520000e+00 9.729669e-02
1.525000e+00 1.003617e-01
1.530000e+00 1.035134e-01
1.535000e+00 1.066580e-01
1.540000e+00 1.097002e-01
1.545000e+00 1.124442e-01
1.550000e+00 1.147897e-01
1.555000e+00 1.166149e-01
1.560000e+00 1.177800e-01
1.565000e+00 1.182769e-01
1.570000e+00 1.180847e-01
1.575000e+00 1.172274e-01
1.580000e+00 1.157448e-01
1.585000e+00 1.137023e-01
1.590000e+00 1.112409e-01
1.595000e+00 1.084645e-01
1.600000e+00 1.054766e-01
1.605000e+00 1.023561e-01
1.610000e+00 9.918438e-02
1.615000e+00 9.605653e-02
1.620000e+00 9.310554e-02
1.625000e+00 9.051007e-02
1.630000e+00 8.834781e-02
1.635000e+00 8.664616e-02
1.640000e+00 8.549674e-02
1.645000e+00 8.497933e-02
1.650000e+00 8.513970e-02
1.655000e+00 8.600666e-02
1.660000e+00 8.754781e-02
1.665000e+00 8.971738e-02
1.670000e+00 9.242589e-02
1.675000e+00 9.549569e-02
1.680000e+00 9.873459e-02
1.685000e+00 1.019853e-01
1.690000e+00 1.051075e-01
1.695000e+00 1.080324e-01
1.700000e+00 1.107304e-01
1.705000e+00 1.130355e-01
1.710000e+00 1.148653e-01
1.715000e+00 1.162877e-01
1.720000e+00 1.172274e-01
1.725000e+00 1.175272e-01
1.730000e+00 1.171176e-01
1.735000e+00 1.160417e-01
1.740000e+00 1.143230e-01
1.745000e+00 1.120088e-01
1.750000e+00 1.092765e-01
1.755000e+00 1.062470e-01
1.760000e+00 1.029993e-01
1.765000e+00 9.969596e-02
1.770000e+00 9.651504e-02
1.775000e+00 9.355426e-02
1.780000e+00 9.086850e-02
1.785000e+00 8.860598e-02
1.790000e+00 8.692660e-02
1.795000e+00 8.589516e-02
1.800000e+00 8.551691e-02
1.805000e+00 8.572262e-02
1.810000e+00 8.642983e-02
1.815000e+00 8.762934e-02
1.820000e+00 8.932347e-02
1.825000e+00 9.148185e-02
1.830000e+00 9.406043e-02
1.835000e+00 9.695960e-02
1.840000e+00 1.000686e-01
1.845000e+00 1.033224e-01
1.850000e+00 1.065962e-01
1.855000e+00 1.096781e-01
1.860000e+00 1.123887e-01
1.865000e+00 1.146069e-01
1.870000e+00 1.162264e-01
1.875000e+00 1.172042e-01
1.880000e+00 1.175284e-01
1.885000e+00 1.171333e-01
1.890000e+00 1.160426e-01
1.895000e+00 1.143786e-01
1.900000e+00 1.121845e-01
1.905000e+00 1.095171e-01
1.910000e+00 1.065378e-01
1.915000e+00 1.033931e-01
1.920000e+00 1.002322e-01
1.925000e+00 9.718213e-02
1.930000e+00 9.430280e-02
1.935000e+00 9.170139e-02
1.940000e+00 8.946729e-02
1.945000e+00 8.764585e-02
1.950000e+00 8.629547e-02
1.955000e+00 8.539118e-02
1.960000e+00 8.491744e-02
1.965000e+00 8.500516e-02
1.970000e+00 8.572260e-02
1.975000e+00 8.698590e-02
1.980000e+00 8.871688e-02
1.985000e+00 9.090570e-02
1.990000e+00 9.355077e-02
1.995000e+00 9.659631e-02
2 9.994271e-02
2.005000e+00 1.033549e-01
2.010000e+00 1.065617e-01
2.015000e+00 1.094595e-01
2.020000e+00 1.119834e-01
2.025000e+00 1.140880e-01
2.030000e+00 1.157126e-01
2.035000e+00 1.166492e-01
2.040000e+00 1.167483e-01
2.045000e+00 1.160146e-01
2.050000e+00 1.144609e-01
2.055000e+00 1.122009e-01
2.060000e+00 1.094797e-01
2.065000e+00 1.064646e-01
2.070000e+00 1.032155e-01
2.075000e+00 9.983390e-02
2.080000e+00 9.645756e-02
2.085000e+00 9.319875e-02
2.090000e+00 9.018247e-02
2.095000e+00 8.749754e-02
2.100000e+00 8.517755e-02
2.105000e+00 8.328633e-02
2.110000e+00 8.196833e-02
2.115000e+00 8.129615e-02
2.120000e+00 8.124251e-02
2.125000e+00 8.174696e-02
2.130000e+00 8.273423e-02
2.135000e+00 8.422477e-02
2.140000e+00 8.623660e-02
2.145000e+00 8.872474e-02
2.150000e+00 9.157737e-02
2.155000e+00 9.463122e-02
2.160000e+00 9.776742e-02
2.165000e+00 1.008579e-01
2.170000e+00 1.038044e-01
2.175000e+00 1.065284e-01
2.180000e+00 1.088018e-01
2.185000e+00 1.103838e-01
2.190000e+00 1.112274e-01
2.195000e+00 1.113834e-01
2.200000e+00 1.108548e-01
2.205000e+00 1.096449e-01
2.210000e+00 1.078141e-01
2.215000e+00 1.053898e-01
2.220000e+00 1.023964e-01
2.225000e+00 9.894545e-02
2.230000e+00 9.521463e-02
2.235000e+00 9.137759e-02
2.240000e+00 8.757290e-02
2.245000e+00 8.397123e-02
2.250000e+00 8.074270e-02
2.255000e+00 7.800460e-02
2.260000e+00 7.582247e-02
2.265000e+00 7.416637e-02
2.270000e+00 7.308887e-02
2.275000e+00 7.269017e-02
2.280000e+00 7.296560e-02
2.285000e+00 7.390484e-02
2.290000e+00 7.543807e-02
2.295000e+00 7.747401e-02
2.300000e+00 7.991583e-02
2.305000e+00 8.265086e-02
2.310000e+00 8.557521e-02
2.315000e+00 8.856232e-02
2.320000e+00 9.155407e-02
2.325000e+00 9.442484e-02
2.330000e+00 9.694771e-02
2.335000e+00 9.905876e-02
2.340000e+00 1.007796e-01
2.345000e+00 1.019962e-01
2.350000e+00 1.025562e-01
2.355000e+00 1.024084e-01
2.360000e+00 1.015245e-01
2.365000e+00 9.990388e-02
2.370000e+00 9.759249e-02
2.375000e+00 9.466095e-02
2.380000e+00 9.119804e-02
2.385000e+00 8.730315e-02
2.390000e+00 8.316310e-02
2.395000e+00 7.893134e-02
2.400000e+00 7.469278e-02
2.405000e+00 7.065669e-02
2.410000e+00 6.700604e-02
2.415000e+00 6.381829e-02
2.420000e+00 6.125052e-02
2.425000e+00 5.944005e-02
2.430000e+00 5.844731e-02
2.435000e+00 5.829415e-02
2.440000e+00 5.894481e-02
2.445000e+00 6.035437e-02
2.450000e+00 6.245241e-02
2.455000e+00 6.510039e-02
2.460000e+00 6.813181e-02
2.465000e+00 7.137478e-02
2.470000e+00 7.471264e-02
2.475000e+00 7.802833e-02
2.480000e+00 8.111784e-02
2.485000e+00 8.382495e-02
2.490000e+00 8.602711e-02
2.495000e+00 8.759153e-02
2.500000e+00 8.844755e-02
2.505000e+00 8.858578e-02
2.510000e+00 8.803165e-02
2.515000e+00 8.681519e-02
2.520000e+00 8.498094e-02
2.525000e+00 8.257240e-02
2.530000e+00 7.958609e-02
2.535000e+00 7.610858e-02
2.540000e+00 7.232898e-02
2.545000e+00 6.836722e-02
2.550000e+00 6.436107e-02
2.555000e+00 6.047079e-02
2.560000e+00 5.677407e-02
2.565000e+00 5.336358e-02
2.570000e+00 5.033150e-02
2.575000e+00 4.776868e-02
2.580000e+00 4.575190e-02
2.585000e+00 4.428982e-02
2.590000e+00 4.345529e-02
2.595000e+00 4.335343e-02
2.600000e+00 4.399191e-02
2.605000e+00 4.528472e-02
2.610000e+00 4.712685e-02
2.615000e+00 4.943345e-02
2.620000e+00 5.207964e-02
2.625000e+00 5.493519e-02
2.630000e+00 5.791160e-02
2.635000e+00 6.091866e-02
2.640000e+00 6.384121e-02
2.645000e+00 6.651227e-02
2.650000e+00 6.878736e-02
2.655000e+00 7.059446e-02
2.660000e+00 7.180523e-02
2.665000e+00 7.227794e-02
2.670000e+00 7.199894e-02
2.675000e+00 7.097515e-02
2.680000e+00 6.924199e-02
2.685000e+00 6.688757e-02
2.690000e+00 6.390679e-02
2.695000e+00 6.035399e-02
2.700000e+00 5.635039e-02
2.705000e+00 5.196892e-02
2.710000e+00 4.733718e-02
2.715000e+00 4.263987e-02
2.720000e+00 3.807822e-02
2.725000e+00 3.383838e-02
2.730000e+00 3.004207e-02
2.735000e+00 2.679698e-02
2.740000e+00 2.429348e-02
2.745000e+00 2.263743e-02
2.750000e+00 2.183799e-02
2.755000e+00 2.190543e-02
2.760000e+00 2.280821e-02
2.765000e+00 2.451440e-02
2.770000e+00 2.693566e-02
2.775000e+00 2.994419e-02
2.780000e+00 3.344523e-02
2.785000e+00 3.732186e-02
2.790000e+00 4.140107e-02
2.795000e+00 4.548258e-02
2.800000e+00 4.933513e-02
2.805000e+00 5.273135e-02
2.810000e+00 5.541028e-02
2.815000e+00 5.717086e-02
2.820000e+00 5.798847e-02
2.825000e+00 5.788023e-02
2.830000e+00 5.688779e-02
2.835000e+00 5.502282e-02
2.840000e+00 5.230258e-02
2.845000e+00 4.884773e-02
2.850000e+00 4.480197e-02
2.855000e+00 4.027367e-02
2.860000e+00 3.534839e-02
2.865000e+00 3.019002e-02
2.870000e+00 2.502602e-02
2.875000e+00 2.010193e-02
2.880000e+00 1.566343e-02
2.885000e+00 1.191595e-02
2.890000e+00 9.019397e-03
2.895000e+00 6.988254e-03
2.900000e+00 5.731149e-03
2.905000e+00 5.295300e-03
2.910000e+00 5.825432e-03
2.915000e+00 7.267143e-03
2.920000e+00 9.420437e-03
2.925000e+00 1.217407e-02
2.930000e+00 1.542028e-02
2.935000e+00 1.901903e-02
2.940000e+00 2.280855e-02
2.945000e+00 2.655732e-02
2.950000e+00 3.010548e-02
2.955000e+00 3.332116e-02
2.960000e+00 3.608191e-02
2.965000e+00 3.833975e-02
2.970000e+00 3.995365e-02
2.975000e+00 4.073644e-02
2.980000e+00 4.056748e-02
2.985000e+00 3.937774e-02
2.990000e+00 3.725635e-02
2.995000e+00 3.444977e-02
3 3.118447e-02
