T X
0 0
5.000000e-03 7.859480e-07
1.000000e-02 6.240310e-06
1.500000e-02 2.087797e-05
2.000000e-02 4.002211e-05
2.500000e-02 5.495124e-05
3.000000e-02 6.820490e-05
3.500000e-02 7.684745e-05
4.000000e-02 5.816038e-05
4.500000e-02 -3.908714e-06
5.000000e-02 -1.085732e-04
5.500000e-02 -2.494548e-04
6.000000e-02 -4.212613e-04
6.500000e-02 -6.267932e-04
7.000000e-02 -8.584273e-04
7.500000e-02 -1.087471e-03
8.000000e-02 -1.292330e-03
8.500000e-02 -1.465600e-03
9.000000e-02 -1.594362e-03
9.500000e-02 -1.671398e-03
1.000000e-01 -1.705041e-03
1.050000e-01 -1.674170e-03
1.100000e-01 -1.554707e-03
1.150000e-01 -1.381511e-03
1.200000e-01 -1.172407e-03
1.250000e-01 -9.102129e-04
1.300000e-01 -6.183028e-04
1.350000e-01 -3.287916e-04
1.400000e-01 -3.931441e-05
1.450000e-01 2.431498e-04
1.500000e-01 4.829077e-04
1.550000e-01 7.138694e-04
1.600000e-01 1.008539e-03
1.650000e-01 1.334107e-03
1.700000e-01 1.571770e-03
1.750000e-01 1.546015e-03
1.800000e-01 1.241470e-03
1.850000e-01 9.531290e-04
1.900000e-01 9.211636e-04
1.950000e-01 1.139882e-03
2.000000e-01 1.420998e-03
2.050000e-01 1.542210e-03
2.100000e-01 1.410503e-03
2.150000e-01 9.596330e-04
2.200000e-01 3.332705e-04
2.250000e-01 -2.270908e-04
2.300000e-01 -7.967266e-04
2.350000e-01 -1.273012e-03
2.400000e-01 -1.351473e-03
2.450000e-01 -1.116227e-03
2.500000e-01 -6.771154e-04
2.550000e-01 1.718063e-05
2.600000e-01 7.992332e-04
2.650000e-01 1.414178e-03
2.700000e-01 1.739491e-03
2.750000e-01 1.767276e-03
2.800000e-01 1.530447e-03
2.850000e-01 1.014069e-03
2.900000e-01 2.956708e-04
2.950000e-01 -5.116834e-04
3.000000e-01 -1.377447e-03
3.050000e-01 -2.157348e-03
3.100000e-01 -2.843968e-03
3.150000e-01 -3.499638e-03
3.200000e-01 -3.849126e-03
3.250000e-01 -3.780670e-03
3.300000e-01 -3.388539e-03
3.350000e-01 -2.657418e-03
3.400000e-01 -1.681223e-03
3.450000e-01 -4.950314e-04
3.500000e-01 8.908202e-04
3.550000e-01 2.395251e-03
3.600000e-01 4.003206e-03
3.650000e-01 5.626559e-03
3.700000e-01 7.182776e-03
3.750000e-01 8.589783e-03
3.800000e-01 9.728316e-03
3.850000e-01 1.052693e-02
3.900000e-01 1.096734e-02
3.950000e-01 1.106593e-02
4.000000e-01 1.073633e-02
4.050000e-01 9.937654e-03
4.100000e-01 8.707693e-03
4.150000e-01 7.022371e-03
4.200000e-01 4.880505e-03
4.250000e-01 2.351072e-03
4.300000e-01 -3.851620e-04
4.350000e-01 -3.219060e-03
4.400000e-01 -6.118970e-03
4.450000e-01 -8.973281e-03
4.500000e-01 -1.167276e-02
4.550000e-01 -1.407988e-02
4.600000e-01 -1.613021e-02
4.650000e-01 -1.775520e-02
4.700000e-01 -1.880916e-02
4.750000e-01 -1.929939e-02
4.800000e-01 -1.924031e-02
4.850000e-01 -1.861292e-02
4.900000e-01 -1.740061e-02
4.950000e-01 -1.561501e-02
5.000000e-01 -1.342759e-02
5.050000e-01 -1.090250e-02
5.100000e-01 -8.069445e-03
5.150000e-01 -5.117633e-03
5.200000e-01 -2.172942e-03
5.250000e-01 6.527364e-04
5.300000e-01 3.255721e-03
5.350000e-01 5.625541e-03
5.400000e-01 7.717684e-03
5.450000e-01 9.453870e-03
5.500000e-01 1.075167e-02
5.550000e-01 1.156294e-02
5.600000e-01 1.193129e-02
5.650000e-01 1.190833e-02
5.700000e-01 1.146136e-02
5.750000e-01 1.058230e-02
5.800000e-01 9.353684e-03
5.850000e-01 7.833507e-03
5.900000e-01 6.109731e-03
5.950000e-01 4.287626e-03
6.000000e-01 2.506706e-03
6.050000e-01 8.759961e-04
6.100000e-01 -5.974059e-04
6.150000e-01 -1.751259e-03
6.200000e-01 -2.443749e-03
6.250000e-01 -2.664696e-03
6.300000e-01 -2.429526e-03
6.350000e-01 -1.713490e-03
6.400000e-01 -3.701032e-04
6.450000e-01 1.515509e-03
6.500000e-01 3.755699e-03
6.550000e-01 6.510901e-03
6.600000e-01 9.838967e-03
6.650000e-01 1.333002e-02
6.700000e-01 1.678880e-02
6.750000e-01 2.037465e-02
6.800000e-01 2.403617e-02
6.850000e-01 2.749582e-02
6.900000e-01 3.054286e-02
6.950000e-01 3.331053e-02
7.000000e-01 3.574418e-02
7.050000e-01 3.747890e-02
7.100000e-01 3.864104e-02
7.150000e-01 3.939826e-02
7.200000e-01 3.944350e-02
7.250000e-01 3.879013e-02
7.300000e-01 3.785610e-02
7.350000e-01 3.655926e-02
7.400000e-01 3.472358e-02
7.450000e-01 3.257355e-02
7.500000e-01 3.027786e-02
7.550000e-01 2.801212e-02
7.600000e-01 2.591980e-02
7.650000e-01 2.393913e-02
7.700000e-01 2.214928e-02
7.750000e-01 2.077332e-02
7.800000e-01 1.978364e-02
7.850000e-01 1.922210e-02
7.900000e-01 1.928246e-02
7.950000e-01 1.996510e-02
8.000000e-01 2.129899e-02
8.050000e-01 2.323991e-02
8.100000e-01 2.558102e-02
8.150000e-01 2.836776e-02
8.200000e-01 3.163462e-02
8.250000e-01 3.527394e-02
8.300000e-01 3.920578e-02
8.350000e-01 4.316580e-02
8.400000e-01 4.693634e-02
8.450000e-01 5.045382e-02
8.500000e-01 5.368291e-02
8.550000e-01 5.661373e-02
8.600000e-01 5.917657e-02
8.650000e-01 6.119163e-02
8.700000e-01 6.263951e-02
8.750000e-01 6.354857e-02
8.800000e-01 6.373787e-02
8.850000e-01 6.329597e-02
8.900000e-01 6.238430e-02
8.950000e-01 6.107416e-02
9.000000e-01 5.956963e-02
9.050000e-01 5.777874e-02
9.100000e-01 5.568660e-02
9.150000e-01 5.357844e-02
9.200000e-01 5.150504e-02
9.250000e-01 4.955730e-02
9.300000e-01 4.799157e-02
9.350000e-01 4.682362e-02
9.400000e-01 4.607615e-02
9.450000e-01 4.594805e-02
9.500000e-01 4.643583e-02
9.550000e-01 4.742944e-02
9.600000e-01 4.889198e-02
9.650000e-01 5.081326e-02
9.700000e-01 5.324840e-02
9.750000e-01 5.627626e-02
9.800000e-01 5.978502e-02
9.850000e-01 6.352524e-02
9.900000e-01 6.733497e-02
9.950000e-01 7.118064e-02
1 7.500096e-02
1.005000e+00 7.851753e-02
1.010000e+00 8.165211e-02
1.015000e+00 8.460194e-02
1.020000e+00 8.721099e-02
1.025000e+00 8.932620e-02
1.030000e+00 9.095567e-02
1.035000e+00 9.193091e-02
1.040000e+00 9.222573e-02
1.045000e+00 9.194456e-02
1.050000e+00 9.125868e-02
1.055000e+00 9.018053e-02
1.060000e+00 8.867717e-02
1.065000e+00 8.705237e-02
1.070000e+00 8.557966e-02
1.075000e+00 8.422011e-02
1.080000e+00 8.276394e-02
1.085000e+00 8.129389e-02
1.090000e+00 8.009775e-02
1.095000e+00 7.931218e-02
1.100000e+00 7.909881e-02
1.105000e+00 7.951300e-02
1.110000e+00 8.042866e-02
1.115000e+00 8.176021e-02
1.120000e+00 8.360784e-02
1.125000e+00 8.603493e-02
1.130000e+00 8.879285e-02
1.135000e+00 9.183195e-02
1.140000e+00 9.518540e-02
1.145000e+00 9.863247e-02
1.150000e+00 1.021477e-01
1.155000e+00 1.057970e-01
1.160000e+00 1.095110e-01
1.165000e+00 1.130919e-01
1.170000e+00 1.163259e-01
1.175000e+00 1.191646e-01
1.180000e+00 1.214744e-01
1.185000e+00 1.232015e-01
1.190000e+00 1.244767e-01
1.195000e+00 1.252810e-01
1.200000e+00 1.255940e-01
1.205000e+00 1.254379e-01
1.210000e+00 1.248857e-01
1.215000e+00 1.239753e-01
1.220000e+00 1.227395e-01
1.225000e+00 1.214983e-01
1.230000e+00 1.203550e-01
1.235000e+00 1.191901e-01
1.240000e+00 1.180934e-01
1.245000e+00 1.171158e-01
1.250000e+00 1.163617e-01
1.255000e+00 1.160252e-01
1.260000e+00 1.161435e-01
1.265000e+00 1.167578e-01
1.270000e+00 1.178981e-01
1.275000e+00 1.194453e-01
1.280000e+00 1.213751e-01
1.285000e+00 1.237417e-01
1.290000e+00 1.264248e-01
1.295000e+00 1.292371e-01
1.300000e+00 1.321614e-01
1.305000e+00 1.351264e-01
1.310000e+00 1.380218e-01
1.315000e+00 1.409841e-01
1.320000e+00 1.439866e-01
1.325000e+00 1.467994e-01
1.330000e+00 1.493805e-01
1.335000e+00 1.516733e-01
1.340000e+00 1.535500e-01
1.345000e+00 1.549215e-01
1.350000e+00 1.557056e-01
1.355000e+00 1.559084e-01
1.360000e+00 1.556588e-01
1.365000e+00 1.551200e-01
1.370000e+00 1.543711e-01
1.375000e+00 1.534671e-01
1.380000e+00 1.523356e-01
1.385000e+00 1.510347e-01
1.390000e+00 1.499178e-01
1.395000e+00 1.490341e-01
1.400000e+00 1.483386e-01
1.405000e+00 1.479208e-01
1.410000e+00 1.477704e-01
1.415000e+00 1.479063e-01
1.420000e+00 1.483472e-01
1.425000e+00 1.491299e-01
1.430000e+00 1.503566e-01
1.435000e+00 1.520275e-01
1.440000e+00 1.540328e-01
1.445000e+00 1.563697e-01
1.450000e+00 1.590447e-01
1.455000e+00 1.619499e-01
1.460000e+00 1.650152e-01
1.465000e+00 1.681334e-01
1.470000e+00 1.711837e-01
1.475000e+00 1.740279e-01
1.480000e+00 1.766324e-01
1.485000e+00 1.789763e-01
1.490000e+00 1.808937e-01
1.495000e+00 1.823665e-01
1.500000e+00 1.834266e-01
1.505000e+00 1.840742e-01
1.510000e+00 1.842163e-01
1.515000e+00 1.838880e-01
1.520000e+00 1.832988e-01
1.525000e+00 1.823665e-01
1.530000e+00 1.810363e-01
1.535000e+00 1.795797e-01
1.540000e+00 1.781397e-01
1.545000e+00 1.766545e-01
1.550000e+00 1.751605e-01
1.555000e+00 1.737664e-01
1.560000e+00 1.726831e-01
1.565000e+00 1.720339e-01
1.570000e+00 1.715859e-01
1.575000e+00 1.713906e-01
1.580000e+00 1.717628e-01
1.585000e+00 1.726362e-01
1.590000e+00 1.739271e-01
1.595000e+00 1.756965e-01
1.600000e+00 1.779195e-01
1.605000e+00 1.805656e-01
1.610000e+00 1.835205e-01
1.615000e+00 1.865963e-01
1.620000e+00 1.896667e-01
1.625000e+00 1.925959e-01
1.630000e+00 1.954272e-01
1.635000e+00 1.981125e-01
1.640000e+00 2.003689e-01
1.645000e+00 2.022907e-01
1.650000e+00 2.038906e-01
1.655000e+00 2.050306e-01
1.660000e+00 2.057908e-01
1.665000e+00 2.061244e-01
1.670000e+00 2.059892e-01
1.675000e+00 2.054952e-01
1.680000e+00 2.047689e-01
1.685000e+00 2.037512e-01
1.690000e+00 2.023814e-01
1.695000e+00 2.007325e-01
1.700000e+00 1.989719e-01
1.705000e+00 1.972281e-01
1.710000e+00 1.955432e-01
1.715000e+00 1.939492e-01
1.720000e+00 1.924608e-01
1.725000e+00 1.912942e-01
1.730000e+00 1.906734e-01
1.735000e+00 1.905505e-01
1.740000e+00 1.907758e-01
1.745000e+00 1.912968e-01
1.750000e+00 1.921274e-01
1.755000e+00 1.932692e-01
1.760000e+00 1.948024e-01
1.765000e+00 1.968264e-01
1.770000e+00 1.992465e-01
1.775000e+00 2.018938e-01
1.780000e+00 2.045723e-01
1.785000e+00 2.071513e-01
1.790000e+00 2.095962e-01
1.795000e+00 2.119624e-01
1.800000e+00 2.142611e-01
1.805000e+00 2.162533e-01
1.810000e+00 2.177109e-01
1.815000e+00 2.186294e-01
1.820000e+00 2.190968e-01
1.825000e+00 2.191200e-01
1.830000e+00 2.188075e-01
1.835000e+00 2.182146e-01
1.840000e+00 2.171547e-01
1.845000e+00 2.156955e-01
1.850000e+00 2.141610e-01
1.855000e+00 2.126029e-01
1.860000e+00 2.109539e-01
1.865000e+00 2.092708e-01
1.870000e+00 2.075307e-01
1.875000e+00 2.058710e-01
1.880000e+00 2.044292e-01
1.885000e+00 2.030658e-01
1.890000e+00 2.019207e-01
1.895000e+00 2.011550e-01
1.900000e+00 2.007179e-01
1.905000e+00 2.007316e-01
1.910000e+00 2.013494e-01
1.915000e+00 2.024337e-01
1.920000e+00 2.038305e-01
1.925000e+00 2.055580e-01
1.930000e+00 2.076276e-01
1.935000e+00 2.099512e-01
1.940000e+00 2.123476e-01
1.945000e+00 2.147116e-01
1.950000e+00 2.170284e-01
1.955000e+00 2.191623e-01
1.960000e+00 2.209996e-01
1.965000e+00 2.225946e-01
1.970000e+00 2.238447e-01
1.975000e+00 2.246531e-01
1.980000e+00 2.250878e-01
1.985000e+00 2.250422e-01
1.990000e+00 2.244317e-01
1.995000e+00 2.232722e-01
2 2.215204e-01
2.005000e+00 2.193937e-01
2.010000e+00 2.172025e-01
2.015000e+00 2.149753e-01
2.020000e+00 2.126803e-01
2.025000e+00 2.103671e-01
2.030000e+00 2.081405e-01
2.035000e+00 2.062374e-01
2.040000e+00 2.046873e-01
2.045000e+00 2.034877e-01
2.050000e+00 2.027597e-01
2.055000e+00 2.025220e-01
2.060000e+00 2.027351e-01
2.065000e+00 2.033688e-01
2.070000e+00 2.044546e-01
2.075000e+00 2.059787e-01
2.080000e+00 2.078316e-01
2.085000e+00 2.098497e-01
2.090000e+00 2.118856e-01
2.095000e+00 2.137777e-01
2.100000e+00 2.155330e-01
2.105000e+00 2.173726e-01
2.110000e+00 2.193047e-01
2.115000e+00 2.211011e-01
2.120000e+00 2.225835e-01
2.125000e+00 2.236602e-01
2.130000e+00 2.243076e-01
2.135000e+00 2.245318e-01
2.140000e+00 2.244523e-01
2.145000e+00 2.240491e-01
2.150000e+00 2.230921e-01
2.155000e+00 2.216631e-01
2.160000e+00 2.197707e-01
2.165000e+00 2.173680e-01
2.170000e+00 2.147520e-01
2.175000e+00 2.120007e-01
2.180000e+00 2.091760e-01
2.185000e+00 2.063969e-01
2.190000e+00 2.037632e-01
2.195000e+00 2.015120e-01
2.200000e+00 1.997000e-01
2.205000e+00 1.983194e-01
2.210000e+00 1.973764e-01
2.215000e+00 1.969900e-01
2.220000e+00 1.972524e-01
2.225000e+00 1.980507e-01
2.230000e+00 1.994526e-01
2.235000e+00 2.013445e-01
2.240000e+00 2.034818e-01
2.245000e+00 2.059305e-01
2.250000e+00 2.085449e-01
2.255000e+00 2.110029e-01
2.260000e+00 2.133026e-01
2.265000e+00 2.155905e-01
2.270000e+00 2.177221e-01
2.275000e+00 2.194748e-01
2.280000e+00 2.208720e-01
2.285000e+00 2.218727e-01
2.290000e+00 2.223228e-01
2.295000e+00 2.221841e-01
2.300000e+00 2.214391e-01
2.305000e+00 2.201726e-01
2.310000e+00 2.184769e-01
2.315000e+00 2.162614e-01
2.320000e+00 2.136386e-01
2.325000e+00 2.108489e-01
2.330000e+00 2.079712e-01
2.335000e+00 2.050595e-01
2.340000e+00 2.021954e-01
2.345000e+00 1.995106e-01
2.350000e+00 1.970881e-01
2.355000e+00 1.950190e-01
2.360000e+00 1.934284e-01
2.365000e+00 1.923870e-01
2.370000e+00 1.919168e-01
2.375000e+00 1.919110e-01
2.380000e+00 1.922728e-01
2.385000e+00 1.931158e-01
2.390000e+00 1.944063e-01
2.395000e+00 1.959187e-01
2.400000e+00 1.976865e-01
2.405000e+00 1.997383e-01
2.410000e+00 2.019301e-01
2.415000e+00 2.042003e-01
2.420000e+00 2.064549e-01
2.425000e+00 2.085391e-01
2.430000e+00 2.103276e-01
2.435000e+00 2.116732e-01
2.440000e+00 2.125282e-01
2.445000e+00 2.129743e-01
2.450000e+00 2.130199e-01
2.455000e+00 2.124451e-01
2.460000e+00 2.112886e-01
2.465000e+00 2.098853e-01
2.470000e+00 2.082005e-01
2.475000e+00 2.061386e-01
2.480000e+00 2.038205e-01
2.485000e+00 2.013579e-01
2.490000e+00 1.988323e-01
2.495000e+00 1.962343e-01
2.500000e+00 1.935754e-01
2.505000e+00 1.910557e-01
2.510000e+00 1.888067e-01
2.515000e+00 1.868119e-01
2.520000e+00 1.852059e-01
2.525000e+00 1.840505e-01
2.530000e+00 1.833647e-01
2.535000e+00 1.832607e-01
2.540000e+00 1.836549e-01
2.545000e+00 1.844121e-01
2.550000e+00 1.854323e-01
2.555000e+00 1.866977e-01
2.560000e+00 1.883353e-01
2.565000e+00 1.902824e-01
2.570000e+00 1.924285e-01
2.575000e+00 1.947003e-01
2.580000e+00 1.968651e-01
2.585000e+00 1.988830e-01
2.590000e+00 2.006656e-01
2.595000e+00 2.020205e-01
2.600000e+00 2.029302e-01
2.605000e+00 2.033553e-01
2.610000e+00 2.033315e-01
2.615000e+00 2.029002e-01
2.620000e+00 2.019046e-01
2.625000e+00 2.003223e-01
2.630000e+00 1.983580e-01
2.635000e+00 1.960829e-01
2.640000e+00 1.935286e-01
2.645000e+00 1.907174e-01
2.650000e+00 1.876911e-01
2.655000e+00 1.846278e-01
2.660000e+00 1.816452e-01
2.665000e+00 1.788637e-01
2.670000e+00 1.763792e-01
2.675000e+00 1.742592e-01
2.680000e+00 1.726793e-01
2.685000e+00 1.716408e-01
2.690000e+00 1.709537e-01
2.695000e+00 1.706707e-01
2.700000e+00 1.708928e-01
2.705000e+00 1.714349e-01
2.710000e+00 1.721994e-01
2.715000e+00 1.731788e-01
2.720000e+00 1.743894e-01
2.725000e+00 1.757293e-01
2.730000e+00 1.771710e-01
2.735000e+00 1.788561e-01
2.740000e+00 1.806741e-01
2.745000e+00 1.824521e-01
2.750000e+00 1.840522e-01
2.755000e+00 1.855504e-01
2.760000e+00 1.869543e-01
2.765000e+00 1.880273e-01
2.770000e+00 1.886314e-01
2.775000e+00 1.887189e-01
2.780000e+00 1.883620e-01
2.785000e+00 1.876120e-01
2.790000e+00 1.864827e-01
2.795000e+00 1.849371e-01
2.800000e+00 1.829040e-01
2.805000e+00 1.804582e-01
2.810000e+00 1.776667e-01
2.815000e+00 1.746467e-01
2.820000e+00 1.713155e-01
2.825000e+00 1.676129e-01
2.830000e+00 1.639047e-01
2.835000e+00 1.604022e-01
2.840000e+00 1.572227e-01
2.845000e+00 1.544780e-01
2.850000e+00 1.522511e-01
2.855000e+00 1.507207e-01
2.860000e+00 1.498474e-01
2.865000e+00 1.495650e-01
2.870000e+00 1.498731e-01
2.875000e+00 1.506993e-01
2.880000e+00 1.520976e-01
2.885000e+00 1.540300e-01
2.890000e+00 1.562023e-01
2.895000e+00 1.586309e-01
2.900000e+00 1.613195e-01
2.905000e+00 1.639478e-01
2.910000e+00 1.664126e-01
2.915000e+00 1.687944e-01
2.920000e+00 1.709939e-01
2.925000e+00 1.726663e-01
2.930000e+00 1.736717e-01
2.935000e+00 1.740304e-01
2.940000e+00 1.736379e-01
2.945000e+00 1.724329e-01
2.950000e+00 1.704826e-01
2.955000e+00 1.678806e-01
2.960000e+00 1.647202e-01
2.965000e+00 1.610504e-01
2.970000e+00 1.568821e-01
2.975000e+00 1.523562e-01
2.980000e+00 1.477743e-01
2.985000e+00 1.433753e-01
2.990000e+00 1.392042e-01
2.995000e+00 1.351575e-01
3 1.314709e-01
