T X
0 0
5.000000e-03 3.243157e-08
1.000000e-02 2.158405e-07
1.500000e-02 3.935738e-07
2.000000e-02 -2.778742e-07
2.500000e-02 -2.073844e-06
3.000000e-02 -3.792897e-06
3.500000e-02 -4.261689e-06
4.000000e-02 -2.645314e-06
4.500000e-02 1.307924e-06
5.000000e-02 6.527927e-06
5.500000e-02 1.324543e-05
6.000000e-02 2.365071e-05
6.500000e-02 3.096075e-05
7.000000e-02 8.231909e-06
7.500000e-02 -4.750504e-05
8.000000e-02 -4.479979e-05
8.500000e-02 1.052241e-04
9.000000e-02 2.639341e-04
9.500000e-02 1.650874e-04
1.000000e-01 -1.777599e-04
1.050000e-01 -5.134194e-04
1.100000e-01 -7.471521e-04
1.150000e-01 -8.331627e-04
1.200000e-01 -6.175245e-04
1.250000e-01 -1.175190e-04
1.300000e-01 5.472408e-04
1.350000e-01 1.348161e-03
1.400000e-01 2.167327e-03
1.450000e-01 2.887904e-03
1.500000e-01 3.439504e-03
1.550000e-01 3.637916e-03
1.600000e-01 3.431073e-03
1.650000e-01 2.884821e-03
1.700000e-01 1.985894e-03
1.750000e-01 7.419498e-04
1.800000e-01 -8.337034e-04
1.850000e-01 -2.639840e-03
1.900000e-01 -4.542681e-03
1.950000e-01 -6.464291e-03
2.000000e-01 -8.239201e-03
2.050000e-01 -9.781093e-03
2.100000e-01 -1.105298e-02
2.150000e-01 -1.190282e-02
2.200000e-01 -1.228155e-02
2.250000e-01 -1.220092e-02
2.300000e-01 -1.156490e-02
2.350000e-01 -1.030501e-02
2.400000e-01 -8.455670e-03
2.450000e-01 -6.096027e-03
2.500000e-01 -3.250210e-03
2.550000e-01 7.357108e-05
2.600000e-01 3.735678e-03
2.650000e-01 7.569277e-03
2.700000e-01 1.150254e-02
2.750000e-01 1.541978e-02
2.800000e-01 1.911129e-02
2.850000e-01 2.248657e-02
2.900000e-01 2.549936e-02
2.950000e-01 2.802393e-02
3.000000e-01 2.998267e-02
3.050000e-01 3.126778e-02
3.100000e-01 3.181855e-02
3.150000e-01 3.171659e-02
3.200000e-01 3.101203e-02
3.250000e-01 2.973739e-02
3.300000e-01 2.795386e-02
3.350000e-01 2.579725e-02
3.400000e-01 2.346068e-02
3.450000e-01 2.100835e-02
3.500000e-01 1.852435e-02
3.550000e-01 1.617273e-02
3.600000e-01 1.403930e-02
3.650000e-01 1.226405e-02
3.700000e-01 1.099542e-02
3.750000e-01 1.029672e-02
3.800000e-01 1.022306e-02
3.850000e-01 1.079926e-02
3.900000e-01 1.202505e-02
3.950000e-01 1.388608e-02
4.000000e-01 1.636254e-02
4.050000e-01 1.940792e-02
4.100000e-01 2.292305e-02
4.150000e-01 2.676220e-02
4.200000e-01 3.078279e-02
4.250000e-01 3.489120e-02
4.300000e-01 3.897346e-02
4.350000e-01 4.291354e-02
4.400000e-01 4.656973e-02
4.450000e-01 4.975390e-02
4.500000e-01 5.237455e-02
4.550000e-01 5.438820e-02
4.600000e-01 5.571608e-02
4.650000e-01 5.630359e-02
4.700000e-01 5.615671e-02
4.750000e-01 5.532658e-02
4.800000e-01 5.383643e-02
4.850000e-01 5.177826e-02
4.900000e-01 4.928042e-02
4.950000e-01 4.639898e-02
5.000000e-01 4.327756e-02
5.050000e-01 4.007610e-02
5.100000e-01 3.691511e-02
5.150000e-01 3.395507e-02
5.200000e-01 3.135278e-02
5.250000e-01 2.924411e-02
5.300000e-01 2.772021e-02
5.350000e-01 2.683189e-02
5.400000e-01 2.667067e-02
5.450000e-01 2.729761e-02
5.500000e-01 2.863535e-02
5.550000e-01 3.066536e-02
5.600000e-01 3.339427e-02
5.650000e-01 3.670788e-02
5.700000e-01 4.050424e-02
5.750000e-01 4.468674e-02
5.800000e-01 4.908921e-02
5.850000e-01 5.354543e-02
5.900000e-01 5.792548e-02
5.950000e-01 6.208710e-02
6.000000e-01 6.591856e-02
6.050000e-01 6.931908e-02
6.100000e-01 7.215907e-02
6.150000e-01 7.432331e-02
6.200000e-01 7.573993e-02
6.250000e-01 7.637859e-02
6.300000e-01 7.627621e-02
6.350000e-01 7.548616e-02
6.400000e-01 7.400986e-02
6.450000e-01 7.193468e-02
6.500000e-01 6.939880e-02
6.550000e-01 6.650982e-02
6.600000e-01 6.341876e-02
6.650000e-01 6.026645e-02
6.700000e-01 5.715297e-02
6.750000e-01 5.424390e-02
6.800000e-01 5.170567e-02
6.850000e-01 4.962466e-02
6.900000e-01 4.811082e-02
6.950000e-01 4.729658e-02
7.000000e-01 4.725293e-02
7.050000e-01 4.796301e-02
7.100000e-01 4.938954e-02
7.150000e-01 5.152270e-02
7.200000e-01 5.431636e-02
7.250000e-01 5.763146e-02
7.300000e-01 6.134530e-02
7.350000e-01 6.538831e-02
7.400000e-01 6.964109e-02
7.450000e-01 7.390840e-02
7.500000e-01 7.797271e-02
7.550000e-01 8.174309e-02
7.600000e-01 8.514956e-02
7.650000e-01 8.803759e-02
7.700000e-01 9.028433e-02
7.750000e-01 9.181944e-02
7.800000e-01 9.264029e-02
7.850000e-01 9.276852e-02
7.900000e-01 9.217289e-02
7.950000e-01 9.088155e-02
8.000000e-01 8.897939e-02
8.050000e-01 8.653385e-02
8.100000e-01 8.370378e-02
8.150000e-01 8.064291e-02
8.200000e-01 7.743260e-02
8.250000e-01 7.420675e-02
8.300000e-01 7.117985e-02
8.350000e-01 6.851385e-02
8.400000e-01 6.630509e-02
8.450000e-01 6.467843e-02
8.500000e-01 6.372781e-02
8.550000e-01 6.350242e-02
8.600000e-01 6.402824e-02
8.650000e-01 6.531895e-02
8.700000e-01 6.734888e-02
8.750000e-01 7.006559e-02
8.800000e-01 7.338431e-02
8.850000e-01 7.720021e-02
8.900000e-01 8.140982e-02
8.950000e-01 8.577535e-02
9.000000e-01 9.005678e-02
9.050000e-01 9.417658e-02
9.100000e-01 9.811173e-02
9.150000e-01 1.017674e-01
9.200000e-01 1.048923e-01
9.250000e-01 1.072542e-01
9.300000e-01 1.088295e-01
9.350000e-01 1.096559e-01
9.400000e-01 1.097461e-01
9.450000e-01 1.091242e-01
9.500000e-01 1.078078e-01
9.550000e-01 1.057552e-01
9.600000e-01 1.029733e-01
9.650000e-01 9.973431e-02
9.700000e-01 9.631410e-02
9.750000e-01 9.272426e-02
9.800000e-01 8.901557e-02
9.850000e-01 8.541195e-02
9.900000e-01 8.213014e-02
9.950000e-01 7.934629e-02
1 7.711535e-02
1.005000e+00 7.544151e-02
1.010000e+00 7.441889e-02
1.015000e+00 7.418491e-02
1.020000e+00 7.485713e-02
1.025000e+00 7.642622e-02
1.030000e+00 7.875369e-02
1.035000e+00 8.165536e-02
1.040000e+00 8.500921e-02
1.045000e+00 8.873313e-02
1.050000e+00 9.277298e-02
1.055000e+00 9.707657e-02
1.060000e+00 1.014339e-01
1.065000e+00 1.055797e-01
1.070000e+00 1.093216e-01
1.075000e+00 1.125197e-01
1.080000e+00 1.151089e-01
1.085000e+00 1.170601e-01
1.090000e+00 1.182705e-01
1.095000e+00 1.186411e-01
1.100000e+00 1.181830e-01
1.105000e+00 1.169290e-01
1.110000e+00 1.149227e-01
1.115000e+00 1.123262e-01
1.120000e+00 1.092873e-01
1.125000e+00 1.058285e-01
1.130000e+00 1.020196e-01
1.135000e+00 9.804938e-02
1.140000e+00 9.413628e-02
1.145000e+00 9.046890e-02
1.150000e+00 8.723112e-02
1.155000e+00 8.455840e-02
1.160000e+00 8.252129e-02
1.165000e+00 8.120433e-02
1.170000e+00 8.065645e-02
1.175000e+00 8.082714e-02
1.180000e+00 8.168564e-02
1.185000e+00 8.327073e-02
1.190000e+00 8.557720e-02
1.195000e+00 8.853984e-02
1.200000e+00 9.209229e-02
1.205000e+00 9.609076e-02
1.210000e+00 1.002828e-01
1.215000e+00 1.044532e-01
1.220000e+00 1.084121e-01
1.225000e+00 1.120112e-01
1.230000e+00 1.151953e-01
1.235000e+00 1.179029e-01
1.240000e+00 1.200217e-01
1.245000e+00 1.214124e-01
1.250000e+00 1.220411e-01
1.255000e+00 1.219213e-01
1.260000e+00 1.209894e-01
1.265000e+00 1.192480e-01
1.270000e+00 1.167726e-01
1.275000e+00 1.136319e-01
1.280000e+00 1.099984e-01
1.285000e+00 1.061276e-01
1.290000e+00 1.021814e-01
1.295000e+00 9.825039e-02
1.300000e+00 9.443637e-02
1.305000e+00 9.086833e-02
1.310000e+00 8.771083e-02
1.315000e+00 8.512289e-02
1.320000e+00 8.324680e-02
1.325000e+00 8.214166e-02
1.330000e+00 8.179557e-02
1.335000e+00 8.230715e-02
1.340000e+00 8.370803e-02
1.345000e+00 8.579627e-02
1.350000e+00 8.845026e-02
1.355000e+00 9.163544e-02
1.360000e+00 9.520068e-02
1.365000e+00 9.903627e-02
1.370000e+00 1.030967e-01
1.375000e+00 1.072388e-01
1.380000e+00 1.112215e-01
1.385000e+00 1.147888e-01
1.390000e+00 1.177482e-01
1.395000e+00 1.199790e-01
1.400000e+00 1.214599e-01
1.405000e+00 1.221937e-01
1.410000e+00 1.221656e-01
1.415000e+00 1.214183e-01
1.420000e+00 1.199863e-01
1.425000e+00 1.179426e-01
1.430000e+00 1.153455e-01
1.435000e+00 1.122097e-01
1.440000e+00 1.086187e-01
1.445000e+00 1.046863e-01
1.450000e+00 1.006090e-01
1.455000e+00 9.662622e-02
1.460000e+00 9.291174e-02
1.465000e+00 8.959002e-02
1.470000e+00 8.681592e-02
1.475000e+00 8.473716e-02
1.480000e+00 8.338331e-02
1.485000e+00 8.286276e-02
1.490000e+00 8.321084e-02
1.495000e+00 8.424391e-02
1.500000e+00 8.594424e-02
1.505000e+00 8.833205e-02
1.510000e+00 9.124883e-02
1.515000e+00 9.457055e-02
1.520000e+00 9.820219e-02
1.525000e+00 1.019811e-01
1.530000e+00 1.057818e-01
1.535000e+00 1.095204e-01
1.540000e+00 1.130601e-01
1.545000e+00 1.162057e-01
1.550000e+00 1.187809e-01
1.555000e+00 1.206644e-01
1.560000e+00 1.217906e-01
1.565000e+00 1.221129e-01
1.570000e+00 1.215547e-01
1.575000e+00 1.201581e-01
1.580000e+00 1.180473e-01
1.585000e+00 1.152975e-01
1.590000e+00 1.119920e-01
1.595000e+00 1.082830e-01
1.600000e+00 1.043978e-01
1.605000e+00 1.005058e-01
1.610000e+00 9.669020e-02
1.615000e+00 9.305901e-02
1.620000e+00 8.974788e-02
1.625000e+00 8.688877e-02
1.630000e+00 8.458820e-02
1.635000e+00 8.291532e-02
1.640000e+00 8.196953e-02
1.645000e+00 8.182990e-02
1.650000e+00 8.252664e-02
1.655000e+00 8.402539e-02
1.660000e+00 8.623900e-02
1.665000e+00 8.910214e-02
1.670000e+00 9.246125e-02
1.675000e+00 9.615206e-02
1.680000e+00 1.000758e-01
1.685000e+00 1.041092e-01
1.690000e+00 1.081273e-01
1.695000e+00 1.119970e-01
1.700000e+00 1.154759e-01
1.705000e+00 1.183618e-01
1.710000e+00 1.205953e-01
1.715000e+00 1.220987e-01
1.720000e+00 1.228137e-01
1.725000e+00 1.226707e-01
1.730000e+00 1.216235e-01
1.735000e+00 1.198098e-01
1.740000e+00 1.173525e-01
1.745000e+00 1.142514e-01
1.750000e+00 1.106568e-01
1.755000e+00 1.067629e-01
1.760000e+00 1.026662e-01
1.765000e+00 9.853934e-02
1.770000e+00 9.462035e-02
1.775000e+00 9.111681e-02
1.780000e+00 8.807387e-02
1.785000e+00 8.547450e-02
1.790000e+00 8.346715e-02
1.795000e+00 8.222240e-02
1.800000e+00 8.173505e-02
1.805000e+00 8.196556e-02
1.810000e+00 8.290474e-02
1.815000e+00 8.454706e-02
1.820000e+00 8.692253e-02
1.825000e+00 8.996767e-02
1.830000e+00 9.346737e-02
1.835000e+00 9.723192e-02
1.840000e+00 1.011217e-01
1.845000e+00 1.050257e-01
1.850000e+00 1.088945e-01
1.855000e+00 1.125293e-01
1.860000e+00 1.156909e-01
1.865000e+00 1.182470e-01
1.870000e+00 1.200519e-01
1.875000e+00 1.210032e-01
1.880000e+00 1.211118e-01
1.885000e+00 1.204371e-01
1.890000e+00 1.189807e-01
1.895000e+00 1.167524e-01
1.900000e+00 1.138996e-01
1.905000e+00 1.106305e-01
1.910000e+00 1.070974e-01
1.915000e+00 1.034045e-01
1.920000e+00 9.961559e-02
1.925000e+00 9.586353e-02
1.930000e+00 9.234872e-02
1.935000e+00 8.919887e-02
1.940000e+00 8.651046e-02
1.945000e+00 8.438035e-02
1.950000e+00 8.285787e-02
1.955000e+00 8.202511e-02
1.960000e+00 8.195514e-02
1.965000e+00 8.265123e-02
1.970000e+00 8.412179e-02
1.975000e+00 8.624373e-02
1.980000e+00 8.884257e-02
1.985000e+00 9.190640e-02
1.990000e+00 9.540079e-02
1.995000e+00 9.918264e-02
2 1.030917e-01
2.005000e+00 1.069401e-01
2.010000e+00 1.104952e-01
2.015000e+00 1.135729e-01
2.020000e+00 1.161151e-01
2.025000e+00 1.180557e-01
2.030000e+00 1.192870e-01
2.035000e+00 1.197015e-01
2.040000e+00 1.192274e-01
2.045000e+00 1.179155e-01
2.050000e+00 1.158747e-01
2.055000e+00 1.132020e-01
2.060000e+00 1.100103e-01
2.065000e+00 1.064078e-01
2.070000e+00 1.024942e-01
2.075000e+00 9.843203e-02
2.080000e+00 9.437215e-02
2.085000e+00 9.041695e-02
2.090000e+00 8.673990e-02
2.095000e+00 8.352795e-02
2.100000e+00 8.089222e-02
2.105000e+00 7.891316e-02
2.110000e+00 7.766309e-02
2.115000e+00 7.719268e-02
2.120000e+00 7.752590e-02
2.125000e+00 7.863123e-02
2.130000e+00 8.044925e-02
2.135000e+00 8.294295e-02
2.140000e+00 8.604742e-02
2.145000e+00 8.961284e-02
2.150000e+00 9.345426e-02
2.155000e+00 9.737319e-02
2.160000e+00 1.011908e-01
2.165000e+00 1.048006e-01
2.170000e+00 1.080700e-01
2.175000e+00 1.108399e-01
2.180000e+00 1.129866e-01
2.185000e+00 1.144255e-01
2.190000e+00 1.150796e-01
2.195000e+00 1.149125e-01
2.200000e+00 1.139750e-01
2.205000e+00 1.122957e-01
2.210000e+00 1.098667e-01
2.215000e+00 1.067343e-01
2.220000e+00 1.030691e-01
2.225000e+00 9.907696e-02
2.230000e+00 9.490378e-02
2.235000e+00 9.068165e-02
2.240000e+00 8.653473e-02
2.245000e+00 8.256788e-02
2.250000e+00 7.894116e-02
2.255000e+00 7.585981e-02
2.260000e+00 7.339212e-02
2.265000e+00 7.155801e-02
2.270000e+00 7.046672e-02
2.275000e+00 7.017593e-02
2.280000e+00 7.066970e-02
2.285000e+00 7.193888e-02
2.290000e+00 7.393135e-02
2.295000e+00 7.652883e-02
2.300000e+00 7.961236e-02
2.305000e+00 8.300393e-02
2.310000e+00 8.657055e-02
2.315000e+00 9.026608e-02
2.320000e+00 9.393887e-02
2.325000e+00 9.735857e-02
2.330000e+00 1.003190e-01
2.335000e+00 1.027093e-01
2.340000e+00 1.044337e-01
2.345000e+00 1.053795e-01
2.350000e+00 1.054790e-01
2.355000e+00 1.047244e-01
2.360000e+00 1.031929e-01
2.365000e+00 1.009551e-01
2.370000e+00 9.806424e-02
2.375000e+00 9.457883e-02
2.380000e+00 9.056080e-02
2.385000e+00 8.614947e-02
2.390000e+00 8.150951e-02
2.395000e+00 7.679212e-02
2.400000e+00 7.222978e-02
2.405000e+00 6.805858e-02
2.410000e+00 6.442761e-02
2.415000e+00 6.143731e-02
2.420000e+00 5.919704e-02
2.425000e+00 5.780363e-02
2.430000e+00 5.726347e-02
2.435000e+00 5.756263e-02
2.440000e+00 5.869536e-02
2.445000e+00 6.064197e-02
2.450000e+00 6.331501e-02
2.455000e+00 6.659355e-02
2.460000e+00 7.035786e-02
2.465000e+00 7.435817e-02
2.470000e+00 7.831424e-02
2.475000e+00 8.202771e-02
2.480000e+00 8.529333e-02
2.485000e+00 8.803987e-02
2.490000e+00 9.023122e-02
2.495000e+00 9.168766e-02
2.500000e+00 9.237594e-02
2.505000e+00 9.230066e-02
2.510000e+00 9.136059e-02
2.515000e+00 8.954461e-02
2.520000e+00 8.688878e-02
2.525000e+00 8.350333e-02
2.530000e+00 7.955047e-02
2.535000e+00 7.516679e-02
2.540000e+00 7.058929e-02
2.545000e+00 6.605509e-02
2.550000e+00 6.166219e-02
2.555000e+00 5.749073e-02
2.560000e+00 5.368501e-02
2.565000e+00 5.035570e-02
2.570000e+00 4.759452e-02
2.575000e+00 4.551696e-02
2.580000e+00 4.416355e-02
2.585000e+00 4.354785e-02
2.590000e+00 4.362554e-02
2.595000e+00 4.435183e-02
2.600000e+00 4.574323e-02
2.605000e+00 4.766324e-02
2.610000e+00 4.993248e-02
2.615000e+00 5.248334e-02
2.620000e+00 5.531029e-02
2.625000e+00 5.834648e-02
2.630000e+00 6.142556e-02
2.635000e+00 6.442864e-02
2.640000e+00 6.719251e-02
2.645000e+00 6.952340e-02
2.650000e+00 7.135587e-02
2.655000e+00 7.265801e-02
2.660000e+00 7.336700e-02
2.665000e+00 7.342145e-02
2.670000e+00 7.275757e-02
2.675000e+00 7.137188e-02
2.680000e+00 6.933783e-02
2.685000e+00 6.667984e-02
2.690000e+00 6.339393e-02
2.695000e+00 5.952478e-02
2.700000e+00 5.517643e-02
2.705000e+00 5.054615e-02
2.710000e+00 4.588188e-02
2.715000e+00 4.132908e-02
2.720000e+00 3.697619e-02
2.725000e+00 3.305365e-02
2.730000e+00 2.978157e-02
2.735000e+00 2.723395e-02
2.740000e+00 2.544666e-02
2.745000e+00 2.443461e-02
2.750000e+00 2.419153e-02
2.755000e+00 2.473388e-02
2.760000e+00 2.608174e-02
2.765000e+00 2.820537e-02
2.770000e+00 3.102712e-02
2.775000e+00 3.439845e-02
2.780000e+00 3.810891e-02
2.785000e+00 4.195180e-02
2.790000e+00 4.576506e-02
2.795000e+00 4.936502e-02
2.800000e+00 5.255153e-02
2.805000e+00 5.519576e-02
2.810000e+00 5.717445e-02
2.815000e+00 5.837747e-02
2.820000e+00 5.874276e-02
2.825000e+00 5.824826e-02
2.830000e+00 5.690923e-02
2.835000e+00 5.473114e-02
2.840000e+00 5.170046e-02
2.845000e+00 4.786505e-02
2.850000e+00 4.343245e-02
2.855000e+00 3.864715e-02
2.860000e+00 3.363782e-02
2.865000e+00 2.854465e-02
2.870000e+00 2.356689e-02
2.875000e+00 1.886682e-02
2.880000e+00 1.464048e-02
2.885000e+00 1.111533e-02
2.890000e+00 8.425368e-03
2.895000e+00 6.652580e-03
2.900000e+00 5.902823e-03
2.905000e+00 6.203360e-03
2.910000e+00 7.433307e-03
2.915000e+00 9.436928e-03
2.920000e+00 1.206293e-02
2.925000e+00 1.522138e-02
2.930000e+00 1.884404e-02
2.935000e+00 2.278177e-02
2.940000e+00 2.691103e-02
2.945000e+00 3.103936e-02
2.950000e+00 3.485889e-02
2.955000e+00 3.816130e-02
2.960000e+00 4.079112e-02
2.965000e+00 4.258355e-02
2.970000e+00 4.353016e-02
2.975000e+00 4.364922e-02
2.980000e+00 4.285925e-02
2.985000e+00 4.111487e-02
2.990000e+00 3.849519e-02
2.995000e+00 3.520002e-02
3 3.140094e-02
