T	1.00E+11	1.50E+11	1.80E+11	1.90E+11	2.00E+11	2.10E+11	2.20E+11	2.50E+11	3.00E+11
0	0	0	0	0	0	0	0	0	0
5.00E-03	-1.19E-11	-7.06E-09	-1.19E-11	-1.19E-11	-1.19E-11	-1.19E-11	-1.19E-11	-1.19E-11	-1.19E-11
1.00E-02	6.28E-12	1.59E-08	6.28E-12	6.28E-12	6.28E-12	6.28E-12	6.28E-12	6.28E-12	6.28E-12
1.50E-02	-5.37E-11	2.47E-07	-5.37E-11	-5.37E-11	-5.37E-11	-5.37E-11	-5.37E-11	-5.37E-11	-5.37E-11
2.00E-02	-1.16E-10	2.44E-06	-1.16E-10	-1.16E-10	-1.16E-10	-1.16E-10	-1.16E-10	-1.16E-10	-1.16E-10
2.50E-02	7.04E-11	1.66E-05	7.04E-11	7.04E-11	7.04E-11	7.04E-11	7.04E-11	7.04E-11	7.04E-11
3.00E-02	1.23E-09	8.34E-05	1.23E-09	1.23E-09	1.23E-09	1.23E-09	1.23E-09	1.23E-09	1.23E-09
3.50E-02	1.03E-08	3.20E-04	1.03E-08	1.03E-08	1.03E-08	1.03E-08	1.03E-08	1.03E-08	1.03E-08
4.00E-02	6.34E-08	9.56E-04	6.34E-08	6.34E-08	6.34E-08	6.34E-08	6.34E-08	6.34E-08	6.34E-08
4.50E-02	3.61E-07	2.26E-03	3.61E-07	3.61E-07	3.61E-07	3.61E-07	3.61E-07	3.61E-07	3.61E-07
5.00E-02	1.86E-06	4.25E-03	1.86E-06	1.86E-06	1.86E-06	1.86E-06	1.86E-06	1.86E-06	1.86E-06
5.50E-02	8.31E-06	6.46E-03	8.31E-06	8.31E-06	8.31E-06	8.31E-06	8.31E-06	8.31E-06	8.31E-06
6.00E-02	3.22E-05	8.15E-03	3.22E-05	3.22E-05	3.22E-05	3.22E-05	3.22E-05	3.22E-05	3.22E-05
6.50E-02	1.07E-04	9.04E-03	1.07E-04	1.07E-04	1.07E-04	1.07E-04	1.07E-04	1.07E-04	1.07E-04
7.00E-02	3.10E-04	9.58E-03	3.10E-04	3.10E-04	3.10E-04	3.10E-04	3.10E-04	3.10E-04	3.10E-04
7.50E-02	7.77E-04	1.01E-02	7.77E-04	7.77E-04	7.77E-04	7.77E-04	7.77E-04	7.77E-04	7.77E-04
8.00E-02	1.69E-03	1.03E-02	1.69E-03	1.69E-03	1.69E-03	1.69E-03	1.69E-03	1.69E-03	1.69E-03
8.50E-02	3.17E-03	9.66E-03	3.17E-03	3.17E-03	3.17E-03	3.17E-03	3.17E-03	3.17E-03	3.17E-03
9.00E-02	5.15E-03	8.76E-03	5.15E-03	5.15E-03	5.15E-03	5.15E-03	5.15E-03	5.15E-03	5.15E-03
9.50E-02	7.26E-03	7.76E-03	7.26E-03	7.26E-03	7.26E-03	7.26E-03	7.26E-03	7.26E-03	7.26E-03
1.00E-01	8.93E-03	6.29E-03	8.93E-03	8.93E-03	8.93E-03	8.93E-03	8.93E-03	8.93E-03	8.93E-03
1.05E-01	9.80E-03	4.45E-03	9.80E-03	9.80E-03	9.80E-03	9.80E-03	9.80E-03	9.80E-03	9.80E-03
1.10E-01	9.99E-03	2.65E-03	9.99E-03	9.99E-03	9.99E-03	9.99E-03	9.99E-03	9.99E-03	9.99E-03
1.15E-01	9.98E-03	7.25E-04	9.98E-03	9.98E-03	9.98E-03	9.98E-03	9.98E-03	9.98E-03	9.98E-03
1.20E-01	9.93E-03	-1.40E-03	9.93E-03	9.93E-03	9.93E-03	9.93E-03	9.93E-03	9.93E-03	9.93E-03
1.25E-01	9.51E-03	-3.30E-03	9.51E-03	9.51E-03	9.51E-03	9.51E-03	9.51E-03	9.51E-03	9.51E-03
1.30E-01	8.40E-03	-5.04E-03	8.40E-03	8.40E-03	8.40E-03	8.40E-03	8.40E-03	8.40E-03	8.40E-03
1.35E-01	6.84E-03	-6.72E-03	6.84E-03	6.84E-03	6.84E-03	6.84E-03	6.84E-03	6.84E-03	6.84E-03
1.40E-01	5.27E-03	-8.02E-03	5.27E-03	5.27E-03	5.27E-03	5.27E-03	5.27E-03	5.27E-03	5.27E-03
1.45E-01	3.62E-03	-9.03E-03	3.62E-03	3.62E-03	3.62E-03	3.62E-03	3.62E-03	3.62E-03	3.62E-03
1.50E-01	1.60E-03	-9.85E-03	1.60E-03	1.60E-03	1.60E-03	1.60E-03	1.60E-03	1.60E-03	1.60E-03
1.55E-01	-5.78E-04	-1.01E-02	-5.78E-04	-5.78E-04	-5.78E-04	-5.78E-04	-5.78E-04	-5.78E-04	-5.78E-04
1.60E-01	-2.48E-03	-1.00E-02	-2.48E-03	-2.48E-03	-2.48E-03	-2.48E-03	-2.48E-03	-2.48E-03	-2.48E-03
1.65E-01	-4.20E-03	-9.56E-03	-4.20E-03	-4.20E-03	-4.20E-03	-4.20E-03	-4.20E-03	-4.20E-03	-4.20E-03
1.70E-01	-5.98E-03	-8.61E-03	-5.98E-03	-5.98E-03	-5.98E-03	-5.98E-03	-5.98E-03	-5.98E-03	-5.98E-03
1.75E-01	-7.57E-03	-7.40E-03	-7.57E-03	-7.57E-03	-7.57E-03	-7.57E-03	-7.57E-03	-7.57E-03	-7.57E-03
1.80E-01	-8.70E-03	-5.97E-03	-8.70E-03	-8.70E-03	-8.70E-03	-8.70E-03	-8.70E-03	-8.70E-03	-8.70E-03
1.85E-01	-9.58E-03	-4.15E-03	-9.58E-03	-9.58E-03	-9.58E-03	-9.58E-03	-9.58E-03	-9.58E-03	-9.58E-03
1.90E-01	-1.03E-02	-2.20E-03	-1.03E-02	-1.03E-02	-1.03E-02	-1.03E-02	-1.03E-02	-1.03E-02	-1.03E-02
1.95E-01	-1.04E-02	-1.71E-04	-1.04E-02	-1.04E-02	-1.04E-02	-1.04E-02	-1.04E-02	-1.04E-02	-1.04E-02
2.00E-01	-9.94E-03	1.86E-03	-9.94E-03	-9.94E-03	-9.94E-03	-9.94E-03	-9.94E-03	-9.94E-03	-9.94E-03
2.05E-01	-9.23E-03	3.72E-03	-9.23E-03	-9.23E-03	-9.23E-03	-9.23E-03	-9.23E-03	-9.23E-03	-9.23E-03
2.10E-01	-8.15E-03	5.51E-03	-8.15E-03	-8.15E-03	-8.15E-03	-8.15E-03	-8.15E-03	-8.15E-03	-8.15E-03
2.15E-01	-6.65E-03	7.12E-03	-6.65E-03	-6.65E-03	-6.65E-03	-6.65E-03	-6.65E-03	-6.65E-03	-6.65E-03
2.20E-01	-5.03E-03	8.40E-03	-5.03E-03	-5.03E-03	-5.03E-03	-5.03E-03	-5.03E-03	-5.03E-03	-5.03E-03
2.25E-01	-3.26E-03	9.37E-03	-3.26E-03	-3.26E-03	-3.26E-03	-3.26E-03	-3.26E-03	-3.26E-03	-3.26E-03
2.30E-01	-1.14E-03	9.93E-03	-1.14E-03	-1.14E-03	-1.14E-03	-1.14E-03	-1.14E-03	-1.14E-03	-1.14E-03
2.35E-01	9.95E-04	1.01E-02	9.95E-04	9.95E-04	9.95E-04	9.95E-04	9.95E-04	9.95E-04	9.95E-04
2.40E-01	2.95E-03	9.95E-03	2.95E-03	2.95E-03	2.95E-03	2.95E-03	2.95E-03	2.95E-03	2.95E-03
2.45E-01	4.86E-03	9.27E-03	4.86E-03	4.86E-03	4.86E-03	4.86E-03	4.86E-03	4.86E-03	4.86E-03
2.50E-01	6.57E-03	8.30E-03	6.57E-03	6.57E-03	6.57E-03	6.57E-03	6.57E-03	6.57E-03	6.57E-03
2.55E-01	7.98E-03	6.99E-03	7.98E-03	7.98E-03	7.98E-03	7.98E-03	7.98E-03	7.98E-03	7.98E-03
2.60E-01	9.19E-03	5.37E-03	9.19E-03	9.19E-03	9.19E-03	9.19E-03	9.19E-03	9.19E-03	9.19E-03
2.65E-01	9.99E-03	3.59E-03	9.99E-03	9.99E-03	9.99E-03	9.99E-03	9.99E-03	9.99E-03	9.99E-03
2.70E-01	1.03E-02	1.64E-03	1.03E-02	1.03E-02	1.03E-02	1.03E-02	1.03E-02	1.03E-02	1.03E-02
2.75E-01	1.02E-02	-3.42E-04	1.02E-02	1.02E-02	1.02E-02	1.02E-02	1.02E-02	1.02E-02	1.02E-02
2.80E-01	9.84E-03	-2.36E-03	9.84E-03	9.84E-03	9.84E-03	9.84E-03	9.84E-03	9.84E-03	9.84E-03
2.85E-01	8.96E-03	-4.31E-03	8.96E-03	8.96E-03	8.96E-03	8.96E-03	8.96E-03	8.96E-03	8.96E-03
2.90E-01	7.78E-03	-6.02E-03	7.78E-03	7.78E-03	7.78E-03	7.78E-03	7.78E-03	7.78E-03	7.78E-03
2.95E-01	6.29E-03	-7.55E-03	6.29E-03	6.29E-03	6.29E-03	6.29E-03	6.29E-03	6.29E-03	6.29E-03
3.00E-01	4.51E-03	-8.75E-03	4.51E-03	4.51E-03	4.51E-03	4.51E-03	4.51E-03	4.51E-03	4.51E-03
3.05E-01	2.60E-03	-9.56E-03	2.60E-03	2.60E-03	2.60E-03	2.60E-03	2.60E-03	2.60E-03	2.60E-03
3.10E-01	5.32E-04	-1.00E-02	5.32E-04	5.32E-04	5.32E-04	5.32E-04	5.32E-04	5.32E-04	5.32E-04
3.15E-01	-1.58E-03	-1.01E-02	-1.58E-03	-1.58E-03	-1.58E-03	-1.58E-03	-1.58E-03	-1.58E-03	-1.58E-03
3.20E-01	-3.50E-03	-9.76E-03	-3.50E-03	-3.50E-03	-3.50E-03	-3.50E-03	-3.50E-03	-3.50E-03	-3.50E-03
3.25E-01	-5.37E-03	-9.02E-03	-5.37E-03	-5.37E-03	-5.37E-03	-5.37E-03	-5.37E-03	-5.37E-03	-5.37E-03
3.30E-01	-7.08E-03	-7.96E-03	-7.08E-03	-7.08E-03	-7.08E-03	-7.08E-03	-7.08E-03	-7.08E-03	-7.08E-03
3.35E-01	-8.39E-03	-6.60E-03	-8.39E-03	-8.39E-03	-8.39E-03	-8.39E-03	-8.39E-03	-8.39E-03	-8.39E-03
3.40E-01	-9.42E-03	-4.89E-03	-9.42E-03	-9.42E-03	-9.42E-03	-9.42E-03	-9.42E-03	-9.42E-03	-9.42E-03
3.45E-01	-1.01E-02	-3.05E-03	-1.01E-02	-1.01E-02	-1.01E-02	-1.01E-02	-1.01E-02	-1.01E-02	-1.01E-02
3.50E-01	-1.03E-02	-1.07E-03	-1.03E-02	-1.03E-02	-1.03E-02	-1.03E-02	-1.03E-02	-1.03E-02	-1.03E-02
3.55E-01	-1.02E-02	1.00E-03	-1.02E-02	-1.02E-02	-1.02E-02	-1.02E-02	-1.02E-02	-1.02E-02	-1.02E-02
3.60E-01	-9.63E-03	2.98E-03	-9.63E-03	-9.63E-03	-9.63E-03	-9.63E-03	-9.63E-03	-9.63E-03	-9.63E-03
3.65E-01	-8.67E-03	4.83E-03	-8.67E-03	-8.67E-03	-8.67E-03	-8.67E-03	-8.67E-03	-8.67E-03	-8.67E-03
3.70E-01	-7.41E-03	6.49E-03	-7.41E-03	-7.41E-03	-7.41E-03	-7.41E-03	-7.41E-03	-7.41E-03	-7.41E-03
3.75E-01	-5.77E-03	7.90E-03	-5.77E-03	-5.77E-03	-5.77E-03	-5.77E-03	-5.77E-03	-5.77E-03	-5.77E-03
3.80E-01	-3.95E-03	8.99E-03	-3.95E-03	-3.95E-03	-3.95E-03	-3.95E-03	-3.95E-03	-3.95E-03	-3.95E-03
3.85E-01	-2.02E-03	9.74E-03	-2.02E-03	-2.02E-03	-2.02E-03	-2.02E-03	-2.02E-03	-2.02E-03	-2.02E-03
3.90E-01	7.60E-05	1.01E-02	7.60E-05	7.60E-05	7.60E-05	7.60E-05	7.60E-05	7.60E-05	7.60E-05
3.95E-01	2.11E-03	1.00E-02	2.11E-03	2.11E-03	2.11E-03	2.11E-03	2.11E-03	2.11E-03	2.11E-03
4.00E-01	4.06E-03	9.62E-03	4.06E-03	4.06E-03	4.06E-03	4.06E-03	4.06E-03	4.06E-03	4.06E-03
4.05E-01	5.91E-03	8.79E-03	5.91E-03	5.91E-03	5.91E-03	5.91E-03	5.91E-03	5.91E-03	5.91E-03
4.10E-01	7.47E-03	7.57E-03	7.47E-03	7.47E-03	7.47E-03	7.47E-03	7.47E-03	7.47E-03	7.47E-03
4.15E-01	8.77E-03	6.08E-03	8.77E-03	8.77E-03	8.77E-03	8.77E-03	8.77E-03	8.77E-03	8.77E-03
4.20E-01	9.68E-03	4.36E-03	9.68E-03	9.68E-03	9.68E-03	9.68E-03	9.68E-03	9.68E-03	9.68E-03
4.25E-01	1.02E-02	2.42E-03	1.02E-02	1.02E-02	1.02E-02	1.02E-02	1.02E-02	1.02E-02	1.02E-02
4.30E-01	1.04E-02	4.60E-04	1.04E-02	1.04E-02	1.04E-02	1.04E-02	1.04E-02	1.04E-02	1.04E-02
4.35E-01	1.00E-02	-1.54E-03	1.00E-02	1.00E-02	1.00E-02	1.00E-02	1.00E-02	1.00E-02	1.00E-02
4.40E-01	9.38E-03	-3.51E-03	9.38E-03	9.38E-03	9.38E-03	9.38E-03	9.38E-03	9.38E-03	9.38E-03
4.45E-01	8.37E-03	-5.30E-03	8.37E-03	8.37E-03	8.37E-03	8.37E-03	8.37E-03	8.37E-03	8.37E-03
4.50E-01	6.92E-03	-6.93E-03	6.92E-03	6.92E-03	6.92E-03	6.92E-03	6.92E-03	6.92E-03	6.92E-03
4.55E-01	5.31E-03	-8.28E-03	5.31E-03	5.31E-03	5.31E-03	5.31E-03	5.31E-03	5.31E-03	5.31E-03
4.60E-01	3.42E-03	-9.28E-03	3.42E-03	3.42E-03	3.42E-03	3.42E-03	3.42E-03	3.42E-03	3.42E-03
4.65E-01	1.37E-03	-9.90E-03	1.37E-03	1.37E-03	1.37E-03	1.37E-03	1.37E-03	1.37E-03	1.37E-03
4.70E-01	-6.40E-04	-1.01E-02	-6.40E-04	-6.40E-04	-6.40E-04	-6.40E-04	-6.40E-04	-6.40E-04	-6.40E-04
4.75E-01	-2.72E-03	-9.96E-03	-2.72E-03	-2.72E-03	-2.72E-03	-2.72E-03	-2.72E-03	-2.72E-03	-2.72E-03
4.80E-01	-4.64E-03	-9.37E-03	-4.64E-03	-4.64E-03	-4.64E-03	-4.64E-03	-4.64E-03	-4.64E-03	-4.64E-03
4.85E-01	-6.38E-03	-8.43E-03	-6.38E-03	-6.38E-03	-6.38E-03	-6.38E-03	-6.38E-03	-6.38E-03	-6.38E-03
4.90E-01	-7.88E-03	-7.15E-03	-7.88E-03	-7.88E-03	-7.88E-03	-7.88E-03	-7.88E-03	-7.88E-03	-7.88E-03
4.95E-01	-9.02E-03	-5.63E-03	-9.02E-03	-9.02E-03	-9.02E-03	-9.02E-03	-9.02E-03	-9.02E-03	-9.02E-03
5.00E-01	-9.89E-03	-3.84E-03	-9.89E-03	-9.89E-03	-9.89E-03	-9.89E-03	-9.89E-03	-9.89E-03	-9.89E-03
5.05E-01	-1.03E-02	-1.89E-03	-1.03E-02	-1.03E-02	-1.03E-02	-1.03E-02	-1.03E-02	-1.03E-02	-1.03E-02
5.10E-01	-1.03E-02	1.01E-04	-1.03E-02	-1.03E-02	-1.03E-02	-1.03E-02	-1.03E-02	-1.03E-02	-1.03E-02
5.15E-01	-9.95E-03	2.14E-03	-9.95E-03	-9.95E-03	-9.95E-03	-9.95E-03	-9.95E-03	-9.95E-03	-9.95E-03
5.20E-01	-9.09E-03	4.09E-03	-9.09E-03	-9.09E-03	-9.09E-03	-9.09E-03	-9.09E-03	-9.09E-03	-9.09E-03
5.25E-01	-7.96E-03	5.85E-03	-7.96E-03	-7.96E-03	-7.96E-03	-7.96E-03	-7.96E-03	-7.96E-03	-7.96E-03
5.30E-01	-6.50E-03	7.37E-03	-6.50E-03	-6.50E-03	-6.50E-03	-6.50E-03	-6.50E-03	-6.50E-03	-6.50E-03
5.35E-01	-4.74E-03	8.58E-03	-4.74E-03	-4.74E-03	-4.74E-03	-4.74E-03	-4.74E-03	-4.74E-03	-4.74E-03
5.40E-01	-2.85E-03	9.47E-03	-2.85E-03	-2.85E-03	-2.85E-03	-2.85E-03	-2.85E-03	-2.85E-03	-2.85E-03
5.45E-01	-7.92E-04	9.98E-03	-7.92E-04	-7.92E-04	-7.92E-04	-7.92E-04	-7.92E-04	-7.92E-04	-7.92E-04
5.50E-01	1.27E-03	1.01E-02	1.27E-03	1.27E-03	1.27E-03	1.27E-03	1.27E-03	1.27E-03	1.27E-03
5.55E-01	3.29E-03	9.83E-03	3.29E-03	3.29E-03	3.29E-03	3.29E-03	3.29E-03	3.29E-03	3.29E-03
5.60E-01	5.17E-03	9.16E-03	5.17E-03	5.17E-03	5.17E-03	5.17E-03	5.17E-03	5.17E-03	5.17E-03
5.65E-01	6.83E-03	8.13E-03	6.83E-03	6.83E-03	6.83E-03	6.83E-03	6.83E-03	6.83E-03	6.83E-03
5.70E-01	8.28E-03	6.76E-03	8.28E-03	8.28E-03	8.28E-03	8.28E-03	8.28E-03	8.28E-03	8.28E-03
5.75E-01	9.31E-03	5.11E-03	9.31E-03	9.31E-03	9.31E-03	9.31E-03	9.31E-03	9.31E-03	9.31E-03
5.80E-01	1.00E-02	3.25E-03	1.00E-02	1.00E-02	1.00E-02	1.00E-02	1.00E-02	1.00E-02	1.00E-02
5.85E-01	1.04E-02	1.28E-03	1.04E-02	1.04E-02	1.04E-02	1.04E-02	1.04E-02	1.04E-02	1.04E-02
5.90E-01	1.02E-02	-7.42E-04	1.02E-02	1.02E-02	1.02E-02	1.02E-02	1.02E-02	1.02E-02	1.02E-02
5.95E-01	9.74E-03	-2.73E-03	9.74E-03	9.74E-03	9.74E-03	9.74E-03	9.74E-03	9.74E-03	9.74E-03
6.00E-01	8.80E-03	-4.57E-03	8.80E-03	8.80E-03	8.80E-03	8.80E-03	8.80E-03	8.80E-03	8.80E-03
6.05E-01	7.54E-03	-6.27E-03	7.54E-03	7.54E-03	7.54E-03	7.54E-03	7.54E-03	7.54E-03	7.54E-03
6.10E-01	6.02E-03	-7.73E-03	6.02E-03	6.02E-03	6.02E-03	6.02E-03	6.02E-03	6.02E-03	6.02E-03
6.15E-01	4.20E-03	-8.89E-03	4.20E-03	4.20E-03	4.20E-03	4.20E-03	4.20E-03	4.20E-03	4.20E-03
6.20E-01	2.27E-03	-9.69E-03	2.27E-03	2.27E-03	2.27E-03	2.27E-03	2.27E-03	2.27E-03	2.27E-03
6.25E-01	2.26E-04	-1.01E-02	2.26E-04	2.26E-04	2.26E-04	2.26E-04	2.26E-04	2.26E-04	2.26E-04
6.30E-01	-1.83E-03	-1.01E-02	-1.83E-03	-1.83E-03	-1.83E-03	-1.83E-03	-1.83E-03	-1.83E-03	-1.83E-03
6.35E-01	-3.81E-03	-9.69E-03	-3.81E-03	-3.81E-03	-3.81E-03	-3.81E-03	-3.81E-03	-3.81E-03	-3.81E-03
6.40E-01	-5.65E-03	-8.88E-03	-5.65E-03	-5.65E-03	-5.65E-03	-5.65E-03	-5.65E-03	-5.65E-03	-5.65E-03
6.45E-01	-7.26E-03	-7.73E-03	-7.26E-03	-7.26E-03	-7.26E-03	-7.26E-03	-7.26E-03	-7.26E-03	-7.26E-03
6.50E-01	-8.61E-03	-6.27E-03	-8.61E-03	-8.61E-03	-8.61E-03	-8.61E-03	-8.61E-03	-8.61E-03	-8.61E-03
6.55E-01	-9.56E-03	-4.58E-03	-9.56E-03	-9.56E-03	-9.56E-03	-9.56E-03	-9.56E-03	-9.56E-03	-9.56E-03
6.60E-01	-1.02E-02	-2.71E-03	-1.02E-02	-1.02E-02	-1.02E-02	-1.02E-02	-1.02E-02	-1.02E-02	-1.02E-02
6.65E-01	-1.04E-02	-6.95E-04	-1.04E-02	-1.04E-02	-1.04E-02	-1.04E-02	-1.04E-02	-1.04E-02	-1.04E-02
6.70E-01	-1.01E-02	1.31E-03	-1.01E-02	-1.01E-02	-1.01E-02	-1.01E-02	-1.01E-02	-1.01E-02	-1.01E-02
6.75E-01	-9.54E-03	3.29E-03	-9.54E-03	-9.54E-03	-9.54E-03	-9.54E-03	-9.54E-03	-9.54E-03	-9.54E-03
6.80E-01	-8.50E-03	5.18E-03	-8.50E-03	-8.50E-03	-8.50E-03	-8.50E-03	-8.50E-03	-8.50E-03	-8.50E-03
6.85E-01	-7.16E-03	6.80E-03	-7.16E-03	-7.16E-03	-7.16E-03	-7.16E-03	-7.16E-03	-7.16E-03	-7.16E-03
6.90E-01	-5.52E-03	8.16E-03	-5.52E-03	-5.52E-03	-5.52E-03	-5.52E-03	-5.52E-03	-5.52E-03	-5.52E-03
6.95E-01	-3.65E-03	9.19E-03	-3.65E-03	-3.65E-03	-3.65E-03	-3.65E-03	-3.65E-03	-3.65E-03	-3.65E-03
7.00E-01	-1.65E-03	9.84E-03	-1.65E-03	-1.65E-03	-1.65E-03	-1.65E-03	-1.65E-03	-1.65E-03	-1.65E-03
7.05E-01	4.57E-04	1.01E-02	4.57E-04	4.57E-04	4.57E-04	4.57E-04	4.57E-04	4.57E-04	4.57E-04
7.10E-01	2.50E-03	9.95E-03	2.50E-03	2.50E-03	2.50E-03	2.50E-03	2.50E-03	2.50E-03	2.50E-03
7.15E-01	4.45E-03	9.44E-03	4.45E-03	4.45E-03	4.45E-03	4.45E-03	4.45E-03	4.45E-03	4.45E-03
7.20E-01	6.22E-03	8.55E-03	6.22E-03	6.22E-03	6.22E-03	6.22E-03	6.22E-03	6.22E-03	6.22E-03
7.25E-01	7.74E-03	7.33E-03	7.74E-03	7.74E-03	7.74E-03	7.74E-03	7.74E-03	7.74E-03	7.74E-03
7.30E-01	8.94E-03	5.83E-03	8.94E-03	8.94E-03	8.94E-03	8.94E-03	8.94E-03	8.94E-03	8.94E-03
7.35E-01	9.79E-03	4.05E-03	9.79E-03	9.79E-03	9.79E-03	9.79E-03	9.79E-03	9.79E-03	9.79E-03
7.40E-01	1.03E-02	2.14E-03	1.03E-02	1.03E-02	1.03E-02	1.03E-02	1.03E-02	1.03E-02	1.03E-02
7.45E-01	1.03E-02	1.18E-04	1.03E-02	1.03E-02	1.03E-02	1.03E-02	1.03E-02	1.03E-02	1.03E-02
7.50E-01	9.97E-03	-1.91E-03	9.97E-03	9.97E-03	9.97E-03	9.97E-03	9.97E-03	9.97E-03	9.97E-03
7.55E-01	9.22E-03	-3.84E-03	9.22E-03	9.22E-03	9.22E-03	9.22E-03	9.22E-03	9.22E-03	9.22E-03
7.60E-01	8.09E-03	-5.63E-03	8.09E-03	8.09E-03	8.09E-03	8.09E-03	8.09E-03	8.09E-03	8.09E-03
7.65E-01	6.67E-03	-7.16E-03	6.67E-03	6.67E-03	6.67E-03	6.67E-03	6.67E-03	6.67E-03	6.67E-03
7.70E-01	4.96E-03	-8.44E-03	4.96E-03	4.96E-03	4.96E-03	4.96E-03	4.96E-03	4.96E-03	4.96E-03
7.75E-01	3.08E-03	-9.39E-03	3.08E-03	3.08E-03	3.08E-03	3.08E-03	3.08E-03	3.08E-03	3.08E-03
7.80E-01	1.06E-03	-9.96E-03	1.06E-03	1.06E-03	1.06E-03	1.06E-03	1.06E-03	1.06E-03	1.06E-03
7.85E-01	-1.00E-03	-1.01E-02	-1.00E-03	-1.00E-03	-1.00E-03	-1.00E-03	-1.00E-03	-1.00E-03	-1.00E-03
7.90E-01	-3.01E-03	-9.91E-03	-3.01E-03	-3.01E-03	-3.01E-03	-3.01E-03	-3.01E-03	-3.01E-03	-3.01E-03
7.95E-01	-4.95E-03	-9.29E-03	-4.95E-03	-4.95E-03	-4.95E-03	-4.95E-03	-4.95E-03	-4.95E-03	-4.95E-03
8.00E-01	-6.66E-03	-8.27E-03	-6.66E-03	-6.66E-03	-6.66E-03	-6.66E-03	-6.66E-03	-6.66E-03	-6.66E-03
8.05E-01	-8.11E-03	-6.92E-03	-8.11E-03	-8.11E-03	-8.11E-03	-8.11E-03	-8.11E-03	-8.11E-03	-8.11E-03
8.10E-01	-9.25E-03	-5.30E-03	-9.25E-03	-9.25E-03	-9.25E-03	-9.25E-03	-9.25E-03	-9.25E-03	-9.25E-03
8.15E-01	-1.00E-02	-3.48E-03	-1.00E-02	-1.00E-02	-1.00E-02	-1.00E-02	-1.00E-02	-1.00E-02	-1.00E-02
8.20E-01	-1.03E-02	-1.52E-03	-1.03E-02	-1.03E-02	-1.03E-02	-1.03E-02	-1.03E-02	-1.03E-02	-1.03E-02
8.25E-01	-1.03E-02	4.82E-04	-1.03E-02	-1.03E-02	-1.03E-02	-1.03E-02	-1.03E-02	-1.03E-02	-1.03E-02
8.30E-01	-9.82E-03	2.46E-03	-9.82E-03	-9.82E-03	-9.82E-03	-9.82E-03	-9.82E-03	-9.82E-03	-9.82E-03
8.35E-01	-8.93E-03	4.35E-03	-8.93E-03	-8.93E-03	-8.93E-03	-8.93E-03	-8.93E-03	-8.93E-03	-8.93E-03
8.40E-01	-7.74E-03	6.09E-03	-7.74E-03	-7.74E-03	-7.74E-03	-7.74E-03	-7.74E-03	-7.74E-03	-7.74E-03
8.45E-01	-6.21E-03	7.59E-03	-6.21E-03	-6.21E-03	-6.21E-03	-6.21E-03	-6.21E-03	-6.21E-03	-6.21E-03
8.50E-01	-4.43E-03	8.77E-03	-4.43E-03	-4.43E-03	-4.43E-03	-4.43E-03	-4.43E-03	-4.43E-03	-4.43E-03
8.55E-01	-2.49E-03	9.60E-03	-2.49E-03	-2.49E-03	-2.49E-03	-2.49E-03	-2.49E-03	-2.49E-03	-2.49E-03
8.60E-01	-4.34E-04	1.01E-02	-4.34E-04	-4.34E-04	-4.34E-04	-4.34E-04	-4.34E-04	-4.34E-04	-4.34E-04
8.65E-01	1.63E-03	1.01E-02	1.63E-03	1.63E-03	1.63E-03	1.63E-03	1.63E-03	1.63E-03	1.63E-03
8.70E-01	3.64E-03	9.73E-03	3.64E-03	3.64E-03	3.64E-03	3.64E-03	3.64E-03	3.64E-03	3.64E-03
8.75E-01	5.47E-03	8.98E-03	5.47E-03	5.47E-03	5.47E-03	5.47E-03	5.47E-03	5.47E-03	5.47E-03
8.80E-01	7.10E-03	7.88E-03	7.10E-03	7.10E-03	7.10E-03	7.10E-03	7.10E-03	7.10E-03	7.10E-03
8.85E-01	8.45E-03	6.49E-03	8.45E-03	8.45E-03	8.45E-03	8.45E-03	8.45E-03	8.45E-03	8.45E-03
8.90E-01	9.45E-03	4.83E-03	9.45E-03	9.45E-03	9.45E-03	9.45E-03	9.45E-03	9.45E-03	9.45E-03
8.95E-01	1.01E-02	2.97E-03	1.01E-02	1.01E-02	1.01E-02	1.01E-02	1.01E-02	1.01E-02	1.01E-02
9.00E-01	1.03E-02	9.98E-04	1.03E-02	1.03E-02	1.03E-02	1.03E-02	1.03E-02	1.03E-02	1.03E-02
9.05E-01	1.02E-02	-1.05E-03	1.02E-02	1.02E-02	1.02E-02	1.02E-02	1.02E-02	1.02E-02	1.02E-02
9.10E-01	9.59E-03	-3.05E-03	9.59E-03	9.59E-03	9.59E-03	9.59E-03	9.59E-03	9.59E-03	9.59E-03
9.15E-01	8.63E-03	-4.92E-03	8.63E-03	8.63E-03	8.63E-03	8.63E-03	8.63E-03	8.63E-03	8.63E-03
9.20E-01	7.33E-03	-6.59E-03	7.33E-03	7.33E-03	7.33E-03	7.33E-03	7.33E-03	7.33E-03	7.33E-03
9.25E-01	5.72E-03	-7.96E-03	5.72E-03	5.72E-03	5.72E-03	5.72E-03	5.72E-03	5.72E-03	5.72E-03
9.30E-01	3.90E-03	-9.05E-03	3.90E-03	3.90E-03	3.90E-03	3.90E-03	3.90E-03	3.90E-03	3.90E-03
9.35E-01	1.92E-03	-9.77E-03	1.92E-03	1.92E-03	1.92E-03	1.92E-03	1.92E-03	1.92E-03	1.92E-03
9.40E-01	-1.41E-04	-1.01E-02	-1.41E-04	-1.41E-04	-1.41E-04	-1.41E-04	-1.41E-04	-1.41E-04	-1.41E-04
9.45E-01	-2.20E-03	-1.00E-02	-2.20E-03	-2.20E-03	-2.20E-03	-2.20E-03	-2.20E-03	-2.20E-03	-2.20E-03
9.50E-01	-4.16E-03	-9.57E-03	-4.16E-03	-4.16E-03	-4.16E-03	-4.16E-03	-4.16E-03	-4.16E-03	-4.16E-03
9.55E-01	-5.97E-03	-8.73E-03	-5.97E-03	-5.97E-03	-5.97E-03	-5.97E-03	-5.97E-03	-5.97E-03	-5.97E-03
9.60E-01	-7.54E-03	-7.55E-03	-7.54E-03	-7.54E-03	-7.54E-03	-7.54E-03	-7.54E-03	-7.54E-03	-7.54E-03
9.65E-01	-8.80E-03	-6.02E-03	-8.80E-03	-8.80E-03	-8.80E-03	-8.80E-03	-8.80E-03	-8.80E-03	-8.80E-03
9.70E-01	-9.73E-03	-4.27E-03	-9.73E-03	-9.73E-03	-9.73E-03	-9.73E-03	-9.73E-03	-9.73E-03	-9.73E-03
9.75E-01	-1.02E-02	-2.36E-03	-1.02E-02	-1.02E-02	-1.02E-02	-1.02E-02	-1.02E-02	-1.02E-02	-1.02E-02
9.80E-01	-1.04E-02	-3.32E-04	-1.04E-02	-1.04E-02	-1.04E-02	-1.04E-02	-1.04E-02	-1.04E-02	-1.04E-02
9.85E-01	-1.01E-02	1.67E-03	-1.01E-02	-1.01E-02	-1.01E-02	-1.01E-02	-1.01E-02	-1.01E-02	-1.01E-02
9.90E-01	-9.34E-03	3.60E-03	-9.34E-03	-9.34E-03	-9.34E-03	-9.34E-03	-9.34E-03	-9.34E-03	-9.34E-03
9.95E-01	-8.29E-03	5.39E-03	-8.29E-03	-8.29E-03	-8.29E-03	-8.29E-03	-8.29E-03	-8.29E-03	-8.29E-03
1	-6.87E-03	6.97E-03	-6.87E-03	-6.87E-03	-6.87E-03	-6.87E-03	-6.87E-03	-6.87E-03	-6.87E-03