T X
0 0
5.000000e-03 -3.833744e-09
1.000000e-02 1.922086e-08
1.500000e-02 2.728656e-07
2.000000e-02 2.486082e-06
2.500000e-02 1.679553e-05
3.000000e-02 8.434810e-05
3.500000e-02 3.237889e-04
4.000000e-02 9.674064e-04
4.500000e-02 2.278899e-03
5.000000e-02 4.276041e-03
5.500000e-02 6.474231e-03
6.000000e-02 8.138587e-03
6.500000e-02 9.027737e-03
7.000000e-02 9.608612e-03
7.500000e-02 1.018210e-02
8.000000e-02 1.032160e-02
8.500000e-02 9.738328e-03
9.000000e-02 8.849506e-03
9.500000e-02 7.838530e-03
1.000000e-01 6.359714e-03
1.050000e-01 4.522013e-03
1.100000e-01 2.701279e-03
1.150000e-01 7.518192e-04
1.200000e-01 -1.342246e-03
1.250000e-01 -3.236053e-03
1.300000e-01 -4.995428e-03
1.350000e-01 -6.680948e-03
1.400000e-01 -8.040832e-03
1.450000e-01 -9.145889e-03
1.500000e-01 -9.992556e-03
1.550000e-01 -1.031919e-02
1.600000e-01 -1.020768e-02
1.650000e-01 -9.703009e-03
1.700000e-01 -8.756172e-03
1.750000e-01 -7.560720e-03
1.800000e-01 -6.079783e-03
1.850000e-01 -4.262778e-03
1.900000e-01 -2.297083e-03
1.950000e-01 -2.348801e-04
2.000000e-01 1.791889e-03
2.050000e-01 3.732008e-03
2.100000e-01 5.631160e-03
2.150000e-01 7.249821e-03
2.200000e-01 8.521021e-03
2.250000e-01 9.489940e-03
2.300000e-01 1.008782e-02
2.350000e-01 1.032841e-02
2.400000e-01 1.010545e-02
2.450000e-01 9.452319e-03
2.500000e-01 8.502291e-03
2.550000e-01 7.160229e-03
2.600000e-01 5.505837e-03
2.650000e-01 3.677069e-03
2.700000e-01 1.712193e-03
2.750000e-01 -3.335286e-04
2.800000e-01 -2.410544e-03
2.850000e-01 -4.353670e-03
2.900000e-01 -6.122359e-03
2.950000e-01 -7.665402e-03
3.000000e-01 -8.861972e-03
3.050000e-01 -9.728970e-03
3.100000e-01 -1.021800e-02
3.150000e-01 -1.031147e-02
3.200000e-01 -9.969641e-03
3.250000e-01 -9.218876e-03
3.300000e-01 -8.130708e-03
3.350000e-01 -6.685916e-03
3.400000e-01 -4.999839e-03
3.450000e-01 -3.118297e-03
3.500000e-01 -1.094562e-03
3.550000e-01 9.640296e-04
3.600000e-01 2.987793e-03
3.650000e-01 4.903570e-03
3.700000e-01 6.625662e-03
3.750000e-01 8.035276e-03
3.800000e-01 9.171399e-03
3.850000e-01 9.938636e-03
3.900000e-01 1.027798e-02
3.950000e-01 1.025757e-02
4.000000e-01 9.795799e-03
4.050000e-01 8.930316e-03
4.100000e-01 7.735593e-03
4.150000e-01 6.231090e-03
4.200000e-01 4.446913e-03
4.250000e-01 2.524180e-03
4.300000e-01 5.018438e-04
4.350000e-01 -1.578831e-03
4.400000e-01 -3.557845e-03
4.450000e-01 -5.422824e-03
4.500000e-01 -7.069267e-03
4.550000e-01 -8.413332e-03
4.600000e-01 -9.433923e-03
4.650000e-01 -1.007926e-02
4.700000e-01 -1.031986e-02
4.750000e-01 -1.014975e-02
4.800000e-01 -9.588479e-03
4.850000e-01 -8.630693e-03
4.900000e-01 -7.332485e-03
4.950000e-01 -5.723760e-03
5.000000e-01 -3.892820e-03
5.050000e-01 -1.947747e-03
5.100000e-01 1.136676e-04
5.150000e-01 2.163565e-03
5.200000e-01 4.117364e-03
5.250000e-01 5.939274e-03
5.300000e-01 7.491071e-03
5.350000e-01 8.753520e-03
5.400000e-01 9.673497e-03
5.450000e-01 1.017555e-02
5.500000e-01 1.031008e-02
5.550000e-01 1.004087e-02
5.600000e-01 9.345330e-03
5.650000e-01 8.292086e-03
5.700000e-01 6.878824e-03
5.750000e-01 5.207399e-03
5.800000e-01 3.354438e-03
5.850000e-01 1.330522e-03
5.900000e-01 -7.071706e-04
5.950000e-01 -2.737472e-03
6.000000e-01 -4.685101e-03
6.050000e-01 -6.410202e-03
6.100000e-01 -7.895947e-03
6.150000e-01 -9.053727e-03
6.200000e-01 -9.854483e-03
6.250000e-01 -1.026578e-02
6.300000e-01 -1.026727e-02
6.350000e-01 -9.884679e-03
6.400000e-01 -9.077661e-03
6.450000e-01 -7.904208e-03
6.500000e-01 -6.432299e-03
6.550000e-01 -4.690833e-03
6.600000e-01 -2.761153e-03
6.650000e-01 -7.255082e-04
6.700000e-01 1.342090e-03
6.750000e-01 3.363195e-03
6.800000e-01 5.241971e-03
6.850000e-01 6.916414e-03
6.900000e-01 8.295412e-03
6.950000e-01 9.349732e-03
7.000000e-01 1.003382e-02
7.050000e-01 1.029613e-02
7.100000e-01 1.017837e-02
7.150000e-01 9.645653e-03
7.200000e-01 8.742677e-03
7.250000e-01 7.484021e-03
7.300000e-01 5.919165e-03
7.350000e-01 4.146510e-03
7.400000e-01 2.181729e-03
7.450000e-01 1.411167e-04
7.500000e-01 -1.901725e-03
7.550000e-01 -3.880023e-03
7.600000e-01 -5.701065e-03
7.650000e-01 -7.323020e-03
7.700000e-01 -8.629966e-03
7.750000e-01 -9.581386e-03
7.800000e-01 -1.016010e-02
7.850000e-01 -1.031685e-02
7.900000e-01 -1.009506e-02
7.950000e-01 -9.457205e-03
8.000000e-01 -8.429415e-03
8.050000e-01 -7.090268e-03
8.100000e-01 -5.438346e-03
8.150000e-01 -3.569286e-03
8.200000e-01 -1.582510e-03
8.250000e-01 4.664787e-04
8.300000e-01 2.497570e-03
8.350000e-01 4.431020e-03
8.400000e-01 6.209409e-03
8.450000e-01 7.730400e-03
8.500000e-01 8.921807e-03
8.550000e-01 9.780489e-03
8.600000e-01 1.023097e-02
8.650000e-01 1.027400e-02
8.700000e-01 9.940175e-03
8.750000e-01 9.191856e-03
8.800000e-01 8.071108e-03
8.850000e-01 6.636785e-03
8.900000e-01 4.921650e-03
8.950000e-01 3.021770e-03
9.000000e-01 1.006790e-03
9.050000e-01 -1.053813e-03
9.100000e-01 -3.063685e-03
9.150000e-01 -4.972143e-03
9.200000e-01 -6.679077e-03
9.250000e-01 -8.115981e-03
9.300000e-01 -9.221214e-03
9.350000e-01 -9.963968e-03
9.400000e-01 -1.030984e-02
9.450000e-01 -1.023408e-02
9.500000e-01 -9.766574e-03
9.550000e-01 -8.899103e-03
9.600000e-01 -7.682802e-03
9.650000e-01 -6.150370e-03
9.700000e-01 -4.377509e-03
9.750000e-01 -2.430949e-03
9.800000e-01 -3.825118e-04
9.850000e-01 1.665896e-03
9.900000e-01 3.650325e-03
9.950000e-01 5.488092e-03
1 7.125556e-03
1.005000e+00 8.461286e-03
1.010000e+00 9.461889e-03
1.015000e+00 1.010247e-02
1.020000e+00 1.031505e-02
1.025000e+00 1.012092e-02
1.030000e+00 9.534770e-03
1.035000e+00 8.579764e-03
1.040000e+00 7.273521e-03
1.045000e+00 5.670439e-03
1.050000e+00 3.839613e-03
1.055000e+00 1.842432e-03
1.060000e+00 -1.977161e-04
1.065000e+00 -2.243323e-03
1.070000e+00 -4.205572e-03
1.075000e+00 -5.980766e-03
1.080000e+00 -7.548562e-03
1.085000e+00 -8.809222e-03
1.090000e+00 -9.708075e-03
1.095000e+00 -1.022047e-02
1.100000e+00 -1.030634e-02
1.105000e+00 -9.995892e-03
1.110000e+00 -9.310444e-03
1.115000e+00 -8.230413e-03
1.120000e+00 -6.820256e-03
1.125000e+00 -5.150534e-03
1.130000e+00 -3.251218e-03
1.135000e+00 -1.233724e-03
1.140000e+00 8.145243e-04
1.145000e+00 2.836545e-03
1.150000e+00 4.745923e-03
1.155000e+00 6.475958e-03
1.160000e+00 7.942555e-03
1.165000e+00 9.096623e-03
1.170000e+00 9.883541e-03
1.175000e+00 1.026727e-02
1.180000e+00 1.025184e-02
1.185000e+00 9.826718e-03
1.190000e+00 9.024637e-03
1.195000e+00 7.849832e-03
1.200000e+00 6.358003e-03
1.205000e+00 4.615167e-03
1.210000e+00 2.680608e-03
1.215000e+00 6.462883e-04
1.220000e+00 -1.393641e-03
1.225000e+00 -3.352661e-03
1.230000e+00 -5.148874e-03
1.235000e+00 -6.705420e-03
1.240000e+00 -8.026102e-03
1.245000e+00 -9.131133e-03
1.250000e+00 -1.010579e-02
1.255000e+00 -1.106260e-02
1.260000e+00 -1.205674e-02
1.265000e+00 -1.308977e-02
1.270000e+00 -1.403204e-02
1.275000e+00 -1.460928e-02
1.280000e+00 -1.458825e-02
1.285000e+00 -1.381254e-02
1.290000e+00 -1.226659e-02
1.295000e+00 -1.015792e-02
1.300000e+00 -7.732709e-03
1.305000e+00 -5.222521e-03
1.310000e+00 -2.674077e-03
1.315000e+00 -1.679321e-05
1.320000e+00 2.793982e-03
1.325000e+00 5.728981e-03
1.330000e+00 8.618792e-03
1.335000e+00 1.135741e-02
1.340000e+00 1.387757e-02
1.345000e+00 1.623579e-02
1.350000e+00 1.852180e-02
1.355000e+00 2.057431e-02
1.360000e+00 2.207508e-02
1.365000e+00 2.259531e-02
1.370000e+00 2.185431e-02
1.375000e+00 1.998479e-02
1.380000e+00 1.729577e-02
1.385000e+00 1.406349e-02
1.390000e+00 1.044444e-02
1.395000e+00 6.524601e-03
1.400000e+00 2.372241e-03
1.405000e+00 -2.034515e-03
1.410000e+00 -6.492483e-03
1.415000e+00 -1.057892e-02
1.420000e+00 -1.410425e-02
1.425000e+00 -1.717166e-02
1.430000e+00 -1.965835e-02
1.435000e+00 -2.110206e-02
1.440000e+00 -2.155959e-02
1.445000e+00 -2.152864e-02
1.450000e+00 -2.097171e-02
1.455000e+00 -1.942403e-02
1.460000e+00 -1.684064e-02
1.465000e+00 -1.353289e-02
1.470000e+00 -9.691583e-03
1.475000e+00 -5.608212e-03
1.480000e+00 -1.444600e-03
1.485000e+00 2.939440e-03
1.490000e+00 7.374007e-03
1.495000e+00 1.142492e-02
1.500000e+00 1.490626e-02
1.505000e+00 1.781824e-02
1.510000e+00 1.999999e-02
1.515000e+00 2.142431e-02
1.520000e+00 2.213906e-02
1.525000e+00 2.187878e-02
1.530000e+00 2.060062e-02
1.535000e+00 1.853044e-02
1.540000e+00 1.573592e-02
1.545000e+00 1.242159e-02
1.550000e+00 8.802780e-03
1.555000e+00 4.649590e-03
1.560000e+00 -8.179209e-06
1.565000e+00 -4.561683e-03
1.570000e+00 -8.628016e-03
1.575000e+00 -1.229531e-02
1.580000e+00 -1.570941e-02
1.585000e+00 -1.868669e-02
1.590000e+00 -2.072827e-02
1.595000e+00 -2.172508e-02
1.600000e+00 -2.206112e-02
1.605000e+00 -2.161157e-02
1.610000e+00 -2.009325e-02
1.615000e+00 -1.783049e-02
1.620000e+00 -1.497446e-02
1.625000e+00 -1.143666e-02
1.630000e+00 -7.426077e-03
1.635000e+00 -3.135109e-03
1.640000e+00 1.281618e-03
1.645000e+00 5.655017e-03
1.650000e+00 9.797066e-03
1.655000e+00 1.348349e-02
1.660000e+00 1.670266e-02
1.665000e+00 1.934520e-02
1.670000e+00 2.107327e-02
1.675000e+00 2.191596e-02
1.680000e+00 2.203941e-02
1.685000e+00 2.122959e-02
1.690000e+00 1.952354e-02
1.695000e+00 1.708494e-02
1.700000e+00 1.386331e-02
1.705000e+00 1.019110e-02
1.710000e+00 6.249829e-03
1.715000e+00 1.858232e-03
1.720000e+00 -2.666080e-03
1.725000e+00 -6.932064e-03
1.730000e+00 -1.088126e-02
1.735000e+00 -1.445443e-02
1.740000e+00 -1.753425e-02
1.745000e+00 -1.984547e-02
1.750000e+00 -2.130276e-02
1.755000e+00 -2.201929e-02
1.760000e+00 -2.186003e-02
1.765000e+00 -2.077078e-02
1.770000e+00 -1.882796e-02
1.775000e+00 -1.614977e-02
1.780000e+00 -1.293659e-02
1.785000e+00 -9.135924e-03
1.790000e+00 -4.907734e-03
1.795000e+00 -6.131130e-04
1.800000e+00 3.790353e-03
1.805000e+00 8.096739e-03
1.810000e+00 1.194299e-02
1.815000e+00 1.536629e-02
1.820000e+00 1.822585e-02
1.825000e+00 2.030853e-02
1.830000e+00 2.159679e-02
1.835000e+00 2.206056e-02
1.840000e+00 2.165039e-02
1.845000e+00 2.031699e-02
1.850000e+00 1.817944e-02
1.855000e+00 1.535118e-02
1.860000e+00 1.188962e-02
1.865000e+00 7.985186e-03
1.870000e+00 3.757843e-03
1.875000e+00 -6.663125e-04
1.880000e+00 -5.050068e-03
1.885000e+00 -9.219728e-03
1.890000e+00 -1.300773e-02
1.895000e+00 -1.628187e-02
1.900000e+00 -1.891983e-02
1.905000e+00 -2.076504e-02
1.910000e+00 -2.183963e-02
1.915000e+00 -2.209046e-02
1.920000e+00 -2.135623e-02
1.925000e+00 -1.979040e-02
1.930000e+00 -1.748181e-02
1.935000e+00 -1.443027e-02
1.940000e+00 -1.084088e-02
1.945000e+00 -6.835924e-03
1.950000e+00 -2.509216e-03
1.955000e+00 1.917592e-03
1.960000e+00 6.272768e-03
1.965000e+00 1.040114e-02
1.970000e+00 1.407521e-02
1.975000e+00 1.719095e-02
1.980000e+00 1.962514e-02
1.985000e+00 2.126996e-02
1.990000e+00 2.209505e-02
1.995000e+00 2.201938e-02
2 2.105762e-02
2.005000e+00 1.924145e-02
2.010000e+00 1.665047e-02
2.015000e+00 1.346225e-02
2.020000e+00 9.696694e-03
2.025000e+00 5.509705e-03
2.030000e+00 1.212201e-03
2.035000e+00 -3.210877e-03
2.040000e+00 -7.564956e-03
2.045000e+00 -1.152127e-02
2.050000e+00 -1.506331e-02
2.055000e+00 -1.799668e-02
2.060000e+00 -2.017959e-02
2.065000e+00 -2.162029e-02
2.070000e+00 -2.218525e-02
2.075000e+00 -2.183913e-02
2.080000e+00 -2.063958e-02
2.085000e+00 -1.861952e-02
2.090000e+00 -1.581188e-02
2.095000e+00 -1.238401e-02
2.100000e+00 -8.525303e-03
2.105000e+00 -4.283087e-03
2.110000e+00 1.239081e-04
2.115000e+00 4.505031e-03
2.120000e+00 8.783058e-03
2.125000e+00 1.267505e-02
2.130000e+00 1.602096e-02
2.135000e+00 1.875485e-02
2.140000e+00 2.072704e-02
2.145000e+00 2.188784e-02
2.150000e+00 2.218976e-02
2.155000e+00 2.159133e-02
2.160000e+00 2.014497e-02
2.165000e+00 1.786377e-02
2.170000e+00 1.483851e-02
2.175000e+00 1.128252e-02
2.180000e+00 7.276344e-03
2.185000e+00 2.963738e-03
2.190000e+00 -1.443855e-03
2.195000e+00 -5.826137e-03
2.200000e+00 -9.995438e-03
2.205000e+00 -1.374648e-02
2.210000e+00 -1.691349e-02
2.215000e+00 -1.942537e-02
2.220000e+00 -2.117614e-02
2.225000e+00 -2.206459e-02
2.230000e+00 -2.210976e-02
2.235000e+00 -2.124741e-02
2.240000e+00 -1.953825e-02
2.245000e+00 -1.705157e-02
2.250000e+00 -1.383581e-02
2.255000e+00 -1.011908e-02
2.260000e+00 -6.006070e-03
2.265000e+00 -1.650817e-03
2.270000e+00 2.774109e-03
2.275000e+00 7.129656e-03
2.280000e+00 1.116421e-02
2.285000e+00 1.473547e-02
2.290000e+00 1.775781e-02
2.295000e+00 2.005186e-02
2.300000e+00 2.151203e-02
2.305000e+00 2.215698e-02
2.310000e+00 2.192157e-02
2.315000e+00 2.081880e-02
2.320000e+00 1.888193e-02
2.325000e+00 1.613598e-02
2.330000e+00 1.278285e-02
2.335000e+00 8.940311e-03
2.340000e+00 4.713197e-03
2.345000e+00 3.176983e-04
2.350000e+00 -4.092044e-03
2.355000e+00 -8.337305e-03
2.360000e+00 -1.226849e-02
2.365000e+00 -1.573176e-02
2.370000e+00 -1.851637e-02
2.375000e+00 -2.055246e-02
2.380000e+00 -2.178910e-02
2.385000e+00 -2.216840e-02
2.390000e+00 -2.166853e-02
2.395000e+00 -2.030654e-02
2.400000e+00 -1.813672e-02
2.405000e+00 -1.520609e-02
2.410000e+00 -1.167479e-02
2.415000e+00 -7.710266e-03
2.420000e+00 -3.417757e-03
2.425000e+00 9.907983e-04
2.430000e+00 5.359037e-03
2.435000e+00 9.558611e-03
2.440000e+00 1.336200e-02
2.445000e+00 1.664300e-02
2.450000e+00 1.922409e-02
2.455000e+00 2.100062e-02
2.460000e+00 2.197679e-02
2.465000e+00 2.204867e-02
2.470000e+00 2.124047e-02
2.475000e+00 1.959276e-02
2.480000e+00 1.713276e-02
2.485000e+00 1.399876e-02
2.490000e+00 1.033147e-02
2.495000e+00 6.268863e-03
2.500000e+00 1.978541e-03
2.505000e+00 -2.381278e-03
2.510000e+00 -6.655946e-03
2.515000e+00 -1.067230e-02
2.520000e+00 -1.424592e-02
2.525000e+00 -1.719037e-02
2.530000e+00 -1.940076e-02
2.535000e+00 -2.080306e-02
2.540000e+00 -2.144723e-02
2.545000e+00 -2.143148e-02
2.550000e+00 -2.080490e-02
2.555000e+00 -1.974573e-02
2.560000e+00 -1.835788e-02
2.565000e+00 -1.665558e-02
2.570000e+00 -1.464737e-02
2.575000e+00 -1.227097e-02
2.580000e+00 -9.471500e-03
2.585000e+00 -6.213128e-03
2.590000e+00 -2.521446e-03
2.595000e+00 1.448749e-03
2.600000e+00 5.383785e-03
2.605000e+00 8.972944e-03
2.610000e+00 1.200366e-02
2.615000e+00 1.438937e-02
2.620000e+00 1.616815e-02
2.625000e+00 1.747504e-02
2.630000e+00 1.848287e-02
2.635000e+00 1.919779e-02
2.640000e+00 1.954313e-02
2.645000e+00 1.942596e-02
2.650000e+00 1.880351e-02
2.655000e+00 1.766575e-02
2.660000e+00 1.603011e-02
2.665000e+00 1.393895e-02
2.670000e+00 1.126654e-02
2.675000e+00 7.947752e-03
2.680000e+00 4.084933e-03
2.685000e+00 -1.236345e-04
2.690000e+00 -4.298002e-03
2.695000e+00 -8.052883e-03
2.700000e+00 -1.120087e-02
2.705000e+00 -1.374127e-02
2.710000e+00 -1.579103e-02
2.715000e+00 -1.742634e-02
2.720000e+00 -1.858698e-02
2.725000e+00 -1.907377e-02
2.730000e+00 -1.863412e-02
2.735000e+00 -1.723711e-02
2.740000e+00 -1.509836e-02
2.745000e+00 -1.245951e-02
2.750000e+00 -9.527486e-03
2.755000e+00 -6.397527e-03
2.760000e+00 -3.032487e-03
2.765000e+00 5.839956e-04
2.770000e+00 4.386056e-03
2.775000e+00 8.109406e-03
2.780000e+00 1.142795e-02
2.785000e+00 1.419206e-02
2.790000e+00 1.630323e-02
2.795000e+00 1.774274e-02
2.800000e+00 1.852367e-02
2.805000e+00 1.862693e-02
2.810000e+00 1.803650e-02
2.815000e+00 1.673924e-02
2.820000e+00 1.473666e-02
2.825000e+00 1.210349e-02
2.830000e+00 8.966739e-03
2.835000e+00 5.435490e-03
2.840000e+00 1.705574e-03
2.845000e+00 -2.055443e-03
2.850000e+00 -5.655631e-03
2.855000e+00 -8.969016e-03
2.860000e+00 -1.203636e-02
2.865000e+00 -1.474887e-02
2.870000e+00 -1.686369e-02
2.875000e+00 -1.821243e-02
2.880000e+00 -1.875452e-02
2.885000e+00 -1.858548e-02
2.890000e+00 -1.777227e-02
2.895000e+00 -1.622385e-02
2.900000e+00 -1.400734e-02
2.905000e+00 -1.123007e-02
2.910000e+00 -7.931285e-03
2.915000e+00 -4.338387e-03
2.920000e+00 -6.822364e-04
2.925000e+00 2.948806e-03
2.930000e+00 6.642602e-03
2.935000e+00 1.024110e-02
2.940000e+00 1.322000e-02
2.945000e+00 1.541295e-02
2.950000e+00 1.708687e-02
2.955000e+00 1.837501e-02
2.960000e+00 1.899771e-02
2.965000e+00 1.862494e-02
2.970000e+00 1.735143e-02
2.975000e+00 1.543308e-02
2.980000e+00 1.303743e-02
2.985000e+00 1.026687e-02
2.990000e+00 7.040077e-03
2.995000e+00 3.336382e-03
3 -6.136351e-04
