T X
0 0
5.000000e-03 6.586332e-09
1.000000e-02 2.820554e-08
1.500000e-02 2.630927e-07
2.000000e-02 2.541006e-06
2.500000e-02 1.714904e-05
3.000000e-02 8.531398e-05
3.500000e-02 3.251667e-04
4.000000e-02 9.687230e-04
4.500000e-02 2.281762e-03
5.000000e-02 4.285274e-03
5.500000e-02 6.495666e-03
6.000000e-02 8.171894e-03
6.500000e-02 9.054992e-03
7.000000e-02 9.599868e-03
7.500000e-02 1.013360e-02
8.000000e-02 1.026960e-02
8.500000e-02 9.707185e-03
9.000000e-02 8.829079e-03
9.500000e-02 7.818295e-03
1.000000e-01 6.328024e-03
1.050000e-01 4.473176e-03
1.100000e-01 2.654023e-03
1.150000e-01 7.019404e-04
1.200000e-01 -1.403792e-03
1.250000e-01 -3.275631e-03
1.300000e-01 -5.018217e-03
1.350000e-01 -6.709685e-03
1.400000e-01 -8.028482e-03
1.450000e-01 -9.080704e-03
1.500000e-01 -9.897581e-03
1.550000e-01 -1.017775e-02
1.600000e-01 -1.006383e-02
1.650000e-01 -9.587575e-03
1.700000e-01 -8.633752e-03
1.750000e-01 -7.459773e-03
1.800000e-01 -5.990176e-03
1.850000e-01 -4.168273e-03
1.900000e-01 -2.261420e-03
1.950000e-01 -2.183793e-04
2.000000e-01 1.818423e-03
2.050000e-01 3.706327e-03
2.100000e-01 5.546703e-03
2.150000e-01 7.126056e-03
2.200000e-01 8.421318e-03
2.250000e-01 9.408047e-03
2.300000e-01 9.964756e-03
2.350000e-01 1.018638e-02
2.400000e-01 9.927024e-03
2.450000e-01 9.294249e-03
2.500000e-01 8.394642e-03
2.550000e-01 7.060808e-03
2.600000e-01 5.455875e-03
2.650000e-01 3.632280e-03
2.700000e-01 1.663627e-03
2.750000e-01 -3.579553e-04
2.800000e-01 -2.386772e-03
2.850000e-01 -4.247436e-03
2.900000e-01 -6.002322e-03
2.950000e-01 -7.544085e-03
3.000000e-01 -8.746060e-03
3.050000e-01 -9.606896e-03
3.100000e-01 -1.006578e-02
3.150000e-01 -1.015155e-02
3.200000e-01 -9.785936e-03
3.250000e-01 -9.072441e-03
3.300000e-01 -8.038360e-03
3.350000e-01 -6.610620e-03
3.400000e-01 -4.944046e-03
3.450000e-01 -3.080987e-03
3.500000e-01 -1.076339e-03
3.550000e-01 9.601843e-04
3.600000e-01 2.920855e-03
3.650000e-01 4.788707e-03
3.700000e-01 6.492578e-03
3.750000e-01 7.911216e-03
3.800000e-01 9.034790e-03
3.850000e-01 9.789729e-03
3.900000e-01 1.013751e-02
3.950000e-01 1.007110e-02
4.000000e-01 9.636889e-03
4.050000e-01 8.814701e-03
4.100000e-01 7.626519e-03
4.150000e-01 6.153538e-03
4.200000e-01 4.412118e-03
4.250000e-01 2.506718e-03
4.300000e-01 4.953299e-04
4.350000e-01 -1.538983e-03
4.400000e-01 -3.494419e-03
4.450000e-01 -5.312405e-03
4.500000e-01 -6.923628e-03
4.550000e-01 -8.269979e-03
4.600000e-01 -9.287456e-03
4.650000e-01 -9.922171e-03
4.700000e-01 -1.017124e-02
4.750000e-01 -1.000642e-02
4.800000e-01 -9.429071e-03
4.850000e-01 -8.484015e-03
4.900000e-01 -7.222328e-03
4.950000e-01 -5.683486e-03
5.000000e-01 -3.874028e-03
5.050000e-01 -1.933028e-03
5.100000e-01 1.020330e-04
5.150000e-01 2.138951e-03
5.200000e-01 4.038132e-03
5.250000e-01 5.809863e-03
5.300000e-01 7.347288e-03
5.350000e-01 8.587349e-03
5.400000e-01 9.516669e-03
5.450000e-01 1.005698e-02
5.500000e-01 1.016409e-02
5.550000e-01 9.871601e-03
5.600000e-01 9.180445e-03
5.650000e-01 8.146330e-03
5.700000e-01 6.813890e-03
5.750000e-01 5.169185e-03
5.800000e-01 3.324976e-03
5.850000e-01 1.339227e-03
5.900000e-01 -7.116642e-04
5.950000e-01 -2.700973e-03
6.000000e-01 -4.577096e-03
6.050000e-01 -6.274473e-03
6.100000e-01 -7.740913e-03
6.150000e-01 -8.909730e-03
6.200000e-01 -9.707779e-03
6.250000e-01 -1.012009e-02
6.300000e-01 -1.012617e-02
6.350000e-01 -9.700889e-03
6.400000e-01 -8.919454e-03
6.450000e-01 -7.814284e-03
6.500000e-01 -6.346325e-03
6.550000e-01 -4.644120e-03
6.600000e-01 -2.750641e-03
6.650000e-01 -7.185319e-04
6.700000e-01 1.313736e-03
6.750000e-01 3.305143e-03
6.800000e-01 5.140838e-03
6.850000e-01 6.781039e-03
6.900000e-01 8.154300e-03
6.950000e-01 9.187713e-03
7.000000e-01 9.873790e-03
7.050000e-01 1.014812e-02
7.100000e-01 1.002926e-02
7.150000e-01 9.500309e-03
7.200000e-01 8.587920e-03
7.250000e-01 7.377167e-03
7.300000e-01 5.846985e-03
7.350000e-01 4.092279e-03
7.400000e-01 2.191764e-03
7.450000e-01 1.602077e-04
7.500000e-01 -1.865387e-03
7.550000e-01 -3.817865e-03
7.600000e-01 -5.620675e-03
7.650000e-01 -7.179557e-03
7.700000e-01 -8.455498e-03
7.750000e-01 -9.414125e-03
7.800000e-01 -1.001243e-02
7.850000e-01 -1.018658e-02
7.900000e-01 -9.944186e-03
7.950000e-01 -9.308768e-03
8.000000e-01 -8.295176e-03
8.050000e-01 -6.960648e-03
8.100000e-01 -5.370060e-03
8.150000e-01 -3.562306e-03
8.200000e-01 -1.595166e-03
8.250000e-01 4.474863e-04
8.300000e-01 2.471875e-03
8.350000e-01 4.375864e-03
8.400000e-01 6.088978e-03
8.450000e-01 7.567315e-03
8.500000e-01 8.764374e-03
8.550000e-01 9.611229e-03
8.600000e-01 1.009104e-02
8.650000e-01 1.014821e-02
8.700000e-01 9.779612e-03
8.750000e-01 9.039697e-03
8.800000e-01 7.935835e-03
8.850000e-01 6.541454e-03
8.900000e-01 4.876097e-03
8.950000e-01 3.011860e-03
9.000000e-01 1.014972e-03
9.050000e-01 -1.031845e-03
9.100000e-01 -3.022775e-03
9.150000e-01 -4.891745e-03
9.200000e-01 -6.546638e-03
9.250000e-01 -7.966544e-03
9.300000e-01 -9.071229e-03
9.350000e-01 -9.807778e-03
9.400000e-01 -1.015469e-02
9.450000e-01 -1.009132e-02
9.500000e-01 -9.621992e-03
9.550000e-01 -8.760711e-03
9.600000e-01 -7.562309e-03
9.650000e-01 -6.064029e-03
9.700000e-01 -4.326342e-03
9.750000e-01 -2.410468e-03
9.800000e-01 -4.070330e-04
9.850000e-01 1.620021e-03
9.900000e-01 3.597140e-03
9.950000e-01 5.402701e-03
1 6.999044e-03
1.005000e+00 8.318779e-03
1.010000e+00 9.299868e-03
1.015000e+00 9.922769e-03
1.020000e+00 1.015444e-02
1.025000e+00 9.995624e-03
1.030000e+00 9.411324e-03
1.035000e+00 8.443760e-03
1.040000e+00 7.154961e-03
1.045000e+00 5.575629e-03
1.050000e+00 3.799066e-03
1.055000e+00 1.861617e-03
1.060000e+00 -1.645401e-04
1.065000e+00 -2.196015e-03
1.070000e+00 -4.142320e-03
1.075000e+00 -5.900389e-03
1.080000e+00 -7.428153e-03
1.085000e+00 -8.645277e-03
1.090000e+00 -9.524196e-03
1.095000e+00 -1.005265e-02
1.100000e+00 -1.017871e-02
1.105000e+00 -9.880201e-03
1.110000e+00 -9.163397e-03
1.115000e+00 -8.095534e-03
1.120000e+00 -6.712948e-03
1.125000e+00 -5.064124e-03
1.130000e+00 -3.232339e-03
1.135000e+00 -1.265161e-03
1.140000e+00 7.834118e-04
1.145000e+00 2.797915e-03
1.150000e+00 4.675356e-03
1.155000e+00 6.371117e-03
1.160000e+00 7.803262e-03
1.165000e+00 8.928155e-03
1.170000e+00 9.709621e-03
1.175000e+00 1.011786e-02
1.180000e+00 1.011320e-02
1.185000e+00 9.692671e-03
1.190000e+00 8.889478e-03
1.195000e+00 7.720964e-03
1.200000e+00 6.273035e-03
1.205000e+00 4.555275e-03
1.210000e+00 2.659955e-03
1.215000e+00 6.704001e-04
1.220000e+00 -1.362590e-03
1.225000e+00 -3.283013e-03
1.230000e+00 -5.054541e-03
1.235000e+00 -6.589605e-03
1.240000e+00 -7.863750e-03
1.245000e+00 -8.946247e-03
1.250000e+00 -9.894111e-03
1.255000e+00 -1.086495e-02
1.260000e+00 -1.190229e-02
1.265000e+00 -1.298694e-02
1.270000e+00 -1.399197e-02
1.275000e+00 -1.461915e-02
1.280000e+00 -1.464856e-02
1.285000e+00 -1.388274e-02
1.290000e+00 -1.232576e-02
1.295000e+00 -1.021432e-02
1.300000e+00 -7.777953e-03
1.305000e+00 -5.249507e-03
1.310000e+00 -2.712853e-03
1.315000e+00 -1.066137e-04
1.320000e+00 2.650258e-03
1.325000e+00 5.561909e-03
1.330000e+00 8.500184e-03
1.335000e+00 1.127736e-02
1.340000e+00 1.383292e-02
1.345000e+00 1.622942e-02
1.350000e+00 1.850653e-02
1.355000e+00 2.059373e-02
1.360000e+00 2.216226e-02
1.365000e+00 2.274967e-02
1.370000e+00 2.205828e-02
1.375000e+00 2.012919e-02
1.380000e+00 1.732342e-02
1.385000e+00 1.400879e-02
1.390000e+00 1.036404e-02
1.395000e+00 6.498057e-03
1.400000e+00 2.404106e-03
1.405000e+00 -1.991391e-03
1.410000e+00 -6.513582e-03
1.415000e+00 -1.068188e-02
1.420000e+00 -1.420124e-02
1.425000e+00 -1.724998e-02
1.430000e+00 -1.975074e-02
1.435000e+00 -2.115073e-02
1.440000e+00 -2.152203e-02
1.445000e+00 -2.149348e-02
1.450000e+00 -2.101721e-02
1.455000e+00 -1.946677e-02
1.460000e+00 -1.675705e-02
1.465000e+00 -1.336780e-02
1.470000e+00 -9.539001e-03
1.475000e+00 -5.441697e-03
1.480000e+00 -1.311740e-03
1.485000e+00 2.991203e-03
1.490000e+00 7.438759e-03
1.495000e+00 1.150389e-02
1.500000e+00 1.497118e-02
1.505000e+00 1.784136e-02
1.510000e+00 1.996166e-02
1.515000e+00 2.134750e-02
1.520000e+00 2.202716e-02
1.525000e+00 2.178594e-02
1.530000e+00 2.052372e-02
1.535000e+00 1.841538e-02
1.540000e+00 1.559242e-02
1.545000e+00 1.227152e-02
1.550000e+00 8.650925e-03
1.555000e+00 4.480615e-03
1.560000e+00 -1.630074e-04
1.565000e+00 -4.619844e-03
1.570000e+00 -8.609016e-03
1.575000e+00 -1.229406e-02
1.580000e+00 -1.576553e-02
1.585000e+00 -1.870866e-02
1.590000e+00 -2.061867e-02
1.595000e+00 -2.153339e-02
1.600000e+00 -2.188965e-02
1.605000e+00 -2.145634e-02
1.610000e+00 -1.993208e-02
1.615000e+00 -1.770931e-02
1.620000e+00 -1.487669e-02
1.625000e+00 -1.128094e-02
1.630000e+00 -7.217008e-03
1.635000e+00 -3.029091e-03
1.640000e+00 1.283346e-03
1.645000e+00 5.636739e-03
1.650000e+00 9.740963e-03
1.655000e+00 1.344231e-02
1.660000e+00 1.670105e-02
1.665000e+00 1.929634e-02
1.670000e+00 2.092812e-02
1.675000e+00 2.176370e-02
1.680000e+00 2.190828e-02
1.685000e+00 2.109295e-02
1.690000e+00 1.942392e-02
1.695000e+00 1.703231e-02
1.700000e+00 1.382244e-02
1.705000e+00 1.008167e-02
1.710000e+00 6.096884e-03
1.715000e+00 1.794796e-03
1.720000e+00 -2.649894e-03
1.725000e+00 -6.892172e-03
1.730000e+00 -1.086447e-02
1.735000e+00 -1.450992e-02
1.740000e+00 -1.754145e-02
1.745000e+00 -1.976663e-02
1.750000e+00 -2.127885e-02
1.755000e+00 -2.198085e-02
1.760000e+00 -2.171606e-02
1.765000e+00 -2.065726e-02
1.770000e+00 -1.879694e-02
1.775000e+00 -1.610510e-02
1.780000e+00 -1.284255e-02
1.785000e+00 -9.011747e-03
1.790000e+00 -4.786154e-03
1.795000e+00 -5.002383e-04
1.800000e+00 3.881643e-03
1.805000e+00 8.134263e-03
1.810000e+00 1.196557e-02
1.815000e+00 1.539938e-02
1.820000e+00 1.829770e-02
1.825000e+00 2.035852e-02
1.830000e+00 2.156034e-02
1.835000e+00 2.199173e-02
1.840000e+00 2.151462e-02
1.845000e+00 2.016190e-02
1.850000e+00 1.811061e-02
1.855000e+00 1.526405e-02
1.860000e+00 1.173365e-02
1.865000e+00 7.805968e-03
1.870000e+00 3.531391e-03
1.875000e+00 -8.517802e-04
1.880000e+00 -5.148761e-03
1.885000e+00 -9.297033e-03
1.890000e+00 -1.305316e-02
1.895000e+00 -1.632926e-02
1.900000e+00 -1.898759e-02
1.905000e+00 -2.078304e-02
1.910000e+00 -2.176481e-02
1.915000e+00 -2.191941e-02
1.920000e+00 -2.115953e-02
1.925000e+00 -1.961434e-02
1.930000e+00 -1.733359e-02
1.935000e+00 -1.426940e-02
1.940000e+00 -1.061432e-02
1.945000e+00 -6.601698e-03
1.950000e+00 -2.274613e-03
1.955000e+00 2.116707e-03
1.960000e+00 6.365555e-03
1.965000e+00 1.044751e-02
1.970000e+00 1.411008e-02
1.975000e+00 1.718774e-02
1.980000e+00 1.962312e-02
1.985000e+00 2.122133e-02
1.990000e+00 2.192872e-02
1.995000e+00 2.179056e-02
2 2.081986e-02
2.005000e+00 1.902517e-02
2.010000e+00 1.643821e-02
2.015000e+00 1.322451e-02
2.020000e+00 9.475696e-03
2.025000e+00 5.312066e-03
2.030000e+00 9.794481e-04
2.035000e+00 -3.383724e-03
2.040000e+00 -7.624584e-03
2.045000e+00 -1.151845e-02
2.050000e+00 -1.499446e-02
2.055000e+00 -1.795789e-02
2.060000e+00 -2.010572e-02
2.065000e+00 -2.144429e-02
2.070000e+00 -2.200465e-02
2.075000e+00 -2.158750e-02
2.080000e+00 -2.034193e-02
2.085000e+00 -1.834898e-02
2.090000e+00 -1.557567e-02
2.095000e+00 -1.221968e-02
2.100000e+00 -8.332547e-03
2.105000e+00 -4.081600e-03
2.110000e+00 2.706118e-04
2.115000e+00 4.640945e-03
2.120000e+00 8.793612e-03
2.125000e+00 1.255718e-02
2.130000e+00 1.590957e-02
2.135000e+00 1.865418e-02
2.140000e+00 2.058423e-02
2.145000e+00 2.170201e-02
2.150000e+00 2.197273e-02
2.155000e+00 2.130639e-02
2.160000e+00 1.981871e-02
2.165000e+00 1.761262e-02
2.170000e+00 1.468533e-02
2.175000e+00 1.112393e-02
2.180000e+00 7.121570e-03
2.185000e+00 2.832834e-03
2.190000e+00 -1.578943e-03
2.195000e+00 -5.858905e-03
2.200000e+00 -9.919908e-03
2.205000e+00 -1.360223e-02
2.210000e+00 -1.675278e-02
2.215000e+00 -1.930342e-02
2.220000e+00 -2.099612e-02
2.225000e+00 -2.185219e-02
2.230000e+00 -2.187403e-02
2.235000e+00 -2.096274e-02
2.240000e+00 -1.926846e-02
2.245000e+00 -1.682859e-02
2.250000e+00 -1.369251e-02
2.255000e+00 -1.002064e-02
2.260000e+00 -5.906198e-03
2.265000e+00 -1.537766e-03
2.270000e+00 2.824145e-03
2.275000e+00 7.072466e-03
2.280000e+00 1.105659e-02
2.285000e+00 1.459729e-02
2.290000e+00 1.757837e-02
2.295000e+00 1.983612e-02
2.300000e+00 2.133002e-02
2.305000e+00 2.198214e-02
2.310000e+00 2.169292e-02
2.315000e+00 2.055157e-02
2.320000e+00 1.862899e-02
2.325000e+00 1.597681e-02
2.330000e+00 1.267764e-02
2.335000e+00 8.855540e-03
2.340000e+00 4.667721e-03
2.345000e+00 2.941449e-04
2.350000e+00 -4.080730e-03
2.355000e+00 -8.304313e-03
2.360000e+00 -1.215152e-02
2.365000e+00 -1.550865e-02
2.370000e+00 -1.830431e-02
2.375000e+00 -2.036288e-02
2.380000e+00 -2.162604e-02
2.385000e+00 -2.200102e-02
2.390000e+00 -2.144480e-02
2.395000e+00 -2.008434e-02
2.400000e+00 -1.791685e-02
2.405000e+00 -1.505539e-02
2.410000e+00 -1.162966e-02
2.415000e+00 -7.670510e-03
2.420000e+00 -3.417843e-03
2.425000e+00 9.832745e-04
2.430000e+00 5.362667e-03
2.435000e+00 9.473796e-03
2.440000e+00 1.319159e-02
2.445000e+00 1.640516e-02
2.450000e+00 1.901146e-02
2.455000e+00 2.084931e-02
2.460000e+00 2.181674e-02
2.465000e+00 2.188514e-02
2.470000e+00 2.104757e-02
2.475000e+00 1.937364e-02
2.480000e+00 1.695306e-02
2.485000e+00 1.388161e-02
2.490000e+00 1.028759e-02
2.495000e+00 6.272269e-03
2.500000e+00 1.995804e-03
2.505000e+00 -2.336237e-03
2.510000e+00 -6.580928e-03
2.515000e+00 -1.052574e-02
2.520000e+00 -1.403135e-02
2.525000e+00 -1.697893e-02
2.530000e+00 -1.921220e-02
2.535000e+00 -2.067215e-02
2.540000e+00 -2.130992e-02
2.545000e+00 -2.124534e-02
2.550000e+00 -2.061688e-02
2.555000e+00 -1.954728e-02
2.560000e+00 -1.820731e-02
2.565000e+00 -1.658655e-02
2.570000e+00 -1.467934e-02
2.575000e+00 -1.241256e-02
2.580000e+00 -9.638134e-03
2.585000e+00 -6.357755e-03
2.590000e+00 -2.666606e-03
2.595000e+00 1.244603e-03
2.600000e+00 5.139290e-03
2.605000e+00 8.757050e-03
2.610000e+00 1.183398e-02
2.615000e+00 1.424555e-02
2.620000e+00 1.607349e-02
2.625000e+00 1.743658e-02
2.630000e+00 1.840974e-02
2.635000e+00 1.910206e-02
2.640000e+00 1.951360e-02
2.645000e+00 1.949764e-02
2.650000e+00 1.895747e-02
2.655000e+00 1.789120e-02
2.660000e+00 1.629429e-02
2.665000e+00 1.413829e-02
2.670000e+00 1.146178e-02
2.675000e+00 8.208180e-03
2.680000e+00 4.343195e-03
2.685000e+00 9.885270e-05
2.690000e+00 -4.190370e-03
2.695000e+00 -8.093772e-03
2.700000e+00 -1.132668e-02
2.705000e+00 -1.388309e-02
2.710000e+00 -1.590942e-02
2.715000e+00 -1.755531e-02
2.720000e+00 -1.877661e-02
2.725000e+00 -1.932312e-02
2.730000e+00 -1.891280e-02
2.735000e+00 -1.748828e-02
2.740000e+00 -1.523597e-02
2.745000e+00 -1.247977e-02
2.750000e+00 -9.507334e-03
2.755000e+00 -6.405770e-03
2.760000e+00 -3.095134e-03
2.765000e+00 5.395488e-04
2.770000e+00 4.450815e-03
2.775000e+00 8.266989e-03
2.780000e+00 1.163072e-02
2.785000e+00 1.438932e-02
2.790000e+00 1.647960e-02
2.795000e+00 1.786670e-02
2.800000e+00 1.860078e-02
2.805000e+00 1.877789e-02
2.810000e+00 1.823222e-02
2.815000e+00 1.686215e-02
2.820000e+00 1.477208e-02
2.825000e+00 1.204575e-02
2.830000e+00 8.853272e-03
2.835000e+00 5.348602e-03
2.840000e+00 1.662973e-03
2.845000e+00 -2.063837e-03
2.850000e+00 -5.722016e-03
2.855000e+00 -9.134965e-03
2.860000e+00 -1.222604e-02
2.865000e+00 -1.491948e-02
2.870000e+00 -1.696089e-02
2.875000e+00 -1.824729e-02
2.880000e+00 -1.879877e-02
2.885000e+00 -1.864269e-02
2.890000e+00 -1.783496e-02
2.895000e+00 -1.629457e-02
2.900000e+00 -1.401448e-02
2.905000e+00 -1.115486e-02
2.910000e+00 -7.850888e-03
2.915000e+00 -4.236851e-03
2.920000e+00 -5.843103e-04
2.925000e+00 2.955099e-03
2.930000e+00 6.562147e-03
2.935000e+00 1.026372e-02
2.940000e+00 1.343127e-02
2.945000e+00 1.553608e-02
2.950000e+00 1.705225e-02
2.955000e+00 1.833111e-02
2.960000e+00 1.899125e-02
2.965000e+00 1.867787e-02
2.970000e+00 1.743742e-02
2.975000e+00 1.555951e-02
2.980000e+00 1.314296e-02
2.985000e+00 1.024900e-02
2.990000e+00 7.017443e-03
2.995000e+00 3.392436e-03
3 -5.378217e-04
