T X
0 0
5.000000e-03 8.344677e-11
1.000000e-02 -5.255795e-11
1.500000e-02 -1.768123e-10
2.000000e-02 -2.057517e-10
2.500000e-02 -4.473968e-10
3.000000e-02 -1.118654e-09
3.500000e-02 -8.767508e-11
4.000000e-02 2.644457e-08
4.500000e-02 2.453970e-07
5.000000e-02 1.519707e-06
5.500000e-02 7.318103e-06
6.000000e-02 2.918118e-05
6.500000e-02 9.922144e-05
7.000000e-02 2.911063e-04
7.500000e-02 7.395618e-04
8.000000e-02 1.626494e-03
8.500000e-02 3.090854e-03
9.000000e-02 5.066122e-03
9.500000e-02 7.166933e-03
1.000000e-01 8.819848e-03
1.050000e-01 9.664141e-03
1.100000e-01 9.868502e-03
1.150000e-01 9.905381e-03
1.200000e-01 9.917228e-03
1.250000e-01 9.507413e-03
1.300000e-01 8.364186e-03
1.350000e-01 6.810142e-03
1.400000e-01 5.307213e-03
1.450000e-01 3.712293e-03
1.500000e-01 1.676096e-03
1.550000e-01 -5.294780e-04
1.600000e-01 -2.420624e-03
1.650000e-01 -4.133368e-03
1.700000e-01 -5.915749e-03
1.750000e-01 -7.433981e-03
1.800000e-01 -8.469758e-03
1.850000e-01 -9.328144e-03
1.900000e-01 -9.975465e-03
1.950000e-01 -1.005432e-02
2.000000e-01 -9.713761e-03
2.050000e-01 -9.134441e-03
2.100000e-01 -8.064138e-03
2.150000e-01 -6.605623e-03
2.200000e-01 -5.079417e-03
2.250000e-01 -3.314935e-03
2.300000e-01 -1.291693e-03
2.350000e-01 6.861308e-04
2.400000e-01 2.666706e-03
2.450000e-01 4.594999e-03
2.500000e-01 6.196334e-03
2.550000e-01 7.628854e-03
2.600000e-01 8.883286e-03
2.650000e-01 9.623621e-03
2.700000e-01 9.983048e-03
2.750000e-01 1.003468e-02
2.800000e-01 9.603711e-03
2.850000e-01 8.873993e-03
2.900000e-01 7.808911e-03
2.950000e-01 6.273640e-03
3.000000e-01 4.599095e-03
3.050000e-01 2.791450e-03
3.100000e-01 7.608096e-04
3.150000e-01 -1.211013e-03
3.200000e-01 -3.162636e-03
3.250000e-01 -5.050620e-03
3.300000e-01 -6.639449e-03
3.350000e-01 -8.026708e-03
3.400000e-01 -9.084445e-03
3.450000e-01 -9.730810e-03
3.500000e-01 -1.010583e-02
3.550000e-01 -9.999985e-03
3.600000e-01 -9.462518e-03
3.650000e-01 -8.630211e-03
3.700000e-01 -7.368521e-03
3.750000e-01 -5.860000e-03
3.800000e-01 -4.153226e-03
3.850000e-01 -2.225407e-03
3.900000e-01 -2.508284e-04
3.950000e-01 1.797723e-03
4.000000e-01 3.737097e-03
4.050000e-01 5.482155e-03
4.100000e-01 7.098252e-03
4.150000e-01 8.339003e-03
4.200000e-01 9.296050e-03
4.250000e-01 9.953915e-03
4.300000e-01 1.008689e-02
4.350000e-01 9.885164e-03
4.400000e-01 9.293430e-03
4.450000e-01 8.275922e-03
4.500000e-01 6.996923e-03
4.550000e-01 5.413171e-03
4.600000e-01 3.619337e-03
4.650000e-01 1.661712e-03
4.700000e-01 -3.619336e-04
4.750000e-01 -2.333148e-03
4.800000e-01 -4.274882e-03
4.850000e-01 -5.975938e-03
4.900000e-01 -7.444199e-03
4.950000e-01 -8.699653e-03
5.000000e-01 -9.533496e-03
5.050000e-01 -9.992477e-03
5.100000e-01 -1.008003e-02
5.150000e-01 -9.754009e-03
5.200000e-01 -9.025856e-03
5.250000e-01 -7.953736e-03
5.300000e-01 -6.585132e-03
5.350000e-01 -4.901557e-03
5.400000e-01 -3.057281e-03
5.450000e-01 -1.086162e-03
5.500000e-01 9.387942e-04
5.550000e-01 2.887463e-03
5.600000e-01 4.781281e-03
5.650000e-01 6.452630e-03
5.700000e-01 7.852659e-03
5.750000e-01 8.970275e-03
5.800000e-01 9.700107e-03
5.850000e-01 1.005163e-02
5.900000e-01 1.001170e-02
5.950000e-01 9.591404e-03
6.000000e-01 8.750893e-03
6.050000e-01 7.565772e-03
6.100000e-01 6.114955e-03
6.150000e-01 4.377775e-03
6.200000e-01 2.512017e-03
6.250000e-01 5.519448e-04
6.300000e-01 -1.465738e-03
6.350000e-01 -3.420707e-03
6.400000e-01 -5.254307e-03
6.450000e-01 -6.857200e-03
6.500000e-01 -8.193301e-03
6.550000e-01 -9.197933e-03
6.600000e-01 -9.836756e-03
6.650000e-01 -1.010966e-02
6.700000e-01 -9.973689e-03
6.750000e-01 -9.409921e-03
6.800000e-01 -8.459582e-03
6.850000e-01 -7.193029e-03
6.900000e-01 -5.616403e-03
6.950000e-01 -3.844399e-03
7.000000e-01 -1.917650e-03
7.050000e-01 1.083552e-04
7.100000e-01 2.124984e-03
7.150000e-01 4.068898e-03
7.200000e-01 5.805201e-03
7.250000e-01 7.321466e-03
7.300000e-01 8.543150e-03
7.350000e-01 9.427817e-03
7.400000e-01 9.946712e-03
7.450000e-01 1.006484e-02
7.500000e-01 9.782805e-03
7.550000e-01 9.090636e-03
7.600000e-01 8.069484e-03
7.650000e-01 6.722958e-03
7.700000e-01 5.125932e-03
7.750000e-01 3.294672e-03
7.800000e-01 1.350829e-03
7.850000e-01 -6.539752e-04
7.900000e-01 -2.683409e-03
7.950000e-01 -4.514853e-03
8.000000e-01 -6.243463e-03
8.050000e-01 -7.714971e-03
8.100000e-01 -8.834901e-03
8.150000e-01 -9.655497e-03
8.200000e-01 -1.005235e-02
8.250000e-01 -1.004053e-02
8.300000e-01 -9.647491e-03
8.350000e-01 -8.876862e-03
8.400000e-01 -7.720434e-03
8.450000e-01 -6.290774e-03
8.500000e-01 -4.581307e-03
8.550000e-01 -2.690478e-03
8.600000e-01 -7.292951e-04
8.650000e-01 1.278064e-03
8.700000e-01 3.224122e-03
8.750000e-01 5.061088e-03
8.800000e-01 6.680987e-03
8.850000e-01 8.055119e-03
8.900000e-01 9.083608e-03
8.950000e-01 9.749289e-03
9.000000e-01 1.004207e-02
9.050000e-01 9.943565e-03
9.100000e-01 9.456668e-03
9.150000e-01 8.579734e-03
9.200000e-01 7.356379e-03
9.250000e-01 5.818248e-03
9.300000e-01 4.083847e-03
9.350000e-01 2.167024e-03
9.400000e-01 1.815446e-04
9.450000e-01 -1.827313e-03
9.500000e-01 -3.774634e-03
9.550000e-01 -5.578858e-03
9.600000e-01 -7.149874e-03
9.650000e-01 -8.398646e-03
9.700000e-01 -9.363437e-03
9.750000e-01 -9.906390e-03
9.800000e-01 -1.008439e-02
9.850000e-01 -9.882057e-03
9.900000e-01 -9.241468e-03
9.950000e-01 -8.224359e-03
1 -6.905098e-03
1.005000e+00 -5.311334e-03
1.010000e+00 -3.488288e-03
1.015000e+00 -1.567789e-03
1.020000e+00 4.422414e-04
1.025000e+00 2.446292e-03
1.030000e+00 4.329822e-03
1.035000e+00 6.049866e-03
1.040000e+00 7.512932e-03
1.045000e+00 8.679379e-03
1.050000e+00 9.535925e-03
1.055000e+00 9.967795e-03
1.060000e+00 1.004388e-02
1.065000e+00 9.705161e-03
1.070000e+00 8.961220e-03
1.075000e+00 7.894460e-03
1.080000e+00 6.484753e-03
1.085000e+00 4.856209e-03
1.090000e+00 2.973072e-03
1.095000e+00 1.000676e-03
1.100000e+00 -1.005654e-03
1.105000e+00 -2.995658e-03
1.110000e+00 -4.842733e-03
1.115000e+00 -6.515262e-03
1.120000e+00 -7.919114e-03
1.125000e+00 -9.026416e-03
1.130000e+00 -9.745457e-03
1.135000e+00 -1.006888e-02
1.140000e+00 -9.997391e-03
1.145000e+00 -9.531934e-03
1.150000e+00 -8.692985e-03
1.155000e+00 -7.508144e-03
1.160000e+00 -6.017557e-03
1.165000e+00 -4.286206e-03
1.170000e+00 -2.384790e-03
1.175000e+00 -3.908168e-04
1.180000e+00 1.647143e-03
1.185000e+00 3.681183e-03
1.190000e+00 5.624552e-03
1.195000e+00 7.367662e-03
1.200000e+00 8.724840e-03
1.205000e+00 9.461992e-03
1.210000e+00 9.415310e-03
1.215000e+00 8.453317e-03
1.220000e+00 6.580487e-03
1.225000e+00 4.057450e-03
1.230000e+00 1.143298e-03
1.235000e+00 -1.705748e-03
1.240000e+00 -4.253710e-03
1.245000e+00 -6.420096e-03
1.250000e+00 -8.238540e-03
1.255000e+00 -9.927251e-03
1.260000e+00 -1.143747e-02
1.265000e+00 -1.266566e-02
1.270000e+00 -1.331903e-02
1.275000e+00 -1.324107e-02
1.280000e+00 -1.250555e-02
1.285000e+00 -1.126786e-02
1.290000e+00 -9.751634e-03
1.295000e+00 -8.050280e-03
1.300000e+00 -6.025950e-03
1.305000e+00 -3.514484e-03
1.310000e+00 -6.604421e-04
1.315000e+00 2.143371e-03
1.320000e+00 4.694600e-03
1.325000e+00 7.140936e-03
1.330000e+00 9.208917e-03
1.335000e+00 1.074224e-02
1.340000e+00 1.212252e-02
1.345000e+00 1.323509e-02
1.350000e+00 1.335377e-02
1.355000e+00 1.255169e-02
1.360000e+00 1.183561e-02
1.365000e+00 1.118187e-02
1.370000e+00 9.941406e-03
1.375000e+00 8.334958e-03
1.380000e+00 6.940085e-03
1.385000e+00 5.928360e-03
1.390000e+00 5.265981e-03
1.395000e+00 4.604987e-03
1.400000e+00 3.538566e-03
1.405000e+00 2.212771e-03
1.410000e+00 7.263348e-04
1.415000e+00 -1.032384e-03
1.420000e+00 -2.834665e-03
1.425000e+00 -4.402055e-03
1.430000e+00 -5.651058e-03
1.435000e+00 -6.397057e-03
1.440000e+00 -6.804547e-03
1.445000e+00 -7.162661e-03
1.450000e+00 -7.357391e-03
1.455000e+00 -7.338858e-03
1.460000e+00 -7.045446e-03
1.465000e+00 -6.248122e-03
1.470000e+00 -5.047609e-03
1.475000e+00 -3.645738e-03
1.480000e+00 -2.167748e-03
1.485000e+00 -8.574063e-04
1.490000e+00 2.998189e-04
1.495000e+00 1.547019e-03
1.500000e+00 2.985144e-03
1.505000e+00 4.438249e-03
1.510000e+00 5.616558e-03
1.515000e+00 6.306998e-03
1.520000e+00 6.700515e-03
1.525000e+00 6.970572e-03
1.530000e+00 6.995383e-03
1.535000e+00 6.857116e-03
1.540000e+00 6.375549e-03
1.545000e+00 5.476404e-03
1.550000e+00 4.436082e-03
1.555000e+00 3.261317e-03
1.560000e+00 2.081478e-03
1.565000e+00 8.122304e-04
1.570000e+00 -7.385198e-04
1.575000e+00 -2.253156e-03
1.580000e+00 -3.647134e-03
1.585000e+00 -4.744500e-03
1.590000e+00 -5.492052e-03
1.595000e+00 -6.269558e-03
1.600000e+00 -6.905405e-03
1.605000e+00 -7.282096e-03
1.610000e+00 -7.202155e-03
1.615000e+00 -6.535048e-03
1.620000e+00 -5.836704e-03
1.625000e+00 -5.206523e-03
1.630000e+00 -4.277668e-03
1.635000e+00 -2.910758e-03
1.640000e+00 -1.367074e-03
1.645000e+00 -4.732582e-05
1.650000e+00 1.195121e-03
1.655000e+00 2.606804e-03
1.660000e+00 3.915912e-03
1.665000e+00 4.990353e-03
1.670000e+00 5.829866e-03
1.675000e+00 6.499987e-03
1.680000e+00 6.997981e-03
1.685000e+00 7.011068e-03
1.690000e+00 6.772304e-03
1.695000e+00 6.441096e-03
1.700000e+00 5.740281e-03
1.705000e+00 4.821405e-03
1.710000e+00 3.745125e-03
1.715000e+00 2.480014e-03
1.720000e+00 1.106138e-03
1.725000e+00 -3.376455e-04
1.730000e+00 -1.613925e-03
1.735000e+00 -2.913012e-03
1.740000e+00 -4.230123e-03
1.745000e+00 -5.235942e-03
1.750000e+00 -6.071787e-03
1.755000e+00 -6.663421e-03
1.760000e+00 -6.978209e-03
1.765000e+00 -7.024601e-03
1.770000e+00 -6.772306e-03
1.775000e+00 -6.277196e-03
1.780000e+00 -5.434686e-03
1.785000e+00 -4.461399e-03
1.790000e+00 -3.367129e-03
1.795000e+00 -2.043764e-03
1.800000e+00 -6.533434e-04
1.805000e+00 7.816486e-04
1.810000e+00 2.101579e-03
1.815000e+00 3.344181e-03
1.820000e+00 4.493287e-03
1.825000e+00 5.463943e-03
1.830000e+00 6.270802e-03
1.835000e+00 6.709096e-03
1.840000e+00 6.953035e-03
1.845000e+00 6.949880e-03
1.850000e+00 6.565011e-03
1.855000e+00 6.038075e-03
1.860000e+00 5.231412e-03
1.865000e+00 4.139667e-03
1.870000e+00 2.947213e-03
1.875000e+00 1.655838e-03
1.880000e+00 2.564572e-04
1.885000e+00 -1.170653e-03
1.890000e+00 -2.484021e-03
1.895000e+00 -3.729432e-03
1.900000e+00 -4.845486e-03
1.905000e+00 -5.718862e-03
1.910000e+00 -6.383942e-03
1.915000e+00 -6.812234e-03
1.920000e+00 -6.937834e-03
1.925000e+00 -6.797147e-03
1.930000e+00 -6.423654e-03
1.935000e+00 -5.678032e-03
1.940000e+00 -4.783390e-03
1.945000e+00 -3.782596e-03
1.950000e+00 -2.503756e-03
1.955000e+00 -1.197302e-03
1.960000e+00 1.565530e-04
1.965000e+00 1.563454e-03
1.970000e+00 2.857988e-03
1.975000e+00 4.001042e-03
1.980000e+00 5.009111e-03
1.985000e+00 5.847097e-03
1.990000e+00 6.449708e-03
1.995000e+00 6.819152e-03
2 6.890894e-03
2.005000e+00 6.681390e-03
2.010000e+00 6.213892e-03
2.015000e+00 5.472944e-03
2.020000e+00 4.572751e-03
2.025000e+00 3.516189e-03
2.030000e+00 2.218263e-03
2.035000e+00 8.522575e-04
2.040000e+00 -4.982056e-04
2.045000e+00 -1.912444e-03
2.050000e+00 -3.207409e-03
2.055000e+00 -4.269489e-03
2.060000e+00 -5.283380e-03
2.065000e+00 -6.088290e-03
2.070000e+00 -6.551424e-03
2.075000e+00 -6.832428e-03
2.080000e+00 -6.812255e-03
2.085000e+00 -6.503847e-03
2.090000e+00 -5.974911e-03
2.095000e+00 -5.199957e-03
2.100000e+00 -4.261662e-03
2.105000e+00 -3.134273e-03
2.110000e+00 -1.859698e-03
2.115000e+00 -5.083621e-04
2.120000e+00 8.416859e-04
2.125000e+00 2.151599e-03
2.130000e+00 3.428745e-03
2.135000e+00 4.502347e-03
2.140000e+00 5.435353e-03
2.145000e+00 6.141930e-03
2.150000e+00 6.611511e-03
2.155000e+00 6.854180e-03
2.160000e+00 6.723372e-03
2.165000e+00 6.426119e-03
2.170000e+00 5.833527e-03
2.175000e+00 4.980923e-03
2.180000e+00 4.000241e-03
2.185000e+00 2.806081e-03
2.190000e+00 1.529077e-03
2.195000e+00 2.253820e-04
2.200000e+00 -1.141952e-03
2.205000e+00 -2.496089e-03
2.210000e+00 -3.666818e-03
2.215000e+00 -4.727823e-03
2.220000e+00 -5.634172e-03
2.225000e+00 -6.257348e-03
2.230000e+00 -6.711886e-03
2.235000e+00 -6.848022e-03
2.240000e+00 -6.708719e-03
2.245000e+00 -6.371207e-03
2.250000e+00 -5.642459e-03
2.255000e+00 -4.761151e-03
2.260000e+00 -3.754256e-03
2.265000e+00 -2.536815e-03
2.270000e+00 -1.240002e-03
2.275000e+00 1.294593e-04
2.280000e+00 1.494347e-03
2.285000e+00 2.778454e-03
2.290000e+00 3.965057e-03
2.295000e+00 5.006127e-03
2.300000e+00 5.782752e-03
2.305000e+00 6.411990e-03
2.310000e+00 6.813840e-03
2.315000e+00 6.875905e-03
2.320000e+00 6.689548e-03
2.325000e+00 6.184520e-03
2.330000e+00 5.538141e-03
2.335000e+00 4.583071e-03
2.340000e+00 3.447900e-03
2.345000e+00 2.299813e-03
2.350000e+00 8.764008e-04
2.355000e+00 -4.744509e-04
2.360000e+00 -1.817924e-03
2.365000e+00 -3.136212e-03
2.370000e+00 -4.248997e-03
2.375000e+00 -5.259208e-03
2.380000e+00 -6.030197e-03
2.385000e+00 -6.579959e-03
2.390000e+00 -6.867752e-03
2.395000e+00 -6.870308e-03
2.400000e+00 -6.597065e-03
2.405000e+00 -6.085592e-03
2.410000e+00 -5.306315e-03
2.415000e+00 -4.333972e-03
2.420000e+00 -3.257880e-03
2.425000e+00 -1.993255e-03
2.430000e+00 -7.191752e-04
2.435000e+00 6.030627e-04
2.440000e+00 1.925585e-03
2.445000e+00 3.175411e-03
2.450000e+00 4.407295e-03
2.455000e+00 5.386749e-03
2.460000e+00 6.161918e-03
2.465000e+00 6.745639e-03
2.470000e+00 7.013401e-03
2.475000e+00 7.079562e-03
2.480000e+00 6.832876e-03
2.485000e+00 6.323053e-03
2.490000e+00 5.718116e-03
2.495000e+00 4.804469e-03
2.500000e+00 3.516666e-03
2.505000e+00 1.879978e-03
2.510000e+00 -2.779371e-04
2.515000e+00 -2.946655e-03
2.520000e+00 -6.013096e-03
2.525000e+00 -9.213304e-03
2.530000e+00 -1.211792e-02
2.535000e+00 -1.457731e-02
2.540000e+00 -1.632506e-02
2.545000e+00 -1.722065e-02
2.550000e+00 -1.737352e-02
2.555000e+00 -1.680560e-02
2.560000e+00 -1.566007e-02
2.565000e+00 -1.406123e-02
2.570000e+00 -1.206754e-02
2.575000e+00 -9.588712e-03
2.580000e+00 -6.614891e-03
2.585000e+00 -3.263064e-03
2.590000e+00 4.157613e-04
2.595000e+00 4.020864e-03
2.600000e+00 7.278058e-03
2.605000e+00 1.015519e-02
2.610000e+00 1.254028e-02
2.615000e+00 1.459050e-02
2.620000e+00 1.620650e-02
2.625000e+00 1.730169e-02
2.630000e+00 1.771123e-02
2.635000e+00 1.710153e-02
2.640000e+00 1.573292e-02
2.645000e+00 1.365319e-02
2.650000e+00 1.109467e-02
2.655000e+00 8.377828e-03
2.660000e+00 5.359356e-03
2.665000e+00 2.139331e-03
2.670000e+00 -1.016176e-03
2.675000e+00 -3.741196e-03
2.680000e+00 -5.786448e-03
2.685000e+00 -7.125529e-03
2.690000e+00 -7.686382e-03
2.695000e+00 -7.702083e-03
2.700000e+00 -7.550639e-03
2.705000e+00 -7.285801e-03
2.710000e+00 -6.902566e-03
2.715000e+00 -6.239091e-03
2.720000e+00 -5.486077e-03
2.725000e+00 -4.598082e-03
2.730000e+00 -3.294099e-03
2.735000e+00 -1.837101e-03
2.740000e+00 -4.687873e-05
2.745000e+00 1.887310e-03
2.750000e+00 3.614316e-03
2.755000e+00 5.152378e-03
2.760000e+00 6.276252e-03
2.765000e+00 7.151509e-03
2.770000e+00 7.777219e-03
2.775000e+00 8.242386e-03
2.780000e+00 8.613618e-03
2.785000e+00 8.430544e-03
2.790000e+00 7.695514e-03
2.795000e+00 6.472541e-03
2.800000e+00 4.989247e-03
2.805000e+00 3.599022e-03
2.810000e+00 2.114318e-03
2.815000e+00 5.358055e-04
2.820000e+00 -9.869707e-04
2.825000e+00 -2.575123e-03
2.830000e+00 -4.250087e-03
2.835000e+00 -5.823095e-03
2.840000e+00 -6.976672e-03
2.845000e+00 -7.772706e-03
2.850000e+00 -8.432693e-03
2.855000e+00 -8.670987e-03
2.860000e+00 -8.253581e-03
2.865000e+00 -7.679267e-03
2.870000e+00 -7.300381e-03
2.875000e+00 -6.521400e-03
2.880000e+00 -4.997068e-03
2.885000e+00 -3.190490e-03
2.890000e+00 -1.601156e-03
2.895000e+00 -1.032527e-04
2.900000e+00 1.515046e-03
2.905000e+00 3.139132e-03
2.910000e+00 4.778449e-03
2.915000e+00 6.229333e-03
2.920000e+00 7.205517e-03
2.925000e+00 7.931740e-03
2.930000e+00 8.483085e-03
2.935000e+00 8.624828e-03
2.940000e+00 8.429382e-03
2.945000e+00 7.942143e-03
2.950000e+00 7.143260e-03
2.955000e+00 5.917014e-03
2.960000e+00 4.506847e-03
2.965000e+00 3.000272e-03
2.970000e+00 1.248591e-03
2.975000e+00 -3.531258e-04
2.980000e+00 -1.940308e-03
2.985000e+00 -3.697195e-03
2.990000e+00 -5.412562e-03
2.995000e+00 -6.665753e-03
3 -7.438034e-03
