T X
0 0
2.000000e-03 -4.262640e-11
4.000000e-03 -2.181754e-11
6.000000e-03 2.907378e-10
8.000000e-03 1.017236e-10
1.000000e-02 -2.264559e-10
1.200000e-02 -7.616850e-10
1.400000e-02 1.508009e-10
1.600000e-02 5.730623e-10
1.800000e-02 -8.951787e-10
2.000000e-02 -2.012443e-09
2.200000e-02 -5.060958e-10
2.400000e-02 -2.701788e-09
2.600000e-02 -1.783562e-10
2.800000e-02 1.273087e-09
3.000000e-02 2.439547e-10
3.200000e-02 -8.713195e-10
3.400000e-02 -3.111769e-09
3.600000e-02 2.531717e-10
3.800000e-02 -1.908426e-08
4.000000e-02 -4.381851e-08
4.200000e-02 -4.098439e-08
4.400000e-02 4.202322e-09
4.600000e-02 7.350432e-08
4.800000e-02 1.684152e-07
5.000000e-02 2.387174e-07
5.200000e-02 1.326169e-07
5.400000e-02 -2.178046e-07
5.600000e-02 -8.372556e-07
5.800000e-02 -1.582173e-06
6.000000e-02 -1.768527e-06
6.200000e-02 -6.492471e-07
6.400000e-02 1.892219e-06
6.600000e-02 5.904389e-06
6.800000e-02 1.403632e-05
7.000000e-02 3.546203e-05
7.200000e-02 8.860981e-05
7.400000e-02 2.046925e-04
7.600000e-02 4.320375e-04
7.800000e-02 8.351198e-04
8.000000e-02 1.481850e-03
8.200000e-02 2.415209e-03
8.400000e-02 3.613704e-03
8.600000e-02 4.965399e-03
8.800000e-02 6.291939e-03
9.000000e-02 7.431464e-03
9.200000e-02 8.335164e-03
9.400000e-02 9.095216e-03
9.600000e-02 9.859936e-03
9.800000e-02 1.069982e-02
1.000000e-01 1.154159e-02
1.020000e-01 1.223523e-02
1.040000e-01 1.272208e-02
1.060000e-01 1.311953e-02
1.080000e-01 1.355531e-02
1.100000e-01 1.396277e-02
1.120000e-01 1.418973e-02
1.140000e-01 1.425744e-02
1.160000e-01 1.430294e-02
1.180000e-01 1.431527e-02
1.200000e-01 1.417069e-02
1.220000e-01 1.388442e-02
1.240000e-01 1.356664e-02
1.260000e-01 1.318680e-02
1.280000e-01 1.266314e-02
1.300000e-01 1.205958e-02
1.320000e-01 1.142979e-02
1.340000e-01 1.070016e-02
1.360000e-01 9.870022e-03
1.380000e-01 9.021439e-03
1.400000e-01 8.127897e-03
1.420000e-01 7.139566e-03
1.440000e-01 6.121776e-03
1.460000e-01 5.107697e-03
1.480000e-01 4.040773e-03
1.500000e-01 2.940608e-03
1.520000e-01 1.863377e-03
1.540000e-01 7.777049e-04
1.560000e-01 -3.194262e-04
1.580000e-01 -1.382240e-03
1.600000e-01 -2.449483e-03
1.620000e-01 -3.549536e-03
1.640000e-01 -4.637878e-03
1.660000e-01 -5.728130e-03
1.680000e-01 -6.834862e-03
1.700000e-01 -7.901231e-03
1.720000e-01 -8.893778e-03
1.740000e-01 -9.791546e-03
1.760000e-01 -1.057886e-02
1.780000e-01 -1.129334e-02
1.800000e-01 -1.195912e-02
1.820000e-01 -1.257243e-02
1.840000e-01 -1.312754e-02
1.860000e-01 -1.358819e-02
1.880000e-01 -1.394002e-02
1.900000e-01 -1.419971e-02
1.920000e-01 -1.436601e-02
1.940000e-01 -1.446163e-02
1.960000e-01 -1.449546e-02
1.980000e-01 -1.440658e-02
2.000000e-01 -1.417907e-02
2.020000e-01 -1.387227e-02
2.040000e-01 -1.350495e-02
2.060000e-01 -1.304894e-02
2.080000e-01 -1.248875e-02
2.100000e-01 -1.183554e-02
2.120000e-01 -1.111364e-02
2.140000e-01 -1.035161e-02
2.160000e-01 -9.545865e-03
2.180000e-01 -8.644775e-03
2.200000e-01 -7.662344e-03
2.220000e-01 -6.659381e-03
2.240000e-01 -5.625585e-03
2.260000e-01 -4.540732e-03
2.280000e-01 -3.415833e-03
2.300000e-01 -2.262427e-03
2.320000e-01 -1.098782e-03
2.340000e-01 6.136633e-05
2.360000e-01 1.229976e-03
2.380000e-01 2.394601e-03
2.400000e-01 3.517731e-03
2.420000e-01 4.621927e-03
2.440000e-01 5.725456e-03
2.460000e-01 6.780051e-03
2.480000e-01 7.769507e-03
2.500000e-01 8.722612e-03
2.520000e-01 9.629827e-03
2.540000e-01 1.045911e-02
2.560000e-01 1.121902e-02
2.580000e-01 1.192981e-02
2.600000e-01 1.256363e-02
2.620000e-01 1.309555e-02
2.640000e-01 1.355940e-02
2.660000e-01 1.395353e-02
2.680000e-01 1.423463e-02
2.700000e-01 1.442430e-02
2.720000e-01 1.454315e-02
2.740000e-01 1.455324e-02
2.760000e-01 1.445739e-02
2.780000e-01 1.428474e-02
2.800000e-01 1.402018e-02
2.820000e-01 1.365844e-02
2.840000e-01 1.319966e-02
2.860000e-01 1.264935e-02
2.880000e-01 1.203921e-02
2.900000e-01 1.135443e-02
2.920000e-01 1.057528e-02
2.940000e-01 9.742683e-03
2.960000e-01 8.870773e-03
2.980000e-01 7.920366e-03
3.000000e-01 6.903368e-03
3.020000e-01 5.869212e-03
3.040000e-01 4.812656e-03
3.060000e-01 3.706948e-03
3.080000e-01 2.564085e-03
3.100000e-01 1.409717e-03
3.120000e-01 2.442816e-04
3.140000e-01 -9.245740e-04
3.160000e-01 -2.079914e-03
3.180000e-01 -3.231072e-03
3.200000e-01 -4.370251e-03
3.220000e-01 -5.471438e-03
3.240000e-01 -6.539601e-03
3.260000e-01 -7.571418e-03
3.280000e-01 -8.541024e-03
3.300000e-01 -9.449795e-03
3.320000e-01 -1.030693e-02
3.340000e-01 -1.109834e-02
3.360000e-01 -1.181319e-02
3.380000e-01 -1.245051e-02
3.400000e-01 -1.300076e-02
3.420000e-01 -1.346371e-02
3.440000e-01 -1.386377e-02
3.460000e-01 -1.420251e-02
3.480000e-01 -1.443216e-02
3.500000e-01 -1.453804e-02
3.520000e-01 -1.456185e-02
3.540000e-01 -1.451967e-02
3.560000e-01 -1.438339e-02
3.580000e-01 -1.412874e-02
3.600000e-01 -1.378135e-02
3.620000e-01 -1.337132e-02
3.640000e-01 -1.287088e-02
3.660000e-01 -1.225904e-02
3.680000e-01 -1.157696e-02
3.700000e-01 -1.084244e-02
3.720000e-01 -1.002873e-02
3.740000e-01 -9.135832e-03
3.760000e-01 -8.189995e-03
3.780000e-01 -7.204152e-03
3.800000e-01 -6.173153e-03
3.820000e-01 -5.100337e-03
3.840000e-01 -3.987254e-03
3.860000e-01 -2.847017e-03
3.880000e-01 -1.706076e-03
3.900000e-01 -5.621006e-04
3.920000e-01 6.044664e-04
3.940000e-01 1.775051e-03
3.960000e-01 2.916696e-03
3.980000e-01 4.042641e-03
4.000000e-01 5.162812e-03
4.020000e-01 6.250793e-03
4.040000e-01 7.274347e-03
4.060000e-01 8.246630e-03
4.080000e-01 9.197665e-03
4.100000e-01 1.008999e-02
4.120000e-01 1.089228e-02
4.140000e-01 1.163145e-02
4.160000e-01 1.230120e-02
4.180000e-01 1.288304e-02
4.200000e-01 1.339373e-02
4.220000e-01 1.381594e-02
4.240000e-01 1.413354e-02
4.260000e-01 1.437242e-02
4.280000e-01 1.452828e-02
4.300000e-01 1.457997e-02
4.320000e-01 1.454091e-02
4.340000e-01 1.441254e-02
4.360000e-01 1.419114e-02
4.380000e-01 1.388603e-02
4.400000e-01 1.347931e-02
4.420000e-01 1.298199e-02
4.440000e-01 1.242765e-02
4.460000e-01 1.178909e-02
4.480000e-01 1.104436e-02
4.500000e-01 1.025128e-02
4.520000e-01 9.417520e-03
4.540000e-01 8.480808e-03
4.560000e-01 7.480850e-03
4.580000e-01 6.473700e-03
4.600000e-01 5.422625e-03
4.620000e-01 4.309161e-03
4.640000e-01 3.170753e-03
4.660000e-01 2.038212e-03
4.680000e-01 8.777441e-04
4.700000e-01 -3.198694e-04
4.720000e-01 -1.475716e-03
4.740000e-01 -2.591417e-03
4.760000e-01 -3.746079e-03
4.780000e-01 -4.893502e-03
4.800000e-01 -5.943900e-03
4.820000e-01 -6.952450e-03
4.840000e-01 -7.979804e-03
4.860000e-01 -8.956499e-03
4.880000e-01 -9.821926e-03
4.900000e-01 -1.061892e-02
4.920000e-01 -1.139701e-02
4.940000e-01 -1.211374e-02
4.960000e-01 -1.272038e-02
4.980000e-01 -1.323463e-02
5.000000e-01 -1.367723e-02
