T X
0 0
2.000000e-03 4.708629e-09
4.000000e-03 3.986697e-09
6.000000e-03 -1.613083e-08
8.000000e-03 -4.629032e-08
1.000000e-02 -6.752186e-08
1.200000e-02 -7.624336e-08
1.400000e-02 -7.105046e-08
1.600000e-02 -1.405136e-07
1.800000e-02 -2.583144e-07
2.000000e-02 -3.093059e-07
2.200000e-02 -1.782758e-07
2.400000e-02 1.733842e-07
2.600000e-02 1.883306e-07
2.800000e-02 -1.658560e-07
3.000000e-02 9.917167e-07
3.200000e-02 9.162990e-06
3.400000e-02 3.885883e-05
3.600000e-02 1.219404e-04
3.800000e-02 3.181223e-04
4.000000e-02 7.175414e-04
4.200000e-02 1.413847e-03
4.400000e-02 2.443268e-03
4.600000e-02 3.719819e-03
4.800000e-02 5.034167e-03
5.000000e-02 6.171256e-03
5.200000e-02 7.086103e-03
5.400000e-02 7.943101e-03
5.600000e-02 8.893656e-03
5.800000e-02 9.855449e-03
6.000000e-02 1.066046e-02
6.200000e-02 1.133717e-02
6.400000e-02 1.201840e-02
6.600000e-02 1.265862e-02
6.800000e-02 1.314469e-02
7.000000e-02 1.354014e-02
7.200000e-02 1.390506e-02
7.400000e-02 1.415628e-02
7.600000e-02 1.428254e-02
7.800000e-02 1.434967e-02
8.000000e-02 1.432909e-02
8.200000e-02 1.419340e-02
8.400000e-02 1.398309e-02
8.600000e-02 1.368896e-02
8.800000e-02 1.328338e-02
9.000000e-02 1.278583e-02
9.200000e-02 1.221698e-02
9.400000e-02 1.157534e-02
9.600000e-02 1.085574e-02
9.800000e-02 1.006709e-02
1.000000e-01 9.212289e-03
1.020000e-01 8.292484e-03
1.040000e-01 7.333156e-03
1.060000e-01 6.344292e-03
1.080000e-01 5.310643e-03
1.100000e-01 4.242414e-03
1.120000e-01 3.159934e-03
1.140000e-01 2.070723e-03
1.160000e-01 9.874143e-04
1.180000e-01 -8.062185e-05
1.200000e-01 -1.133605e-03
1.220000e-01 -2.196292e-03
1.240000e-01 -3.298081e-03
1.260000e-01 -4.427060e-03
1.280000e-01 -5.556652e-03
1.300000e-01 -6.658078e-03
1.320000e-01 -7.694159e-03
1.340000e-01 -8.645866e-03
1.360000e-01 -9.523658e-03
1.380000e-01 -1.035386e-02
1.400000e-01 -1.114270e-02
1.420000e-01 -1.187221e-02
1.440000e-01 -1.252854e-02
1.460000e-01 -1.308707e-02
1.480000e-01 -1.353250e-02
1.500000e-01 -1.389769e-02
1.520000e-01 -1.419517e-02
1.540000e-01 -1.439027e-02
1.560000e-01 -1.448018e-02
1.580000e-01 -1.448884e-02
1.600000e-01 -1.441547e-02
1.620000e-01 -1.425456e-02
1.640000e-01 -1.400316e-02
1.660000e-01 -1.364955e-02
1.680000e-01 -1.320275e-02
1.700000e-01 -1.268725e-02
1.720000e-01 -1.209207e-02
1.740000e-01 -1.140474e-02
1.760000e-01 -1.065369e-02
1.780000e-01 -9.843659e-03
1.800000e-01 -8.954143e-03
1.820000e-01 -8.000454e-03
1.840000e-01 -6.999230e-03
1.860000e-01 -5.949390e-03
1.880000e-01 -4.864705e-03
1.900000e-01 -3.752486e-03
1.920000e-01 -2.605525e-03
1.940000e-01 -1.431440e-03
1.960000e-01 -2.642923e-04
1.980000e-01 8.809574e-04
2.000000e-01 2.038198e-03
2.020000e-01 3.196252e-03
2.040000e-01 4.300805e-03
2.060000e-01 5.371385e-03
2.080000e-01 6.440094e-03
2.100000e-01 7.473873e-03
2.120000e-01 8.451830e-03
2.140000e-01 9.379908e-03
2.160000e-01 1.024373e-02
2.180000e-01 1.103413e-02
2.200000e-01 1.175829e-02
2.220000e-01 1.240886e-02
2.240000e-01 1.298036e-02
2.260000e-01 1.348653e-02
2.280000e-01 1.391265e-02
2.300000e-01 1.422355e-02
2.320000e-01 1.442777e-02
2.340000e-01 1.455365e-02
2.360000e-01 1.459693e-02
2.380000e-01 1.453700e-02
2.400000e-01 1.438178e-02
2.420000e-01 1.414170e-02
2.440000e-01 1.380024e-02
2.460000e-01 1.336363e-02
2.480000e-01 1.286338e-02
2.500000e-01 1.229488e-02
2.520000e-01 1.162979e-02
2.540000e-01 1.087282e-02
2.560000e-01 1.004093e-02
2.580000e-01 9.157873e-03
2.600000e-01 8.249209e-03
2.620000e-01 7.289784e-03
2.640000e-01 6.248574e-03
2.660000e-01 5.159650e-03
2.680000e-01 4.062475e-03
2.700000e-01 2.941007e-03
2.720000e-01 1.789099e-03
2.740000e-01 6.254971e-04
2.760000e-01 -5.432038e-04
2.780000e-01 -1.712230e-03
2.800000e-01 -2.872763e-03
2.820000e-01 -4.008906e-03
2.840000e-01 -5.116552e-03
2.860000e-01 -6.202222e-03
2.880000e-01 -7.239089e-03
2.900000e-01 -8.207297e-03
2.920000e-01 -9.143343e-03
2.940000e-01 -1.004125e-02
2.960000e-01 -1.084825e-02
2.980000e-01 -1.157929e-02
3.000000e-01 -1.226363e-02
3.020000e-01 -1.286933e-02
3.040000e-01 -1.337153e-02
3.060000e-01 -1.379016e-02
3.080000e-01 -1.413299e-02
3.100000e-01 -1.438230e-02
3.120000e-01 -1.453116e-02
3.140000e-01 -1.458709e-02
3.160000e-01 -1.456064e-02
3.180000e-01 -1.444880e-02
3.200000e-01 -1.423760e-02
3.220000e-01 -1.393082e-02
3.240000e-01 -1.353944e-02
3.260000e-01 -1.306095e-02
3.280000e-01 -1.249182e-02
3.300000e-01 -1.184182e-02
3.320000e-01 -1.112136e-02
3.340000e-01 -1.032766e-02
3.360000e-01 -9.463151e-03
3.380000e-01 -8.538651e-03
3.400000e-01 -7.560532e-03
3.420000e-01 -6.527733e-03
3.440000e-01 -5.449522e-03
3.460000e-01 -4.354257e-03
3.480000e-01 -3.242381e-03
3.500000e-01 -2.096750e-03
3.520000e-01 -9.316577e-04
3.540000e-01 2.392991e-04
3.560000e-01 1.414239e-03
3.580000e-01 2.569806e-03
3.600000e-01 3.693027e-03
3.620000e-01 4.804370e-03
3.640000e-01 5.899795e-03
3.660000e-01 6.950877e-03
3.680000e-01 7.955666e-03
3.700000e-01 8.911751e-03
3.720000e-01 9.802654e-03
3.740000e-01 1.063386e-02
3.760000e-01 1.140574e-02
3.780000e-01 1.210154e-02
3.800000e-01 1.271955e-02
3.820000e-01 1.325553e-02
3.840000e-01 1.370491e-02
3.860000e-01 1.407178e-02
3.880000e-01 1.434321e-02
3.900000e-01 1.451522e-02
3.920000e-01 1.460483e-02
3.940000e-01 1.459683e-02
3.960000e-01 1.447784e-02
3.980000e-01 1.427420e-02
4.000000e-01 1.399072e-02
4.020000e-01 1.361861e-02
4.040000e-01 1.316640e-02
4.060000e-01 1.263061e-02
4.080000e-01 1.200146e-02
4.100000e-01 1.129587e-02
4.120000e-01 1.053127e-02
4.140000e-01 9.696885e-03
4.160000e-01 8.788877e-03
4.180000e-01 7.828341e-03
4.200000e-01 6.825934e-03
4.220000e-01 5.775287e-03
4.240000e-01 4.681210e-03
4.260000e-01 3.552342e-03
4.280000e-01 2.400803e-03
4.300000e-01 1.246685e-03
4.320000e-01 9.104774e-05
4.340000e-01 -1.077092e-03
4.360000e-01 -2.245842e-03
4.380000e-01 -3.391793e-03
4.400000e-01 -4.516046e-03
4.420000e-01 -5.625486e-03
4.440000e-01 -6.693284e-03
4.460000e-01 -7.701103e-03
4.480000e-01 -8.659868e-03
4.500000e-01 -9.564217e-03
4.520000e-01 -1.040479e-02
4.540000e-01 -1.118569e-02
4.560000e-01 -1.190051e-02
4.580000e-01 -1.253604e-02
4.600000e-01 -1.309467e-02
4.620000e-01 -1.357031e-02
4.640000e-01 -1.395778e-02
4.660000e-01 -1.426471e-02
4.680000e-01 -1.447686e-02
4.700000e-01 -1.458689e-02
4.720000e-01 -1.460468e-02
4.740000e-01 -1.453215e-02
4.760000e-01 -1.436478e-02
4.780000e-01 -1.410584e-02
4.800000e-01 -1.375963e-02
4.820000e-01 -1.331941e-02
4.840000e-01 -1.279302e-02
4.860000e-01 -1.218560e-02
4.880000e-01 -1.149575e-02
4.900000e-01 -1.074257e-02
4.920000e-01 -9.928030e-03
4.940000e-01 -9.033150e-03
4.960000e-01 -8.067870e-03
4.980000e-01 -7.061829e-03
5.000000e-01 -6.024096e-03
