T X
0 0
5.000000e-03 9.657063e-09
1.000000e-02 4.087726e-08
1.500000e-02 2.146815e-08
2.000000e-02 -5.483547e-07
2.500000e-02 -4.464202e-06
3.000000e-02 -2.205363e-05
3.500000e-02 -7.751542e-05
4.000000e-02 -2.019926e-04
4.500000e-02 -3.942895e-04
5.000000e-02 -5.708918e-04
5.500000e-02 -6.054205e-04
6.000000e-02 -4.958214e-04
6.500000e-02 -4.298909e-04
7.000000e-02 -5.268260e-04
7.500000e-02 -6.031828e-04
8.000000e-02 -4.794426e-04
8.500000e-02 -3.434249e-04
9.000000e-02 -3.835170e-04
9.500000e-02 -4.238447e-04
1.000000e-01 -3.776808e-04
1.050000e-01 -4.245563e-04
1.100000e-01 -5.007333e-04
1.150000e-01 -4.439433e-04
1.200000e-01 -3.736117e-04
1.250000e-01 -3.213498e-04
1.300000e-01 -2.249982e-04
1.350000e-01 -1.831647e-04
1.400000e-01 -1.238897e-04
1.450000e-01 5.545053e-05
1.500000e-01 2.183720e-04
1.550000e-01 3.670997e-04
1.600000e-01 5.089957e-04
1.650000e-01 5.407738e-04
1.700000e-01 5.774174e-04
1.750000e-01 6.341373e-04
1.800000e-01 6.362089e-04
1.850000e-01 6.954389e-04
1.900000e-01 7.532289e-04
1.950000e-01 7.274287e-04
2.000000e-01 6.890182e-04
2.050000e-01 6.015189e-04
2.100000e-01 4.912195e-04
2.150000e-01 4.545502e-04
2.200000e-01 4.364306e-04
2.250000e-01 4.050804e-04
2.300000e-01 4.241122e-04
2.350000e-01 4.284727e-04
2.400000e-01 3.791530e-04
2.450000e-01 3.880206e-04
2.500000e-01 4.303047e-04
2.550000e-01 4.367786e-04
2.600000e-01 3.937108e-04
2.650000e-01 3.266155e-04
2.700000e-01 2.706791e-04
2.750000e-01 8.068729e-05
2.800000e-01 -1.962747e-04
2.850000e-01 -3.953211e-04
2.900000e-01 -5.980412e-04
2.950000e-01 -7.923917e-04
3.000000e-01 -9.606837e-04
3.050000e-01 -1.143390e-03
3.100000e-01 -1.270962e-03
3.150000e-01 -1.291760e-03
3.200000e-01 -1.274737e-03
3.250000e-01 -1.305858e-03
3.300000e-01 -1.286399e-03
3.350000e-01 -1.182901e-03
3.400000e-01 -1.096501e-03
3.450000e-01 -1.038693e-03
3.500000e-01 -9.597093e-04
3.550000e-01 -8.761643e-04
3.600000e-01 -8.812088e-04
3.650000e-01 -9.075456e-04
3.700000e-01 -9.168812e-04
3.750000e-01 -9.833978e-04
3.800000e-01 -1.013554e-03
3.850000e-01 -9.846804e-04
3.900000e-01 -9.944319e-04
3.950000e-01 -9.867550e-04
4.000000e-01 -9.235597e-04
4.050000e-01 -8.230543e-04
4.100000e-01 -6.917407e-04
4.150000e-01 -6.018491e-04
4.200000e-01 -4.846267e-04
4.250000e-01 -2.640796e-04
4.300000e-01 -5.094545e-05
4.350000e-01 7.635846e-05
4.400000e-01 1.514563e-04
4.450000e-01 1.857810e-04
4.500000e-01 1.370713e-04
4.550000e-01 8.572973e-05
4.600000e-01 8.930682e-05
4.650000e-01 6.645649e-05
4.700000e-01 4.765569e-05
4.750000e-01 6.406886e-05
4.800000e-01 9.891440e-05
4.850000e-01 1.311283e-04
4.900000e-01 9.685528e-05
4.950000e-01 1.392405e-04
5.000000e-01 2.889189e-04
5.050000e-01 3.158721e-04
5.100000e-01 2.895900e-04
5.150000e-01 3.585344e-04
5.200000e-01 4.604689e-04
5.250000e-01 4.905784e-04
5.300000e-01 4.214480e-04
5.350000e-01 3.712683e-04
5.400000e-01 3.293737e-04
5.450000e-01 2.130247e-04
5.500000e-01 1.383055e-04
5.550000e-01 1.216636e-04
5.600000e-01 2.160181e-06
5.650000e-01 -1.755643e-04
5.700000e-01 -3.211731e-04
5.750000e-01 -5.050594e-04
5.800000e-01 -6.969247e-04
5.850000e-01 -8.107249e-04
5.900000e-01 -8.771128e-04
5.950000e-01 -9.105930e-04
6.000000e-01 -8.865370e-04
6.050000e-01 -8.785396e-04
6.100000e-01 -9.244630e-04
6.150000e-01 -9.301966e-04
6.200000e-01 -9.089088e-04
6.250000e-01 -9.057863e-04
6.300000e-01 -8.717847e-04
6.350000e-01 -7.971570e-04
6.400000e-01 -7.214095e-04
6.450000e-01 -6.835806e-04
6.500000e-01 -6.567216e-04
6.550000e-01 -5.944966e-04
6.600000e-01 -4.866835e-04
6.650000e-01 -3.834609e-04
6.700000e-01 -3.168925e-04
6.750000e-01 -2.753423e-04
6.800000e-01 -2.627049e-04
6.850000e-01 -2.300208e-04
6.900000e-01 -1.271404e-04
6.950000e-01 -2.368717e-05
7.000000e-01 2.620018e-05
7.050000e-01 7.532654e-05
7.100000e-01 1.296881e-04
7.150000e-01 9.519451e-05
7.200000e-01 6.584713e-06
7.250000e-01 -3.240141e-05
7.300000e-01 -7.051487e-05
7.350000e-01 -1.045804e-04
7.400000e-01 -9.889103e-05
7.450000e-01 -9.049146e-05
7.500000e-01 -5.170922e-05
7.550000e-01 3.458908e-05
7.600000e-01 7.677495e-05
7.650000e-01 5.575716e-05
7.700000e-01 3.949026e-07
7.750000e-01 -5.593552e-05
7.800000e-01 -6.665803e-05
7.850000e-01 -8.782797e-05
7.900000e-01 -1.545285e-04
7.950000e-01 -1.990207e-04
8.000000e-01 -2.153382e-04
8.050000e-01 -2.784271e-04
8.100000e-01 -3.618289e-04
8.150000e-01 -3.359154e-04
8.200000e-01 -2.963569e-04
8.250000e-01 -3.673407e-04
8.300000e-01 -3.695752e-04
8.350000e-01 -3.668449e-04
8.400000e-01 -4.581543e-04
8.450000e-01 -5.296782e-04
8.500000e-01 -5.887566e-04
8.550000e-01 -6.341660e-04
8.600000e-01 -6.715531e-04
8.650000e-01 -7.038554e-04
8.700000e-01 -7.209391e-04
8.750000e-01 -7.091087e-04
8.800000e-01 -7.112568e-04
8.850000e-01 -7.649489e-04
8.900000e-01 -7.835116e-04
8.950000e-01 -8.056867e-04
9.000000e-01 -8.614531e-04
9.050000e-01 -8.646344e-04
9.100000e-01 -8.127126e-04
9.150000e-01 -6.936168e-04
9.200000e-01 -6.174227e-04
9.250000e-01 -5.965219e-04
9.300000e-01 -5.274063e-04
9.350000e-01 -4.863647e-04
9.400000e-01 -4.609779e-04
9.450000e-01 -4.511428e-04
9.500000e-01 -4.472759e-04
9.550000e-01 -3.933275e-04
9.600000e-01 -3.481640e-04
9.650000e-01 -3.424226e-04
9.700000e-01 -2.962172e-04
9.750000e-01 -1.884470e-04
9.800000e-01 -9.886970e-05
9.850000e-01 3.999396e-06
9.900000e-01 1.374709e-04
9.950000e-01 2.151511e-04
1 2.925566e-04
1.005000e+00 3.642203e-04
1.010000e+00 3.634928e-04
1.015000e+00 3.473995e-04
1.020000e+00 3.271259e-04
1.025000e+00 3.218943e-04
1.030000e+00 3.506795e-04
1.035000e+00 3.931315e-04
1.040000e+00 3.737343e-04
1.045000e+00 2.820729e-04
1.050000e+00 2.145318e-04
1.055000e+00 1.910091e-04
1.060000e+00 1.166370e-04
1.065000e+00 4.665944e-05
1.070000e+00 4.889225e-05
1.075000e+00 2.146737e-06
1.080000e+00 -8.866140e-05
1.085000e+00 -1.585669e-04
1.090000e+00 -1.971639e-04
1.095000e+00 -2.411441e-04
1.100000e+00 -2.996267e-04
1.105000e+00 -3.100681e-04
1.110000e+00 -2.613314e-04
1.115000e+00 -1.974294e-04
1.120000e+00 -1.415671e-04
1.125000e+00 -7.003767e-05
1.130000e+00 -1.615503e-05
1.135000e+00 -1.633340e-05
1.140000e+00 1.800828e-05
1.145000e+00 8.008515e-05
1.150000e+00 1.248861e-04
1.155000e+00 1.870496e-04
1.160000e+00 2.362172e-04
1.165000e+00 2.313735e-04
1.170000e+00 1.728873e-04
1.175000e+00 1.125510e-04
1.180000e+00 9.413432e-05
1.185000e+00 1.014781e-04
1.190000e+00 1.187525e-04
1.195000e+00 1.502304e-04
1.200000e+00 1.702250e-04
1.205000e+00 1.404842e-04
1.210000e+00 1.002264e-04
1.215000e+00 6.261895e-05
1.220000e+00 2.763504e-05
1.225000e+00 -1.954320e-06
1.230000e+00 -9.102574e-05
1.235000e+00 -1.720759e-04
1.240000e+00 -2.047451e-04
1.245000e+00 -2.071261e-04
1.250000e+00 -1.419863e-04
1.255000e+00 -4.233136e-05
1.260000e+00 8.418669e-05
1.265000e+00 2.179754e-04
1.270000e+00 3.161137e-04
1.275000e+00 4.010133e-04
1.280000e+00 4.717670e-04
1.285000e+00 5.036935e-04
1.290000e+00 5.293057e-04
1.295000e+00 5.426119e-04
1.300000e+00 5.033899e-04
1.305000e+00 4.636283e-04
1.310000e+00 4.589889e-04
1.315000e+00 4.953692e-04
1.320000e+00 5.875144e-04
1.325000e+00 6.646721e-04
1.330000e+00 6.855427e-04
1.335000e+00 6.344702e-04
1.340000e+00 4.321183e-04
1.345000e+00 2.188529e-04
1.350000e+00 1.672743e-04
1.355000e+00 9.685016e-05
1.360000e+00 -2.262353e-04
1.365000e+00 -6.652182e-04
1.370000e+00 -8.757804e-04
1.375000e+00 -9.181463e-04
1.380000e+00 -1.032658e-03
1.385000e+00 -1.155387e-03
1.390000e+00 -1.137532e-03
1.395000e+00 -1.104558e-03
1.400000e+00 -1.193037e-03
1.405000e+00 -1.284706e-03
1.410000e+00 -1.347371e-03
1.415000e+00 -1.287181e-03
1.420000e+00 -1.022970e-03
1.425000e+00 -7.814112e-04
1.430000e+00 -7.580586e-04
1.435000e+00 -8.415685e-04
1.440000e+00 -8.797945e-04
1.445000e+00 -8.534522e-04
1.450000e+00 -7.428434e-04
1.455000e+00 -6.601268e-04
1.460000e+00 -7.015617e-04
1.465000e+00 -7.353759e-04
1.470000e+00 -5.763493e-04
1.475000e+00 -2.224252e-04
1.480000e+00 6.775735e-05
1.485000e+00 1.786173e-04
1.490000e+00 3.314799e-04
1.495000e+00 6.004128e-04
1.500000e+00 8.553060e-04
1.505000e+00 1.009129e-03
1.510000e+00 1.100000e-03
1.515000e+00 1.316260e-03
1.520000e+00 1.646683e-03
1.525000e+00 1.854059e-03
1.530000e+00 1.881812e-03
1.535000e+00 1.906067e-03
1.540000e+00 1.981110e-03
1.545000e+00 1.957876e-03
1.550000e+00 1.837923e-03
1.555000e+00 1.811551e-03
1.560000e+00 1.835826e-03
1.565000e+00 1.714301e-03
1.570000e+00 1.550100e-03
1.575000e+00 1.453453e-03
1.580000e+00 1.353840e-03
1.585000e+00 1.253526e-03
1.590000e+00 1.148818e-03
1.595000e+00 9.638668e-04
1.600000e+00 7.002862e-04
1.605000e+00 4.877991e-04
1.610000e+00 3.542491e-04
1.615000e+00 1.360481e-04
1.620000e+00 -1.424008e-04
1.625000e+00 -3.426013e-04
1.630000e+00 -5.213827e-04
1.635000e+00 -7.394461e-04
1.640000e+00 -9.630640e-04
1.645000e+00 -1.113617e-03
1.650000e+00 -1.205281e-03
1.655000e+00 -1.255131e-03
1.660000e+00 -1.272108e-03
1.665000e+00 -1.312009e-03
1.670000e+00 -1.290117e-03
1.675000e+00 -1.212062e-03
1.680000e+00 -1.172976e-03
1.685000e+00 -1.165238e-03
1.690000e+00 -1.182405e-03
1.695000e+00 -1.258910e-03
1.700000e+00 -1.324596e-03
1.705000e+00 -1.312614e-03
1.710000e+00 -1.322289e-03
1.715000e+00 -1.361801e-03
1.720000e+00 -1.406874e-03
1.725000e+00 -1.400298e-03
1.730000e+00 -1.313650e-03
1.735000e+00 -1.236422e-03
1.740000e+00 -1.136877e-03
1.745000e+00 -9.800695e-04
1.750000e+00 -8.072832e-04
1.755000e+00 -5.571654e-04
1.760000e+00 -3.980129e-04
1.765000e+00 -4.727343e-04
1.770000e+00 -4.078687e-04
1.775000e+00 -1.832706e-04
1.780000e+00 -1.011611e-04
1.785000e+00 -6.251823e-06
1.790000e+00 2.920903e-04
1.795000e+00 6.285197e-04
1.800000e+00 8.721275e-04
1.805000e+00 1.052279e-03
1.810000e+00 1.165410e-03
1.815000e+00 1.218218e-03
1.820000e+00 1.289263e-03
1.825000e+00 1.412844e-03
1.830000e+00 1.562544e-03
1.835000e+00 1.673810e-03
1.840000e+00 1.797605e-03
1.845000e+00 1.923071e-03
1.850000e+00 1.831693e-03
1.855000e+00 1.664564e-03
1.860000e+00 1.633085e-03
1.865000e+00 1.498955e-03
1.870000e+00 1.174812e-03
1.875000e+00 8.820424e-04
1.880000e+00 6.045419e-04
1.885000e+00 3.095456e-04
1.890000e+00 8.388975e-05
1.895000e+00 -1.419018e-04
1.900000e+00 -4.318115e-04
1.905000e+00 -6.708377e-04
1.910000e+00 -7.654606e-04
1.915000e+00 -7.402908e-04
1.920000e+00 -7.131821e-04
1.925000e+00 -7.388862e-04
1.930000e+00 -7.622147e-04
1.935000e+00 -7.801666e-04
1.940000e+00 -7.670076e-04
1.945000e+00 -8.106724e-04
1.950000e+00 -8.646073e-04
1.955000e+00 -7.204512e-04
1.960000e+00 -5.150987e-04
1.965000e+00 -4.680641e-04
1.970000e+00 -5.493641e-04
1.975000e+00 -6.315343e-04
1.980000e+00 -6.804706e-04
1.985000e+00 -7.190953e-04
1.990000e+00 -6.415176e-04
1.995000e+00 -4.420165e-04
2 -3.022559e-04
2.005000e+00 -2.248126e-04
2.010000e+00 -7.884857e-05
2.015000e+00 1.360349e-04
2.020000e+00 3.465534e-04
2.025000e+00 4.807198e-04
2.030000e+00 4.233959e-04
2.035000e+00 2.671109e-04
2.040000e+00 1.404876e-04
2.045000e+00 5.721627e-05
2.050000e+00 8.899139e-05
2.055000e+00 2.423652e-04
2.060000e+00 4.007984e-04
2.065000e+00 4.646552e-04
2.070000e+00 5.224040e-04
2.075000e+00 6.040791e-04
2.080000e+00 6.336310e-04
2.085000e+00 6.870712e-04
2.090000e+00 7.852189e-04
2.095000e+00 8.212664e-04
2.100000e+00 8.321281e-04
2.105000e+00 8.600690e-04
2.110000e+00 9.150680e-04
2.115000e+00 8.613811e-04
2.120000e+00 7.567376e-04
2.125000e+00 7.894381e-04
2.130000e+00 7.041570e-04
2.135000e+00 4.536731e-04
2.140000e+00 3.030594e-04
2.145000e+00 2.362747e-04
2.150000e+00 4.884318e-05
2.155000e+00 -1.405417e-04
2.160000e+00 -2.039684e-04
2.165000e+00 -1.959549e-04
2.170000e+00 -1.993779e-04
2.175000e+00 -2.315232e-04
2.180000e+00 -2.088059e-04
2.185000e+00 -2.066774e-04
2.190000e+00 -2.043927e-04
2.195000e+00 -2.292294e-04
2.200000e+00 -3.066469e-04
2.205000e+00 -3.504032e-04
2.210000e+00 -4.505762e-04
2.215000e+00 -5.905888e-04
2.220000e+00 -7.056135e-04
2.225000e+00 -8.036890e-04
2.230000e+00 -8.002324e-04
2.235000e+00 -7.403284e-04
2.240000e+00 -6.889789e-04
2.245000e+00 -5.990564e-04
2.250000e+00 -4.819614e-04
2.255000e+00 -3.811559e-04
2.260000e+00 -2.974997e-04
2.265000e+00 -1.568471e-04
2.270000e+00 1.249522e-05
2.275000e+00 2.028946e-04
2.280000e+00 3.906710e-04
2.285000e+00 4.753374e-04
2.290000e+00 5.918008e-04
2.295000e+00 7.545229e-04
2.300000e+00 8.607634e-04
2.305000e+00 9.112535e-04
2.310000e+00 9.617415e-04
2.315000e+00 1.010189e-03
2.320000e+00 9.293311e-04
2.325000e+00 7.815905e-04
2.330000e+00 6.886582e-04
2.335000e+00 6.608353e-04
2.340000e+00 6.106771e-04
2.345000e+00 5.343101e-04
2.350000e+00 5.409112e-04
2.355000e+00 5.115447e-04
2.360000e+00 3.886867e-04
2.365000e+00 3.223877e-04
2.370000e+00 2.888851e-04
2.375000e+00 2.220026e-04
2.380000e+00 8.509312e-05
2.385000e+00 -7.536353e-06
2.390000e+00 8.472960e-05
2.395000e+00 1.504327e-04
2.400000e+00 1.183032e-04
2.405000e+00 9.595127e-05
2.410000e+00 -1.148839e-05
2.415000e+00 -1.786154e-04
2.420000e+00 -2.535946e-04
2.425000e+00 -2.773501e-04
2.430000e+00 -2.187695e-04
2.435000e+00 -5.080771e-05
2.440000e+00 8.783992e-05
2.445000e+00 2.180125e-04
2.450000e+00 3.582672e-04
2.455000e+00 4.898775e-04
2.460000e+00 6.700839e-04
2.465000e+00 8.628795e-04
2.470000e+00 9.932010e-04
2.475000e+00 1.047369e-03
2.480000e+00 1.062381e-03
2.485000e+00 1.083263e-03
2.490000e+00 1.106065e-03
2.495000e+00 1.097312e-03
2.500000e+00 1.090268e-03
2.505000e+00 1.075794e-03
2.510000e+00 1.015317e-03
2.515000e+00 9.486321e-04
2.520000e+00 8.176085e-04
2.525000e+00 6.271493e-04
2.530000e+00 4.851094e-04
2.535000e+00 3.050957e-04
2.540000e+00 1.056926e-04
2.545000e+00 2.927593e-05
2.550000e+00 -2.281179e-05
2.555000e+00 -4.701212e-05
2.560000e+00 5.559086e-05
2.565000e+00 1.594727e-04
2.570000e+00 2.344126e-04
2.575000e+00 3.948346e-04
2.580000e+00 5.701815e-04
2.585000e+00 5.978394e-04
2.590000e+00 5.823777e-04
2.595000e+00 5.885227e-04
2.600000e+00 4.773473e-04
2.605000e+00 3.395953e-04
2.610000e+00 3.268237e-04
2.615000e+00 3.774399e-04
2.620000e+00 4.488759e-04
2.625000e+00 5.124466e-04
2.630000e+00 4.967487e-04
2.635000e+00 5.057501e-04
2.640000e+00 5.850718e-04
2.645000e+00 6.394260e-04
2.650000e+00 6.551233e-04
2.655000e+00 6.247866e-04
2.660000e+00 4.670309e-04
2.665000e+00 1.784687e-04
2.670000e+00 -1.659874e-04
2.675000e+00 -4.897459e-04
2.680000e+00 -6.596216e-04
2.685000e+00 -7.412014e-04
2.690000e+00 -9.351667e-04
2.695000e+00 -1.159735e-03
2.700000e+00 -1.322807e-03
2.705000e+00 -1.454068e-03
2.710000e+00 -1.412625e-03
2.715000e+00 -1.179015e-03
2.720000e+00 -9.439520e-04
2.725000e+00 -8.586625e-04
2.730000e+00 -8.043933e-04
2.735000e+00 -6.306522e-04
2.740000e+00 -4.822517e-04
2.745000e+00 -3.988211e-04
2.750000e+00 -3.457444e-04
2.755000e+00 -3.971755e-04
2.760000e+00 -4.629929e-04
2.765000e+00 -3.289457e-04
2.770000e+00 -9.393755e-05
2.775000e+00 3.064871e-07
2.780000e+00 8.953283e-05
2.785000e+00 4.036196e-04
2.790000e+00 8.086044e-04
2.795000e+00 1.079998e-03
2.800000e+00 1.156363e-03
2.805000e+00 1.204759e-03
2.810000e+00 1.456091e-03
2.815000e+00 1.698976e-03
2.820000e+00 1.704295e-03
2.825000e+00 1.637949e-03
2.830000e+00 1.681531e-03
2.835000e+00 1.929566e-03
2.840000e+00 2.167381e-03
2.845000e+00 2.218553e-03
2.850000e+00 2.274903e-03
2.855000e+00 2.274716e-03
2.860000e+00 2.234482e-03
2.865000e+00 2.209688e-03
2.870000e+00 2.110862e-03
2.875000e+00 2.045192e-03
2.880000e+00 2.086407e-03
2.885000e+00 2.232773e-03
2.890000e+00 2.303020e-03
2.895000e+00 2.185059e-03
2.900000e+00 1.875516e-03
2.905000e+00 1.488719e-03
2.910000e+00 1.234434e-03
2.915000e+00 1.057106e-03
2.920000e+00 8.469557e-04
2.925000e+00 5.026311e-04
2.930000e+00 1.525152e-04
2.935000e+00 5.282714e-05
2.940000e+00 5.061094e-05
2.945000e+00 -6.127736e-05
2.950000e+00 -2.311362e-04
2.955000e+00 -4.010033e-04
2.960000e+00 -5.592570e-04
2.965000e+00 -7.553416e-04
2.970000e+00 -9.400431e-04
2.975000e+00 -9.301894e-04
2.980000e+00 -8.299348e-04
2.985000e+00 -8.392941e-04
2.990000e+00 -8.543726e-04
2.995000e+00 -7.634783e-04
3 -6.751977e-04
3.005000e+00 -6.715837e-04
3.010000e+00 -6.654592e-04
3.015000e+00 -6.800510e-04
3.020000e+00 -8.349416e-04
3.025000e+00 -9.583900e-04
3.030000e+00 -8.930247e-04
3.035000e+00 -8.334014e-04
3.040000e+00 -8.192024e-04
3.045000e+00 -6.919211e-04
3.050000e+00 -5.921753e-04
3.055000e+00 -7.377994e-04
3.060000e+00 -8.583235e-04
3.065000e+00 -7.032063e-04
3.070000e+00 -5.629916e-04
3.075000e+00 -5.675625e-04
3.080000e+00 -6.579630e-04
3.085000e+00 -6.916313e-04
3.090000e+00 -5.278300e-04
3.095000e+00 -2.756961e-04
3.100000e+00 3.727505e-05
3.105000e+00 3.216444e-04
3.110000e+00 5.047836e-04
3.115000e+00 7.172928e-04
3.120000e+00 8.923786e-04
3.125000e+00 9.412944e-04
3.130000e+00 1.006148e-03
3.135000e+00 1.026567e-03
3.140000e+00 9.707904e-04
3.145000e+00 1.017226e-03
3.150000e+00 1.199853e-03
3.155000e+00 1.411502e-03
3.160000e+00 1.504608e-03
3.165000e+00 1.489500e-03
3.170000e+00 1.432789e-03
3.175000e+00 1.263431e-03
3.180000e+00 1.036967e-03
3.185000e+00 8.727691e-04
3.190000e+00 6.874937e-04
3.195000e+00 4.445857e-04
3.200000e+00 2.372174e-04
3.205000e+00 6.281662e-05
3.210000e+00 -1.594572e-04
3.215000e+00 -3.827501e-04
3.220000e+00 -6.379339e-04
3.225000e+00 -1.024314e-03
3.230000e+00 -1.275087e-03
3.235000e+00 -1.295382e-03
3.240000e+00 -1.363563e-03
3.245000e+00 -1.371303e-03
3.250000e+00 -1.143350e-03
3.255000e+00 -9.164304e-04
3.260000e+00 -8.300034e-04
3.265000e+00 -7.760098e-04
3.270000e+00 -7.316460e-04
3.275000e+00 -6.695793e-04
3.280000e+00 -4.718166e-04
3.285000e+00 -2.824798e-04
3.290000e+00 -3.495224e-04
3.295000e+00 -5.154683e-04
3.300000e+00 -5.830007e-04
3.305000e+00 -5.978175e-04
3.310000e+00 -5.144583e-04
3.315000e+00 -3.239808e-04
3.320000e+00 -1.272523e-04
3.325000e+00 6.758648e-05
3.330000e+00 3.124491e-04
3.335000e+00 4.260603e-04
3.340000e+00 3.870281e-04
3.345000e+00 4.679266e-04
3.350000e+00 6.032681e-04
3.355000e+00 6.735603e-04
3.360000e+00 7.254825e-04
3.365000e+00 7.821652e-04
3.370000e+00 8.984760e-04
3.375000e+00 1.044918e-03
3.380000e+00 1.209346e-03
3.385000e+00 1.293846e-03
3.390000e+00 1.080254e-03
3.395000e+00 7.854523e-04
3.400000e+00 5.801578e-04
3.405000e+00 3.965243e-04
3.410000e+00 3.485362e-04
3.415000e+00 4.473456e-04
3.420000e+00 4.264046e-04
3.425000e+00 2.213952e-04
3.430000e+00 1.506166e-04
3.435000e+00 2.354494e-04
3.440000e+00 1.857024e-04
3.445000e+00 -3.487658e-05
3.450000e+00 -1.650901e-04
3.455000e+00 -2.180606e-04
3.460000e+00 -4.691099e-04
3.465000e+00 -8.471686e-04
3.470000e+00 -1.187622e-03
3.475000e+00 -1.491242e-03
3.480000e+00 -1.682300e-03
3.485000e+00 -1.729747e-03
3.490000e+00 -1.736369e-03
3.495000e+00 -1.767379e-03
3.500000e+00 -1.747993e-03
3.505000e+00 -1.667822e-03
3.510000e+00 -1.650468e-03
3.515000e+00 -1.610564e-03
3.520000e+00 -1.442255e-03
3.525000e+00 -1.291564e-03
3.530000e+00 -1.266154e-03
3.535000e+00 -1.256328e-03
3.540000e+00 -1.124927e-03
3.545000e+00 -9.473291e-04
3.550000e+00 -8.412706e-04
3.555000e+00 -8.389472e-04
3.560000e+00 -8.786157e-04
3.565000e+00 -7.221706e-04
3.570000e+00 -5.280184e-04
3.575000e+00 -5.299369e-04
3.580000e+00 -4.495156e-04
3.585000e+00 -2.008810e-04
3.590000e+00 2.739819e-05
3.595000e+00 1.164568e-04
3.600000e+00 2.584342e-04
3.605000e+00 5.860563e-04
3.610000e+00 8.207104e-04
3.615000e+00 8.713764e-04
3.620000e+00 9.512597e-04
3.625000e+00 1.095081e-03
3.630000e+00 1.081105e-03
3.635000e+00 9.619820e-04
3.640000e+00 8.646913e-04
3.645000e+00 7.311757e-04
3.650000e+00 5.951928e-04
3.655000e+00 4.350024e-04
3.660000e+00 3.627298e-04
3.665000e+00 3.982354e-04
3.670000e+00 2.415533e-04
3.675000e+00 -6.806777e-05
3.680000e+00 -3.971899e-04
3.685000e+00 -6.869894e-04
3.690000e+00 -8.054935e-04
3.695000e+00 -9.107868e-04
3.700000e+00 -1.090379e-03
3.705000e+00 -1.241657e-03
3.710000e+00 -1.341786e-03
3.715000e+00 -1.409666e-03
3.720000e+00 -1.520964e-03
3.725000e+00 -1.647544e-03
3.730000e+00 -1.651993e-03
3.735000e+00 -1.565873e-03
3.740000e+00 -1.603805e-03
3.745000e+00 -1.620639e-03
3.750000e+00 -1.385409e-03
3.755000e+00 -1.038822e-03
3.760000e+00 -6.550035e-04
3.765000e+00 -3.309304e-04
3.770000e+00 -1.306736e-04
3.775000e+00 -3.612198e-06
3.780000e+00 1.334673e-04
3.785000e+00 3.357539e-04
3.790000e+00 4.518223e-04
3.795000e+00 4.589338e-04
3.800000e+00 4.839906e-04
3.805000e+00 5.635856e-04
3.810000e+00 6.340731e-04
3.815000e+00 6.683942e-04
3.820000e+00 7.396637e-04
3.825000e+00 9.484326e-04
3.830000e+00 1.121130e-03
3.835000e+00 9.931638e-04
3.840000e+00 7.726615e-04
3.845000e+00 7.118569e-04
3.850000e+00 6.529548e-04
3.855000e+00 4.093778e-04
3.860000e+00 8.218766e-05
3.865000e+00 -1.354183e-04
3.870000e+00 -2.175475e-04
3.875000e+00 -2.819836e-04
3.880000e+00 -3.004263e-04
3.885000e+00 -1.437792e-04
3.890000e+00 8.195617e-05
3.895000e+00 2.387891e-04
3.900000e+00 3.640981e-04
3.905000e+00 5.031801e-04
3.910000e+00 6.028988e-04
3.915000e+00 6.081779e-04
3.920000e+00 5.900367e-04
3.925000e+00 5.748097e-04
3.930000e+00 4.648665e-04
3.935000e+00 3.224359e-04
3.940000e+00 3.342980e-04
3.945000e+00 3.588262e-04
3.950000e+00 1.865707e-04
3.955000e+00 -4.332009e-05
3.960000e+00 -2.811825e-04
3.965000e+00 -5.536385e-04
3.970000e+00 -7.258485e-04
3.975000e+00 -9.467494e-04
3.980000e+00 -1.275649e-03
3.985000e+00 -1.596094e-03
3.990000e+00 -2.029200e-03
3.995000e+00 -2.458580e-03
4 -2.759072e-03
4.005000e+00 -2.968081e-03
4.010000e+00 -3.033430e-03
4.015000e+00 -3.039026e-03
4.020000e+00 -3.082032e-03
4.025000e+00 -3.093520e-03
4.030000e+00 -2.932311e-03
4.035000e+00 -2.547339e-03
4.040000e+00 -2.111599e-03
4.045000e+00 -1.854220e-03
4.050000e+00 -1.708962e-03
4.055000e+00 -1.608015e-03
4.060000e+00 -1.683842e-03
4.065000e+00 -1.727253e-03
4.070000e+00 -1.619027e-03
4.075000e+00 -1.466312e-03
4.080000e+00 -1.195139e-03
4.085000e+00 -9.098522e-04
4.090000e+00 -7.157336e-04
4.095000e+00 -6.203068e-04
4.100000e+00 -4.925864e-04
4.105000e+00 -1.230150e-04
4.110000e+00 2.514023e-04
4.115000e+00 4.703289e-04
4.120000e+00 6.771561e-04
4.125000e+00 9.268458e-04
4.130000e+00 1.117593e-03
4.135000e+00 1.126007e-03
4.140000e+00 1.159447e-03
4.145000e+00 1.333175e-03
4.150000e+00 1.552858e-03
4.155000e+00 1.839024e-03
4.160000e+00 2.118194e-03
4.165000e+00 2.197767e-03
4.170000e+00 2.116709e-03
4.175000e+00 2.151998e-03
4.180000e+00 2.299010e-03
4.185000e+00 2.336803e-03
4.190000e+00 2.178602e-03
4.195000e+00 1.887627e-03
4.200000e+00 1.702708e-03
4.205000e+00 1.776749e-03
4.210000e+00 1.781025e-03
4.215000e+00 1.329114e-03
4.220000e+00 6.410416e-04
4.225000e+00 9.174070e-05
4.230000e+00 -3.173731e-04
4.235000e+00 -8.185560e-04
4.240000e+00 -1.341168e-03
4.245000e+00 -1.537434e-03
4.250000e+00 -1.518901e-03
4.255000e+00 -1.558775e-03
4.260000e+00 -1.752248e-03
4.265000e+00 -2.087880e-03
4.270000e+00 -2.312646e-03
4.275000e+00 -2.352374e-03
4.280000e+00 -2.406811e-03
4.285000e+00 -2.471260e-03
4.290000e+00 -2.428497e-03
4.295000e+00 -2.349200e-03
4.300000e+00 -2.284209e-03
4.305000e+00 -2.136284e-03
4.310000e+00 -1.989907e-03
4.315000e+00 -1.948507e-03
4.320000e+00 -1.942826e-03
4.325000e+00 -1.907363e-03
4.330000e+00 -1.791822e-03
4.335000e+00 -1.704044e-03
4.340000e+00 -1.603349e-03
4.345000e+00 -1.487949e-03
4.350000e+00 -1.421520e-03
4.355000e+00 -1.104372e-03
4.360000e+00 -7.336763e-04
4.365000e+00 -6.311406e-04
4.370000e+00 -5.916625e-04
4.375000e+00 -5.915942e-04
4.380000e+00 -7.021099e-04
4.385000e+00 -7.670285e-04
4.390000e+00 -7.205774e-04
4.395000e+00 -5.738458e-04
4.400000e+00 -3.854984e-04
4.405000e+00 -2.545926e-04
4.410000e+00 -8.075550e-05
4.415000e+00 1.845760e-04
4.420000e+00 5.420349e-04
4.425000e+00 9.611454e-04
4.430000e+00 1.377582e-03
4.435000e+00 1.677466e-03
4.440000e+00 1.773808e-03
4.445000e+00 1.775439e-03
4.450000e+00 1.747550e-03
4.455000e+00 1.723641e-03
4.460000e+00 1.819913e-03
4.465000e+00 2.021592e-03
4.470000e+00 2.067094e-03
4.475000e+00 1.910671e-03
4.480000e+00 1.783063e-03
4.485000e+00 1.718684e-03
4.490000e+00 1.516883e-03
4.495000e+00 1.168685e-03
4.500000e+00 8.298612e-04
4.505000e+00 5.929657e-04
4.510000e+00 4.176644e-04
4.515000e+00 1.061569e-05
4.520000e+00 -5.637749e-04
4.525000e+00 -9.734875e-04
4.530000e+00 -1.295620e-03
4.535000e+00 -1.637179e-03
4.540000e+00 -1.900518e-03
4.545000e+00 -2.172789e-03
4.550000e+00 -2.519320e-03
4.555000e+00 -2.741805e-03
4.560000e+00 -2.852977e-03
4.565000e+00 -2.832493e-03
4.570000e+00 -2.571205e-03
4.575000e+00 -2.249952e-03
4.580000e+00 -2.088281e-03
4.585000e+00 -2.064035e-03
4.590000e+00 -2.042723e-03
4.595000e+00 -1.966562e-03
4.600000e+00 -1.771380e-03
4.605000e+00 -1.507772e-03
4.610000e+00 -1.271828e-03
4.615000e+00 -1.087180e-03
4.620000e+00 -9.307844e-04
4.625000e+00 -8.663966e-04
4.630000e+00 -8.622781e-04
4.635000e+00 -6.746720e-04
4.640000e+00 -3.489687e-04
4.645000e+00 -7.771928e-05
4.650000e+00 6.064678e-05
4.655000e+00 5.318681e-05
4.660000e+00 -1.387439e-05
4.665000e+00 6.746515e-06
4.670000e+00 1.746602e-04
4.675000e+00 5.595801e-04
4.680000e+00 9.763148e-04
4.685000e+00 1.252669e-03
4.690000e+00 1.568353e-03
4.695000e+00 1.736323e-03
4.700000e+00 1.673391e-03
4.705000e+00 1.531989e-03
4.710000e+00 1.499052e-03
4.715000e+00 1.486002e-03
4.720000e+00 1.299581e-03
4.725000e+00 1.188918e-03
4.730000e+00 1.064951e-03
4.735000e+00 7.560647e-04
4.740000e+00 5.573654e-04
4.745000e+00 5.948567e-04
4.750000e+00 5.711250e-04
4.755000e+00 3.972877e-04
4.760000e+00 1.928734e-04
4.765000e+00 -1.054867e-04
4.770000e+00 -4.445038e-04
4.775000e+00 -6.188691e-04
4.780000e+00 -8.360531e-04
4.785000e+00 -1.174123e-03
4.790000e+00 -1.359871e-03
4.795000e+00 -1.456176e-03
4.800000e+00 -1.602581e-03
4.805000e+00 -1.753456e-03
4.810000e+00 -1.930325e-03
4.815000e+00 -2.118927e-03
4.820000e+00 -2.122607e-03
4.825000e+00 -2.089078e-03
4.830000e+00 -2.264741e-03
4.835000e+00 -2.409242e-03
4.840000e+00 -2.412413e-03
4.845000e+00 -2.370229e-03
4.850000e+00 -2.245541e-03
4.855000e+00 -2.120243e-03
4.860000e+00 -2.040651e-03
4.865000e+00 -1.944622e-03
4.870000e+00 -1.780540e-03
4.875000e+00 -1.551621e-03
4.880000e+00 -1.298638e-03
4.885000e+00 -1.128663e-03
4.890000e+00 -9.569820e-04
4.895000e+00 -6.225661e-04
4.900000e+00 -2.855904e-04
4.905000e+00 -4.209312e-05
4.910000e+00 1.962079e-04
4.915000e+00 4.575087e-04
4.920000e+00 6.454263e-04
4.925000e+00 7.909178e-04
4.930000e+00 9.747130e-04
4.935000e+00 1.182942e-03
4.940000e+00 1.441636e-03
4.945000e+00 1.616188e-03
4.950000e+00 1.592188e-03
4.955000e+00 1.563274e-03
4.960000e+00 1.640863e-03
4.965000e+00 1.688407e-03
4.970000e+00 1.610843e-03
4.975000e+00 1.510631e-03
4.980000e+00 1.414185e-03
4.985000e+00 1.207298e-03
4.990000e+00 8.135429e-04
4.995000e+00 3.786166e-04
5 6.512918e-05
5.005000e+00 -1.794542e-04
5.010000e+00 -4.152266e-04
5.015000e+00 -6.608257e-04
5.020000e+00 -7.400139e-04
5.025000e+00 -6.196652e-04
5.030000e+00 -6.800886e-04
5.035000e+00 -1.033476e-03
5.040000e+00 -1.275151e-03
5.045000e+00 -1.319245e-03
5.050000e+00 -1.307671e-03
5.055000e+00 -1.204435e-03
5.060000e+00 -1.026814e-03
5.065000e+00 -8.407382e-04
5.070000e+00 -6.774770e-04
5.075000e+00 -4.149391e-04
5.080000e+00 -9.800167e-05
5.085000e+00 9.378057e-05
5.090000e+00 2.493297e-04
5.095000e+00 4.557204e-04
5.100000e+00 5.316407e-04
5.105000e+00 4.495296e-04
5.110000e+00 3.672653e-04
5.115000e+00 4.115909e-04
5.120000e+00 5.729680e-04
5.125000e+00 7.767153e-04
5.130000e+00 9.838485e-04
5.135000e+00 1.046819e-03
5.140000e+00 1.039577e-03
5.145000e+00 1.192625e-03
5.150000e+00 1.313334e-03
5.155000e+00 1.073225e-03
5.160000e+00 7.212134e-04
5.165000e+00 4.877534e-04
5.170000e+00 2.954816e-04
5.175000e+00 1.429111e-04
5.180000e+00 -4.699686e-06
5.185000e+00 -1.011118e-04
5.190000e+00 -3.949698e-05
5.195000e+00 1.319600e-04
5.200000e+00 2.903825e-04
5.205000e+00 4.460128e-04
5.210000e+00 6.761569e-04
5.215000e+00 9.660781e-04
5.220000e+00 1.189827e-03
5.225000e+00 1.319376e-03
5.230000e+00 1.384548e-03
5.235000e+00 1.424226e-03
5.240000e+00 1.497967e-03
5.245000e+00 1.532639e-03
5.250000e+00 1.451177e-03
5.255000e+00 1.326872e-03
5.260000e+00 1.190733e-03
5.265000e+00 1.072478e-03
5.270000e+00 9.509524e-04
5.275000e+00 7.191652e-04
5.280000e+00 5.395304e-04
5.285000e+00 3.161143e-04
5.290000e+00 -2.121129e-04
5.295000e+00 -7.608903e-04
5.300000e+00 -1.098471e-03
5.305000e+00 -1.265666e-03
5.310000e+00 -1.524663e-03
5.315000e+00 -2.003434e-03
5.320000e+00 -2.359896e-03
5.325000e+00 -2.478019e-03
5.330000e+00 -2.447805e-03
5.335000e+00 -2.426023e-03
5.340000e+00 -2.374008e-03
5.345000e+00 -2.076472e-03
5.350000e+00 -1.613052e-03
5.355000e+00 -1.264052e-03
5.360000e+00 -1.198951e-03
5.365000e+00 -1.366531e-03
5.370000e+00 -1.462990e-03
5.375000e+00 -1.453445e-03
5.380000e+00 -1.522491e-03
5.385000e+00 -1.580487e-03
5.390000e+00 -1.633292e-03
5.395000e+00 -1.460026e-03
5.400000e+00 -1.085430e-03
5.405000e+00 -8.171311e-04
5.410000e+00 -5.916463e-04
5.415000e+00 -2.528196e-04
5.420000e+00 1.208275e-04
5.425000e+00 4.304446e-04
5.430000e+00 8.011711e-04
5.435000e+00 1.225110e-03
5.440000e+00 1.619601e-03
5.445000e+00 1.864725e-03
5.450000e+00 1.997031e-03
5.455000e+00 2.184931e-03
5.460000e+00 2.364958e-03
5.465000e+00 2.523959e-03
5.470000e+00 2.798281e-03
5.475000e+00 3.149484e-03
5.480000e+00 3.380153e-03
5.485000e+00 3.393317e-03
5.490000e+00 3.403549e-03
5.495000e+00 3.512174e-03
5.500000e+00 3.541445e-03
5.505000e+00 3.606547e-03
5.510000e+00 3.824226e-03
5.515000e+00 3.815068e-03
5.520000e+00 3.461400e-03
5.525000e+00 3.120636e-03
5.530000e+00 2.753896e-03
5.535000e+00 2.171449e-03
5.540000e+00 1.578558e-03
5.545000e+00 1.190380e-03
5.550000e+00 7.593631e-04
5.555000e+00 1.502242e-04
5.560000e+00 -3.297582e-04
5.565000e+00 -6.371839e-04
5.570000e+00 -9.407413e-04
5.575000e+00 -1.187329e-03
5.580000e+00 -1.442140e-03
5.585000e+00 -1.756762e-03
5.590000e+00 -2.032201e-03
5.595000e+00 -2.161505e-03
5.600000e+00 -2.076799e-03
5.605000e+00 -2.071831e-03
5.610000e+00 -2.135630e-03
5.615000e+00 -2.111623e-03
5.620000e+00 -1.943728e-03
5.625000e+00 -1.663191e-03
5.630000e+00 -1.628543e-03
5.635000e+00 -1.797943e-03
5.640000e+00 -1.914737e-03
5.645000e+00 -1.846386e-03
5.650000e+00 -1.662526e-03
5.655000e+00 -1.708665e-03
5.660000e+00 -1.808630e-03
5.665000e+00 -1.504085e-03
5.670000e+00 -1.015556e-03
5.675000e+00 -7.173917e-04
5.680000e+00 -6.424437e-04
5.685000e+00 -6.306684e-04
5.690000e+00 -5.631793e-04
5.695000e+00 -5.419320e-04
5.700000e+00 -5.528222e-04
5.705000e+00 -5.423669e-04
5.710000e+00 -5.407572e-04
5.715000e+00 -3.643750e-04
5.720000e+00 2.599101e-05
5.725000e+00 4.467447e-04
5.730000e+00 8.779455e-04
5.735000e+00 1.327079e-03
5.740000e+00 1.656941e-03
5.745000e+00 1.928000e-03
5.750000e+00 2.221771e-03
5.755000e+00 2.404714e-03
5.760000e+00 2.569420e-03
5.765000e+00 2.832605e-03
5.770000e+00 3.149093e-03
5.775000e+00 3.439146e-03
5.780000e+00 3.674553e-03
5.785000e+00 3.889873e-03
5.790000e+00 4.029448e-03
5.795000e+00 3.943258e-03
5.800000e+00 3.655452e-03
5.805000e+00 3.312487e-03
5.810000e+00 2.930080e-03
5.815000e+00 2.439158e-03
5.820000e+00 1.950110e-03
5.825000e+00 1.602951e-03
5.830000e+00 1.248634e-03
5.835000e+00 8.537526e-04
5.840000e+00 3.706056e-04
5.845000e+00 -1.903848e-04
5.850000e+00 -5.615968e-04
5.855000e+00 -6.317121e-04
5.860000e+00 -6.411302e-04
5.865000e+00 -7.839875e-04
5.870000e+00 -8.885063e-04
5.875000e+00 -9.115668e-04
5.880000e+00 -9.107622e-04
5.885000e+00 -8.654054e-04
5.890000e+00 -7.460094e-04
5.895000e+00 -6.157052e-04
5.900000e+00 -4.605735e-04
5.905000e+00 -2.590233e-04
5.910000e+00 -3.452086e-04
5.915000e+00 -7.933267e-04
5.920000e+00 -1.082002e-03
5.925000e+00 -9.608828e-04
5.930000e+00 -8.111493e-04
5.935000e+00 -8.557006e-04
5.940000e+00 -7.566958e-04
5.945000e+00 -3.153788e-04
5.950000e+00 1.109721e-05
5.955000e+00 6.211838e-05
5.960000e+00 8.158342e-05
5.965000e+00 1.992880e-04
5.970000e+00 4.098612e-04
5.975000e+00 5.141434e-04
5.980000e+00 6.025244e-04
5.985000e+00 9.070265e-04
5.990000e+00 1.338810e-03
5.995000e+00 1.724710e-03
6 2.114101e-03
6.005000e+00 2.392110e-03
6.010000e+00 2.559735e-03
6.015000e+00 2.735014e-03
6.020000e+00 2.646373e-03
6.025000e+00 2.363630e-03
6.030000e+00 2.263205e-03
6.035000e+00 2.359733e-03
6.040000e+00 2.512142e-03
6.045000e+00 2.655683e-03
6.050000e+00 2.593711e-03
6.055000e+00 2.370440e-03
6.060000e+00 2.262541e-03
6.065000e+00 2.223626e-03
6.070000e+00 2.164182e-03
6.075000e+00 2.033506e-03
6.080000e+00 1.734198e-03
6.085000e+00 1.387149e-03
6.090000e+00 9.683094e-04
6.095000e+00 4.188813e-04
6.100000e+00 1.446646e-04
6.105000e+00 1.907221e-04
6.110000e+00 2.363897e-04
6.115000e+00 2.996509e-04
6.120000e+00 1.964996e-04
6.125000e+00 -2.300946e-04
6.130000e+00 -5.751406e-04
6.135000e+00 -7.184211e-04
6.140000e+00 -8.319369e-04
6.145000e+00 -8.867818e-04
6.150000e+00 -9.904858e-04
6.155000e+00 -1.231528e-03
6.160000e+00 -1.459916e-03
6.165000e+00 -1.562555e-03
6.170000e+00 -1.617449e-03
6.175000e+00 -1.721685e-03
6.180000e+00 -1.842296e-03
6.185000e+00 -1.841505e-03
6.190000e+00 -1.717747e-03
6.195000e+00 -1.652527e-03
6.200000e+00 -1.499025e-03
6.205000e+00 -1.149981e-03
6.210000e+00 -7.298067e-04
6.215000e+00 -2.869985e-04
6.220000e+00 1.053004e-04
6.225000e+00 4.476482e-04
6.230000e+00 7.242367e-04
6.235000e+00 9.870410e-04
6.240000e+00 1.232729e-03
6.245000e+00 1.405846e-03
6.250000e+00 1.574502e-03
6.255000e+00 1.764185e-03
6.260000e+00 1.973189e-03
6.265000e+00 2.194151e-03
6.270000e+00 2.351676e-03
6.275000e+00 2.393472e-03
6.280000e+00 2.334652e-03
6.285000e+00 2.219223e-03
6.290000e+00 2.189098e-03
6.295000e+00 2.203152e-03
6.300000e+00 2.082971e-03
6.305000e+00 1.856673e-03
6.310000e+00 1.706677e-03
6.315000e+00 1.671950e-03
6.320000e+00 1.626139e-03
6.325000e+00 1.473896e-03
6.330000e+00 1.193263e-03
6.335000e+00 9.337197e-04
6.340000e+00 7.126758e-04
6.345000e+00 4.642874e-04
6.350000e+00 1.734399e-04
6.355000e+00 -1.844460e-04
6.360000e+00 -4.434835e-04
6.365000e+00 -5.772848e-04
6.370000e+00 -5.959202e-04
6.375000e+00 -3.884211e-04
6.380000e+00 -2.095218e-05
6.385000e+00 3.781363e-04
6.390000e+00 7.064627e-04
6.395000e+00 9.276627e-04
6.400000e+00 1.006106e-03
6.405000e+00 1.044513e-03
6.410000e+00 1.208663e-03
6.415000e+00 1.417515e-03
6.420000e+00 1.704095e-03
6.425000e+00 1.917793e-03
6.430000e+00 1.789780e-03
6.435000e+00 1.630431e-03
6.440000e+00 1.655212e-03
6.445000e+00 1.602192e-03
6.450000e+00 1.472786e-03
6.455000e+00 1.382041e-03
6.460000e+00 1.227579e-03
6.465000e+00 1.048085e-03
6.470000e+00 7.671203e-04
6.475000e+00 4.535900e-04
6.480000e+00 4.072423e-04
6.485000e+00 4.360031e-04
6.490000e+00 4.039095e-04
6.495000e+00 4.912819e-04
6.500000e+00 5.242848e-04
6.505000e+00 5.691544e-04
6.510000e+00 7.901512e-04
6.515000e+00 1.018753e-03
6.520000e+00 1.261170e-03
6.525000e+00 1.392516e-03
6.530000e+00 1.427090e-03
6.535000e+00 1.516935e-03
6.540000e+00 1.574890e-03
6.545000e+00 1.562476e-03
6.550000e+00 1.597576e-03
6.555000e+00 1.624806e-03
6.560000e+00 1.528272e-03
6.565000e+00 1.458917e-03
6.570000e+00 1.413901e-03
6.575000e+00 1.287764e-03
6.580000e+00 1.141135e-03
6.585000e+00 1.072378e-03
6.590000e+00 1.000388e-03
6.595000e+00 7.454100e-04
6.600000e+00 3.258969e-04
6.605000e+00 -6.866658e-05
6.610000e+00 -3.917011e-04
6.615000e+00 -7.635258e-04
6.620000e+00 -1.147751e-03
6.625000e+00 -1.333791e-03
6.630000e+00 -1.386257e-03
6.635000e+00 -1.564244e-03
6.640000e+00 -1.736075e-03
6.645000e+00 -1.781710e-03
6.650000e+00 -1.874683e-03
6.655000e+00 -1.963320e-03
6.660000e+00 -1.733892e-03
6.665000e+00 -1.308525e-03
6.670000e+00 -1.134980e-03
6.675000e+00 -1.142138e-03
6.680000e+00 -1.202600e-03
6.685000e+00 -1.454909e-03
6.690000e+00 -1.809915e-03
6.695000e+00 -2.021472e-03
6.700000e+00 -1.942562e-03
6.705000e+00 -1.683611e-03
6.710000e+00 -1.434227e-03
6.715000e+00 -1.180573e-03
6.720000e+00 -9.329333e-04
6.725000e+00 -8.056634e-04
6.730000e+00 -6.704533e-04
6.735000e+00 -4.371669e-04
6.740000e+00 -1.640377e-04
6.745000e+00 1.482913e-04
6.750000e+00 3.611484e-04
6.755000e+00 5.298699e-04
6.760000e+00 9.360294e-04
6.765000e+00 1.477680e-03
6.770000e+00 1.952841e-03
6.775000e+00 2.317718e-03
6.780000e+00 2.523970e-03
6.785000e+00 2.837947e-03
6.790000e+00 3.281741e-03
6.795000e+00 3.571837e-03
6.800000e+00 3.794091e-03
6.805000e+00 3.989085e-03
6.810000e+00 4.092627e-03
6.815000e+00 4.135773e-03
6.820000e+00 4.173215e-03
6.825000e+00 4.239696e-03
6.830000e+00 4.143131e-03
6.835000e+00 3.762374e-03
6.840000e+00 3.117031e-03
6.845000e+00 2.248043e-03
6.850000e+00 1.561691e-03
6.855000e+00 1.094850e-03
6.860000e+00 5.148494e-04
6.865000e+00 3.477017e-05
6.870000e+00 -8.363113e-05
6.875000e+00 -2.116403e-04
6.880000e+00 -6.432537e-04
6.885000e+00 -1.136697e-03
6.890000e+00 -1.515097e-03
6.895000e+00 -1.587657e-03
6.900000e+00 -1.650202e-03
6.905000e+00 -1.882539e-03
6.910000e+00 -2.024614e-03
6.915000e+00 -2.182344e-03
6.920000e+00 -2.338048e-03
6.925000e+00 -2.555965e-03
6.930000e+00 -2.825174e-03
6.935000e+00 -2.978616e-03
6.940000e+00 -2.820723e-03
6.945000e+00 -2.496544e-03
6.950000e+00 -2.499831e-03
6.955000e+00 -2.688306e-03
6.960000e+00 -2.650056e-03
6.965000e+00 -2.281857e-03
6.970000e+00 -1.910025e-03
6.975000e+00 -1.750945e-03
6.980000e+00 -1.432886e-03
6.985000e+00 -9.404916e-04
6.990000e+00 -7.335097e-04
6.995000e+00 -8.933564e-04
7 -1.219230e-03
7.005000e+00 -1.497336e-03
7.010000e+00 -1.652830e-03
7.015000e+00 -1.702432e-03
7.020000e+00 -1.766272e-03
7.025000e+00 -1.805832e-03
7.030000e+00 -1.368095e-03
7.035000e+00 -5.535789e-04
7.040000e+00 1.116207e-04
7.045000e+00 4.209601e-04
7.050000e+00 6.161173e-04
7.055000e+00 9.908467e-04
7.060000e+00 1.458817e-03
7.065000e+00 1.766970e-03
7.070000e+00 1.621508e-03
7.075000e+00 1.369507e-03
7.080000e+00 1.644468e-03
7.085000e+00 2.215283e-03
7.090000e+00 2.660782e-03
7.095000e+00 2.923626e-03
7.100000e+00 2.920893e-03
7.105000e+00 2.715990e-03
7.110000e+00 2.551480e-03
7.115000e+00 2.414171e-03
7.120000e+00 2.151345e-03
7.125000e+00 1.924692e-03
7.130000e+00 1.818964e-03
7.135000e+00 1.676830e-03
7.140000e+00 1.354344e-03
7.145000e+00 9.895136e-04
7.150000e+00 8.011174e-04
7.155000e+00 6.578692e-04
7.160000e+00 3.686803e-04
7.165000e+00 -7.819366e-05
7.170000e+00 -4.555778e-04
7.175000e+00 -7.182167e-04
7.180000e+00 -1.016839e-03
7.185000e+00 -1.205645e-03
7.190000e+00 -1.028225e-03
7.195000e+00 -7.436787e-04
7.200000e+00 -7.055555e-04
7.205000e+00 -8.590094e-04
7.210000e+00 -1.070007e-03
7.215000e+00 -1.203136e-03
7.220000e+00 -1.209711e-03
7.225000e+00 -1.280050e-03
7.230000e+00 -1.559721e-03
7.235000e+00 -1.740744e-03
7.240000e+00 -1.730488e-03
7.245000e+00 -1.725833e-03
7.250000e+00 -1.654706e-03
7.255000e+00 -1.533896e-03
7.260000e+00 -1.311177e-03
7.265000e+00 -8.863426e-04
7.270000e+00 -4.414395e-04
7.275000e+00 -3.547087e-04
7.280000e+00 -7.434265e-04
7.285000e+00 -1.117767e-03
7.290000e+00 -1.049245e-03
7.295000e+00 -5.701111e-04
7.300000e+00 4.034867e-05
7.305000e+00 7.028429e-04
7.310000e+00 1.447230e-03
7.315000e+00 1.978539e-03
7.320000e+00 2.068803e-03
7.325000e+00 1.899301e-03
7.330000e+00 1.794573e-03
7.335000e+00 2.025290e-03
7.340000e+00 2.467601e-03
7.345000e+00 2.781120e-03
7.350000e+00 2.808764e-03
7.355000e+00 2.674348e-03
7.360000e+00 2.750905e-03
7.365000e+00 2.839644e-03
7.370000e+00 2.648620e-03
7.375000e+00 2.406387e-03
7.380000e+00 2.255778e-03
7.385000e+00 2.004947e-03
7.390000e+00 1.511015e-03
7.395000e+00 1.065858e-03
7.400000e+00 9.057395e-04
7.405000e+00 8.982914e-04
7.410000e+00 7.660963e-04
7.415000e+00 6.518601e-04
7.420000e+00 6.555489e-04
7.425000e+00 6.420104e-04
7.430000e+00 8.318337e-04
7.435000e+00 8.702836e-04
7.440000e+00 3.851104e-04
7.445000e+00 -1.795258e-04
7.450000e+00 -5.246231e-04
7.455000e+00 -8.728057e-04
7.460000e+00 -1.329369e-03
7.465000e+00 -1.653454e-03
7.470000e+00 -1.745381e-03
7.475000e+00 -1.842222e-03
7.480000e+00 -2.039838e-03
7.485000e+00 -2.308838e-03
7.490000e+00 -2.680627e-03
7.495000e+00 -2.901238e-03
7.500000e+00 -2.848667e-03
7.505000e+00 -2.690357e-03
7.510000e+00 -2.454703e-03
7.515000e+00 -2.035141e-03
7.520000e+00 -1.583507e-03
7.525000e+00 -1.330558e-03
7.530000e+00 -1.140140e-03
7.535000e+00 -8.584538e-04
7.540000e+00 -6.689793e-04
7.545000e+00 -5.310063e-04
7.550000e+00 -2.183258e-04
7.555000e+00 1.383633e-04
7.560000e+00 4.045336e-04
7.565000e+00 6.805771e-04
7.570000e+00 1.072503e-03
7.575000e+00 1.527182e-03
7.580000e+00 1.885546e-03
7.585000e+00 2.179568e-03
7.590000e+00 2.338590e-03
7.595000e+00 2.085615e-03
7.600000e+00 1.836987e-03
7.605000e+00 1.935645e-03
7.610000e+00 2.040270e-03
7.615000e+00 1.990089e-03
7.620000e+00 1.826570e-03
7.625000e+00 1.753625e-03
7.630000e+00 1.786605e-03
7.635000e+00 1.666255e-03
7.640000e+00 1.415545e-03
7.645000e+00 1.032522e-03
7.650000e+00 5.199421e-04
7.655000e+00 1.377908e-04
7.660000e+00 -1.559180e-04
7.665000e+00 -5.112946e-04
7.670000e+00 -7.144821e-04
7.675000e+00 -6.568932e-04
7.680000e+00 -5.390740e-04
7.685000e+00 -5.586791e-04
7.690000e+00 -6.024123e-04
7.695000e+00 -4.991080e-04
7.700000e+00 -4.547102e-04
7.705000e+00 -3.727391e-04
7.710000e+00 -7.047308e-05
7.715000e+00 7.281520e-05
7.720000e+00 -4.770616e-05
7.725000e+00 -7.542497e-05
7.730000e+00 5.143786e-05
7.735000e+00 1.974817e-04
7.740000e+00 3.304792e-04
7.745000e+00 4.746279e-04
7.750000e+00 6.506189e-04
7.755000e+00 7.290705e-04
7.760000e+00 6.802539e-04
7.765000e+00 4.411727e-04
7.770000e+00 6.499785e-05
7.775000e+00 -2.508133e-05
7.780000e+00 2.010646e-04
7.785000e+00 2.439601e-04
7.790000e+00 9.172411e-05
7.795000e+00 1.926271e-05
7.800000e+00 2.119876e-05
7.805000e+00 5.247146e-05
7.810000e+00 1.333454e-04
7.815000e+00 4.420932e-04
7.820000e+00 7.529437e-04
7.825000e+00 7.950632e-04
7.830000e+00 8.069184e-04
7.835000e+00 9.891055e-04
7.840000e+00 1.187414e-03
7.845000e+00 1.197249e-03
7.850000e+00 1.144460e-03
7.855000e+00 1.157636e-03
7.860000e+00 1.187736e-03
7.865000e+00 1.322638e-03
7.870000e+00 1.420580e-03
7.875000e+00 1.339725e-03
7.880000e+00 1.534297e-03
7.885000e+00 1.832537e-03
7.890000e+00 1.723266e-03
7.895000e+00 1.539411e-03
7.900000e+00 1.431207e-03
7.905000e+00 1.216232e-03
7.910000e+00 8.994585e-04
7.915000e+00 4.860430e-04
7.920000e+00 -3.596949e-06
7.925000e+00 -6.482860e-04
7.930000e+00 -1.251547e-03
7.935000e+00 -1.677380e-03
7.940000e+00 -2.108743e-03
7.945000e+00 -2.446248e-03
7.950000e+00 -2.614769e-03
7.955000e+00 -2.539102e-03
7.960000e+00 -2.438757e-03
7.965000e+00 -2.646783e-03
7.970000e+00 -2.585401e-03
7.975000e+00 -2.134599e-03
7.980000e+00 -1.986674e-03
7.985000e+00 -2.037901e-03
7.990000e+00 -2.060666e-03
7.995000e+00 -2.323521e-03
8 -2.760847e-03
8.005000e+00 -3.118931e-03
8.010000e+00 -3.456436e-03
8.015000e+00 -3.672275e-03
8.020000e+00 -3.491997e-03
8.025000e+00 -2.978398e-03
8.030000e+00 -2.552127e-03
8.035000e+00 -2.397973e-03
8.040000e+00 -2.240877e-03
8.045000e+00 -1.930598e-03
8.050000e+00 -1.572375e-03
8.055000e+00 -1.122241e-03
8.060000e+00 -5.069541e-04
8.065000e+00 1.930870e-04
8.070000e+00 7.785581e-04
8.075000e+00 1.105813e-03
8.080000e+00 1.472443e-03
8.085000e+00 1.978270e-03
8.090000e+00 2.274475e-03
8.095000e+00 2.452313e-03
8.100000e+00 2.769903e-03
8.105000e+00 2.907915e-03
8.110000e+00 2.873683e-03
8.115000e+00 2.903994e-03
8.120000e+00 3.145797e-03
8.125000e+00 3.487135e-03
8.130000e+00 3.717675e-03
8.135000e+00 4.124807e-03
8.140000e+00 4.410589e-03
8.145000e+00 4.253842e-03
8.150000e+00 3.819716e-03
8.155000e+00 3.260539e-03
8.160000e+00 2.715392e-03
8.165000e+00 2.040493e-03
8.170000e+00 1.213996e-03
8.175000e+00 6.536324e-04
8.180000e+00 3.029730e-04
8.185000e+00 -1.084673e-04
8.190000e+00 -6.101110e-04
8.195000e+00 -1.204156e-03
8.200000e+00 -1.781744e-03
8.205000e+00 -2.335486e-03
8.210000e+00 -2.662052e-03
8.215000e+00 -2.880894e-03
8.220000e+00 -3.228583e-03
8.225000e+00 -3.431972e-03
8.230000e+00 -3.427258e-03
8.235000e+00 -3.347992e-03
8.240000e+00 -3.282220e-03
8.245000e+00 -3.524692e-03
8.250000e+00 -3.923745e-03
8.255000e+00 -4.091674e-03
8.260000e+00 -4.221128e-03
8.265000e+00 -4.272120e-03
8.270000e+00 -4.131260e-03
8.275000e+00 -4.021452e-03
8.280000e+00 -3.848562e-03
8.285000e+00 -3.419638e-03
8.290000e+00 -2.873088e-03
8.295000e+00 -2.503662e-03
8.300000e+00 -2.267896e-03
8.305000e+00 -1.982510e-03
8.310000e+00 -1.804795e-03
8.315000e+00 -1.919045e-03
8.320000e+00 -2.236163e-03
8.325000e+00 -2.397342e-03
8.330000e+00 -2.263336e-03
8.335000e+00 -2.033984e-03
8.340000e+00 -1.855059e-03
8.345000e+00 -1.627330e-03
8.350000e+00 -1.259448e-03
8.355000e+00 -6.902396e-04
8.360000e+00 6.947894e-06
8.365000e+00 3.383115e-04
8.370000e+00 3.443827e-04
8.375000e+00 4.564483e-04
8.380000e+00 6.021345e-04
8.385000e+00 6.876976e-04
8.390000e+00 9.044211e-04
8.395000e+00 1.259293e-03
8.400000e+00 1.679004e-03
8.405000e+00 2.203085e-03
8.410000e+00 2.590097e-03
8.415000e+00 2.661817e-03
8.420000e+00 2.657963e-03
8.425000e+00 2.653513e-03
8.430000e+00 2.328710e-03
8.435000e+00 1.747851e-03
8.440000e+00 1.435741e-03
8.445000e+00 1.420902e-03
8.450000e+00 1.406604e-03
8.455000e+00 1.305090e-03
8.460000e+00 9.794420e-04
8.465000e+00 4.449415e-04
8.470000e+00 -3.093223e-05
8.475000e+00 -3.015575e-04
8.480000e+00 -6.032272e-04
8.485000e+00 -1.069507e-03
8.490000e+00 -1.474313e-03
8.495000e+00 -1.582558e-03
8.500000e+00 -1.521970e-03
8.505000e+00 -1.493219e-03
8.510000e+00 -1.400152e-03
8.515000e+00 -1.351974e-03
8.520000e+00 -1.404318e-03
8.525000e+00 -1.594569e-03
8.530000e+00 -1.963858e-03
8.535000e+00 -2.450581e-03
8.540000e+00 -2.917212e-03
8.545000e+00 -3.202628e-03
8.550000e+00 -3.256303e-03
8.555000e+00 -3.118618e-03
8.560000e+00 -3.050814e-03
8.565000e+00 -2.969862e-03
8.570000e+00 -2.739037e-03
8.575000e+00 -2.595792e-03
8.580000e+00 -2.472068e-03
8.585000e+00 -2.160802e-03
8.590000e+00 -1.932165e-03
8.595000e+00 -1.974681e-03
8.600000e+00 -1.911075e-03
8.605000e+00 -1.570196e-03
8.610000e+00 -9.815977e-04
8.615000e+00 -2.862360e-04
8.620000e+00 3.178868e-04
8.625000e+00 1.009350e-03
8.630000e+00 1.671284e-03
8.635000e+00 1.893139e-03
8.640000e+00 1.742034e-03
8.645000e+00 1.539600e-03
8.650000e+00 1.461681e-03
8.655000e+00 1.722762e-03
8.660000e+00 2.214400e-03
8.665000e+00 2.499172e-03
8.670000e+00 2.439377e-03
8.675000e+00 2.291547e-03
8.680000e+00 2.196725e-03
8.685000e+00 2.044365e-03
8.690000e+00 1.861762e-03
8.695000e+00 1.759421e-03
8.700000e+00 1.674879e-03
8.705000e+00 1.361981e-03
8.710000e+00 9.282217e-04
8.715000e+00 5.236185e-04
8.720000e+00 2.258830e-04
8.725000e+00 3.123948e-04
8.730000e+00 5.659123e-04
8.735000e+00 6.347736e-04
8.740000e+00 5.849432e-04
8.745000e+00 3.235569e-04
8.750000e+00 -2.809547e-04
8.755000e+00 -8.303578e-04
8.760000e+00 -1.186932e-03
8.765000e+00 -1.606702e-03
8.770000e+00 -2.014393e-03
8.775000e+00 -2.227409e-03
8.780000e+00 -2.355770e-03
8.785000e+00 -2.834756e-03
8.790000e+00 -3.446025e-03
8.795000e+00 -3.668705e-03
8.800000e+00 -3.814070e-03
8.805000e+00 -4.127436e-03
8.810000e+00 -4.395204e-03
8.815000e+00 -4.335451e-03
8.820000e+00 -4.057656e-03
8.825000e+00 -3.798271e-03
8.830000e+00 -3.515391e-03
8.835000e+00 -3.249017e-03
8.840000e+00 -2.915371e-03
8.845000e+00 -2.660610e-03
8.850000e+00 -2.613008e-03
8.855000e+00 -2.466604e-03
8.860000e+00 -2.095256e-03
8.865000e+00 -1.622410e-03
8.870000e+00 -1.091840e-03
8.875000e+00 -5.144184e-04
8.880000e+00 1.007680e-05
8.885000e+00 5.020201e-04
8.890000e+00 1.029578e-03
8.895000e+00 1.599920e-03
8.900000e+00 2.172820e-03
8.905000e+00 2.544037e-03
8.910000e+00 2.608945e-03
8.915000e+00 2.431911e-03
8.920000e+00 2.245343e-03
8.925000e+00 2.395487e-03
8.930000e+00 2.708795e-03
8.935000e+00 2.997184e-03
8.940000e+00 3.098752e-03
8.945000e+00 2.803109e-03
8.950000e+00 2.458512e-03
8.955000e+00 2.108320e-03
8.960000e+00 1.574796e-03
8.965000e+00 1.063535e-03
8.970000e+00 8.030401e-04
8.975000e+00 6.597027e-04
8.980000e+00 2.769046e-04
8.985000e+00 -8.421631e-05
8.990000e+00 8.178281e-06
8.995000e+00 3.750189e-04
9 6.014003e-04
9.005000e+00 5.301354e-04
9.010000e+00 2.072457e-04
9.015000e+00 -1.649942e-04
9.020000e+00 -2.893164e-04
9.025000e+00 -2.997947e-04
9.030000e+00 -3.783041e-04
9.035000e+00 -5.054762e-04
9.040000e+00 -5.912381e-04
9.045000e+00 -5.576872e-04
9.050000e+00 -6.744027e-04
9.055000e+00 -1.001032e-03
9.060000e+00 -1.107379e-03
9.065000e+00 -9.699322e-04
9.070000e+00 -8.182628e-04
9.075000e+00 -6.407300e-04
9.080000e+00 -5.534960e-04
9.085000e+00 -7.288728e-04
9.090000e+00 -9.693333e-04
9.095000e+00 -9.956655e-04
9.100000e+00 -1.065838e-03
9.105000e+00 -1.231642e-03
9.110000e+00 -1.156578e-03
9.115000e+00 -1.024966e-03
9.120000e+00 -1.269824e-03
9.125000e+00 -1.522876e-03
9.130000e+00 -1.322033e-03
9.135000e+00 -8.004941e-04
9.140000e+00 -2.539083e-04
9.145000e+00 9.984871e-05
9.150000e+00 4.208720e-04
9.155000e+00 7.330082e-04
9.160000e+00 1.055150e-03
9.165000e+00 1.323041e-03
9.170000e+00 1.432302e-03
9.175000e+00 1.770995e-03
9.180000e+00 2.241222e-03
9.185000e+00 2.359992e-03
9.190000e+00 2.294034e-03
9.195000e+00 2.413974e-03
9.200000e+00 2.612163e-03
9.205000e+00 2.577619e-03
9.210000e+00 2.489749e-03
9.215000e+00 2.481949e-03
9.220000e+00 2.097747e-03
9.225000e+00 1.475045e-03
9.230000e+00 1.082201e-03
9.235000e+00 6.284722e-04
9.240000e+00 -3.973580e-05
9.245000e+00 -4.997383e-04
9.250000e+00 -7.049310e-04
9.255000e+00 -9.137335e-04
9.260000e+00 -1.307744e-03
9.265000e+00 -1.778582e-03
9.270000e+00 -1.865975e-03
9.275000e+00 -1.736575e-03
9.280000e+00 -1.743530e-03
9.285000e+00 -1.834235e-03
9.290000e+00 -1.977284e-03
9.295000e+00 -2.027153e-03
9.300000e+00 -2.153980e-03
9.305000e+00 -2.619072e-03
9.310000e+00 -3.198753e-03
9.315000e+00 -3.634691e-03
9.320000e+00 -3.868956e-03
9.325000e+00 -4.005920e-03
9.330000e+00 -4.190487e-03
9.335000e+00 -4.188118e-03
9.340000e+00 -3.680277e-03
9.345000e+00 -3.294605e-03
9.350000e+00 -3.351234e-03
9.355000e+00 -3.119101e-03
9.360000e+00 -2.508808e-03
9.365000e+00 -1.981646e-03
9.370000e+00 -1.515400e-03
9.375000e+00 -9.717445e-04
9.380000e+00 -6.095564e-04
9.385000e+00 -3.624545e-04
9.390000e+00 2.652386e-04
9.395000e+00 8.860598e-04
9.400000e+00 1.073775e-03
9.405000e+00 1.430588e-03
9.410000e+00 2.021692e-03
9.415000e+00 2.430280e-03
9.420000e+00 2.683981e-03
9.425000e+00 2.990195e-03
9.430000e+00 3.349484e-03
9.435000e+00 3.770764e-03
9.440000e+00 4.372421e-03
9.445000e+00 4.864603e-03
9.450000e+00 5.111927e-03
9.455000e+00 5.240272e-03
9.460000e+00 5.121811e-03
9.465000e+00 4.691053e-03
9.470000e+00 3.937607e-03
9.475000e+00 3.115399e-03
9.480000e+00 2.573635e-03
9.485000e+00 2.119662e-03
9.490000e+00 1.698676e-03
9.495000e+00 1.510085e-03
9.500000e+00 1.341329e-03
9.505000e+00 8.253368e-04
9.510000e+00 -1.820342e-05
9.515000e+00 -8.827033e-04
9.520000e+00 -1.503078e-03
9.525000e+00 -1.862593e-03
9.530000e+00 -2.116953e-03
9.535000e+00 -2.373871e-03
9.540000e+00 -2.540517e-03
9.545000e+00 -2.570583e-03
9.550000e+00 -2.819248e-03
9.555000e+00 -3.299988e-03
9.560000e+00 -3.610514e-03
9.565000e+00 -3.918083e-03
9.570000e+00 -4.352970e-03
9.575000e+00 -4.494269e-03
9.580000e+00 -4.481977e-03
9.585000e+00 -4.674532e-03
9.590000e+00 -4.588200e-03
9.595000e+00 -3.908173e-03
9.600000e+00 -3.185839e-03
9.605000e+00 -2.825690e-03
9.610000e+00 -2.655716e-03
9.615000e+00 -2.374028e-03
9.620000e+00 -2.136644e-03
9.625000e+00 -2.275540e-03
9.630000e+00 -2.383158e-03
9.635000e+00 -2.275369e-03
9.640000e+00 -2.361374e-03
9.645000e+00 -2.403960e-03
9.650000e+00 -2.125684e-03
9.655000e+00 -1.708757e-03
9.660000e+00 -1.411068e-03
9.665000e+00 -1.107064e-03
9.670000e+00 -6.116090e-04
9.675000e+00 -2.151666e-04
9.680000e+00 2.231207e-04
9.685000e+00 6.691944e-04
9.690000e+00 8.004748e-04
9.695000e+00 8.677832e-04
9.700000e+00 1.207301e-03
9.705000e+00 1.806454e-03
9.710000e+00 2.395671e-03
9.715000e+00 2.850560e-03
9.720000e+00 3.219794e-03
9.725000e+00 3.548098e-03
9.730000e+00 3.654390e-03
9.735000e+00 3.438883e-03
9.740000e+00 3.144711e-03
9.745000e+00 3.030562e-03
9.750000e+00 3.017091e-03
9.755000e+00 2.824185e-03
9.760000e+00 2.445368e-03
9.765000e+00 2.054800e-03
9.770000e+00 1.766641e-03
9.775000e+00 1.392579e-03
9.780000e+00 8.335017e-04
9.785000e+00 2.239026e-04
9.790000e+00 -3.433366e-04
9.795000e+00 -6.814612e-04
9.800000e+00 -8.132171e-04
9.805000e+00 -1.044586e-03
9.810000e+00 -1.291339e-03
9.815000e+00 -1.186668e-03
9.820000e+00 -7.685643e-04
9.825000e+00 -5.699699e-04
9.830000e+00 -1.062323e-03
9.835000e+00 -1.886241e-03
9.840000e+00 -2.380337e-03
9.845000e+00 -2.729238e-03
9.850000e+00 -3.452309e-03
9.855000e+00 -4.248579e-03
9.860000e+00 -4.749048e-03
9.865000e+00 -4.928177e-03
9.870000e+00 -4.843697e-03
9.875000e+00 -4.687511e-03
9.880000e+00 -4.373453e-03
9.885000e+00 -3.851634e-03
9.890000e+00 -3.322659e-03
9.895000e+00 -2.964784e-03
9.900000e+00 -2.931605e-03
9.905000e+00 -3.015993e-03
9.910000e+00 -2.692053e-03
9.915000e+00 -1.854900e-03
9.920000e+00 -1.013707e-03
9.925000e+00 -3.584609e-04
9.930000e+00 3.715783e-04
9.935000e+00 1.005619e-03
9.940000e+00 1.368694e-03
9.945000e+00 1.484128e-03
9.950000e+00 1.403526e-03
9.955000e+00 1.263070e-03
9.960000e+00 1.372971e-03
9.965000e+00 1.817319e-03
9.970000e+00 2.213168e-03
9.975000e+00 2.477868e-03
9.980000e+00 2.784678e-03
9.985000e+00 3.136194e-03
9.990000e+00 3.311129e-03
9.995000e+00 3.331067e-03
10 3.441125e-03
