T X
0 0
5.000000e-03 1.718923e-07
1.000000e-02 7.485997e-07
1.500000e-02 1.710388e-06
2.000000e-02 2.954786e-06
2.500000e-02 4.425996e-06
3.000000e-02 6.085780e-06
3.500000e-02 7.910105e-06
4.000000e-02 9.849280e-06
4.500000e-02 1.180693e-05
5.000000e-02 1.367389e-05
5.500000e-02 1.537209e-05
6.000000e-02 1.685027e-05
6.500000e-02 1.807982e-05
7.000000e-02 1.902214e-05
7.500000e-02 1.961919e-05
8.000000e-02 1.978949e-05
8.500000e-02 1.946102e-05
9.000000e-02 1.857512e-05
9.500000e-02 1.706399e-05
1.000000e-01 1.488645e-05
1.050000e-01 1.205355e-05
1.100000e-01 8.667515e-06
1.150000e-01 4.919906e-06
1.200000e-01 1.021126e-06
1.250000e-01 -2.881995e-06
1.300000e-01 -6.691227e-06
1.350000e-01 -1.027020e-05
1.400000e-01 -1.345357e-05
1.450000e-01 -1.609925e-05
1.500000e-01 -1.811944e-05
1.550000e-01 -1.944187e-05
1.600000e-01 -1.998720e-05
1.650000e-01 -1.972168e-05
1.700000e-01 -1.869047e-05
1.750000e-01 -1.696796e-05
1.800000e-01 -1.459306e-05
1.850000e-01 -1.162642e-05
1.900000e-01 -8.177707e-06
1.950000e-01 -4.379647e-06
2.000000e-01 -3.916271e-07
2.050000e-01 3.592471e-06
2.100000e-01 7.405478e-06
2.150000e-01 1.094966e-05
2.200000e-01 1.409835e-05
2.250000e-01 1.669269e-05
2.300000e-01 1.860861e-05
2.350000e-01 1.976228e-05
2.400000e-01 2.011175e-05
2.450000e-01 1.967687e-05
2.500000e-01 1.850444e-05
2.550000e-01 1.660471e-05
2.600000e-01 1.400982e-05
2.650000e-01 1.082092e-05
2.700000e-01 7.190892e-06
2.750000e-01 3.303052e-06
2.800000e-01 -6.778591e-07
2.850000e-01 -4.640843e-06
2.900000e-01 -8.469673e-06
2.950000e-01 -1.198764e-05
3.000000e-01 -1.501785e-05
3.050000e-01 -1.741431e-05
3.100000e-01 -1.908807e-05
3.150000e-01 -2.001257e-05
3.200000e-01 -2.017850e-05
3.250000e-01 -1.957063e-05
3.300000e-01 -1.816307e-05
3.350000e-01 -1.598635e-05
3.400000e-01 -1.315684e-05
3.450000e-01 -9.827317e-06
3.500000e-01 -6.140365e-06
3.550000e-01 -2.218617e-06
3.600000e-01 1.824442e-06
3.650000e-01 5.834244e-06
3.700000e-01 9.606099e-06
3.750000e-01 1.297199e-05
3.800000e-01 1.579804e-05
3.850000e-01 1.798974e-05
3.900000e-01 1.949023e-05
3.950000e-01 2.023237e-05
4.000000e-01 2.016290e-05
4.050000e-01 1.927289e-05
4.100000e-01 1.760638e-05
4.150000e-01 1.523508e-05
4.200000e-01 1.226415e-05
4.250000e-01 8.824237e-06
4.300000e-01 5.037082e-06
4.350000e-01 1.032122e-06
4.400000e-01 -3.028604e-06
4.450000e-01 -6.973853e-06
4.500000e-01 -1.064222e-05
4.550000e-01 -1.386510e-05
4.600000e-01 -1.651658e-05
4.650000e-01 -1.851963e-05
4.700000e-01 -1.981025e-05
4.750000e-01 -2.032632e-05
4.800000e-01 -2.001618e-05
4.850000e-01 -1.888296e-05
4.900000e-01 -1.697980e-05
4.950000e-01 -1.441956e-05
5.000000e-01 -1.132493e-05
5.050000e-01 -7.782288e-06
5.100000e-01 -3.907774e-06
5.150000e-01 1.521471e-07
5.200000e-01 4.223843e-06
5.250000e-01 8.102614e-06
5.300000e-01 1.161314e-05
5.350000e-01 1.465717e-05
5.400000e-01 1.715982e-05
5.450000e-01 1.900834e-05
5.500000e-01 2.009233e-05
5.550000e-01 2.034071e-05
5.600000e-01 1.974436e-05
5.650000e-01 1.836775e-05
5.700000e-01 1.630792e-05
5.750000e-01 1.362721e-05
5.800000e-01 1.038043e-05
5.850000e-01 6.683655e-06
5.900000e-01 2.699742e-06
5.950000e-01 -1.375656e-06
6.000000e-01 -5.354291e-06
6.050000e-01 -9.104095e-06
6.100000e-01 -1.252158e-05
6.150000e-01 -1.547714e-05
6.200000e-01 -1.781799e-05
6.250000e-01 -1.942297e-05
6.300000e-01 -2.022541e-05
6.350000e-01 -2.021235e-05
6.400000e-01 -1.942143e-05
6.450000e-01 -1.788756e-05
6.500000e-01 -1.563535e-05
6.550000e-01 -1.273933e-05
6.600000e-01 -9.319301e-06
6.650000e-01 -5.525745e-06
6.700000e-01 -1.529579e-06
6.750000e-01 2.506443e-06
6.800000e-01 6.443617e-06
6.850000e-01 1.014723e-05
6.900000e-01 1.345929e-05
6.950000e-01 1.623607e-05
7.000000e-01 1.835582e-05
7.050000e-01 1.972119e-05
7.100000e-01 2.029694e-05
7.150000e-01 2.007949e-05
7.200000e-01 1.907455e-05
7.250000e-01 1.731503e-05
7.300000e-01 1.486044e-05
7.350000e-01 1.179404e-05
7.400000e-01 8.242537e-06
7.450000e-01 4.379901e-06
7.500000e-01 3.706374e-07
7.550000e-01 -3.650217e-06
7.600000e-01 -7.541843e-06
7.650000e-01 -1.115593e-05
7.700000e-01 -1.434219e-05
7.750000e-01 -1.693839e-05
7.800000e-01 -1.882232e-05
7.850000e-01 -1.994977e-05
7.900000e-01 -2.030578e-05
7.950000e-01 -1.988329e-05
8.000000e-01 -1.867709e-05
8.050000e-01 -1.669493e-05
8.100000e-01 -1.400952e-05
8.150000e-01 -1.076951e-05
8.200000e-01 -7.141589e-06
8.250000e-01 -3.259154e-06
8.300000e-01 7.632145e-07
8.350000e-01 4.792036e-06
8.400000e-01 8.659284e-06
8.450000e-01 1.217458e-05
8.500000e-01 1.515849e-05
8.550000e-01 1.751108e-05
8.600000e-01 1.919500e-05
8.650000e-01 2.015100e-05
8.700000e-01 2.031494e-05
8.750000e-01 1.964903e-05
8.800000e-01 1.815970e-05
8.850000e-01 1.593116e-05
8.900000e-01 1.310209e-05
8.950000e-01 9.788573e-06
9.000000e-01 6.083220e-06
9.050000e-01 2.110296e-06
9.100000e-01 -1.973688e-06
9.150000e-01 -5.982973e-06
9.200000e-01 -9.726687e-06
9.250000e-01 -1.305521e-05
9.300000e-01 -1.587231e-05
9.350000e-01 -1.808390e-05
9.400000e-01 -1.958605e-05
9.450000e-01 -2.030839e-05
9.500000e-01 -2.020042e-05
9.550000e-01 -1.926353e-05
9.600000e-01 -1.756613e-05
9.650000e-01 -1.518862e-05
9.700000e-01 -1.221605e-05
9.750000e-01 -8.755857e-06
9.800000e-01 -4.938450e-06
9.850000e-01 -9.087137e-07
9.900000e-01 3.162215e-06
9.950000e-01 7.092425e-06
1 1.072507e-05
1.005000e+00 1.392703e-05
1.010000e+00 1.658418e-05
1.015000e+00 1.860200e-05
1.020000e+00 1.988927e-05
1.025000e+00 2.036501e-05
1.030000e+00 2.000305e-05
1.035000e+00 1.883833e-05
1.040000e+00 1.693782e-05
1.045000e+00 1.438651e-05
1.050000e+00 1.127555e-05
1.055000e+00 7.694567e-06
1.060000e+00 3.770493e-06
1.065000e+00 -3.061911e-07
1.070000e+00 -4.337647e-06
1.075000e+00 -8.166770e-06
1.080000e+00 -1.167288e-05
1.085000e+00 -1.474623e-05
1.090000e+00 -1.726518e-05
1.095000e+00 -1.909215e-05
1.100000e+00 -2.011641e-05
1.105000e+00 -2.031131e-05
1.110000e+00 -1.970941e-05
1.115000e+00 -1.835839e-05
1.120000e+00 -1.630161e-05
1.125000e+00 -1.357843e-05
1.130000e+00 -1.026736e-05
1.135000e+00 -6.529476e-06
1.140000e+00 -2.564515e-06
1.145000e+00 1.467047e-06
1.150000e+00 5.430602e-06
1.155000e+00 9.201314e-06
1.160000e+00 1.264403e-05
1.165000e+00 1.559162e-05
1.170000e+00 1.788373e-05
1.175000e+00 1.942674e-05
1.180000e+00 2.020106e-05
1.185000e+00 2.020116e-05
1.190000e+00 1.942864e-05
1.195000e+00 1.789994e-05
1.200000e+00 1.565858e-05
1.205000e+00 1.279589e-05
1.210000e+00 9.432683e-06
1.215000e+00 5.668609e-06
1.220000e+00 1.547123e-06
1.225000e+00 -2.893724e-06
1.230000e+00 -7.593170e-06
1.235000e+00 -1.243659e-05
1.240000e+00 -1.722635e-05
1.245000e+00 -2.173576e-05
1.250000e+00 -2.575208e-05
1.255000e+00 -2.910314e-05
1.260000e+00 -3.167619e-05
1.265000e+00 -3.341812e-05
1.270000e+00 -3.429610e-05
1.275000e+00 -3.426806e-05
1.280000e+00 -3.331442e-05
1.285000e+00 -3.144789e-05
1.290000e+00 -2.870117e-05
1.295000e+00 -2.513042e-05
1.300000e+00 -2.078650e-05
1.305000e+00 -1.565395e-05
1.310000e+00 -9.698005e-06
1.315000e+00 -2.973585e-06
1.320000e+00 4.347940e-06
1.325000e+00 1.200108e-05
1.330000e+00 1.964251e-05
1.335000e+00 2.687451e-05
1.340000e+00 3.335847e-05
1.345000e+00 3.887453e-05
1.350000e+00 4.324460e-05
1.355000e+00 4.630927e-05
1.360000e+00 4.798559e-05
1.365000e+00 4.824413e-05
1.370000e+00 4.701876e-05
1.375000e+00 4.424319e-05
1.380000e+00 3.994140e-05
1.385000e+00 3.427031e-05
1.390000e+00 2.748700e-05
1.395000e+00 1.982473e-05
1.400000e+00 1.142807e-05
1.405000e+00 2.455793e-06
1.410000e+00 -6.781001e-06
1.415000e+00 -1.583080e-05
1.420000e+00 -2.419894e-05
1.425000e+00 -3.148584e-05
1.430000e+00 -3.746329e-05
1.435000e+00 -4.198284e-05
1.440000e+00 -4.489561e-05
1.445000e+00 -4.605413e-05
1.450000e+00 -4.534442e-05
1.455000e+00 -4.276744e-05
1.460000e+00 -3.847929e-05
1.465000e+00 -3.270620e-05
1.470000e+00 -2.568812e-05
1.475000e+00 -1.765276e-05
1.480000e+00 -8.850518e-06
1.485000e+00 3.054653e-07
1.490000e+00 9.348572e-06
1.495000e+00 1.797887e-05
1.500000e+00 2.597442e-05
1.505000e+00 3.300875e-05
1.510000e+00 3.869531e-05
1.515000e+00 4.277370e-05
1.520000e+00 4.512913e-05
1.525000e+00 4.567845e-05
1.530000e+00 4.440022e-05
1.535000e+00 4.137216e-05
1.540000e+00 3.669581e-05
1.545000e+00 3.054452e-05
1.550000e+00 2.320183e-05
1.555000e+00 1.495716e-05
1.560000e+00 6.112208e-06
1.565000e+00 -2.969102e-06
1.570000e+00 -1.191480e-05
1.575000e+00 -2.038164e-05
1.580000e+00 -2.802617e-05
1.585000e+00 -3.453869e-05
1.590000e+00 -3.969544e-05
1.595000e+00 -4.330621e-05
1.600000e+00 -4.519838e-05
1.605000e+00 -4.527597e-05
1.610000e+00 -4.353288e-05
1.615000e+00 -4.005929e-05
1.620000e+00 -3.505032e-05
1.625000e+00 -2.869763e-05
1.630000e+00 -2.116237e-05
1.635000e+00 -1.272522e-05
1.640000e+00 -3.786768e-06
1.645000e+00 5.258300e-06
1.650000e+00 1.407668e-05
1.655000e+00 2.237629e-05
1.660000e+00 2.985003e-05
1.665000e+00 3.616016e-05
1.670000e+00 4.101595e-05
1.675000e+00 4.422359e-05
1.680000e+00 4.564629e-05
1.685000e+00 4.525196e-05
1.690000e+00 4.310149e-05
1.695000e+00 3.924308e-05
1.700000e+00 3.376953e-05
1.705000e+00 2.690104e-05
1.710000e+00 1.894732e-05
1.715000e+00 1.024909e-05
1.720000e+00 1.170563e-06
1.725000e+00 -7.953444e-06
1.730000e+00 -1.681875e-05
1.735000e+00 -2.505924e-05
1.740000e+00 -3.228952e-05
1.745000e+00 -3.818572e-05
1.750000e+00 -4.252564e-05
1.755000e+00 -4.517937e-05
1.760000e+00 -4.604511e-05
1.765000e+00 -4.506972e-05
1.770000e+00 -4.227031e-05
1.775000e+00 -3.773221e-05
1.780000e+00 -3.166831e-05
1.785000e+00 -2.436697e-05
1.790000e+00 -1.610454e-05
1.795000e+00 -7.207329e-06
1.800000e+00 1.966454e-06
1.805000e+00 1.108093e-05
1.810000e+00 1.975967e-05
1.815000e+00 2.761610e-05
1.820000e+00 3.434639e-05
1.825000e+00 3.969549e-05
1.830000e+00 4.344640e-05
1.835000e+00 4.546690e-05
1.840000e+00 4.567423e-05
1.845000e+00 4.404695e-05
1.850000e+00 4.064781e-05
1.855000e+00 3.561533e-05
1.860000e+00 2.917607e-05
1.865000e+00 2.160204e-05
1.870000e+00 1.319388e-05
1.875000e+00 4.278097e-06
1.880000e+00 -4.808136e-06
1.885000e+00 -1.370306e-05
1.890000e+00 -2.204099e-05
1.895000e+00 -2.947598e-05
1.900000e+00 -3.570150e-05
1.905000e+00 -4.050483e-05
1.910000e+00 -4.373406e-05
1.915000e+00 -4.523953e-05
1.920000e+00 -4.493578e-05
1.925000e+00 -4.282050e-05
1.930000e+00 -3.897997e-05
1.935000e+00 -3.361623e-05
1.940000e+00 -2.696763e-05
1.945000e+00 -1.927310e-05
1.950000e+00 -1.080521e-05
1.955000e+00 -1.886638e-06
1.960000e+00 7.111619e-06
1.965000e+00 1.580328e-05
1.970000e+00 2.382590e-05
1.975000e+00 3.089370e-05
1.980000e+00 3.678085e-05
1.985000e+00 4.124836e-05
1.990000e+00 4.407592e-05
1.995000e+00 4.513003e-05
2 4.436920e-05
2.005000e+00 4.185377e-05
2.010000e+00 3.771587e-05
2.015000e+00 3.210644e-05
2.020000e+00 2.521150e-05
2.025000e+00 1.728120e-05
2.030000e+00 8.647298e-06
2.035000e+00 -3.155310e-07
2.040000e+00 -9.240808e-06
2.045000e+00 -1.778984e-05
2.050000e+00 -2.566126e-05
2.055000e+00 -3.255111e-05
2.060000e+00 -3.816516e-05
2.065000e+00 -4.226082e-05
2.070000e+00 -4.466230e-05
2.075000e+00 -4.528567e-05
2.080000e+00 -4.412453e-05
2.085000e+00 -4.122453e-05
2.090000e+00 -3.667853e-05
2.095000e+00 -3.065531e-05
2.100000e+00 -2.339875e-05
2.105000e+00 -1.519397e-05
2.110000e+00 -6.376342e-06
2.115000e+00 2.681958e-06
2.120000e+00 1.162993e-05
2.125000e+00 2.014091e-05
2.130000e+00 2.787405e-05
2.135000e+00 3.450953e-05
2.140000e+00 3.978298e-05
2.145000e+00 4.347080e-05
2.150000e+00 4.540649e-05
2.155000e+00 4.552998e-05
2.160000e+00 4.386324e-05
2.165000e+00 4.045427e-05
2.170000e+00 3.541401e-05
2.175000e+00 2.893149e-05
2.180000e+00 2.126407e-05
2.185000e+00 1.274330e-05
2.190000e+00 3.738320e-06
2.195000e+00 -5.401686e-06
2.200000e+00 -1.435066e-05
2.205000e+00 -2.276247e-05
2.210000e+00 -3.028594e-05
2.215000e+00 -3.659153e-05
2.220000e+00 -4.140569e-05
2.225000e+00 -4.455492e-05
2.230000e+00 -4.594676e-05
2.235000e+00 -4.553780e-05
2.240000e+00 -4.331355e-05
2.245000e+00 -3.931877e-05
2.250000e+00 -3.370616e-05
2.255000e+00 -2.673765e-05
2.260000e+00 -1.873479e-05
2.265000e+00 -1.000267e-05
2.270000e+00 -8.545319e-07
2.275000e+00 8.350821e-06
2.280000e+00 1.724576e-05
2.285000e+00 2.545347e-05
2.290000e+00 3.260728e-05
2.295000e+00 3.842574e-05
2.300000e+00 4.272940e-05
2.305000e+00 4.536924e-05
2.310000e+00 4.619936e-05
2.315000e+00 4.515371e-05
2.320000e+00 4.227862e-05
2.325000e+00 3.770258e-05
2.330000e+00 3.162539e-05
2.335000e+00 2.430027e-05
2.340000e+00 1.601183e-05
2.345000e+00 7.069477e-06
2.350000e+00 -2.176772e-06
2.355000e+00 -1.133663e-05
2.360000e+00 -2.002148e-05
2.365000e+00 -2.788088e-05
2.370000e+00 -3.462176e-05
2.375000e+00 -3.999369e-05
2.380000e+00 -4.377625e-05
2.385000e+00 -4.580717e-05
2.390000e+00 -4.600342e-05
2.395000e+00 -4.435302e-05
2.400000e+00 -4.091413e-05
2.405000e+00 -3.583789e-05
2.410000e+00 -2.934290e-05
2.415000e+00 -2.168750e-05
2.420000e+00 -1.316617e-05
2.425000e+00 -4.103419e-06
2.430000e+00 5.122267e-06
2.435000e+00 1.411276e-05
2.440000e+00 2.250103e-05
2.445000e+00 2.996348e-05
2.450000e+00 3.622214e-05
2.455000e+00 4.104400e-05
2.460000e+00 4.424599e-05
2.465000e+00 4.568196e-05
2.470000e+00 4.526451e-05
2.475000e+00 4.301525e-05
2.480000e+00 3.907137e-05
2.485000e+00 3.361226e-05
2.490000e+00 2.683573e-05
2.495000e+00 1.899721e-05
2.500000e+00 1.040477e-05
2.505000e+00 1.423926e-06
2.510000e+00 -7.583323e-06
2.515000e+00 -1.631990e-05
2.520000e+00 -2.454217e-05
2.525000e+00 -3.204883e-05
2.530000e+00 -3.863836e-05
2.535000e+00 -4.408987e-05
2.540000e+00 -4.819053e-05
2.545000e+00 -5.078027e-05
2.550000e+00 -5.177196e-05
2.555000e+00 -5.112421e-05
2.560000e+00 -4.882642e-05
2.565000e+00 -4.494283e-05
2.570000e+00 -3.966011e-05
2.575000e+00 -3.325924e-05
2.580000e+00 -2.605445e-05
2.585000e+00 -1.832413e-05
2.590000e+00 -1.027807e-05
2.595000e+00 -2.085234e-06
2.600000e+00 6.090785e-06
2.605000e+00 1.406305e-05
2.610000e+00 2.163354e-05
2.615000e+00 2.863211e-05
2.620000e+00 3.491538e-05
2.625000e+00 4.032168e-05
2.630000e+00 4.464445e-05
2.635000e+00 4.764307e-05
2.640000e+00 4.909691e-05
2.645000e+00 4.889068e-05
2.650000e+00 4.704809e-05
2.655000e+00 4.372193e-05
2.660000e+00 3.914094e-05
2.665000e+00 3.353203e-05
2.670000e+00 2.708593e-05
2.675000e+00 1.994301e-05
2.680000e+00 1.224919e-05
2.685000e+00 4.240680e-06
2.690000e+00 -3.783739e-06
2.695000e+00 -1.152567e-05
2.700000e+00 -1.871421e-05
2.705000e+00 -2.513231e-05
2.710000e+00 -3.060559e-05
2.715000e+00 -3.496053e-05
2.720000e+00 -3.799982e-05
2.725000e+00 -3.952964e-05
2.730000e+00 -3.942624e-05
2.735000e+00 -3.766921e-05
2.740000e+00 -3.435955e-05
2.745000e+00 -2.969008e-05
2.750000e+00 -2.388197e-05
2.755000e+00 -1.718705e-05
2.760000e+00 -9.873162e-06
2.765000e+00 -2.186569e-06
2.770000e+00 5.616220e-06
2.775000e+00 1.322864e-05
2.780000e+00 2.031152e-05
2.785000e+00 2.652886e-05
2.790000e+00 3.159899e-05
2.795000e+00 3.537146e-05
2.800000e+00 3.779765e-05
2.805000e+00 3.882137e-05
2.810000e+00 3.836269e-05
2.815000e+00 3.636647e-05
2.820000e+00 3.285323e-05
2.825000e+00 2.795136e-05
2.830000e+00 2.191115e-05
2.835000e+00 1.506020e-05
2.840000e+00 7.679553e-06
2.845000e+00 -2.496729e-08
2.850000e+00 -7.801330e-06
2.855000e+00 -1.528637e-05
2.860000e+00 -2.211023e-05
2.865000e+00 -2.800902e-05
2.870000e+00 -3.280382e-05
2.875000e+00 -3.634078e-05
2.880000e+00 -3.846755e-05
2.885000e+00 -3.903622e-05
2.890000e+00 -3.798868e-05
2.895000e+00 -3.541875e-05
2.900000e+00 -3.148768e-05
2.905000e+00 -2.633675e-05
2.910000e+00 -2.012120e-05
2.915000e+00 -1.307143e-05
2.920000e+00 -5.483189e-06
2.925000e+00 2.313874e-06
2.930000e+00 9.991041e-06
2.935000e+00 1.725089e-05
2.940000e+00 2.382504e-05
2.945000e+00 2.946538e-05
2.950000e+00 3.395861e-05
2.955000e+00 3.710991e-05
2.960000e+00 3.875256e-05
2.965000e+00 3.885075e-05
2.970000e+00 3.746259e-05
2.975000e+00 3.460072e-05
2.980000e+00 3.029422e-05
2.985000e+00 2.474008e-05
2.990000e+00 1.825232e-05
2.995000e+00 1.109287e-05
3 3.457037e-06
