T X
0 0
5.000000e-03 -2.413390e-11
1.000000e-02 -7.194589e-11
1.500000e-02 -7.212256e-11
2.000000e-02 3.092956e-10
2.500000e-02 3.348929e-09
3.000000e-02 1.953131e-08
3.500000e-02 8.483548e-08
4.000000e-02 2.899998e-07
4.500000e-02 7.960561e-07
5.000000e-02 1.784483e-06
5.500000e-02 3.331555e-06
6.000000e-02 5.319449e-06
6.500000e-02 7.524637e-06
7.000000e-02 9.803099e-06
7.500000e-02 1.210519e-05
8.000000e-02 1.432276e-05
8.500000e-02 1.629714e-05
9.000000e-02 1.796818e-05
9.500000e-02 1.930839e-05
1.000000e-01 2.018918e-05
1.050000e-01 2.052287e-05
1.100000e-01 2.036005e-05
1.150000e-01 1.970401e-05
1.200000e-01 1.847763e-05
1.250000e-01 1.664985e-05
1.300000e-01 1.419767e-05
1.350000e-01 1.112870e-05
1.400000e-01 7.574368e-06
1.450000e-01 3.713630e-06
1.500000e-01 -2.526569e-07
1.550000e-01 -4.067681e-06
1.600000e-01 -7.536883e-06
1.650000e-01 -1.056550e-05
1.700000e-01 -1.308665e-05
1.750000e-01 -1.505114e-05
1.800000e-01 -1.637468e-05
1.850000e-01 -1.697514e-05
1.900000e-01 -1.686726e-05
1.950000e-01 -1.609860e-05
2.000000e-01 -1.471826e-05
2.050000e-01 -1.278561e-05
2.100000e-01 -1.038006e-05
2.150000e-01 -7.639118e-06
2.200000e-01 -4.675183e-06
2.250000e-01 -1.555586e-06
2.300000e-01 1.600702e-06
2.350000e-01 4.630211e-06
2.400000e-01 7.391431e-06
2.450000e-01 9.816853e-06
2.500000e-01 1.185637e-05
2.550000e-01 1.340054e-05
2.600000e-01 1.436229e-05
2.650000e-01 1.473762e-05
2.700000e-01 1.455777e-05
2.750000e-01 1.383573e-05
2.800000e-01 1.257913e-05
2.850000e-01 1.083632e-05
2.900000e-01 8.684301e-06
2.950000e-01 6.228093e-06
3.000000e-01 3.584430e-06
3.050000e-01 8.385497e-07
3.100000e-01 -1.932671e-06
3.150000e-01 -4.615373e-06
3.200000e-01 -7.077640e-06
3.250000e-01 -9.230712e-06
3.300000e-01 -1.101270e-05
3.350000e-01 -1.236400e-05
3.400000e-01 -1.323855e-05
3.450000e-01 -1.359622e-05
3.500000e-01 -1.340926e-05
3.550000e-01 -1.269263e-05
3.600000e-01 -1.150281e-05
3.650000e-01 -9.885309e-06
3.700000e-01 -7.896676e-06
3.750000e-01 -5.608352e-06
3.800000e-01 -3.093192e-06
3.850000e-01 -4.687432e-07
3.900000e-01 2.143895e-06
3.950000e-01 4.655457e-06
4.000000e-01 6.980696e-06
4.050000e-01 9.029221e-06
4.100000e-01 1.072864e-05
4.150000e-01 1.200431e-05
4.200000e-01 1.278835e-05
4.250000e-01 1.306549e-05
4.300000e-01 1.283346e-05
4.350000e-01 1.210646e-05
4.400000e-01 1.092050e-05
4.450000e-01 9.302712e-06
4.500000e-01 7.302921e-06
4.550000e-01 5.018904e-06
4.600000e-01 2.555422e-06
4.650000e-01 9.104206e-09
4.700000e-01 -2.524632e-06
4.750000e-01 -4.972448e-06
4.800000e-01 -7.234010e-06
4.850000e-01 -9.195641e-06
4.900000e-01 -1.077769e-05
4.950000e-01 -1.191676e-05
5.000000e-01 -1.259330e-05
5.050000e-01 -1.279321e-05
5.100000e-01 -1.248292e-05
5.150000e-01 -1.166477e-05
5.200000e-01 -1.037581e-05
5.250000e-01 -8.680368e-06
5.300000e-01 -6.662465e-06
5.350000e-01 -4.390381e-06
5.400000e-01 -1.934945e-06
5.450000e-01 6.012550e-07
5.500000e-01 3.109297e-06
5.550000e-01 5.477276e-06
5.600000e-01 7.614282e-06
5.650000e-01 9.456624e-06
5.700000e-01 1.092651e-05
5.750000e-01 1.196014e-05
5.800000e-01 1.251073e-05
5.850000e-01 1.255183e-05
5.900000e-01 1.210035e-05
5.950000e-01 1.117858e-05
6.000000e-01 9.816608e-06
6.050000e-01 8.059917e-06
6.100000e-01 5.972837e-06
6.150000e-01 3.654282e-06
6.200000e-01 1.209291e-06
6.250000e-01 -1.271205e-06
6.300000e-01 -3.706317e-06
6.350000e-01 -6.005403e-06
6.400000e-01 -8.063159e-06
6.450000e-01 -9.782145e-06
6.500000e-01 -1.109382e-05
6.550000e-01 -1.196467e-05
6.600000e-01 -1.237923e-05
6.650000e-01 -1.231111e-05
6.700000e-01 -1.173729e-05
6.750000e-01 -1.067845e-05
6.800000e-01 -9.192818e-06
6.850000e-01 -7.361084e-06
6.900000e-01 -5.258861e-06
6.950000e-01 -2.945628e-06
7.000000e-01 -4.981057e-07
7.050000e-01 1.979808e-06
7.100000e-01 4.362360e-06
7.150000e-01 6.543034e-06
7.200000e-01 8.455716e-06
7.250000e-01 1.004465e-05
7.300000e-01 1.125166e-05
7.350000e-01 1.200591e-05
7.400000e-01 1.225845e-05
7.450000e-01 1.201169e-05
7.500000e-01 1.129354e-05
7.550000e-01 1.014494e-05
7.600000e-01 8.602741e-06
7.650000e-01 6.705718e-06
7.700000e-01 4.529625e-06
7.750000e-01 2.175172e-06
7.800000e-01 -2.489801e-07
7.850000e-01 -2.645926e-06
7.900000e-01 -4.940125e-06
7.950000e-01 -7.046644e-06
8.000000e-01 -8.875462e-06
8.050000e-01 -1.034151e-05
8.100000e-01 -1.137986e-05
8.150000e-01 -1.196341e-05
8.200000e-01 -1.207887e-05
8.250000e-01 -1.171833e-05
8.300000e-01 -1.089035e-05
8.350000e-01 -9.618845e-06
8.400000e-01 -7.960648e-06
8.450000e-01 -5.996866e-06
8.500000e-01 -3.802319e-06
8.550000e-01 -1.458013e-06
8.600000e-01 9.488204e-07
8.650000e-01 3.320745e-06
8.700000e-01 5.549337e-06
8.750000e-01 7.545256e-06
8.800000e-01 9.238585e-06
8.850000e-01 1.057130e-05
8.900000e-01 1.148750e-05
8.950000e-01 1.193848e-05
9.000000e-01 1.190231e-05
9.050000e-01 1.138649e-05
9.100000e-01 1.042835e-05
9.150000e-01 9.068791e-06
9.200000e-01 7.345623e-06
9.250000e-01 5.315681e-06
9.300000e-01 3.068175e-06
9.350000e-01 7.097289e-07
9.400000e-01 -1.659304e-06
9.450000e-01 -3.953386e-06
9.500000e-01 -6.101374e-06
9.550000e-01 -8.018866e-06
9.600000e-01 -9.613862e-06
9.650000e-01 -1.080662e-05
9.700000e-01 -1.155301e-05
9.750000e-01 -1.184618e-05
9.800000e-01 -1.168336e-05
9.850000e-01 -1.106477e-05
9.900000e-01 -9.993158e-06
9.950000e-01 -8.503195e-06
1 -6.675224e-06
1.005000e+00 -4.597457e-06
1.010000e+00 -2.353754e-06
1.015000e+00 -1.704572e-08
1.020000e+00 2.337491e-06
1.025000e+00 4.607556e-06
1.030000e+00 6.682241e-06
1.035000e+00 8.470853e-06
1.040000e+00 9.914098e-06
1.045000e+00 1.097244e-05
1.050000e+00 1.160765e-05
1.055000e+00 1.177932e-05
1.060000e+00 1.146527e-05
1.065000e+00 1.068331e-05
1.070000e+00 9.481263e-06
1.075000e+00 7.916063e-06
1.080000e+00 6.041461e-06
1.085000e+00 3.918548e-06
1.090000e+00 1.628630e-06
1.095000e+00 -7.239853e-07
1.100000e+00 -3.032703e-06
1.105000e+00 -5.212191e-06
1.110000e+00 -7.186620e-06
1.115000e+00 -8.883539e-06
1.120000e+00 -1.022763e-05
1.125000e+00 -1.115354e-05
1.130000e+00 -1.162998e-05
1.135000e+00 -1.164735e-05
1.140000e+00 -1.120559e-05
1.145000e+00 -1.030916e-05
1.150000e+00 -8.969936e-06
1.155000e+00 -7.232806e-06
1.160000e+00 -5.183877e-06
1.165000e+00 -2.938365e-06
1.170000e+00 -6.358843e-07
1.175000e+00 1.566099e-06
1.180000e+00 3.483905e-06
1.185000e+00 4.930444e-06
1.190000e+00 5.761334e-06
1.195000e+00 5.901509e-06
1.200000e+00 5.365731e-06
1.205000e+00 4.206364e-06
1.210000e+00 2.478842e-06
1.215000e+00 2.626281e-07
1.220000e+00 -2.350493e-06
1.225000e+00 -5.265716e-06
1.230000e+00 -8.365506e-06
1.235000e+00 -1.151355e-05
1.240000e+00 -1.461667e-05
1.245000e+00 -1.759407e-05
1.250000e+00 -2.028260e-05
1.255000e+00 -2.248254e-05
1.260000e+00 -2.403008e-05
1.265000e+00 -2.476842e-05
1.270000e+00 -2.455135e-05
1.275000e+00 -2.328523e-05
1.280000e+00 -2.097480e-05
1.285000e+00 -1.776515e-05
1.290000e+00 -1.385197e-05
1.295000e+00 -9.403491e-06
1.300000e+00 -4.622079e-06
1.305000e+00 2.801986e-07
1.310000e+00 5.147368e-06
1.315000e+00 9.819334e-06
1.320000e+00 1.412302e-05
1.325000e+00 1.787932e-05
1.330000e+00 2.090421e-05
1.335000e+00 2.312243e-05
1.340000e+00 2.455600e-05
1.345000e+00 2.525151e-05
1.350000e+00 2.528463e-05
1.355000e+00 2.470880e-05
1.360000e+00 2.358074e-05
1.365000e+00 2.199486e-05
1.370000e+00 2.000572e-05
1.375000e+00 1.764116e-05
1.380000e+00 1.494906e-05
1.385000e+00 1.201391e-05
1.390000e+00 8.991009e-06
1.395000e+00 6.062255e-06
1.400000e+00 3.419461e-06
1.405000e+00 1.204966e-06
1.410000e+00 -6.250154e-07
1.415000e+00 -2.183686e-06
1.420000e+00 -3.482191e-06
1.425000e+00 -4.481034e-06
1.430000e+00 -5.206229e-06
1.435000e+00 -5.756121e-06
1.440000e+00 -6.170371e-06
1.445000e+00 -6.431139e-06
1.450000e+00 -6.522316e-06
1.455000e+00 -6.363857e-06
1.460000e+00 -5.858156e-06
1.465000e+00 -4.948243e-06
1.470000e+00 -3.653451e-06
1.475000e+00 -2.116497e-06
1.480000e+00 -5.218409e-07
1.485000e+00 9.950293e-07
1.490000e+00 2.405431e-06
1.495000e+00 3.726006e-06
1.500000e+00 4.926526e-06
1.505000e+00 5.935088e-06
1.510000e+00 6.639949e-06
1.515000e+00 6.979639e-06
1.520000e+00 6.970870e-06
1.525000e+00 6.628378e-06
1.530000e+00 5.957888e-06
1.535000e+00 4.989392e-06
1.540000e+00 3.828981e-06
1.545000e+00 2.593197e-06
1.550000e+00 1.304710e-06
1.555000e+00 -6.217677e-08
1.560000e+00 -1.440561e-06
1.565000e+00 -2.652845e-06
1.570000e+00 -3.612590e-06
1.575000e+00 -4.365473e-06
1.580000e+00 -4.930521e-06
1.585000e+00 -5.279413e-06
1.590000e+00 -5.420183e-06
1.595000e+00 -5.388150e-06
1.600000e+00 -5.183360e-06
1.605000e+00 -4.808997e-06
1.610000e+00 -4.318669e-06
1.615000e+00 -3.742025e-06
1.620000e+00 -3.052860e-06
1.625000e+00 -2.258699e-06
1.630000e+00 -1.401028e-06
1.635000e+00 -5.002327e-07
1.640000e+00 4.230354e-07
1.645000e+00 1.338859e-06
1.650000e+00 2.248207e-06
1.655000e+00 3.149657e-06
1.660000e+00 3.962443e-06
1.665000e+00 4.608290e-06
1.670000e+00 5.096746e-06
1.675000e+00 5.434429e-06
1.680000e+00 5.575814e-06
1.685000e+00 5.489925e-06
1.690000e+00 5.168273e-06
1.695000e+00 4.621722e-06
1.700000e+00 3.899944e-06
1.705000e+00 3.018575e-06
1.710000e+00 1.970209e-06
1.715000e+00 8.292227e-07
1.720000e+00 -3.312588e-07
1.725000e+00 -1.506574e-06
1.730000e+00 -2.647899e-06
1.735000e+00 -3.666156e-06
1.740000e+00 -4.526532e-06
1.745000e+00 -5.225402e-06
1.750000e+00 -5.735712e-06
1.755000e+00 -6.018575e-06
1.760000e+00 -6.051474e-06
1.765000e+00 -5.836821e-06
1.770000e+00 -5.392315e-06
1.775000e+00 -4.749539e-06
1.780000e+00 -3.935740e-06
1.785000e+00 -2.964706e-06
1.790000e+00 -1.849545e-06
1.795000e+00 -6.349309e-07
1.800000e+00 5.851971e-07
1.805000e+00 1.771954e-06
1.810000e+00 2.924170e-06
1.815000e+00 3.986856e-06
1.820000e+00 4.915076e-06
1.825000e+00 5.676254e-06
1.830000e+00 6.211822e-06
1.835000e+00 6.495212e-06
1.840000e+00 6.545289e-06
1.845000e+00 6.356375e-06
1.850000e+00 5.910491e-06
1.855000e+00 5.221117e-06
1.860000e+00 4.293573e-06
1.865000e+00 3.146840e-06
1.870000e+00 1.862657e-06
1.875000e+00 5.040066e-07
1.880000e+00 -9.185427e-07
1.885000e+00 -2.363943e-06
1.890000e+00 -3.754607e-06
1.895000e+00 -5.014121e-06
1.900000e+00 -6.076842e-06
1.905000e+00 -6.894589e-06
1.910000e+00 -7.438564e-06
1.915000e+00 -7.693118e-06
1.920000e+00 -7.623576e-06
1.925000e+00 -7.196031e-06
1.930000e+00 -6.428014e-06
1.935000e+00 -5.362885e-06
1.940000e+00 -4.047717e-06
1.945000e+00 -2.535632e-06
1.950000e+00 -8.754877e-07
1.955000e+00 8.659517e-07
1.960000e+00 2.597088e-06
1.965000e+00 4.231872e-06
1.970000e+00 5.688993e-06
1.975000e+00 6.894852e-06
1.980000e+00 7.807305e-06
1.985000e+00 8.386722e-06
1.990000e+00 8.571527e-06
1.995000e+00 8.340585e-06
2 7.731717e-06
2.005000e+00 6.770359e-06
2.010000e+00 5.482132e-06
2.015000e+00 3.934516e-06
2.020000e+00 2.200178e-06
2.025000e+00 3.522751e-07
2.030000e+00 -1.506955e-06
2.035000e+00 -3.273119e-06
2.040000e+00 -4.886919e-06
2.045000e+00 -6.286236e-06
2.050000e+00 -7.383136e-06
2.055000e+00 -8.115193e-06
2.060000e+00 -8.448538e-06
2.065000e+00 -8.388508e-06
2.070000e+00 -7.953161e-06
2.075000e+00 -7.153228e-06
2.080000e+00 -6.024790e-06
2.085000e+00 -4.621094e-06
2.090000e+00 -3.011831e-06
2.095000e+00 -1.300715e-06
2.100000e+00 4.156282e-07
2.105000e+00 2.080302e-06
2.110000e+00 3.632578e-06
2.115000e+00 4.993801e-06
2.120000e+00 6.085346e-06
2.125000e+00 6.851863e-06
2.130000e+00 7.270927e-06
2.135000e+00 7.352690e-06
2.140000e+00 7.119609e-06
2.145000e+00 6.570783e-06
2.150000e+00 5.720917e-06
2.155000e+00 4.625174e-06
2.160000e+00 3.361295e-06
2.165000e+00 2.007599e-06
2.170000e+00 6.261022e-07
2.175000e+00 -7.299393e-07
2.180000e+00 -2.010849e-06
2.185000e+00 -3.158078e-06
2.190000e+00 -4.104154e-06
2.195000e+00 -4.799733e-06
2.200000e+00 -5.248295e-06
2.205000e+00 -5.465793e-06
2.210000e+00 -5.439957e-06
2.215000e+00 -5.176673e-06
2.220000e+00 -4.695492e-06
2.225000e+00 -4.035817e-06
2.230000e+00 -3.257226e-06
2.235000e+00 -2.397081e-06
2.240000e+00 -1.494615e-06
2.245000e+00 -5.929324e-07
2.250000e+00 2.739628e-07
2.255000e+00 1.069067e-06
2.260000e+00 1.754315e-06
2.265000e+00 2.302911e-06
2.270000e+00 2.720421e-06
2.275000e+00 3.018781e-06
2.280000e+00 3.177207e-06
2.285000e+00 3.188451e-06
2.290000e+00 3.091296e-06
2.295000e+00 2.916725e-06
2.300000e+00 2.671067e-06
2.305000e+00 2.360910e-06
2.310000e+00 2.008104e-06
2.315000e+00 1.642796e-06
2.320000e+00 1.279265e-06
2.325000e+00 9.274847e-07
2.330000e+00 5.923668e-07
2.335000e+00 2.730596e-07
2.340000e+00 -3.628465e-08
2.345000e+00 -3.341205e-07
2.350000e+00 -5.936388e-07
2.355000e+00 -8.248723e-07
2.360000e+00 -1.066729e-06
2.365000e+00 -1.321113e-06
2.370000e+00 -1.564517e-06
2.375000e+00 -1.788581e-06
2.380000e+00 -1.997379e-06
2.385000e+00 -2.191319e-06
2.390000e+00 -2.384622e-06
2.395000e+00 -2.567878e-06
2.400000e+00 -2.685499e-06
2.405000e+00 -2.709347e-06
2.410000e+00 -2.655217e-06
2.415000e+00 -2.517830e-06
2.420000e+00 -2.283955e-06
2.425000e+00 -1.945522e-06
2.430000e+00 -1.482968e-06
2.435000e+00 -9.013901e-07
2.440000e+00 -2.233704e-07
2.445000e+00 5.202177e-07
2.450000e+00 1.316007e-06
2.455000e+00 2.168816e-06
2.460000e+00 3.031919e-06
2.465000e+00 3.809086e-06
2.470000e+00 4.385922e-06
2.475000e+00 4.642495e-06
2.480000e+00 4.472819e-06
2.485000e+00 3.806442e-06
2.490000e+00 2.598822e-06
2.495000e+00 8.299051e-07
2.500000e+00 -1.447026e-06
2.505000e+00 -4.111265e-06
2.510000e+00 -7.038355e-06
2.515000e+00 -1.011974e-05
2.520000e+00 -1.325871e-05
2.525000e+00 -1.635776e-05
2.530000e+00 -1.929888e-05
2.535000e+00 -2.194807e-05
2.540000e+00 -2.415643e-05
2.545000e+00 -2.578350e-05
2.550000e+00 -2.673206e-05
2.555000e+00 -2.691615e-05
2.560000e+00 -2.622927e-05
2.565000e+00 -2.459734e-05
2.570000e+00 -2.199465e-05
2.575000e+00 -1.843273e-05
2.580000e+00 -1.399862e-05
2.585000e+00 -8.871211e-06
2.590000e+00 -3.322518e-06
2.595000e+00 2.347827e-06
2.600000e+00 7.880728e-06
2.605000e+00 1.304839e-05
2.610000e+00 1.767049e-05
2.615000e+00 2.160019e-05
2.620000e+00 2.469213e-05
2.625000e+00 2.681409e-05
2.630000e+00 2.787225e-05
2.635000e+00 2.788694e-05
2.640000e+00 2.698359e-05
2.645000e+00 2.529028e-05
2.650000e+00 2.290610e-05
2.655000e+00 1.993405e-05
2.660000e+00 1.652438e-05
2.665000e+00 1.285344e-05
2.670000e+00 9.072773e-06
2.675000e+00 5.310817e-06
2.680000e+00 1.699100e-06
2.685000e+00 -1.620117e-06
2.690000e+00 -4.492401e-06
2.695000e+00 -6.769903e-06
2.700000e+00 -8.318609e-06
2.705000e+00 -9.045619e-06
2.710000e+00 -8.948466e-06
2.715000e+00 -8.098445e-06
2.720000e+00 -6.609138e-06
2.725000e+00 -4.616193e-06
2.730000e+00 -2.313224e-06
2.735000e+00 7.394334e-08
2.740000e+00 2.406562e-06
2.745000e+00 4.640759e-06
2.750000e+00 6.720226e-06
2.755000e+00 8.534876e-06
2.760000e+00 1.000278e-05
2.765000e+00 1.110556e-05
2.770000e+00 1.183127e-05
2.775000e+00 1.211187e-05
2.780000e+00 1.187505e-05
2.785000e+00 1.111104e-05
2.790000e+00 9.821732e-06
2.795000e+00 8.015717e-06
2.800000e+00 5.773070e-06
2.805000e+00 3.267630e-06
2.810000e+00 6.962826e-07
2.815000e+00 -1.819754e-06
2.820000e+00 -4.231088e-06
2.825000e+00 -6.524983e-06
2.830000e+00 -8.670356e-06
2.835000e+00 -1.055308e-05
2.840000e+00 -1.203955e-05
2.845000e+00 -1.304430e-05
2.850000e+00 -1.352058e-05
2.855000e+00 -1.343960e-05
2.860000e+00 -1.280950e-05
2.865000e+00 -1.166484e-05
2.870000e+00 -1.000785e-05
2.875000e+00 -7.857485e-06
2.880000e+00 -5.294723e-06
2.885000e+00 -2.433396e-06
2.890000e+00 5.876554e-07
2.895000e+00 3.613881e-06
2.900000e+00 6.484628e-06
2.905000e+00 9.044214e-06
2.910000e+00 1.120220e-05
2.915000e+00 1.291345e-05
2.920000e+00 1.408809e-05
2.925000e+00 1.463376e-05
2.930000e+00 1.453572e-05
2.935000e+00 1.382126e-05
2.940000e+00 1.250216e-05
2.945000e+00 1.062651e-05
2.950000e+00 8.294812e-06
2.955000e+00 5.631494e-06
2.960000e+00 2.780373e-06
2.965000e+00 -1.444943e-07
2.970000e+00 -3.049767e-06
2.975000e+00 -5.823272e-06
2.980000e+00 -8.335979e-06
2.985000e+00 -1.047037e-05
2.990000e+00 -1.214007e-05
2.995000e+00 -1.331188e-05
3 -1.399828e-05
