T X
0 0
5.000000e-03 -5.027305e-08
1.000000e-02 -1.208144e-07
1.500000e-02 -2.750104e-07
2.000000e-02 -7.269866e-07
2.500000e-02 -9.084431e-07
3.000000e-02 1.206996e-06
3.500000e-02 5.351660e-06
4.000000e-02 4.587716e-06
4.500000e-02 -9.251828e-07
5.000000e-02 -1.902412e-06
5.500000e-02 -1.405990e-06
6.000000e-02 -3.271804e-06
6.500000e-02 -1.176977e-05
7.000000e-02 -4.156874e-05
7.500000e-02 -6.116725e-05
8.000000e-02 3.156523e-05
8.500000e-02 2.456039e-04
9.000000e-02 3.186926e-04
9.500000e-02 1.987057e-05
1.000000e-01 -4.335510e-04
1.050000e-01 -7.200253e-04
1.100000e-01 -7.883209e-04
1.150000e-01 -5.732062e-04
1.200000e-01 -4.722331e-05
1.250000e-01 6.045564e-04
1.300000e-01 1.281576e-03
1.350000e-01 1.859390e-03
1.400000e-01 2.153842e-03
1.450000e-01 2.195577e-03
1.500000e-01 1.939706e-03
1.550000e-01 1.300951e-03
1.600000e-01 3.696089e-04
1.650000e-01 -8.283546e-04
1.700000e-01 -2.229644e-03
1.750000e-01 -3.681127e-03
1.800000e-01 -5.058422e-03
1.850000e-01 -6.267532e-03
1.900000e-01 -7.231263e-03
1.950000e-01 -7.881428e-03
2.000000e-01 -8.167035e-03
2.050000e-01 -7.952850e-03
2.100000e-01 -7.223288e-03
2.150000e-01 -6.042570e-03
2.200000e-01 -4.390620e-03
2.250000e-01 -2.323850e-03
2.300000e-01 1.696461e-04
2.350000e-01 3.022338e-03
2.400000e-01 6.034747e-03
2.450000e-01 9.150581e-03
2.500000e-01 1.232128e-02
2.550000e-01 1.543727e-02
2.600000e-01 1.835710e-02
2.650000e-01 2.092629e-02
2.700000e-01 2.305441e-02
2.750000e-01 2.469373e-02
2.800000e-01 2.578179e-02
2.850000e-01 2.628546e-02
2.900000e-01 2.621861e-02
2.950000e-01 2.554866e-02
3.000000e-01 2.429397e-02
3.050000e-01 2.254633e-02
3.100000e-01 2.037399e-02
3.150000e-01 1.787149e-02
3.200000e-01 1.513341e-02
3.250000e-01 1.222144e-02
3.300000e-01 9.239300e-03
3.350000e-01 6.319430e-03
3.400000e-01 3.590027e-03
3.450000e-01 1.203795e-03
3.500000e-01 -7.467757e-04
3.550000e-01 -2.192835e-03
3.600000e-01 -3.070114e-03
3.650000e-01 -3.386008e-03
3.700000e-01 -3.114404e-03
3.750000e-01 -2.219655e-03
3.800000e-01 -7.660613e-04
3.850000e-01 1.139899e-03
3.900000e-01 3.476097e-03
3.950000e-01 6.208841e-03
4.000000e-01 9.188898e-03
4.050000e-01 1.224115e-02
4.100000e-01 1.524429e-02
4.150000e-01 1.811426e-02
4.200000e-01 2.075517e-02
4.250000e-01 2.306410e-02
4.300000e-01 2.492259e-02
4.350000e-01 2.623438e-02
4.400000e-01 2.693201e-02
4.450000e-01 2.701981e-02
4.500000e-01 2.652063e-02
4.550000e-01 2.544849e-02
4.600000e-01 2.387124e-02
4.650000e-01 2.179506e-02
4.700000e-01 1.928781e-02
4.750000e-01 1.649160e-02
4.800000e-01 1.352781e-02
4.850000e-01 1.054887e-02
4.900000e-01 7.644409e-03
4.950000e-01 4.902773e-03
5.000000e-01 2.460634e-03
5.050000e-01 4.403274e-04
5.100000e-01 -1.094754e-03
5.150000e-01 -2.111202e-03
5.200000e-01 -2.510288e-03
5.250000e-01 -2.277665e-03
5.300000e-01 -1.478230e-03
5.350000e-01 -9.472491e-05
5.400000e-01 1.854689e-03
5.450000e-01 4.260957e-03
5.500000e-01 7.012024e-03
5.550000e-01 1.001010e-02
5.600000e-01 1.314490e-02
5.650000e-01 1.626237e-02
5.700000e-01 1.922430e-02
5.750000e-01 2.196536e-02
5.800000e-01 2.438885e-02
5.850000e-01 2.637323e-02
5.900000e-01 2.781131e-02
5.950000e-01 2.863490e-02
6.000000e-01 2.885213e-02
6.050000e-01 2.844928e-02
6.100000e-01 2.743825e-02
6.150000e-01 2.585515e-02
6.200000e-01 2.374773e-02
6.250000e-01 2.125934e-02
6.300000e-01 1.850663e-02
6.350000e-01 1.555427e-02
6.400000e-01 1.253189e-02
6.450000e-01 9.560257e-03
6.500000e-01 6.745834e-03
6.550000e-01 4.256013e-03
6.600000e-01 2.178746e-03
6.650000e-01 5.662620e-04
6.700000e-01 -4.956334e-04
6.750000e-01 -9.615609e-04
6.800000e-01 -8.017626e-04
6.850000e-01 -3.350890e-05
6.900000e-01 1.302479e-03
6.950000e-01 3.150653e-03
7.000000e-01 5.432390e-03
7.050000e-01 8.071760e-03
7.100000e-01 1.098727e-02
7.150000e-01 1.408842e-02
7.200000e-01 1.722580e-02
7.250000e-01 2.028169e-02
7.300000e-01 2.315200e-02
7.350000e-01 2.568871e-02
7.400000e-01 2.779092e-02
7.450000e-01 2.936689e-02
7.500000e-01 3.039855e-02
7.550000e-01 3.087745e-02
7.600000e-01 3.076681e-02
7.650000e-01 3.006536e-02
7.700000e-01 2.874231e-02
7.750000e-01 2.688803e-02
7.800000e-01 2.466210e-02
7.850000e-01 2.209098e-02
7.900000e-01 1.919271e-02
7.950000e-01 1.615386e-02
8.000000e-01 1.320327e-02
8.050000e-01 1.041777e-02
8.100000e-01 7.875585e-03
8.150000e-01 5.664511e-03
8.200000e-01 3.826688e-03
8.250000e-01 2.500535e-03
8.300000e-01 1.776406e-03
8.350000e-01 1.643165e-03
8.400000e-01 2.090801e-03
8.450000e-01 3.087127e-03
8.500000e-01 4.607282e-03
8.550000e-01 6.642364e-03
8.600000e-01 9.126723e-03
8.650000e-01 1.193773e-02
8.700000e-01 1.493033e-02
8.750000e-01 1.792952e-02
8.800000e-01 2.087105e-02
8.850000e-01 2.373275e-02
8.900000e-01 2.636158e-02
8.950000e-01 2.863746e-02
9.000000e-01 3.049822e-02
9.050000e-01 3.185480e-02
9.100000e-01 3.259989e-02
9.150000e-01 3.268961e-02
9.200000e-01 3.220822e-02
9.250000e-01 3.121362e-02
9.300000e-01 2.969781e-02
9.350000e-01 2.765506e-02
9.400000e-01 2.516010e-02
9.450000e-01 2.242606e-02
9.500000e-01 1.958207e-02
9.550000e-01 1.666063e-02
9.600000e-01 1.379801e-02
9.650000e-01 1.111806e-02
9.700000e-01 8.709076e-03
9.750000e-01 6.702349e-03
9.800000e-01 5.183093e-03
9.850000e-01 4.227750e-03
9.900000e-01 3.868090e-03
9.950000e-01 4.057225e-03
1 4.819638e-03
1.005000e+00 6.160950e-03
1.010000e+00 7.998898e-03
1.015000e+00 1.026720e-02
1.020000e+00 1.284370e-02
1.025000e+00 1.563225e-02
1.030000e+00 1.861380e-02
1.035000e+00 2.165772e-02
1.040000e+00 2.465023e-02
1.045000e+00 2.748089e-02
1.050000e+00 2.992400e-02
1.055000e+00 3.186864e-02
1.060000e+00 3.331437e-02
1.065000e+00 3.426256e-02
1.070000e+00 3.472249e-02
1.075000e+00 3.465673e-02
1.080000e+00 3.397612e-02
1.085000e+00 3.264858e-02
1.090000e+00 3.077056e-02
1.095000e+00 2.846540e-02
1.100000e+00 2.584260e-02
1.105000e+00 2.304186e-02
1.110000e+00 2.017869e-02
1.115000e+00 1.730512e-02
1.120000e+00 1.449610e-02
1.125000e+00 1.190212e-02
1.130000e+00 9.695789e-03
1.135000e+00 8.007252e-03
1.140000e+00 6.860133e-03
1.145000e+00 6.229829e-03
1.150000e+00 6.138189e-03
1.155000e+00 6.624704e-03
1.160000e+00 7.693803e-03
1.165000e+00 9.283658e-03
1.170000e+00 1.136866e-02
1.175000e+00 1.390831e-02
1.180000e+00 1.674691e-02
1.185000e+00 1.972210e-02
1.190000e+00 2.270117e-02
1.195000e+00 2.558901e-02
1.200000e+00 2.831439e-02
1.205000e+00 3.081096e-02
1.210000e+00 3.302911e-02
1.215000e+00 3.488420e-02
1.220000e+00 3.621638e-02
1.225000e+00 3.693779e-02
1.230000e+00 3.701652e-02
1.235000e+00 3.641953e-02
1.240000e+00 3.522569e-02
1.245000e+00 3.351497e-02
1.250000e+00 3.140450e-02
1.255000e+00 2.903514e-02
1.260000e+00 2.644837e-02
1.265000e+00 2.369593e-02
1.270000e+00 2.083986e-02
1.275000e+00 1.798658e-02
1.280000e+00 1.526808e-02
1.285000e+00 1.282785e-02
1.290000e+00 1.083767e-02
1.295000e+00 9.388421e-03
1.300000e+00 8.555010e-03
1.305000e+00 8.357351e-03
1.310000e+00 8.718071e-03
1.315000e+00 9.578009e-03
1.320000e+00 1.092201e-02
1.325000e+00 1.273434e-02
1.330000e+00 1.496674e-02
1.335000e+00 1.759830e-02
1.340000e+00 2.051653e-02
1.345000e+00 2.355870e-02
1.350000e+00 2.662801e-02
1.355000e+00 2.954857e-02
1.360000e+00 3.218627e-02
1.365000e+00 3.448209e-02
1.370000e+00 3.636794e-02
1.375000e+00 3.783129e-02
1.380000e+00 3.879998e-02
1.385000e+00 3.919167e-02
1.390000e+00 3.898808e-02
1.395000e+00 3.816026e-02
1.400000e+00 3.677203e-02
1.405000e+00 3.489137e-02
1.410000e+00 3.253342e-02
1.415000e+00 2.983910e-02
1.420000e+00 2.701683e-02
1.425000e+00 2.413019e-02
1.430000e+00 2.121504e-02
1.435000e+00 1.848184e-02
1.440000e+00 1.609259e-02
1.445000e+00 1.410604e-02
1.450000e+00 1.259179e-02
1.455000e+00 1.150431e-02
1.460000e+00 1.081602e-02
1.465000e+00 1.065759e-02
1.470000e+00 1.110617e-02
1.475000e+00 1.218677e-02
1.480000e+00 1.390982e-02
1.485000e+00 1.617198e-02
1.490000e+00 1.885545e-02
1.495000e+00 2.179656e-02
1.500000e+00 2.481413e-02
1.505000e+00 2.783997e-02
1.510000e+00 3.075582e-02
1.515000e+00 3.338954e-02
1.520000e+00 3.570149e-02
1.525000e+00 3.768686e-02
1.530000e+00 3.929390e-02
1.535000e+00 4.050252e-02
1.540000e+00 4.121111e-02
1.545000e+00 4.131586e-02
1.550000e+00 4.085343e-02
1.555000e+00 3.979914e-02
1.560000e+00 3.816526e-02
1.565000e+00 3.602814e-02
1.570000e+00 3.340638e-02
1.575000e+00 3.048400e-02
1.580000e+00 2.747041e-02
1.585000e+00 2.449037e-02
1.590000e+00 2.166897e-02
1.595000e+00 1.910458e-02
1.600000e+00 1.691708e-02
1.605000e+00 1.516969e-02
1.610000e+00 1.390626e-02
1.615000e+00 1.317801e-02
1.620000e+00 1.299529e-02
1.625000e+00 1.332374e-02
1.630000e+00 1.413124e-02
1.635000e+00 1.546980e-02
1.640000e+00 1.735403e-02
1.645000e+00 1.968602e-02
1.650000e+00 2.238025e-02
1.655000e+00 2.535306e-02
1.660000e+00 2.845380e-02
1.665000e+00 3.152517e-02
1.670000e+00 3.442086e-02
1.675000e+00 3.704656e-02
1.680000e+00 3.933907e-02
1.685000e+00 4.118414e-02
1.690000e+00 4.247288e-02
1.695000e+00 4.319523e-02
1.700000e+00 4.337842e-02
1.705000e+00 4.301113e-02
1.710000e+00 4.212982e-02
1.715000e+00 4.072500e-02
1.720000e+00 3.879618e-02
1.725000e+00 3.650412e-02
1.730000e+00 3.394184e-02
1.735000e+00 3.112351e-02
1.740000e+00 2.814045e-02
1.745000e+00 2.516937e-02
1.750000e+00 2.236981e-02
1.755000e+00 1.985746e-02
1.760000e+00 1.780758e-02
1.765000e+00 1.630249e-02
1.770000e+00 1.530256e-02
1.775000e+00 1.485021e-02
1.780000e+00 1.503102e-02
1.785000e+00 1.583370e-02
1.790000e+00 1.713945e-02
1.795000e+00 1.886914e-02
1.800000e+00 2.100801e-02
1.805000e+00 2.348064e-02
1.810000e+00 2.618413e-02
1.815000e+00 2.904307e-02
1.820000e+00 3.198302e-02
1.825000e+00 3.492326e-02
1.830000e+00 3.773930e-02
1.835000e+00 4.026560e-02
1.840000e+00 4.241703e-02
1.845000e+00 4.415164e-02
1.850000e+00 4.537011e-02
1.855000e+00 4.598667e-02
1.860000e+00 4.592563e-02
1.865000e+00 4.511910e-02
1.870000e+00 4.362969e-02
1.875000e+00 4.161919e-02
1.880000e+00 3.921845e-02
1.885000e+00 3.654535e-02
1.890000e+00 3.372846e-02
1.895000e+00 3.084067e-02
1.900000e+00 2.800456e-02
1.905000e+00 2.541941e-02
1.910000e+00 2.312792e-02
1.915000e+00 2.107464e-02
1.920000e+00 1.936731e-02
1.925000e+00 1.815562e-02
1.930000e+00 1.747631e-02
1.935000e+00 1.731605e-02
1.940000e+00 1.762406e-02
1.945000e+00 1.841697e-02
1.950000e+00 1.977016e-02
1.955000e+00 2.164675e-02
1.960000e+00 2.394581e-02
1.965000e+00 2.658470e-02
1.970000e+00 2.948928e-02
1.975000e+00 3.261224e-02
1.980000e+00 3.580988e-02
1.985000e+00 3.885829e-02
1.990000e+00 4.165063e-02
1.995000e+00 4.410277e-02
2 4.603988e-02
2.005000e+00 4.731651e-02
2.010000e+00 4.792946e-02
2.015000e+00 4.789374e-02
2.020000e+00 4.720094e-02
2.025000e+00 4.596444e-02
2.030000e+00 4.425842e-02
2.035000e+00 4.208644e-02
2.040000e+00 3.955199e-02
2.045000e+00 3.675908e-02
2.050000e+00 3.384363e-02
2.055000e+00 3.103005e-02
2.060000e+00 2.840941e-02
2.065000e+00 2.598268e-02
2.070000e+00 2.384571e-02
2.075000e+00 2.206529e-02
2.080000e+00 2.061975e-02
2.085000e+00 1.958775e-02
2.090000e+00 1.913020e-02
2.095000e+00 1.927594e-02
2.100000e+00 1.995165e-02
2.105000e+00 2.108576e-02
2.110000e+00 2.266691e-02
2.115000e+00 2.472110e-02
2.120000e+00 2.725153e-02
2.125000e+00 3.014191e-02
2.130000e+00 3.320623e-02
2.135000e+00 3.634021e-02
2.140000e+00 3.941223e-02
2.145000e+00 4.227431e-02
2.150000e+00 4.479910e-02
2.155000e+00 4.687439e-02
2.160000e+00 4.844060e-02
2.165000e+00 4.942742e-02
2.170000e+00 4.977706e-02
2.175000e+00 4.946822e-02
2.180000e+00 4.853099e-02
2.185000e+00 4.704929e-02
2.190000e+00 4.506967e-02
2.195000e+00 4.267201e-02
2.200000e+00 4.001280e-02
2.205000e+00 3.720018e-02
2.210000e+00 3.430440e-02
2.215000e+00 3.145983e-02
2.220000e+00 2.883245e-02
2.225000e+00 2.647956e-02
2.230000e+00 2.441439e-02
2.235000e+00 2.273411e-02
2.240000e+00 2.155108e-02
2.245000e+00 2.092156e-02
2.250000e+00 2.082929e-02
2.255000e+00 2.128012e-02
2.260000e+00 2.232139e-02
2.265000e+00 2.389009e-02
2.270000e+00 2.588581e-02
2.275000e+00 2.822849e-02
2.280000e+00 3.089396e-02
2.285000e+00 3.385907e-02
2.290000e+00 3.693327e-02
2.295000e+00 3.996794e-02
2.300000e+00 4.288441e-02
2.305000e+00 4.555108e-02
2.310000e+00 4.782265e-02
2.315000e+00 4.957453e-02
2.320000e+00 5.075488e-02
2.325000e+00 5.133473e-02
2.330000e+00 5.131178e-02
2.335000e+00 5.066998e-02
2.340000e+00 4.937180e-02
2.345000e+00 4.752065e-02
2.350000e+00 4.528050e-02
2.355000e+00 4.270706e-02
2.360000e+00 3.985694e-02
2.365000e+00 3.691682e-02
2.370000e+00 3.404188e-02
2.375000e+00 3.130195e-02
2.380000e+00 2.878795e-02
2.385000e+00 2.661564e-02
2.390000e+00 2.490620e-02
2.395000e+00 2.371282e-02
2.400000e+00 2.304488e-02
2.405000e+00 2.287416e-02
2.410000e+00 2.312319e-02
2.415000e+00 2.382877e-02
2.420000e+00 2.505287e-02
2.425000e+00 2.675056e-02
2.430000e+00 2.891034e-02
2.435000e+00 3.143390e-02
2.440000e+00 3.412372e-02
2.445000e+00 3.689193e-02
2.450000e+00 3.969566e-02
2.455000e+00 4.245389e-02
2.460000e+00 4.507677e-02
2.465000e+00 4.747014e-02
2.470000e+00 4.956953e-02
2.475000e+00 5.129178e-02
2.480000e+00 5.251553e-02
2.485000e+00 5.314207e-02
2.490000e+00 5.309073e-02
2.495000e+00 5.238316e-02
2.500000e+00 5.107762e-02
2.505000e+00 4.917637e-02
2.510000e+00 4.674372e-02
2.515000e+00 4.390516e-02
2.520000e+00 4.079899e-02
2.525000e+00 3.757807e-02
2.530000e+00 3.437136e-02
2.535000e+00 3.130697e-02
2.540000e+00 2.850728e-02
2.545000e+00 2.609946e-02
2.550000e+00 2.423530e-02
2.555000e+00 2.299060e-02
2.560000e+00 2.243226e-02
2.565000e+00 2.264238e-02
2.570000e+00 2.357989e-02
2.575000e+00 2.517523e-02
2.580000e+00 2.732248e-02
2.585000e+00 2.986005e-02
2.590000e+00 3.268698e-02
2.595000e+00 3.569547e-02
2.600000e+00 3.880050e-02
2.605000e+00 4.191790e-02
2.610000e+00 4.486550e-02
2.615000e+00 4.749580e-02
2.620000e+00 4.974450e-02
2.625000e+00 5.152735e-02
2.630000e+00 5.274198e-02
2.635000e+00 5.336133e-02
2.640000e+00 5.343032e-02
2.645000e+00 5.297225e-02
2.650000e+00 5.200503e-02
2.655000e+00 5.059611e-02
2.660000e+00 4.883885e-02
2.665000e+00 4.680411e-02
2.670000e+00 4.451401e-02
2.675000e+00 4.199475e-02
2.680000e+00 3.936207e-02
2.685000e+00 3.674282e-02
2.690000e+00 3.423632e-02
2.695000e+00 3.198940e-02
2.700000e+00 3.007836e-02
2.705000e+00 2.855205e-02
2.710000e+00 2.745498e-02
2.715000e+00 2.673804e-02
2.720000e+00 2.640641e-02
2.725000e+00 2.651790e-02
2.730000e+00 2.707807e-02
2.735000e+00 2.811260e-02
2.740000e+00 2.968519e-02
2.745000e+00 3.175174e-02
2.750000e+00 3.420496e-02
2.755000e+00 3.686579e-02
2.760000e+00 3.955410e-02
2.765000e+00 4.226432e-02
2.770000e+00 4.498130e-02
2.775000e+00 4.758826e-02
2.780000e+00 4.994268e-02
2.785000e+00 5.195374e-02
2.790000e+00 5.359319e-02
2.795000e+00 5.478666e-02
2.800000e+00 5.540555e-02
2.805000e+00 5.540247e-02
2.810000e+00 5.479650e-02
2.815000e+00 5.362473e-02
2.820000e+00 5.190721e-02
2.825000e+00 4.965224e-02
2.830000e+00 4.696062e-02
2.835000e+00 4.393981e-02
2.840000e+00 4.072236e-02
2.845000e+00 3.748733e-02
2.850000e+00 3.439550e-02
2.855000e+00 3.159368e-02
2.860000e+00 2.917114e-02
2.865000e+00 2.720724e-02
2.870000e+00 2.580578e-02
2.875000e+00 2.504208e-02
2.880000e+00 2.490463e-02
2.885000e+00 2.538744e-02
2.890000e+00 2.654470e-02
2.895000e+00 2.837638e-02
2.900000e+00 3.082378e-02
2.905000e+00 3.377124e-02
2.910000e+00 3.707380e-02
2.915000e+00 4.060540e-02
2.920000e+00 4.414197e-02
2.925000e+00 4.738706e-02
2.930000e+00 5.024254e-02
2.935000e+00 5.277872e-02
2.940000e+00 5.489052e-02
2.945000e+00 5.639923e-02
2.950000e+00 5.729736e-02
2.955000e+00 5.757438e-02
2.960000e+00 5.721135e-02
2.965000e+00 5.621469e-02
2.970000e+00 5.457005e-02
2.975000e+00 5.236913e-02
2.980000e+00 4.974853e-02
2.985000e+00 4.683337e-02
2.990000e+00 4.374656e-02
2.995000e+00 4.055273e-02
3 3.739218e-02
