T X
0 0
2.000000e-03 -4.424462e-11
4.000000e-03 -2.588778e-11
6.000000e-03 2.702155e-10
8.000000e-03 4.637436e-11
1.000000e-02 -2.478108e-10
1.200000e-02 -6.098670e-10
1.400000e-02 3.257414e-10
1.600000e-02 2.141066e-10
1.800000e-02 -1.412149e-09
2.000000e-02 -1.962932e-09
2.200000e-02 -5.476732e-10
2.400000e-02 -2.261477e-09
2.600000e-02 9.405964e-10
2.800000e-02 8.801838e-10
3.000000e-02 -1.576532e-09
3.200000e-02 -1.421277e-09
3.400000e-02 -3.637902e-09
3.600000e-02 -9.710688e-09
3.800000e-02 -3.215742e-08
4.000000e-02 -2.422162e-08
4.200000e-02 3.131186e-08
4.400000e-02 1.087271e-07
4.600000e-02 1.587965e-07
4.800000e-02 1.140380e-07
5.000000e-02 -1.240521e-07
5.200000e-02 -5.799926e-07
5.400000e-02 -1.048393e-06
5.600000e-02 -1.120465e-06
5.800000e-02 -9.211573e-08
6.000000e-02 3.022630e-06
6.200000e-02 9.866351e-06
6.400000e-02 2.536213e-05
6.600000e-02 6.232202e-05
6.800000e-02 1.460325e-04
7.000000e-02 3.171686e-04
7.200000e-02 6.314406e-04
7.400000e-02 1.152498e-03
7.600000e-02 1.929881e-03
7.800000e-02 2.963745e-03
8.000000e-02 4.176175e-03
8.200000e-02 5.417187e-03
8.400000e-02 6.524049e-03
8.600000e-02 7.413383e-03
8.800000e-02 8.137077e-03
9.000000e-02 8.833933e-03
9.200000e-02 9.596797e-03
9.400000e-02 1.038032e-02
9.600000e-02 1.105564e-02
9.800000e-02 1.155587e-02
1.000000e-01 1.194414e-02
1.020000e-01 1.232577e-02
1.040000e-01 1.270649e-02
1.060000e-01 1.297878e-02
1.080000e-01 1.308583e-02
1.100000e-01 1.311801e-02
1.120000e-01 1.314434e-02
1.140000e-01 1.307675e-02
1.160000e-01 1.284553e-02
1.180000e-01 1.254112e-02
1.200000e-01 1.222422e-02
1.220000e-01 1.180445e-02
1.240000e-01 1.124983e-02
1.260000e-01 1.066282e-02
1.280000e-01 1.005016e-02
1.300000e-01 9.317059e-03
1.320000e-01 8.508268e-03
1.340000e-01 7.714533e-03
1.360000e-01 6.860361e-03
1.380000e-01 5.903216e-03
1.400000e-01 4.952903e-03
1.420000e-01 4.015627e-03
1.440000e-01 3.010508e-03
1.460000e-01 1.987983e-03
1.480000e-01 1.000691e-03
1.500000e-01 -1.533774e-06
1.520000e-01 -1.008085e-03
1.540000e-01 -1.980470e-03
1.560000e-01 -2.967521e-03
1.580000e-01 -3.977328e-03
1.600000e-01 -4.967752e-03
1.620000e-01 -5.962853e-03
1.640000e-01 -6.959150e-03
1.660000e-01 -7.892032e-03
1.680000e-01 -8.745832e-03
1.700000e-01 -9.514674e-03
1.720000e-01 -1.018616e-02
1.740000e-01 -1.080405e-02
1.760000e-01 -1.138549e-02
1.780000e-01 -1.189941e-02
1.800000e-01 -1.234703e-02
1.820000e-01 -1.271250e-02
1.840000e-01 -1.296609e-02
1.860000e-01 -1.313862e-02
1.880000e-01 -1.325176e-02
1.900000e-01 -1.329058e-02
1.920000e-01 -1.324862e-02
1.940000e-01 -1.309592e-02
1.960000e-01 -1.282599e-02
1.980000e-01 -1.249354e-02
2.000000e-01 -1.210969e-02
2.020000e-01 -1.163311e-02
2.040000e-01 -1.105552e-02
2.060000e-01 -1.040511e-02
2.080000e-01 -9.708546e-03
2.100000e-01 -8.974344e-03
2.120000e-01 -8.183243e-03
2.140000e-01 -7.313130e-03
2.160000e-01 -6.384763e-03
2.180000e-01 -5.439632e-03
2.200000e-01 -4.468435e-03
2.220000e-01 -3.444698e-03
2.240000e-01 -2.396438e-03
2.260000e-01 -1.336667e-03
2.280000e-01 -2.624499e-04
2.300000e-01 8.060412e-04
2.320000e-01 1.873324e-03
2.340000e-01 2.926272e-03
2.360000e-01 3.945197e-03
2.380000e-01 4.948621e-03
2.400000e-01 5.934889e-03
2.420000e-01 6.873140e-03
2.440000e-01 7.753440e-03
2.460000e-01 8.592062e-03
2.480000e-01 9.384044e-03
2.500000e-01 1.010377e-02
2.520000e-01 1.075435e-02
2.540000e-01 1.135734e-02
2.560000e-01 1.189010e-02
2.580000e-01 1.232622e-02
2.600000e-01 1.269522e-02
2.620000e-01 1.299484e-02
2.640000e-01 1.319272e-02
2.660000e-01 1.331299e-02
2.680000e-01 1.336268e-02
2.700000e-01 1.330546e-02
2.720000e-01 1.315816e-02
2.740000e-01 1.294598e-02
2.760000e-01 1.264535e-02
2.780000e-01 1.225065e-02
2.800000e-01 1.177598e-02
2.820000e-01 1.122544e-02
2.840000e-01 1.061226e-02
2.860000e-01 9.936492e-03
2.880000e-01 9.180077e-03
2.900000e-01 8.373020e-03
2.920000e-01 7.534685e-03
2.940000e-01 6.629462e-03
2.960000e-01 5.669118e-03
2.980000e-01 4.694371e-03
3.000000e-01 3.703195e-03
3.020000e-01 2.673756e-03
3.040000e-01 1.613351e-03
3.060000e-01 5.448344e-04
3.080000e-01 -5.257100e-04
3.100000e-01 -1.592105e-03
3.120000e-01 -2.645646e-03
3.140000e-01 -3.687837e-03
3.160000e-01 -4.717917e-03
3.180000e-01 -5.711624e-03
3.200000e-01 -6.658813e-03
3.220000e-01 -7.572733e-03
3.240000e-01 -8.433611e-03
3.260000e-01 -9.227542e-03
3.280000e-01 -9.970744e-03
3.300000e-01 -1.065437e-02
3.320000e-01 -1.126328e-02
3.340000e-01 -1.179424e-02
3.360000e-01 -1.224323e-02
3.380000e-01 -1.261921e-02
3.400000e-01 -1.293633e-02
3.420000e-01 -1.318386e-02
3.440000e-01 -1.332636e-02
3.460000e-01 -1.336449e-02
3.480000e-01 -1.333641e-02
3.500000e-01 -1.324096e-02
3.520000e-01 -1.304529e-02
3.540000e-01 -1.275223e-02
3.560000e-01 -1.238814e-02
3.580000e-01 -1.195445e-02
3.600000e-01 -1.143271e-02
3.620000e-01 -1.082354e-02
3.640000e-01 -1.015494e-02
3.660000e-01 -9.434839e-03
3.680000e-01 -8.644957e-03
3.700000e-01 -7.784398e-03
3.720000e-01 -6.882898e-03
3.740000e-01 -5.952901e-03
3.760000e-01 -4.981318e-03
3.780000e-01 -3.969124e-03
3.800000e-01 -2.931147e-03
3.820000e-01 -1.879127e-03
3.840000e-01 -8.211560e-04
3.860000e-01 2.353208e-04
3.880000e-01 1.300425e-03
3.900000e-01 2.366197e-03
3.920000e-01 3.407421e-03
3.940000e-01 4.425431e-03
3.960000e-01 5.430080e-03
3.980000e-01 6.401155e-03
4.000000e-01 7.311368e-03
4.020000e-01 8.176307e-03
4.040000e-01 9.008854e-03
4.060000e-01 9.784698e-03
4.080000e-01 1.048096e-02
4.100000e-01 1.110713e-02
4.120000e-01 1.166978e-02
4.140000e-01 1.215713e-02
4.160000e-01 1.256923e-02
4.180000e-01 1.289762e-02
4.200000e-01 1.313249e-02
4.220000e-01 1.329185e-02
4.240000e-01 1.337664e-02
4.260000e-01 1.336563e-02
4.280000e-01 1.326796e-02
4.300000e-01 1.308909e-02
4.320000e-01 1.282926e-02
4.340000e-01 1.249480e-02
4.360000e-01 1.206548e-02
4.380000e-01 1.155392e-02
4.400000e-01 1.099706e-02
4.420000e-01 1.035867e-02
4.440000e-01 9.627333e-03
4.460000e-01 8.865664e-03
4.480000e-01 8.054569e-03
4.500000e-01 7.151539e-03
4.520000e-01 6.207930e-03
4.540000e-01 5.264583e-03
4.560000e-01 4.274769e-03
4.580000e-01 3.222990e-03
4.600000e-01 2.176255e-03
4.620000e-01 1.135734e-03
4.640000e-01 5.395912e-05
4.660000e-01 -1.039196e-03
4.680000e-01 -2.086592e-03
4.700000e-01 -3.106444e-03
4.720000e-01 -4.158238e-03
4.740000e-01 -5.190871e-03
4.760000e-01 -6.124084e-03
4.780000e-01 -7.028525e-03
4.800000e-01 -7.952828e-03
4.820000e-01 -8.803475e-03
4.840000e-01 -9.545211e-03
4.860000e-01 -1.024506e-02
4.880000e-01 -1.091963e-02
4.900000e-01 -1.152172e-02
4.920000e-01 -1.201681e-02
4.940000e-01 -1.242609e-02
4.960000e-01 -1.278862e-02
4.980000e-01 -1.308361e-02
5.000000e-01 -1.327429e-02
