T X
0 0
5.000000e-03 4.275055e-08
1.000000e-02 9.758525e-08
1.500000e-02 -1.636544e-07
2.000000e-02 -1.042569e-06
2.500000e-02 -1.735334e-06
3.000000e-02 -5.772143e-07
3.500000e-02 3.464113e-06
4.000000e-02 9.441741e-06
4.500000e-02 1.305746e-05
5.000000e-02 1.342072e-05
5.500000e-02 1.712047e-05
6.000000e-02 2.590703e-05
6.500000e-02 2.368680e-05
7.000000e-02 -2.421470e-05
7.500000e-02 -1.142591e-04
8.000000e-02 -1.319709e-04
8.500000e-02 3.256741e-05
9.000000e-02 2.158878e-04
9.500000e-02 7.546246e-05
1.000000e-01 -3.841623e-04
1.050000e-01 -8.176579e-04
1.100000e-01 -1.101851e-03
1.150000e-01 -1.252518e-03
1.200000e-01 -1.113597e-03
1.250000e-01 -6.601289e-04
1.300000e-01 -1.236821e-05
1.350000e-01 8.086064e-04
1.400000e-01 1.697924e-03
1.450000e-01 2.484695e-03
1.500000e-01 3.083517e-03
1.550000e-01 3.424894e-03
1.600000e-01 3.430015e-03
1.650000e-01 3.017808e-03
1.700000e-01 2.190539e-03
1.750000e-01 1.013713e-03
1.800000e-01 -4.824815e-04
1.850000e-01 -2.239633e-03
1.900000e-01 -4.169938e-03
1.950000e-01 -6.150433e-03
2.000000e-01 -8.011410e-03
2.050000e-01 -9.657458e-03
2.100000e-01 -1.100712e-02
2.150000e-01 -1.195675e-02
2.200000e-01 -1.243715e-02
2.250000e-01 -1.234393e-02
2.300000e-01 -1.166985e-02
2.350000e-01 -1.044550e-02
2.400000e-01 -8.610618e-03
2.450000e-01 -6.152065e-03
2.500000e-01 -3.107515e-03
2.550000e-01 4.031411e-04
2.600000e-01 4.260258e-03
2.650000e-01 8.382134e-03
2.700000e-01 1.258688e-02
2.750000e-01 1.672780e-02
2.800000e-01 2.074259e-02
2.850000e-01 2.451318e-02
2.900000e-01 2.792010e-02
2.950000e-01 3.088917e-02
3.000000e-01 3.336592e-02
3.050000e-01 3.532094e-02
3.100000e-01 3.667864e-02
3.150000e-01 3.737938e-02
3.200000e-01 3.748132e-02
3.250000e-01 3.705473e-02
3.300000e-01 3.619670e-02
3.350000e-01 3.502002e-02
3.400000e-01 3.358579e-02
3.450000e-01 3.200194e-02
3.500000e-01 3.043344e-02
3.550000e-01 2.908700e-02
3.600000e-01 2.816013e-02
3.650000e-01 2.779854e-02
3.700000e-01 2.813664e-02
3.750000e-01 2.929115e-02
3.800000e-01 3.136566e-02
3.850000e-01 3.445953e-02
3.900000e-01 3.867311e-02
3.950000e-01 4.404888e-02
4.000000e-01 5.058730e-02
4.050000e-01 5.830551e-02
4.100000e-01 6.715832e-02
4.150000e-01 7.712123e-02
4.200000e-01 8.817553e-02
4.250000e-01 1.002482e-01
4.300000e-01 1.133160e-01
4.350000e-01 1.273666e-01
4.400000e-01 1.424092e-01
4.450000e-01 1.584652e-01
4.500000e-01 1.755403e-01
4.550000e-01 1.936657e-01
4.600000e-01 2.129937e-01
4.650000e-01 2.337762e-01
4.700000e-01 2.562640e-01
4.750000e-01 2.807575e-01
4.800000e-01 3.076002e-01
4.850000e-01 3.372068e-01
4.900000e-01 3.700843e-01
4.950000e-01 4.068371e-01
5.000000e-01 4.481463e-01
5.050000e-01 4.947261e-01
5.100000e-01 5.473708e-01
5.150000e-01 6.070107e-01
5.200000e-01 6.746537e-01
5.250000e-01 7.513482e-01
5.300000e-01 8.383266e-01
5.350000e-01 9.369086e-01
5.400000e-01 1.048457e+00
5.450000e-01 1.174535e+00
5.500000e-01 1.316904e+00
5.550000e-01 1.477491e+00
5.600000e-01 1.658389e+00
5.650000e-01 1.861991e+00
5.700000e-01 2.090924e+00
5.750000e-01 2.348065e+00
5.800000e-01 2.636722e+00
5.850000e-01 2.960582e+00
5.900000e-01 3.323821e+00
5.950000e-01 3.731187e+00
6.000000e-01 4.187975e+00
6.050000e-01 4.700158e+00
6.100000e-01 5.274526e+00
6.150000e-01 5.918762e+00
6.200000e-01 6.641472e+00
6.250000e-01 7.452357e+00
6.300000e-01 8.362396e+00
6.350000e-01 9.383936e+00
6.400000e-01 1.053092e+01
6.450000e-01 1.181901e+01
6.500000e-01 1.326575e+01
6.550000e-01 1.489090e+01
6.600000e-01 1.671667e+01
6.650000e-01 1.876803e+01
6.700000e-01 2.107302e+01
6.750000e-01 2.366305e+01
6.800000e-01 2.657342e+01
6.850000e-01 2.984372e+01
6.900000e-01 3.351847e+01
6.950000e-01 3.764766e+01
7.000000e-01 4.228735e+01
7.050000e-01 4.750048e+01
7.100000e-01 5.335772e+01
7.150000e-01 5.993848e+01
7.200000e-01 6.733193e+01
7.250000e-01 7.563817e+01
7.300000e-01 8.496967e+01
7.350000e-01 9.545285e+01
7.400000e-01 1.072297e+02
7.450000e-01 1.204596e+02
7.500000e-01 1.353217e+02
7.550000e-01 1.520173e+02
7.600000e-01 1.707726e+02
7.650000e-01 1.918418e+02
7.700000e-01 2.155103e+02
7.750000e-01 2.420989e+02
7.800000e-01 2.719680e+02
7.850000e-01 3.055227e+02
7.900000e-01 3.432180e+02
7.950000e-01 3.855649e+02
8.000000e-01 4.331378e+02
8.050000e-01 4.865818e+02
8.100000e-01 5.466217e+02
8.150000e-01 6.140719e+02
8.200000e-01 6.898472e+02
8.250000e-01 7.749752e+02
8.300000e-01 8.706102e+02
8.350000e-01 9.780493e+02
8.400000e-01 1.098750e+03
8.450000e-01 1.234348e+03
8.500000e-01 1.386682e+03
8.550000e-01 1.557820e+03
8.600000e-01 1.750079e+03
8.650000e-01 1.966069e+03
8.700000e-01 2.208716e+03
8.750000e-01 2.481313e+03
8.800000e-01 2.787554e+03
8.850000e-01 3.131592e+03
8.900000e-01 3.518091e+03
8.950000e-01 3.952292e+03
9.000000e-01 4.440083e+03
9.050000e-01 4.988077e+03
9.100000e-01 5.603704e+03
9.150000e-01 6.295312e+03
9.200000e-01 7.072278e+03
9.250000e-01 7.945137e+03
9.300000e-01 8.925724e+03
9.350000e-01 1.002734e+04
9.400000e-01 1.126491e+04
9.450000e-01 1.265522e+04
9.500000e-01 1.421713e+04
9.550000e-01 1.597181e+04
9.600000e-01 1.794306e+04
9.650000e-01 2.015759e+04
9.700000e-01 2.264545e+04
9.750000e-01 2.544037e+04
9.800000e-01 2.858023e+04
9.850000e-01 3.210763e+04
9.900000e-01 3.607037e+04
9.950000e-01 4.052221e+04
1 4.552350e+04
1.005000e+00 5.114205e+04
1.010000e+00 5.745406e+04
1.015000e+00 6.454510e+04
1.020000e+00 7.251133e+04
1.025000e+00 8.146076e+04
1.030000e+00 9.151474e+04
1.035000e+00 1.028096e+05
1.040000e+00 1.154985e+05
1.045000e+00 1.297534e+05
1.050000e+00 1.457678e+05
1.055000e+00 1.637586e+05
1.060000e+00 1.839699e+05
1.065000e+00 2.066757e+05
1.070000e+00 2.321838e+05
1.075000e+00 2.608402e+05
1.080000e+00 2.930334e+05
1.085000e+00 3.292000e+05
1.090000e+00 3.698302e+05
1.095000e+00 4.154751e+05
1.100000e+00 4.667536e+05
1.105000e+00 5.243609e+05
1.110000e+00 5.890781e+05
1.115000e+00 6.617828e+05
1.120000e+00 7.434609e+05
1.125000e+00 8.352197e+05
1.130000e+00 9.383036e+05
1.135000e+00 1.054110e+06
1.140000e+00 1.184210e+06
1.145000e+00 1.330366e+06
1.150000e+00 1.494562e+06
1.155000e+00 1.679022e+06
1.160000e+00 1.886250e+06
1.165000e+00 2.119053e+06
1.170000e+00 2.380589e+06
1.175000e+00 2.674404e+06
1.180000e+00 3.004483e+06
1.185000e+00 3.375299e+06
1.190000e+00 3.791883e+06
1.195000e+00 4.259882e+06
1.200000e+00 4.785642e+06
1.205000e+00 5.376292e+06
1.210000e+00 6.039840e+06
1.215000e+00 6.785285e+06
1.220000e+00 7.622733e+06
1.225000e+00 8.563541e+06
1.230000e+00 9.620464e+06
1.235000e+00 1.080783e+07
1.240000e+00 1.214175e+07
1.245000e+00 1.364030e+07
1.250000e+00 1.532380e+07
1.255000e+00 1.721508e+07
1.260000e+00 1.933979e+07
1.265000e+00 2.172673e+07
1.270000e+00 2.440827e+07
1.275000e+00 2.742077e+07
1.280000e+00 3.080508e+07
1.285000e+00 3.460708e+07
1.290000e+00 3.887833e+07
1.295000e+00 4.367674e+07
1.300000e+00 4.906738e+07
1.305000e+00 5.512333e+07
1.310000e+00 6.192673e+07
1.315000e+00 6.956980e+07
1.320000e+00 7.815619e+07
1.325000e+00 8.780233e+07
1.330000e+00 9.863900e+07
1.335000e+00 1.108131e+08
1.340000e+00 1.244898e+08
1.345000e+00 1.398545e+08
1.350000e+00 1.571156e+08
1.355000e+00 1.765070e+08
1.360000e+00 1.982917e+08
1.365000e+00 2.227651e+08
1.370000e+00 2.502590e+08
1.375000e+00 2.811463e+08
1.380000e+00 3.158457e+08
1.385000e+00 3.548278e+08
1.390000e+00 3.986211e+08
1.395000e+00 4.478194e+08
1.400000e+00 5.030898e+08
1.405000e+00 5.651818e+08
1.410000e+00 6.349373e+08
1.415000e+00 7.133020e+08
1.420000e+00 8.013386e+08
1.425000e+00 9.002408e+08
1.430000e+00 1.011350e+09
1.435000e+00 1.136172e+09
1.440000e+00 1.276399e+09
1.445000e+00 1.433934e+09
1.450000e+00 1.610912e+09
1.455000e+00 1.809733e+09
1.460000e+00 2.033092e+09
1.465000e+00 2.284019e+09
1.470000e+00 2.565916e+09
1.475000e+00 2.882604e+09
1.480000e+00 3.238379e+09
1.485000e+00 3.638063e+09
1.490000e+00 4.087078e+09
1.495000e+00 4.591510e+09
1.500000e+00 5.158200e+09
1.505000e+00 5.794831e+09
1.510000e+00 6.510037e+09
1.515000e+00 7.313514e+09
1.520000e+00 8.216157e+09
1.525000e+00 9.230205e+09
1.530000e+00 1.036941e+10
1.535000e+00 1.164921e+10
1.540000e+00 1.308697e+10
1.545000e+00 1.470218e+10
1.550000e+00 1.651675e+10
1.555000e+00 1.855526e+10
1.560000e+00 2.084538e+10
1.565000e+00 2.341814e+10
1.570000e+00 2.630844e+10
1.575000e+00 2.955546e+10
1.580000e+00 3.320323e+10
1.585000e+00 3.730121e+10
1.590000e+00 4.190497e+10
1.595000e+00 4.707694e+10
1.600000e+00 5.288723e+10
1.605000e+00 5.941464e+10
1.610000e+00 6.674767e+10
1.615000e+00 7.498575e+10
1.620000e+00 8.424058e+10
1.625000e+00 9.463766e+10
1.630000e+00 1.063180e+11
1.635000e+00 1.194399e+11
1.640000e+00 1.341813e+11
1.645000e+00 1.507421e+11
1.650000e+00 1.693469e+11
1.655000e+00 1.902479e+11
1.660000e+00 2.137285e+11
1.665000e+00 2.401071e+11
1.670000e+00 2.697415e+11
1.675000e+00 3.030333e+11
1.680000e+00 3.404340e+11
1.685000e+00 3.824508e+11
1.690000e+00 4.296534e+11
1.695000e+00 4.826817e+11
1.700000e+00 5.422549e+11
1.705000e+00 6.091807e+11
1.710000e+00 6.843666e+11
1.715000e+00 7.688319e+11
1.720000e+00 8.637221e+11
1.725000e+00 9.703238e+11
1.730000e+00 1.090082e+12
1.735000e+00 1.224622e+12
1.740000e+00 1.375766e+12
1.745000e+00 1.545565e+12
1.750000e+00 1.736320e+12
1.755000e+00 1.950619e+12
1.760000e+00 2.191367e+12
1.765000e+00 2.461828e+12
1.770000e+00 2.765670e+12
1.775000e+00 3.107013e+12
1.780000e+00 3.490484e+12
1.785000e+00 3.921284e+12
1.790000e+00 4.405254e+12
1.795000e+00 4.948955e+12
1.800000e+00 5.559762e+12
1.805000e+00 6.245954e+12
1.810000e+00 7.016838e+12
1.815000e+00 7.882865e+12
1.820000e+00 8.855777e+12
1.825000e+00 9.948768e+12
1.830000e+00 1.117666e+13
1.835000e+00 1.255609e+13
1.840000e+00 1.410578e+13
1.845000e+00 1.584674e+13
1.850000e+00 1.780256e+13
1.855000e+00 1.999978e+13
1.860000e+00 2.246817e+13
1.865000e+00 2.524122e+13
1.870000e+00 2.835653e+13
1.875000e+00 3.185632e+13
1.880000e+00 3.578807e+13
1.885000e+00 4.020508e+13
1.890000e+00 4.516724e+13
1.895000e+00 5.074184e+13
1.900000e+00 5.700446e+13
1.905000e+00 6.404002e+13
1.910000e+00 7.194392e+13
1.915000e+00 8.082333e+13
1.920000e+00 9.079865e+13
1.925000e+00 1.020051e+14
1.930000e+00 1.145947e+14
1.935000e+00 1.287382e+14
1.940000e+00 1.446272e+14
1.945000e+00 1.624772e+14
1.950000e+00 1.825304e+14
1.955000e+00 2.050585e+14
1.960000e+00 2.303671e+14
1.965000e+00 2.587993e+14
1.970000e+00 2.907406e+14
1.975000e+00 3.266242e+14
1.980000e+00 3.669365e+14
1.985000e+00 4.122243e+14
1.990000e+00 4.631016e+14
1.995000e+00 5.202581e+14
2 584469031053761
2.005000e+00 6.566049e+14
2.010000e+00 737643910600947
2.015000e+00 828684825224557
2.020000e+00 9.309621e+14
2.025000e+00 1045862654184360
2.030000e+00 1.174944e+15
2.035000e+00 1.319957e+15
2.040000e+00 1482868207312851
2.045000e+00 1.665886e+15
2.050000e+00 1.871491e+15
2.055000e+00 2102473090145121
2.060000e+00 2361962946372538
2.065000e+00 2653479360193604
2.070000e+00 2980975110620677
2.075000e+00 3348890788784201
2.080000e+00 3762215057430847
2.085000e+00 4226552345598234
2.090000e+00 4748198731915090
2.095000e+00 5334227330550658
2.100000e+00 5992584314710162
2.105000e+00 6732196574754216
2.110000e+00 7563092749173794
2.115000e+00 8496539220141364
2.120000e+00 9545192732880552
2.125000e+00 10723272227311432
2.130000e+00 12046751735904856
2.135000e+00 13533576714743744
2.140000e+00 15203907548267008
2.145000e+00 17080392743336928
2.150000e+00 19188475905699040
2.155000e+00 21556741277397752
2.160000e+00 24217301197005864
2.165000e+00 27206230944897000
2.170000e+00 30564057974487248
2.175000e+00 34336312238830800
2.180000e+00 38574142931855952
2.185000e+00 43335011540378976
2.190000e+00 48683472422273904
2.195000e+00 54692047622504384
2.200000e+00 61442209077583264
2.205000e+00 69025483732539936
2.210000e+00 77544695077059200
2.215000e+00 87115357809199872
2.220000e+00 97867244203272640
2.225000e+00 109946142644775680
2.230000e+00 123515833327989504
2.235000e+00 138760310356847744
2.240000e+00 155886278156860800
2.245000e+00 175125954670679616
2.250000e+00 196740219766491584
2.255000e+00 221022147623382784
2.260000e+00 248300979316710784
2.265000e+00 278946596576977536
2.270000e+00 313374536382140544
2.275000e+00 352051615242798720
2.280000e+00 395502263644054656
2.285000e+00 444315643853409536
2.290000e+00 499153634686277376
2.295000e+00 560759801312278528
2.300000e+00 629969474843936512
2.305000e+00 707721089844810752
2.310000e+00 795068912857117184
2.315000e+00 893197310501111296
2.320000e+00 1003436816787211008
2.325000e+00 1127282212012646912
2.330000e+00 1266412773765888000
2.335000e+00 1422715017145599488
2.340000e+00 1598308285215597056
2.345000e+00 1795573500444907008
2.350000e+00 2017185438822822912
2.355000e+00 2266148979905086464
2.360000e+00 2545839874031627264
2.365000e+00 2860050560990384128
2.370000e+00 3213041553884292096
2.375000e+00 3609599141520175104
2.380000e+00 4055100349345164288
2.385000e+00 4555585897013874688
2.390000e+00 5117842046021498880
2.395000e+00 5749492583844212736
2.400000e+00 6459102190686543872
2.405000e+00 7256292652516917248
2.410000e+00 8151873388654698496
2.415000e+00 9157987851755704320
2.420000e+00 1.028828e+19
2.425000e+00 1.155807e+19
2.430000e+00 1.298458e+19
2.435000e+00 1.458715e+19
2.440000e+00 1.638752e+19
2.445000e+00 1.841009e+19
2.450000e+00 2.068228e+19
2.455000e+00 2.323492e+19
2.460000e+00 2.610260e+19
2.465000e+00 2.932421e+19
2.470000e+00 3.294345e+19
2.475000e+00 3.700937e+19
2.480000e+00 4.157711e+19
2.485000e+00 4.670861e+19
2.490000e+00 5.247344e+19
2.495000e+00 5.894978e+19
2.500000e+00 6.622543e+19
2.505000e+00 7.439906e+19
2.510000e+00 8.358148e+19
2.515000e+00 9.389721e+19
2.520000e+00 1.054861e+20
2.525000e+00 1.185054e+20
2.530000e+00 1.331314e+20
2.535000e+00 1.495627e+20
2.540000e+00 1.680219e+20
2.545000e+00 1.887594e+20
2.550000e+00 2.120563e+20
2.555000e+00 2.382285e+20
2.560000e+00 2.676310e+20
2.565000e+00 3.006623e+20
2.570000e+00 3.377705e+20
2.575000e+00 3.794585e+20
2.580000e+00 4.262918e+20
2.585000e+00 4.789052e+20
2.590000e+00 5.380123e+20
2.595000e+00 6.044145e+20
2.600000e+00 6.790120e+20
2.605000e+00 7.628165e+20
2.610000e+00 8.569643e+20
2.615000e+00 9.627319e+20
2.620000e+00 1.081553e+21
2.625000e+00 1.215040e+21
2.630000e+00 1.365002e+21
2.635000e+00 1.533472e+21
2.640000e+00 1.722735e+21
2.645000e+00 1.935357e+21
2.650000e+00 2.174222e+21
2.655000e+00 2.442567e+21
2.660000e+00 2.744031e+21
2.665000e+00 3.082703e+21
2.670000e+00 3.463174e+21
2.675000e+00 3.890603e+21
2.680000e+00 4.370787e+21
2.685000e+00 4.910235e+21
2.690000e+00 5.516262e+21
2.695000e+00 6.197086e+21
2.700000e+00 6.961938e+21
2.705000e+00 7.821189e+21
2.710000e+00 8.786490e+21
2.715000e+00 9.870929e+21
2.720000e+00 1.108921e+22
2.725000e+00 1.245786e+22
2.730000e+00 1.399542e+22
2.735000e+00 1.572275e+22
2.740000e+00 1.766327e+22
2.745000e+00 1.984330e+22
2.750000e+00 2.229238e+22
2.755000e+00 2.504374e+22
2.760000e+00 2.813466e+22
2.765000e+00 3.160708e+22
2.770000e+00 3.550806e+22
2.775000e+00 3.989051e+22
2.780000e+00 4.481385e+22
2.785000e+00 5.034483e+22
2.790000e+00 5.655845e+22
2.795000e+00 6.353897e+22
2.800000e+00 7.138103e+22
2.805000e+00 8.019096e+22
2.810000e+00 9.008823e+22
2.815000e+00 1.012070e+23
2.820000e+00 1.136981e+23
2.825000e+00 1.277309e+23
2.830000e+00 1.434956e+23
2.835000e+00 1.612060e+23
2.840000e+00 1.811023e+23
2.845000e+00 2.034541e+23
2.850000e+00 2.285647e+23
2.855000e+00 2.567744e+23
2.860000e+00 2.884658e+23
2.865000e+00 3.240687e+23
2.870000e+00 3.640656e+23
2.875000e+00 4.089991e+23
2.880000e+00 4.594782e+23
2.885000e+00 5.161876e+23
2.890000e+00 5.798961e+23
2.895000e+00 6.514676e+23
2.900000e+00 7.318725e+23
2.905000e+00 8.222012e+23
2.910000e+00 9.236782e+23
2.915000e+00 1.037680e+24
2.920000e+00 1.165751e+24
2.925000e+00 1.309630e+24
2.930000e+00 1.471266e+24
2.935000e+00 1.652852e+24
2.940000e+00 1.856849e+24
2.945000e+00 2.086023e+24
2.950000e+00 2.343483e+24
2.955000e+00 2.632719e+24
2.960000e+00 2.957652e+24
2.965000e+00 3.322689e+24
2.970000e+00 3.732779e+24
2.975000e+00 4.193484e+24
2.980000e+00 4.711049e+24
2.985000e+00 5.292492e+24
2.990000e+00 5.945698e+24
2.995000e+00 6.679524e+24
3 7.503919e+24
