T X
0 0
5.000000e-03 2.432121e-08
1.000000e-02 9.216553e-08
1.500000e-02 -2.948286e-07
2.000000e-02 -1.909498e-06
2.500000e-02 -3.419540e-06
3.000000e-02 -1.991858e-06
3.500000e-02 1.314739e-06
4.000000e-02 1.605210e-06
4.500000e-02 -1.114754e-06
5.000000e-02 2.391532e-07
5.500000e-02 8.386798e-06
6.000000e-02 1.681652e-05
6.500000e-02 1.288624e-05
7.000000e-02 -2.486235e-05
7.500000e-02 -7.972590e-05
8.000000e-02 -3.903844e-05
8.500000e-02 1.601583e-04
9.000000e-02 3.237917e-04
9.500000e-02 2.059938e-04
1.000000e-01 -1.188800e-04
1.050000e-01 -4.120806e-04
1.100000e-01 -5.817300e-04
1.150000e-01 -5.616454e-04
1.200000e-01 -2.651649e-04
1.250000e-01 3.009026e-04
1.300000e-01 1.101872e-03
1.350000e-01 2.020120e-03
1.400000e-01 2.890368e-03
1.450000e-01 3.653539e-03
1.500000e-01 4.224804e-03
1.550000e-01 4.509879e-03
1.600000e-01 4.474840e-03
1.650000e-01 4.091206e-03
1.700000e-01 3.408204e-03
1.750000e-01 2.498901e-03
1.800000e-01 1.411504e-03
1.850000e-01 2.049295e-04
1.900000e-01 -1.012506e-03
1.950000e-01 -2.170423e-03
2.000000e-01 -3.255804e-03
2.050000e-01 -4.095688e-03
2.100000e-01 -4.540284e-03
2.150000e-01 -4.558791e-03
2.200000e-01 -4.051840e-03
2.250000e-01 -2.924255e-03
2.300000e-01 -1.188989e-03
2.350000e-01 1.100461e-03
2.400000e-01 3.998848e-03
2.450000e-01 7.543617e-03
2.500000e-01 1.171028e-02
2.550000e-01 1.648643e-02
2.600000e-01 2.180995e-02
2.650000e-01 2.761543e-02
2.700000e-01 3.382372e-02
2.750000e-01 4.036403e-02
2.800000e-01 4.717534e-02
2.850000e-01 5.415835e-02
2.900000e-01 6.118547e-02
2.950000e-01 6.817760e-02
3.000000e-01 7.517172e-02
3.050000e-01 8.219802e-02
3.100000e-01 8.928356e-02
3.150000e-01 9.650798e-02
3.200000e-01 1.039754e-01
3.250000e-01 1.118532e-01
3.300000e-01 1.203543e-01
3.350000e-01 1.297117e-01
3.400000e-01 1.401811e-01
3.450000e-01 1.520302e-01
3.500000e-01 1.655998e-01
3.550000e-01 1.812734e-01
3.600000e-01 1.994041e-01
3.650000e-01 2.203691e-01
3.700000e-01 2.445059e-01
3.750000e-01 2.722104e-01
3.800000e-01 3.040323e-01
3.850000e-01 3.404744e-01
3.900000e-01 3.819952e-01
3.950000e-01 4.291320e-01
4.000000e-01 4.824971e-01
4.050000e-01 5.427191e-01
4.100000e-01 6.105269e-01
4.150000e-01 6.867624e-01
4.200000e-01 7.722983e-01
4.250000e-01 8.681324e-01
4.300000e-01 9.753848e-01
4.350000e-01 1.095310e+00
4.400000e-01 1.229390e+00
4.450000e-01 1.379330e+00
4.500000e-01 1.547015e+00
4.550000e-01 1.734546e+00
4.600000e-01 1.944385e+00
4.650000e-01 2.179308e+00
4.700000e-01 2.442435e+00
4.750000e-01 2.737377e+00
4.800000e-01 3.068176e+00
4.850000e-01 3.439371e+00
4.900000e-01 3.856121e+00
4.950000e-01 4.324173e+00
5.000000e-01 4.849952e+00
5.050000e-01 5.440721e+00
5.100000e-01 6.104633e+00
5.150000e-01 6.850826e+00
5.200000e-01 7.689555e+00
5.250000e-01 8.632342e+00
5.300000e-01 9.692125e+00
5.350000e-01 1.088336e+01
5.400000e-01 1.222228e+01
5.450000e-01 1.372706e+01
5.500000e-01 1.541816e+01
5.550000e-01 1.731850e+01
5.600000e-01 1.945371e+01
5.650000e-01 2.185270e+01
5.700000e-01 2.454786e+01
5.750000e-01 2.757556e+01
5.800000e-01 3.097680e+01
5.850000e-01 3.479750e+01
5.900000e-01 3.908929e+01
5.950000e-01 4.391019e+01
6.000000e-01 4.932536e+01
6.050000e-01 5.540801e+01
6.100000e-01 6.224052e+01
6.150000e-01 6.991547e+01
6.200000e-01 7.853686e+01
6.250000e-01 8.822150e+01
6.300000e-01 9.910067e+01
6.350000e-01 1.113219e+02
6.400000e-01 1.250510e+02
6.450000e-01 1.404741e+02
6.500000e-01 1.578004e+02
6.550000e-01 1.772651e+02
6.600000e-01 1.991321e+02
6.650000e-01 2.236981e+02
6.700000e-01 2.512965e+02
6.750000e-01 2.823015e+02
6.800000e-01 3.171336e+02
6.850000e-01 3.562654e+02
6.900000e-01 4.002276e+02
6.950000e-01 4.496162e+02
7.000000e-01 5.051012e+02
7.050000e-01 5.674347e+02
7.100000e-01 6.374621e+02
7.150000e-01 7.161328e+02
7.200000e-01 8.045134e+02
7.250000e-01 9.038024e+02
7.300000e-01 1.015346e+03
7.350000e-01 1.140656e+03
7.400000e-01 1.281432e+03
7.450000e-01 1.439582e+03
7.500000e-01 1.617251e+03
7.550000e-01 1.816847e+03
7.600000e-01 2.041077e+03
7.650000e-01 2.292981e+03
7.700000e-01 2.575974e+03
7.750000e-01 2.893894e+03
7.800000e-01 3.251052e+03
7.850000e-01 3.652289e+03
7.900000e-01 4.103048e+03
7.950000e-01 4.609438e+03
8.000000e-01 5.178328e+03
8.050000e-01 5.817430e+03
8.100000e-01 6.535411e+03
8.150000e-01 7.342006e+03
8.200000e-01 8.248152e+03
8.250000e-01 9.266136e+03
8.300000e-01 1.040976e+04
8.350000e-01 1.169453e+04
8.400000e-01 1.313788e+04
8.450000e-01 1.475936e+04
8.500000e-01 1.658097e+04
8.550000e-01 1.862740e+04
8.600000e-01 2.092641e+04
8.650000e-01 2.350916e+04
8.700000e-01 2.641069e+04
8.750000e-01 2.967032e+04
8.800000e-01 3.333226e+04
8.850000e-01 3.744616e+04
8.900000e-01 4.206781e+04
8.950000e-01 4.725986e+04
9.000000e-01 5.309272e+04
9.050000e-01 5.964548e+04
9.100000e-01 6.700700e+04
9.150000e-01 7.527707e+04
9.200000e-01 8.456785e+04
9.250000e-01 9.500531e+04
9.300000e-01 1.067310e+05
9.350000e-01 1.199038e+05
9.400000e-01 1.347025e+05
9.450000e-01 1.513276e+05
9.500000e-01 1.700047e+05
9.550000e-01 1.909868e+05
9.600000e-01 2.145587e+05
9.650000e-01 2.410398e+05
9.700000e-01 2.707892e+05
9.750000e-01 3.042103e+05
9.800000e-01 3.417563e+05
9.850000e-01 3.839363e+05
9.900000e-01 4.313221e+05
9.950000e-01 4.845564e+05
1 5.443610e+05
1.005000e+00 6.115467e+05
1.010000e+00 6.870245e+05
1.015000e+00 7.718179e+05
1.020000e+00 8.670766e+05
1.025000e+00 9.740923e+05
1.030000e+00 1.094316e+06
1.035000e+00 1.229378e+06
1.040000e+00 1.381109e+06
1.045000e+00 1.551567e+06
1.050000e+00 1.743064e+06
1.055000e+00 1.958195e+06
1.060000e+00 2.199878e+06
1.065000e+00 2.471389e+06
1.070000e+00 2.776411e+06
1.075000e+00 3.119079e+06
1.080000e+00 3.504040e+06
1.085000e+00 3.936513e+06
1.090000e+00 4.422362e+06
1.095000e+00 4.968176e+06
1.100000e+00 5.581354e+06
1.105000e+00 6.270212e+06
1.110000e+00 7.044089e+06
1.115000e+00 7.913480e+06
1.120000e+00 8.890171e+06
1.125000e+00 9.987407e+06
1.130000e+00 1.122007e+07
1.135000e+00 1.260486e+07
1.140000e+00 1.416057e+07
1.145000e+00 1.590828e+07
1.150000e+00 1.787170e+07
1.155000e+00 2.007745e+07
1.160000e+00 2.255543e+07
1.165000e+00 2.533925e+07
1.170000e+00 2.846666e+07
1.175000e+00 3.198005e+07
1.180000e+00 3.592706e+07
1.185000e+00 4.036123e+07
1.190000e+00 4.534266e+07
1.195000e+00 5.093891e+07
1.200000e+00 5.722585e+07
1.205000e+00 6.428873e+07
1.210000e+00 7.222333e+07
1.215000e+00 8.113722e+07
1.220000e+00 9.115128e+07
1.225000e+00 1.024013e+08
1.230000e+00 1.150398e+08
1.235000e+00 1.292381e+08
1.240000e+00 1.451889e+08
1.245000e+00 1.631083e+08
1.250000e+00 1.832393e+08
1.255000e+00 2.058549e+08
1.260000e+00 2.312618e+08
1.265000e+00 2.598044e+08
1.270000e+00 2.918698e+08
1.275000e+00 3.278927e+08
1.280000e+00 3.683616e+08
1.285000e+00 4.138253e+08
1.290000e+00 4.649001e+08
1.295000e+00 5.222786e+08
1.300000e+00 5.867389e+08
1.305000e+00 6.591550e+08
1.310000e+00 7.405087e+08
1.315000e+00 8.319032e+08
1.320000e+00 9.345777e+08
1.325000e+00 1.049924e+09
1.330000e+00 1.179507e+09
1.335000e+00 1.325084e+09
1.340000e+00 1.488627e+09
1.345000e+00 1.672355e+09
1.350000e+00 1.878760e+09
1.355000e+00 2.110639e+09
1.360000e+00 2.371136e+09
1.365000e+00 2.663785e+09
1.370000e+00 2.992552e+09
1.375000e+00 3.361897e+09
1.380000e+00 3.776826e+09
1.385000e+00 4.242967e+09
1.390000e+00 4.766639e+09
1.395000e+00 5.354944e+09
1.400000e+00 6.015858e+09
1.405000e+00 6.758342e+09
1.410000e+00 7.592466e+09
1.415000e+00 8.529537e+09
1.420000e+00 9.582263e+09
1.425000e+00 1.076492e+10
1.430000e+00 1.209354e+10
1.435000e+00 1.358614e+10
1.440000e+00 1.526296e+10
1.445000e+00 1.714673e+10
1.450000e+00 1.926300e+10
1.455000e+00 2.164046e+10
1.460000e+00 2.431136e+10
1.465000e+00 2.731189e+10
1.470000e+00 3.068276e+10
1.475000e+00 3.446967e+10
1.480000e+00 3.872395e+10
1.485000e+00 4.350331e+10
1.490000e+00 4.887255e+10
1.495000e+00 5.490446e+10
1.500000e+00 6.168083e+10
1.505000e+00 6.929356e+10
1.510000e+00 7.784586e+10
1.515000e+00 8.745369e+10
1.520000e+00 9.824733e+10
1.525000e+00 1.103731e+11
1.530000e+00 1.239955e+11
1.535000e+00 1.392992e+11
1.540000e+00 1.564917e+11
1.545000e+00 1.758061e+11
1.550000e+00 1.975043e+11
1.555000e+00 2.218805e+11
1.560000e+00 2.492653e+11
1.565000e+00 2.800299e+11
1.570000e+00 3.145916e+11
1.575000e+00 3.534189e+11
1.580000e+00 3.970383e+11
1.585000e+00 4.460412e+11
1.590000e+00 5.010922e+11
1.595000e+00 5.629376e+11
1.600000e+00 6.324161e+11
1.605000e+00 7.104697e+11
1.610000e+00 7.981567e+11
1.615000e+00 8.966662e+11
1.620000e+00 1.007334e+12
1.625000e+00 1.131660e+12
1.630000e+00 1.271331e+12
1.635000e+00 1.428240e+12
1.640000e+00 1.604516e+12
1.645000e+00 1.802547e+12
1.650000e+00 2.025020e+12
1.655000e+00 2.274950e+12
1.660000e+00 2.555727e+12
1.665000e+00 2.871158e+12
1.670000e+00 3.225520e+12
1.675000e+00 3.623618e+12
1.680000e+00 4.070849e+12
1.685000e+00 4.573279e+12
1.690000e+00 5.137718e+12
1.695000e+00 5.771822e+12
1.700000e+00 6.484187e+12
1.705000e+00 7.284474e+12
1.710000e+00 8.183533e+12
1.715000e+00 9.193555e+12
1.720000e+00 1.032823e+13
1.725000e+00 1.160296e+13
1.730000e+00 1.303501e+13
1.735000e+00 1.464381e+13
1.740000e+00 1.645116e+13
1.745000e+00 1.848159e+13
1.750000e+00 2.076261e+13
1.755000e+00 2.332515e+13
1.760000e+00 2.620397e+13
1.765000e+00 2.943810e+13
1.770000e+00 3.307139e+13
1.775000e+00 3.715310e+13
1.780000e+00 4.173858e+13
1.785000e+00 4.689001e+13
1.790000e+00 5.267723e+13
1.795000e+00 5.917872e+13
1.800000e+00 6.648263e+13
1.805000e+00 7.468800e+13
1.810000e+00 8.390609e+13
1.815000e+00 9.426189e+13
1.820000e+00 1.058958e+14
1.825000e+00 1.189656e+14
1.830000e+00 1.336485e+14
1.835000e+00 1.501435e+14
1.840000e+00 1.686744e+14
1.845000e+00 1.894925e+14
1.850000e+00 2.128798e+14
1.855000e+00 2.391537e+14
1.860000e+00 2.686704e+14
1.865000e+00 3.018300e+14
1.870000e+00 3.390823e+14
1.875000e+00 3.809322e+14
1.880000e+00 4.279474e+14
1.885000e+00 4.807652e+14
1.890000e+00 5.401018e+14
1.895000e+00 606761828288212
1.900000e+00 6.816491e+14
1.905000e+00 7.657791e+14
1.910000e+00 8.602925e+14
1.915000e+00 9.664709e+14
1.920000e+00 1.085754e+15
1.925000e+00 1.219759e+15
1.930000e+00 1.370303e+15
1.935000e+00 1.539428e+15
1.940000e+00 1729425859651617
1.945000e+00 1.942874e+15
1.950000e+00 2182665658463926
1.955000e+00 2452052974651655
1.960000e+00 2754688408174202
1.965000e+00 3094675486198963
1.970000e+00 3476624197260447
1.975000e+00 3905713493562334
1.980000e+00 4.387762e+15
1.985000e+00 4929304515033308
1.990000e+00 5537685427876247
1.995000e+00 6221153474979537
2 6988975998756109
2.005000e+00 7851564131912280
2.010000e+00 8820613966658166
2.015000e+00 9909265136311076
2.020000e+00 11132278987410002
2.025000e+00 12506238741658444
2.030000e+00 14049774324724302
2.035000e+00 15783814986528514
2.040000e+00 17731873106911680
2.045000e+00 19920362984059468
2.050000e+00 22378959011220116
2.055000e+00 25140998036626472
2.060000e+00 28243931351958220
2.065000e+00 31729832542437624
2.070000e+00 35645967996221004
2.075000e+00 40045437775079696
2.080000e+00 44987895613651752
2.085000e+00 50540357779651152
2.090000e+00 56778111749000304
2.095000e+00 63785737076423736
2.100000e+00 71658252256826272
2.105000e+00 80502403095383136
2.110000e+00 90438110058309648
2.115000e+00 101600094331127440
2.120000e+00 114139704638735360
2.125000e+00 128226969299799328
2.130000e+00 144052901686762256
2.135000e+00 161832090445968928
2.140000e+00 181805608979966400
2.145000e+00 204244284056586144
2.150000e+00 229452368248105056
2.155000e+00 257771665526884384
2.160000e+00 289586165751195392
2.165000e+00 325327251124732160
2.170000e+00 365479545648009280
2.175000e+00 410587486496846016
2.180000e+00 461262705756329408
2.185000e+00 518192323633646592
2.190000e+00 582148265878923520
2.195000e+00 653997730386480256
2.200000e+00 734714945685365632
2.205000e+00 825394380352017152
2.210000e+00 927265583379846912
2.215000e+00 1041709857261348992
2.220000e+00 1170278986601699072
2.225000e+00 1314716278788876288
2.230000e+00 1476980202568128000
2.235000e+00 1659270942004752640
2.240000e+00 1864060229327641856
2.245000e+00 2094124863321700096
2.250000e+00 2352584360548766208
2.255000e+00 2642943250511593472
2.260000e+00 2969138595675362304
2.265000e+00 3335593378645775360
2.270000e+00 3747276472643164672
2.275000e+00 4209770009225096704
2.280000e+00 4729345069484948480
2.285000e+00 5313046725800314880
2.290000e+00 5968789572171945984
2.295000e+00 6705465025042505728
2.300000e+00 7533061878845331456
2.305000e+00 8462801767516161024
2.310000e+00 9.507291e+18
2.315000e+00 1.068069e+19
2.320000e+00 1.199892e+19
2.325000e+00 1.347984e+19
2.330000e+00 1.514354e+19
2.335000e+00 1.701257e+19
2.340000e+00 1.911228e+19
2.345000e+00 2.147115e+19
2.350000e+00 2.412114e+19
2.355000e+00 2.709820e+19
2.360000e+00 3.044270e+19
2.365000e+00 3.419997e+19
2.370000e+00 3.842098e+19
2.375000e+00 4.316294e+19
2.380000e+00 4.849017e+19
2.385000e+00 5.447488e+19
2.390000e+00 6.119824e+19
2.395000e+00 6.875140e+19
2.400000e+00 7.723679e+19
2.405000e+00 8.676945e+19
2.410000e+00 9.747864e+19
2.415000e+00 1.095096e+20
2.420000e+00 1.230254e+20
2.425000e+00 1.382093e+20
2.430000e+00 1.552673e+20
2.435000e+00 1.744306e+20
2.440000e+00 1.959590e+20
2.445000e+00 2.201445e+20
2.450000e+00 2.473150e+20
2.455000e+00 2.778390e+20
2.460000e+00 3.121302e+20
2.465000e+00 3.506537e+20
2.470000e+00 3.939318e+20
2.475000e+00 4.425514e+20
2.480000e+00 4.971716e+20
2.485000e+00 5.585332e+20
2.490000e+00 6.274680e+20
2.495000e+00 7.049109e+20
2.500000e+00 7.919119e+20
2.505000e+00 8.896506e+20
2.510000e+00 9.994524e+20
2.515000e+00 1.122806e+21
2.520000e+00 1.261384e+21
2.525000e+00 1.417066e+21
2.530000e+00 1.591962e+21
2.535000e+00 1.788444e+21
2.540000e+00 2.009176e+21
2.545000e+00 2.257151e+21
2.550000e+00 2.535731e+21
2.555000e+00 2.848694e+21
2.560000e+00 3.200284e+21
2.565000e+00 3.595267e+21
2.570000e+00 4.038999e+21
2.575000e+00 4.537497e+21
2.580000e+00 5.097521e+21
2.585000e+00 5.726663e+21
2.590000e+00 6.433455e+21
2.595000e+00 7.227480e+21
2.600000e+00 8.119505e+21
2.605000e+00 9.121624e+21
2.610000e+00 1.024743e+22
2.615000e+00 1.151218e+22
2.620000e+00 1.293302e+22
2.625000e+00 1.452923e+22
2.630000e+00 1.632245e+22
2.635000e+00 1.833699e+22
2.640000e+00 2.060016e+22
2.645000e+00 2.314266e+22
2.650000e+00 2.599895e+22
2.655000e+00 2.920778e+22
2.660000e+00 3.281264e+22
2.665000e+00 3.686241e+22
2.670000e+00 4.141202e+22
2.675000e+00 4.652314e+22
2.680000e+00 5.226508e+22
2.685000e+00 5.871571e+22
2.690000e+00 6.596247e+22
2.695000e+00 7.410364e+22
2.700000e+00 8.324961e+22
2.705000e+00 9.352438e+22
2.710000e+00 1.050673e+23
2.715000e+00 1.180348e+23
2.720000e+00 1.326028e+23
2.725000e+00 1.489688e+23
2.730000e+00 1.673547e+23
2.735000e+00 1.880099e+23
2.740000e+00 2.112143e+23
2.745000e+00 2.372826e+23
2.750000e+00 2.665683e+23
2.755000e+00 2.994685e+23
2.760000e+00 3.364293e+23
2.765000e+00 3.779518e+23
2.770000e+00 4.245991e+23
2.775000e+00 4.770036e+23
2.780000e+00 5.358760e+23
2.785000e+00 6.020145e+23
2.790000e+00 6.763159e+23
2.795000e+00 7.597876e+23
2.800000e+00 8.535616e+23
2.805000e+00 9.589092e+23
2.810000e+00 1.077259e+24
2.815000e+00 1.210216e+24
2.820000e+00 1.359582e+24
2.825000e+00 1.527383e+24
2.830000e+00 1.715895e+24
2.835000e+00 1.927673e+24
2.840000e+00 2.165588e+24
2.845000e+00 2.432868e+24
2.850000e+00 2.733136e+24
2.855000e+00 3.070463e+24
2.860000e+00 3.449423e+24
2.865000e+00 3.875155e+24
2.870000e+00 4.353432e+24
2.875000e+00 4.890737e+24
2.880000e+00 5.494358e+24
2.885000e+00 6.172479e+24
2.890000e+00 6.934294e+24
2.895000e+00 7.790133e+24
2.900000e+00 8.751601e+24
2.905000e+00 9.831735e+24
2.910000e+00 1.104518e+25
2.915000e+00 1.240839e+25
2.920000e+00 1.393985e+25
2.925000e+00 1.566032e+25
2.930000e+00 1.759314e+25
2.935000e+00 1.976451e+25
2.940000e+00 2.220387e+25
2.945000e+00 2.494429e+25
2.950000e+00 2.802295e+25
2.955000e+00 3.148158e+25
2.960000e+00 3.536707e+25
2.965000e+00 3.973212e+25
2.970000e+00 4.463591e+25
2.975000e+00 5.014493e+25
2.980000e+00 5.633388e+25
2.985000e+00 6.328668e+25
2.990000e+00 7.109760e+25
2.995000e+00 7.987255e+25
3 8.973052e+25
