T X
0 0
5.000000e-03 4.815847e-09
1.000000e-02 2.735996e-08
1.500000e-02 4.628214e-07
2.000000e-02 4.381233e-06
2.500000e-02 2.805574e-05
3.000000e-02 1.319866e-04
3.500000e-02 4.731749e-04
4.000000e-02 1.319757e-03
4.500000e-02 2.898563e-03
5.000000e-02 5.063173e-03
5.500000e-02 7.155381e-03
6.000000e-02 8.512076e-03
6.500000e-02 9.195696e-03
7.000000e-02 9.778151e-03
7.500000e-02 1.029221e-02
8.000000e-02 1.017603e-02
8.500000e-02 9.405577e-03
9.000000e-02 8.499873e-03
9.500000e-02 7.381929e-03
1.000000e-01 5.711290e-03
1.050000e-01 3.849535e-03
1.100000e-01 2.065354e-03
1.150000e-01 6.466416e-05
1.200000e-01 -1.984435e-03
1.250000e-01 -3.768119e-03
1.300000e-01 -5.542070e-03
1.350000e-01 -7.221620e-03
1.400000e-01 -8.490450e-03
1.450000e-01 -9.531232e-03
1.500000e-01 -1.021481e-02
1.550000e-01 -1.028861e-02
1.600000e-01 -1.003132e-02
1.650000e-01 -9.421979e-03
1.700000e-01 -8.382286e-03
1.750000e-01 -7.125622e-03
1.800000e-01 -5.490887e-03
1.850000e-01 -3.565595e-03
1.900000e-01 -1.639220e-03
1.950000e-01 4.206919e-04
2.000000e-01 2.472652e-03
2.050000e-01 4.407742e-03
2.100000e-01 6.230384e-03
2.150000e-01 7.663539e-03
2.200000e-01 8.849221e-03
2.250000e-01 9.786344e-03
2.300000e-01 1.021390e-02
2.350000e-01 1.027756e-02
2.400000e-01 9.940891e-03
2.450000e-01 9.212220e-03
2.500000e-01 8.119145e-03
2.550000e-01 6.607250e-03
2.600000e-01 4.943617e-03
2.650000e-01 3.067905e-03
2.700000e-01 1.010629e-03
2.750000e-01 -1.011669e-03
2.800000e-01 -3.045737e-03
2.850000e-01 -4.925738e-03
2.900000e-01 -6.639881e-03
2.950000e-01 -8.096794e-03
3.000000e-01 -9.178291e-03
3.050000e-01 -9.976344e-03
3.100000e-01 -1.029871e-02
3.150000e-01 -1.022190e-02
3.200000e-01 -9.783446e-03
3.250000e-01 -8.898617e-03
3.300000e-01 -7.704777e-03
3.350000e-01 -6.180701e-03
3.400000e-01 -4.429370e-03
3.450000e-01 -2.486440e-03
3.500000e-01 -4.334695e-04
3.550000e-01 1.611884e-03
3.600000e-01 3.645724e-03
3.650000e-01 5.464865e-03
3.700000e-01 7.085095e-03
3.750000e-01 8.454184e-03
3.800000e-01 9.454701e-03
3.850000e-01 1.008410e-02
3.900000e-01 1.030464e-02
3.950000e-01 1.015423e-02
4.000000e-01 9.566362e-03
4.050000e-01 8.603467e-03
4.100000e-01 7.303458e-03
4.150000e-01 5.678792e-03
4.200000e-01 3.860623e-03
4.250000e-01 1.880078e-03
4.300000e-01 -1.723057e-04
4.350000e-01 -2.204484e-03
4.400000e-01 -4.166456e-03
4.450000e-01 -5.962037e-03
4.500000e-01 -7.514965e-03
4.550000e-01 -8.780102e-03
4.600000e-01 -9.688351e-03
4.650000e-01 -1.020861e-02
4.700000e-01 -1.032168e-02
4.750000e-01 -1.001156e-02
4.800000e-01 -9.308126e-03
4.850000e-01 -8.232581e-03
4.900000e-01 -6.849335e-03
4.950000e-01 -5.186419e-03
5.000000e-01 -3.306951e-03
5.050000e-01 -1.298692e-03
5.100000e-01 7.672694e-04
5.150000e-01 2.802861e-03
5.200000e-01 4.740231e-03
5.250000e-01 6.448897e-03
5.300000e-01 7.914200e-03
5.350000e-01 9.088245e-03
5.400000e-01 9.865125e-03
5.450000e-01 1.026425e-02
5.500000e-01 1.027106e-02
5.550000e-01 9.852969e-03
5.600000e-01 9.048332e-03
5.650000e-01 7.886481e-03
5.700000e-01 6.386000e-03
5.750000e-01 4.635872e-03
5.800000e-01 2.708048e-03
5.850000e-01 6.892855e-04
5.900000e-01 -1.366497e-03
5.950000e-01 -3.377702e-03
6.000000e-01 -5.231755e-03
6.050000e-01 -6.907327e-03
6.100000e-01 -8.307661e-03
6.150000e-01 -9.345505e-03
6.200000e-01 -1.003421e-02
6.250000e-01 -1.033426e-02
6.300000e-01 -1.017279e-02
6.350000e-01 -9.613774e-03
6.400000e-01 -8.703806e-03
6.450000e-01 -7.419161e-03
6.500000e-01 -5.867302e-03
6.550000e-01 -4.089878e-03
6.600000e-01 -2.120167e-03
6.650000e-01 -8.879170e-05
6.700000e-01 1.963003e-03
6.750000e-01 3.939024e-03
6.800000e-01 5.732756e-03
6.850000e-01 7.324193e-03
6.900000e-01 8.621037e-03
6.950000e-01 9.565016e-03
7.000000e-01 1.013423e-02
7.050000e-01 1.030701e-02
7.100000e-01 1.007964e-02
7.150000e-01 9.432335e-03
7.200000e-01 8.410972e-03
7.250000e-01 7.040408e-03
7.300000e-01 5.392337e-03
7.350000e-01 3.535754e-03
7.400000e-01 1.531749e-03
7.450000e-01 -5.176764e-04
7.500000e-01 -2.548296e-03
7.550000e-01 -4.474085e-03
7.600000e-01 -6.248528e-03
7.650000e-01 -7.755708e-03
7.700000e-01 -8.950456e-03
7.750000e-01 -9.810230e-03
7.800000e-01 -1.025037e-02
7.850000e-01 -1.030937e-02
7.900000e-01 -9.928399e-03
7.950000e-01 -9.140846e-03
8.000000e-01 -8.037745e-03
8.050000e-01 -6.582463e-03
8.100000e-01 -4.874305e-03
8.150000e-01 -2.983696e-03
8.200000e-01 -9.520867e-04
8.250000e-01 1.121446e-03
8.300000e-01 3.143513e-03
8.350000e-01 5.024750e-03
8.400000e-01 6.723144e-03
8.450000e-01 8.150065e-03
8.500000e-01 9.237132e-03
8.550000e-01 9.960529e-03
8.600000e-01 1.029257e-02
8.650000e-01 1.022318e-02
8.700000e-01 9.743406e-03
8.750000e-01 8.881286e-03
8.800000e-01 7.651851e-03
8.850000e-01 6.105606e-03
8.900000e-01 4.334164e-03
8.950000e-01 2.378273e-03
9.000000e-01 3.377507e-04
9.050000e-01 -1.704397e-03
9.100000e-01 -3.699260e-03
9.150000e-01 -5.534993e-03
9.200000e-01 -7.157013e-03
9.250000e-01 -8.492123e-03
9.300000e-01 -9.492741e-03
9.350000e-01 -1.013339e-02
9.400000e-01 -1.033159e-02
9.450000e-01 -1.012748e-02
9.500000e-01 -9.523352e-03
9.550000e-01 -8.534640e-03
9.600000e-01 -7.222020e-03
9.650000e-01 -5.606238e-03
9.700000e-01 -3.791998e-03
9.750000e-01 -1.806741e-03
9.800000e-01 2.620897e-04
9.850000e-01 2.307209e-03
9.900000e-01 4.270233e-03
9.950000e-01 6.041994e-03
1 7.595748e-03
1.005000e+00 8.830697e-03
1.010000e+00 9.702443e-03
1.015000e+00 1.020586e-02
1.020000e+00 1.029664e-02
1.025000e+00 9.995476e-03
1.030000e+00 9.283074e-03
1.035000e+00 8.202238e-03
1.040000e+00 6.788441e-03
1.045000e+00 5.090897e-03
1.050000e+00 3.204521e-03
1.055000e+00 1.198192e-03
1.060000e+00 -8.608804e-04
1.065000e+00 -2.888656e-03
1.070000e+00 -4.789120e-03
1.075000e+00 -6.516223e-03
1.080000e+00 -7.978141e-03
1.085000e+00 -9.114731e-03
1.090000e+00 -9.917355e-03
1.095000e+00 -1.030464e-02
1.100000e+00 -1.026016e-02
1.105000e+00 -9.824249e-03
1.110000e+00 -8.988259e-03
1.115000e+00 -7.805915e-03
1.120000e+00 -6.312936e-03
1.125000e+00 -4.564714e-03
1.130000e+00 -2.652079e-03
1.135000e+00 -5.946268e-04
1.140000e+00 1.462497e-03
1.145000e+00 3.453925e-03
1.150000e+00 5.342672e-03
1.155000e+00 6.993335e-03
1.160000e+00 8.379443e-03
1.165000e+00 9.432329e-03
1.170000e+00 1.011526e-02
1.175000e+00 1.039083e-02
1.180000e+00 1.017949e-02
1.185000e+00 9.445456e-03
1.190000e+00 8.074917e-03
1.195000e+00 6.034810e-03
1.200000e+00 3.312748e-03
1.205000e+00 -4.750882e-05
1.210000e+00 -3.771680e-03
1.215000e+00 -7.606664e-03
1.220000e+00 -1.119660e-02
1.225000e+00 -1.416052e-02
1.230000e+00 -1.633586e-02
1.235000e+00 -1.765500e-02
1.240000e+00 -1.822325e-02
1.245000e+00 -1.821095e-02
1.250000e+00 -1.765287e-02
1.255000e+00 -1.648539e-02
1.260000e+00 -1.455963e-02
1.265000e+00 -1.173197e-02
1.270000e+00 -8.018288e-03
1.275000e+00 -3.571886e-03
1.280000e+00 1.342693e-03
1.285000e+00 6.468272e-03
1.290000e+00 1.163383e-02
1.295000e+00 1.663580e-02
1.300000e+00 2.116937e-02
1.305000e+00 2.483555e-02
1.310000e+00 2.725773e-02
1.315000e+00 2.820143e-02
1.320000e+00 2.779218e-02
1.325000e+00 2.638041e-02
1.330000e+00 2.422720e-02
1.335000e+00 2.143810e-02
1.340000e+00 1.785834e-02
1.345000e+00 1.337553e-02
1.350000e+00 8.128739e-03
1.355000e+00 2.462288e-03
1.360000e+00 -3.175410e-03
1.365000e+00 -8.516857e-03
1.370000e+00 -1.346373e-02
1.375000e+00 -1.796985e-02
1.380000e+00 -2.189735e-02
1.385000e+00 -2.504170e-02
1.390000e+00 -2.721367e-02
1.395000e+00 -2.823773e-02
1.400000e+00 -2.808695e-02
1.405000e+00 -2.673233e-02
1.410000e+00 -2.421936e-02
1.415000e+00 -2.078916e-02
1.420000e+00 -1.664746e-02
1.425000e+00 -1.192372e-02
1.430000e+00 -6.730532e-03
1.435000e+00 -1.206292e-03
1.440000e+00 4.501901e-03
1.445000e+00 1.008556e-02
1.450000e+00 1.511422e-02
1.455000e+00 1.932712e-02
1.460000e+00 2.285044e-02
1.465000e+00 2.583729e-02
1.470000e+00 2.780573e-02
1.475000e+00 2.823137e-02
1.480000e+00 2.743182e-02
1.485000e+00 2.595465e-02
1.490000e+00 2.361457e-02
1.495000e+00 2.002643e-02
1.500000e+00 1.548124e-02
1.505000e+00 1.045646e-02
1.510000e+00 5.061021e-03
1.515000e+00 -5.295344e-04
1.520000e+00 -6.001219e-03
1.525000e+00 -1.132021e-02
1.530000e+00 -1.639397e-02
1.535000e+00 -2.072858e-02
1.540000e+00 -2.403955e-02
1.545000e+00 -2.644558e-02
1.550000e+00 -2.786315e-02
1.555000e+00 -2.817432e-02
1.560000e+00 -2.751116e-02
1.565000e+00 -2.566158e-02
1.570000e+00 -2.252364e-02
1.575000e+00 -1.858877e-02
1.580000e+00 -1.413675e-02
1.585000e+00 -9.128928e-03
1.590000e+00 -3.589319e-03
1.595000e+00 2.220312e-03
1.600000e+00 7.852947e-03
1.605000e+00 1.294808e-02
1.610000e+00 1.753143e-02
1.615000e+00 2.174071e-02
1.620000e+00 2.509396e-02
1.625000e+00 2.711682e-02
1.630000e+00 2.808940e-02
1.635000e+00 2.820100e-02
1.640000e+00 2.711481e-02
1.645000e+00 2.475224e-02
1.650000e+00 2.149961e-02
1.655000e+00 1.753728e-02
1.660000e+00 1.280636e-02
1.665000e+00 7.415038e-03
1.670000e+00 1.775906e-03
1.675000e+00 -3.777273e-03
1.680000e+00 -9.286524e-03
1.685000e+00 -1.451725e-02
1.690000e+00 -1.902450e-02
1.695000e+00 -2.283020e-02
1.700000e+00 -2.579258e-02
1.705000e+00 -2.755150e-02
1.710000e+00 -2.829158e-02
1.715000e+00 -2.808767e-02
1.720000e+00 -2.659851e-02
1.725000e+00 -2.393661e-02
1.730000e+00 -2.046417e-02
1.735000e+00 -1.620853e-02
1.740000e+00 -1.123342e-02
1.745000e+00 -5.782433e-03
1.750000e+00 -1.430211e-04
1.755000e+00 5.472301e-03
1.760000e+00 1.089874e-02
1.765000e+00 1.590752e-02
1.770000e+00 2.028798e-02
1.775000e+00 2.385944e-02
1.780000e+00 2.642252e-02
1.785000e+00 2.796596e-02
1.790000e+00 2.849605e-02
1.795000e+00 2.772636e-02
1.800000e+00 2.583957e-02
1.805000e+00 2.312127e-02
1.810000e+00 1.935727e-02
1.815000e+00 1.475406e-02
1.820000e+00 9.678632e-03
1.825000e+00 4.188897e-03
1.830000e+00 -1.524602e-03
1.835000e+00 -7.143281e-03
1.840000e+00 -1.245637e-02
1.845000e+00 -1.731081e-02
1.850000e+00 -2.145387e-02
1.855000e+00 -2.471646e-02
1.860000e+00 -2.702136e-02
1.865000e+00 -2.825484e-02
1.870000e+00 -2.834597e-02
1.875000e+00 -2.732191e-02
1.880000e+00 -2.519483e-02
1.885000e+00 -2.205239e-02
1.890000e+00 -1.809738e-02
1.895000e+00 -1.333368e-02
1.900000e+00 -8.022630e-03
1.905000e+00 -2.547477e-03
1.910000e+00 3.141029e-03
1.915000e+00 8.750758e-03
1.920000e+00 1.389601e-02
1.925000e+00 1.857661e-02
1.930000e+00 2.252529e-02
1.935000e+00 2.551714e-02
1.940000e+00 2.754512e-02
1.945000e+00 2.847159e-02
1.950000e+00 2.821375e-02
1.955000e+00 2.683696e-02
1.960000e+00 2.442755e-02
1.965000e+00 2.102157e-02
1.970000e+00 1.677661e-02
1.975000e+00 1.189907e-02
1.980000e+00 6.497627e-03
1.985000e+00 8.317434e-04
1.990000e+00 -4.814251e-03
1.995000e+00 -1.030355e-02
2 -1.539689e-02
2.005000e+00 -1.986113e-02
2.010000e+00 -2.351895e-02
2.015000e+00 -2.622753e-02
2.020000e+00 -2.794427e-02
2.025000e+00 -2.851889e-02
2.030000e+00 -2.793680e-02
2.035000e+00 -2.630031e-02
2.040000e+00 -2.356282e-02
2.045000e+00 -1.986908e-02
2.050000e+00 -1.544846e-02
2.055000e+00 -1.035278e-02
2.060000e+00 -4.837061e-03
2.065000e+00 7.955668e-04
2.070000e+00 6.443106e-03
2.075000e+00 1.185034e-02
2.080000e+00 1.674664e-02
2.085000e+00 2.100069e-02
2.090000e+00 2.443632e-02
2.095000e+00 2.686094e-02
2.100000e+00 2.823416e-02
2.105000e+00 2.849891e-02
2.110000e+00 2.757085e-02
2.115000e+00 2.557926e-02
2.120000e+00 2.258049e-02
2.125000e+00 1.866622e-02
2.130000e+00 1.403509e-02
2.135000e+00 8.805824e-03
2.140000e+00 3.243156e-03
2.145000e+00 -2.449558e-03
2.150000e+00 -8.063353e-03
2.155000e+00 -1.332145e-02
2.160000e+00 -1.808816e-02
2.165000e+00 -2.210255e-02
2.170000e+00 -2.521930e-02
2.175000e+00 -2.738489e-02
2.180000e+00 -2.839892e-02
2.185000e+00 -2.832188e-02
2.190000e+00 -2.715881e-02
2.195000e+00 -2.481248e-02
2.200000e+00 -2.153014e-02
2.205000e+00 -1.741066e-02
2.210000e+00 -1.253217e-02
2.215000e+00 -7.208280e-03
2.220000e+00 -1.592918e-03
2.225000e+00 4.114096e-03
2.230000e+00 9.625189e-03
2.235000e+00 1.475349e-02
2.240000e+00 1.931349e-02
2.245000e+00 2.310094e-02
2.250000e+00 2.597199e-02
2.255000e+00 2.781026e-02
2.260000e+00 2.849632e-02
2.265000e+00 2.808360e-02
2.270000e+00 2.656626e-02
2.275000e+00 2.392904e-02
2.280000e+00 2.040464e-02
2.285000e+00 1.604383e-02
2.290000e+00 1.102633e-02
2.295000e+00 5.627788e-03
2.300000e+00 -6.798212e-05
2.305000e+00 -5.739984e-03
2.310000e+00 -1.117082e-02
2.315000e+00 -1.616158e-02
2.320000e+00 -2.049077e-02
2.325000e+00 -2.404195e-02
2.330000e+00 -2.659485e-02
2.335000e+00 -2.811333e-02
2.340000e+00 -2.852403e-02
2.345000e+00 -2.779608e-02
2.350000e+00 -2.600454e-02
2.355000e+00 -2.313550e-02
2.360000e+00 -1.937422e-02
2.365000e+00 -1.483947e-02
2.370000e+00 -9.648156e-03
2.375000e+00 -4.125616e-03
2.380000e+00 1.596245e-03
2.385000e+00 7.324684e-03
2.390000e+00 1.272684e-02
2.395000e+00 1.763281e-02
2.400000e+00 2.184315e-02
2.405000e+00 2.514528e-02
2.410000e+00 2.738884e-02
2.415000e+00 2.843933e-02
2.420000e+00 2.819655e-02
2.425000e+00 2.661067e-02
2.430000e+00 2.367824e-02
2.435000e+00 1.943056e-02
2.440000e+00 1.401281e-02
2.445000e+00 7.654476e-03
2.450000e+00 6.769434e-04
2.455000e+00 -6.462319e-03
2.460000e+00 -1.333331e-02
2.465000e+00 -1.955263e-02
2.470000e+00 -2.477598e-02
2.475000e+00 -2.880332e-02
2.480000e+00 -3.157979e-02
2.485000e+00 -3.312021e-02
2.490000e+00 -3.340811e-02
2.495000e+00 -3.240810e-02
2.500000e+00 -3.006291e-02
2.505000e+00 -2.624566e-02
2.510000e+00 -2.099031e-02
2.515000e+00 -1.442477e-02
2.520000e+00 -6.742107e-03
2.525000e+00 1.546747e-03
2.530000e+00 9.914618e-03
2.535000e+00 1.790175e-02
2.540000e+00 2.506528e-02
2.545000e+00 3.109985e-02
2.550000e+00 3.579693e-02
2.555000e+00 3.899044e-02
2.560000e+00 4.059520e-02
2.565000e+00 4.057781e-02
2.570000e+00 3.892079e-02
2.575000e+00 3.582481e-02
2.580000e+00 3.145936e-02
2.585000e+00 2.594063e-02
2.590000e+00 1.949053e-02
2.595000e+00 1.219413e-02
2.600000e+00 4.204125e-03
2.605000e+00 -4.142801e-03
2.610000e+00 -1.238147e-02
2.615000e+00 -2.001482e-02
2.620000e+00 -2.670406e-02
2.625000e+00 -3.222554e-02
2.630000e+00 -3.652939e-02
2.635000e+00 -3.960187e-02
2.640000e+00 -4.121653e-02
2.645000e+00 -4.114032e-02
2.650000e+00 -3.926292e-02
2.655000e+00 -3.557612e-02
2.660000e+00 -3.040381e-02
2.665000e+00 -2.420573e-02
2.670000e+00 -1.727189e-02
2.675000e+00 -9.803783e-03
2.680000e+00 -1.877237e-03
2.685000e+00 6.337128e-03
2.690000e+00 1.446033e-02
2.695000e+00 2.201898e-02
2.700000e+00 2.855004e-02
2.705000e+00 3.380345e-02
2.710000e+00 3.769247e-02
2.715000e+00 4.019110e-02
2.720000e+00 4.118462e-02
2.725000e+00 4.056927e-02
2.730000e+00 3.832558e-02
2.735000e+00 3.445415e-02
2.740000e+00 2.916174e-02
2.745000e+00 2.270182e-02
2.750000e+00 1.539025e-02
2.755000e+00 7.507559e-03
2.760000e+00 -7.162984e-04
2.765000e+00 -8.865766e-03
2.770000e+00 -1.669609e-02
2.775000e+00 -2.389811e-02
2.780000e+00 -3.010849e-02
2.785000e+00 -3.517193e-02
2.790000e+00 -3.882019e-02
2.795000e+00 -4.087945e-02
2.800000e+00 -4.132921e-02
2.805000e+00 -4.010411e-02
2.810000e+00 -3.729532e-02
2.815000e+00 -3.304907e-02
2.820000e+00 -2.746689e-02
2.825000e+00 -2.077290e-02
2.830000e+00 -1.323134e-02
2.835000e+00 -5.178477e-03
2.840000e+00 3.049987e-03
2.845000e+00 1.119597e-02
2.850000e+00 1.893729e-02
2.855000e+00 2.588928e-02
2.860000e+00 3.174489e-02
2.865000e+00 3.638013e-02
2.870000e+00 3.961876e-02
2.875000e+00 4.123405e-02
2.880000e+00 4.122975e-02
2.885000e+00 3.962476e-02
2.890000e+00 3.637860e-02
2.895000e+00 3.158788e-02
2.900000e+00 2.558986e-02
2.905000e+00 1.873377e-02
2.910000e+00 1.108329e-02
2.915000e+00 2.851506e-03
2.920000e+00 -5.507618e-03
2.925000e+00 -1.359884e-02
2.930000e+00 -2.106658e-02
2.935000e+00 -2.766301e-02
2.940000e+00 -3.324950e-02
2.945000e+00 -3.762950e-02
2.950000e+00 -4.047399e-02
2.955000e+00 -4.156148e-02
2.960000e+00 -4.094164e-02
2.965000e+00 -3.877740e-02
2.970000e+00 -3.518228e-02
2.975000e+00 -3.020824e-02
2.980000e+00 -2.393900e-02
2.985000e+00 -1.654640e-02
2.990000e+00 -8.487276e-03
2.995000e+00 -3.457609e-04
3 7.684518e-03
