T X
0 0
5.000000e-03 -6.192480e-09
1.000000e-02 3.137399e-08
1.500000e-02 4.647146e-07
2.000000e-02 4.330755e-06
2.500000e-02 2.783073e-05
3.000000e-02 1.314158e-04
3.500000e-02 4.725863e-04
4.000000e-02 1.319771e-03
4.500000e-02 2.899569e-03
5.000000e-02 5.065166e-03
5.500000e-02 7.158277e-03
6.000000e-02 8.516996e-03
6.500000e-02 9.202602e-03
7.000000e-02 9.772227e-03
7.500000e-02 1.024158e-02
8.000000e-02 1.007936e-02
8.500000e-02 9.315445e-03
9.000000e-02 8.436021e-03
9.500000e-02 7.302832e-03
1.000000e-01 5.632187e-03
1.050000e-01 3.817207e-03
1.100000e-01 2.026166e-03
1.150000e-01 -2.606410e-05
1.200000e-01 -2.077913e-03
1.250000e-01 -3.866300e-03
1.300000e-01 -5.637111e-03
1.350000e-01 -7.217664e-03
1.400000e-01 -8.409729e-03
1.450000e-01 -9.435787e-03
1.500000e-01 -1.006120e-02
1.550000e-01 -1.012625e-02
1.600000e-01 -9.908156e-03
1.650000e-01 -9.274074e-03
1.700000e-01 -8.231061e-03
1.750000e-01 -6.975207e-03
1.800000e-01 -5.315232e-03
1.850000e-01 -3.411823e-03
1.900000e-01 -1.488876e-03
1.950000e-01 5.288256e-04
2.000000e-01 2.480616e-03
2.050000e-01 4.374180e-03
2.100000e-01 6.172171e-03
2.150000e-01 7.623073e-03
2.200000e-01 8.796668e-03
2.250000e-01 9.643373e-03
2.300000e-01 1.008124e-02
2.350000e-01 1.013312e-02
2.400000e-01 9.711609e-03
2.450000e-01 8.973344e-03
2.500000e-01 7.903915e-03
2.550000e-01 6.443000e-03
2.600000e-01 4.800792e-03
2.650000e-01 2.945836e-03
2.700000e-01 9.357500e-04
2.750000e-01 -1.101892e-03
2.800000e-01 -3.115466e-03
2.850000e-01 -4.946163e-03
2.900000e-01 -6.612961e-03
2.950000e-01 -8.003539e-03
3.000000e-01 -9.035608e-03
3.050000e-01 -9.792190e-03
3.100000e-01 -1.012186e-02
3.150000e-01 -1.003847e-02
3.200000e-01 -9.585731e-03
3.250000e-01 -8.732052e-03
3.300000e-01 -7.519534e-03
3.350000e-01 -5.975752e-03
3.400000e-01 -4.250117e-03
3.450000e-01 -2.326938e-03
3.500000e-01 -2.970018e-04
3.550000e-01 1.659988e-03
3.600000e-01 3.621131e-03
3.650000e-01 5.447650e-03
3.700000e-01 7.029145e-03
3.750000e-01 8.355134e-03
3.800000e-01 9.340009e-03
3.850000e-01 9.946390e-03
3.900000e-01 1.015075e-02
3.950000e-01 9.952965e-03
4.000000e-01 9.325039e-03
4.050000e-01 8.366024e-03
4.100000e-01 7.098442e-03
4.150000e-01 5.506042e-03
4.200000e-01 3.723720e-03
4.250000e-01 1.796669e-03
4.300000e-01 -2.631087e-04
4.350000e-01 -2.286041e-03
4.400000e-01 -4.187629e-03
4.450000e-01 -5.971494e-03
4.500000e-01 -7.455124e-03
4.550000e-01 -8.651967e-03
4.600000e-01 -9.541801e-03
4.650000e-01 -1.001018e-02
4.700000e-01 -1.011206e-02
4.750000e-01 -9.828116e-03
4.800000e-01 -9.139782e-03
4.850000e-01 -8.057321e-03
4.900000e-01 -6.661235e-03
4.950000e-01 -4.990883e-03
5.000000e-01 -3.131251e-03
5.050000e-01 -1.159795e-03
5.100000e-01 8.677538e-04
5.150000e-01 2.812233e-03
5.200000e-01 4.697860e-03
5.250000e-01 6.406251e-03
5.300000e-01 7.832296e-03
5.350000e-01 8.982113e-03
5.400000e-01 9.742942e-03
5.450000e-01 1.011834e-02
5.500000e-01 1.008496e-02
5.550000e-01 9.628679e-03
5.600000e-01 8.815528e-03
5.650000e-01 7.653518e-03
5.700000e-01 6.196946e-03
5.750000e-01 4.498370e-03
5.800000e-01 2.606126e-03
5.850000e-01 5.992586e-04
5.900000e-01 -1.444424e-03
5.950000e-01 -3.425401e-03
6.000000e-01 -5.254435e-03
6.050000e-01 -6.858349e-03
6.100000e-01 -8.207307e-03
6.150000e-01 -9.218150e-03
6.200000e-01 -9.851417e-03
6.250000e-01 -1.011661e-02
6.300000e-01 -9.974579e-03
6.350000e-01 -9.451002e-03
6.400000e-01 -8.517428e-03
6.450000e-01 -7.238573e-03
6.500000e-01 -5.685347e-03
6.550000e-01 -3.889276e-03
6.600000e-01 -1.970911e-03
6.650000e-01 2.628495e-05
6.700000e-01 2.011802e-03
6.750000e-01 3.910195e-03
6.800000e-01 5.701999e-03
6.850000e-01 7.252308e-03
6.900000e-01 8.497904e-03
6.950000e-01 9.459244e-03
7.000000e-01 1.000380e-02
7.050000e-01 1.013346e-02
7.100000e-01 9.873755e-03
7.150000e-01 9.190769e-03
7.200000e-01 8.180793e-03
7.250000e-01 6.836058e-03
7.300000e-01 5.224095e-03
7.350000e-01 3.409822e-03
7.400000e-01 1.438297e-03
7.450000e-01 -5.844322e-04
7.500000e-01 -2.617698e-03
7.550000e-01 -4.511906e-03
7.600000e-01 -6.216340e-03
7.650000e-01 -7.692818e-03
7.700000e-01 -8.834089e-03
7.750000e-01 -9.642350e-03
7.800000e-01 -1.005564e-02
7.850000e-01 -1.009174e-02
7.900000e-01 -9.741124e-03
7.950000e-01 -8.971852e-03
8.000000e-01 -7.852889e-03
8.050000e-01 -6.398455e-03
8.100000e-01 -4.695846e-03
8.150000e-01 -2.804591e-03
8.200000e-01 -8.099517e-04
8.250000e-01 1.188001e-03
8.300000e-01 3.156609e-03
8.350000e-01 5.008365e-03
8.400000e-01 6.658416e-03
8.450000e-01 8.043819e-03
8.500000e-01 9.124577e-03
8.550000e-01 9.837771e-03
8.600000e-01 1.014693e-02
8.650000e-01 1.003219e-02
8.700000e-01 9.520898e-03
8.750000e-01 8.644225e-03
8.800000e-01 7.420943e-03
8.850000e-01 5.925786e-03
8.900000e-01 4.185877e-03
8.950000e-01 2.273530e-03
9.000000e-01 2.640171e-04
9.050000e-01 -1.781697e-03
9.100000e-01 -3.734683e-03
9.150000e-01 -5.531739e-03
9.200000e-01 -7.123791e-03
9.250000e-01 -8.403881e-03
9.300000e-01 -9.348413e-03
9.350000e-01 -9.928753e-03
9.400000e-01 -1.012180e-02
9.450000e-01 -9.941859e-03
9.500000e-01 -9.334774e-03
9.550000e-01 -8.354237e-03
9.600000e-01 -7.052264e-03
9.650000e-01 -5.428922e-03
9.700000e-01 -3.607394e-03
9.750000e-01 -1.646069e-03
9.800000e-01 3.663817e-04
9.850000e-01 2.339078e-03
9.900000e-01 4.264447e-03
9.950000e-01 6.000176e-03
1 7.492859e-03
1.005000e+00 8.723209e-03
1.010000e+00 9.587011e-03
1.015000e+00 1.006632e-02
1.020000e+00 1.013636e-02
1.025000e+00 9.779088e-03
1.030000e+00 9.048993e-03
1.035000e+00 7.971433e-03
1.040000e+00 6.574380e-03
1.045000e+00 4.935079e-03
1.050000e+00 3.091266e-03
1.055000e+00 1.100266e-03
1.060000e+00 -9.323931e-04
1.065000e+00 -2.931984e-03
1.070000e+00 -4.811304e-03
1.075000e+00 -6.490318e-03
1.080000e+00 -7.911984e-03
1.085000e+00 -9.002598e-03
1.090000e+00 -9.729403e-03
1.095000e+00 -1.009102e-02
1.100000e+00 -1.006551e-02
1.105000e+00 -9.631360e-03
1.110000e+00 -8.807918e-03
1.115000e+00 -7.631021e-03
1.120000e+00 -6.135249e-03
1.125000e+00 -4.384537e-03
1.130000e+00 -2.476238e-03
1.135000e+00 -4.802074e-04
1.140000e+00 1.530736e-03
1.145000e+00 3.480834e-03
1.150000e+00 5.306597e-03
1.155000e+00 6.906525e-03
1.160000e+00 8.269540e-03
1.165000e+00 9.330279e-03
1.170000e+00 9.987024e-03
1.175000e+00 1.024732e-02
1.180000e+00 1.001410e-02
1.185000e+00 9.245497e-03
1.190000e+00 7.891562e-03
1.195000e+00 5.831913e-03
1.200000e+00 3.126299e-03
1.205000e+00 -1.845112e-04
1.210000e+00 -3.945701e-03
1.215000e+00 -7.785552e-03
1.220000e+00 -1.134909e-02
1.225000e+00 -1.428911e-02
1.230000e+00 -1.638220e-02
1.235000e+00 -1.761095e-02
1.240000e+00 -1.809812e-02
1.245000e+00 -1.799207e-02
1.250000e+00 -1.739880e-02
1.255000e+00 -1.626395e-02
1.260000e+00 -1.436782e-02
1.265000e+00 -1.156340e-02
1.270000e+00 -7.835360e-03
1.275000e+00 -3.345021e-03
1.280000e+00 1.630519e-03
1.285000e+00 6.801130e-03
1.290000e+00 1.195307e-02
1.295000e+00 1.691557e-02
1.300000e+00 2.138214e-02
1.305000e+00 2.495765e-02
1.310000e+00 2.723587e-02
1.315000e+00 2.805721e-02
1.320000e+00 2.759067e-02
1.325000e+00 2.612729e-02
1.330000e+00 2.397144e-02
1.335000e+00 2.116229e-02
1.340000e+00 1.752579e-02
1.345000e+00 1.300108e-02
1.350000e+00 7.690207e-03
1.355000e+00 2.005335e-03
1.360000e+00 -3.586271e-03
1.365000e+00 -8.883382e-03
1.370000e+00 -1.375303e-02
1.375000e+00 -1.817038e-02
1.380000e+00 -2.204619e-02
1.385000e+00 -2.510252e-02
1.390000e+00 -2.716007e-02
1.395000e+00 -2.807404e-02
1.400000e+00 -2.777433e-02
1.405000e+00 -2.631224e-02
1.410000e+00 -2.377185e-02
1.415000e+00 -2.033814e-02
1.420000e+00 -1.621457e-02
1.425000e+00 -1.151771e-02
1.430000e+00 -6.314545e-03
1.435000e+00 -7.353995e-04
1.440000e+00 4.974184e-03
1.445000e+00 1.048641e-02
1.450000e+00 1.540909e-02
1.455000e+00 1.949564e-02
1.460000e+00 2.291658e-02
1.465000e+00 2.579038e-02
1.470000e+00 2.765444e-02
1.475000e+00 2.800834e-02
1.480000e+00 2.711674e-02
1.485000e+00 2.554393e-02
1.490000e+00 2.314106e-02
1.495000e+00 1.948703e-02
1.500000e+00 1.486418e-02
1.505000e+00 9.824146e-03
1.510000e+00 4.483810e-03
1.515000e+00 -1.018841e-03
1.520000e+00 -6.407987e-03
1.525000e+00 -1.166394e-02
1.530000e+00 -1.663396e-02
1.535000e+00 -2.084771e-02
1.540000e+00 -2.405766e-02
1.545000e+00 -2.633754e-02
1.550000e+00 -2.762818e-02
1.555000e+00 -2.781021e-02
1.560000e+00 -2.700247e-02
1.565000e+00 -2.508046e-02
1.570000e+00 -2.190083e-02
1.575000e+00 -1.794400e-02
1.580000e+00 -1.354249e-02
1.585000e+00 -8.549402e-03
1.590000e+00 -3.016018e-03
1.595000e+00 2.712903e-03
1.600000e+00 8.250992e-03
1.605000e+00 1.324416e-02
1.610000e+00 1.771438e-02
1.615000e+00 2.178348e-02
1.620000e+00 2.492219e-02
1.625000e+00 2.678012e-02
1.630000e+00 2.772677e-02
1.635000e+00 2.776834e-02
1.640000e+00 2.651942e-02
1.645000e+00 2.413207e-02
1.650000e+00 2.090700e-02
1.655000e+00 1.685295e-02
1.660000e+00 1.208803e-02
1.665000e+00 6.774467e-03
1.670000e+00 1.249584e-03
1.675000e+00 -4.176279e-03
1.680000e+00 -9.583088e-03
1.685000e+00 -1.466859e-02
1.690000e+00 -1.902647e-02
1.695000e+00 -2.275303e-02
1.700000e+00 -2.559830e-02
1.705000e+00 -2.721145e-02
1.710000e+00 -2.782760e-02
1.715000e+00 -2.748668e-02
1.720000e+00 -2.590734e-02
1.725000e+00 -2.324325e-02
1.730000e+00 -1.977085e-02
1.735000e+00 -1.552632e-02
1.740000e+00 -1.063345e-02
1.745000e+00 -5.267128e-03
1.750000e+00 3.325368e-04
1.755000e+00 5.866263e-03
1.760000e+00 1.114891e-02
1.765000e+00 1.599726e-02
1.770000e+00 2.023009e-02
1.775000e+00 2.365629e-02
1.780000e+00 2.604755e-02
1.785000e+00 2.747346e-02
1.790000e+00 2.794199e-02
1.795000e+00 2.711175e-02
1.800000e+00 2.517777e-02
1.805000e+00 2.242262e-02
1.810000e+00 1.863857e-02
1.815000e+00 1.406405e-02
1.820000e+00 9.048268e-03
1.825000e+00 3.621213e-03
1.830000e+00 -1.940122e-03
1.835000e+00 -7.387659e-03
1.840000e+00 -1.259371e-02
1.845000e+00 -1.728168e-02
1.850000e+00 -2.129059e-02
1.855000e+00 -2.447549e-02
1.860000e+00 -2.662972e-02
1.865000e+00 -2.771562e-02
1.870000e+00 -2.773421e-02
1.875000e+00 -2.663078e-02
1.880000e+00 -2.441835e-02
1.885000e+00 -2.127742e-02
1.890000e+00 -1.736876e-02
1.895000e+00 -1.269551e-02
1.900000e+00 -7.487588e-03
1.905000e+00 -2.067450e-03
1.910000e+00 3.534826e-03
1.915000e+00 9.000255e-03
1.920000e+00 1.398823e-02
1.925000e+00 1.852627e-02
1.930000e+00 2.231275e-02
1.935000e+00 2.512999e-02
1.940000e+00 2.703361e-02
1.945000e+00 2.785078e-02
1.950000e+00 2.752169e-02
1.955000e+00 2.614111e-02
1.960000e+00 2.371348e-02
1.965000e+00 2.028679e-02
1.970000e+00 1.601925e-02
1.975000e+00 1.118130e-02
1.980000e+00 5.918651e-03
1.985000e+00 3.796254e-04
1.990000e+00 -5.149114e-03
1.995000e+00 -1.048564e-02
2 -1.537707e-02
2.005000e+00 -1.969629e-02
2.010000e+00 -2.327239e-02
2.015000e+00 -2.584081e-02
2.020000e+00 -2.743198e-02
2.025000e+00 -2.790157e-02
2.030000e+00 -2.718404e-02
2.035000e+00 -2.549544e-02
2.040000e+00 -2.276155e-02
2.045000e+00 -1.907760e-02
2.050000e+00 -1.473020e-02
2.055000e+00 -9.726362e-03
2.060000e+00 -4.320813e-03
2.065000e+00 1.217043e-03
2.070000e+00 6.778649e-03
2.075000e+00 1.201703e-02
2.080000e+00 1.674359e-02
2.085000e+00 2.084678e-02
2.090000e+00 2.409966e-02
2.095000e+00 2.636728e-02
2.100000e+00 2.761821e-02
2.105000e+00 2.780872e-02
2.110000e+00 2.683803e-02
2.115000e+00 2.482187e-02
2.120000e+00 2.182406e-02
2.125000e+00 1.786953e-02
2.130000e+00 1.327174e-02
2.135000e+00 8.151133e-03
2.140000e+00 2.678624e-03
2.145000e+00 -2.859831e-03
2.150000e+00 -8.309161e-03
2.155000e+00 -1.340085e-02
2.160000e+00 -1.800537e-02
2.165000e+00 -2.189168e-02
2.170000e+00 -2.487085e-02
2.175000e+00 -2.692983e-02
2.180000e+00 -2.782077e-02
2.185000e+00 -2.760445e-02
2.190000e+00 -2.635591e-02
2.195000e+00 -2.398190e-02
2.200000e+00 -2.071075e-02
2.205000e+00 -1.663458e-02
2.210000e+00 -1.184738e-02
2.215000e+00 -6.606001e-03
2.220000e+00 -1.082749e-03
2.225000e+00 4.488303e-03
2.230000e+00 9.868391e-03
2.235000e+00 1.485962e-02
2.240000e+00 1.925717e-02
2.245000e+00 2.285312e-02
2.250000e+00 2.554155e-02
2.255000e+00 2.725086e-02
2.260000e+00 2.785368e-02
2.265000e+00 2.737350e-02
2.270000e+00 2.579309e-02
2.275000e+00 2.315702e-02
2.280000e+00 1.962716e-02
2.285000e+00 1.527137e-02
2.290000e+00 1.031930e-02
2.295000e+00 4.973416e-03
2.300000e+00 -5.643083e-04
2.305000e+00 -6.059650e-03
2.310000e+00 -1.134420e-02
2.315000e+00 -1.616469e-02
2.320000e+00 -2.037241e-02
2.325000e+00 -2.376138e-02
2.330000e+00 -2.617494e-02
2.335000e+00 -2.760341e-02
2.340000e+00 -2.788554e-02
2.345000e+00 -2.705695e-02
2.350000e+00 -2.520479e-02
2.355000e+00 -2.231096e-02
2.360000e+00 -1.856767e-02
2.365000e+00 -1.410873e-02
2.370000e+00 -9.021735e-03
2.375000e+00 -3.555150e-03
2.380000e+00 2.065273e-03
2.385000e+00 7.641262e-03
2.390000e+00 1.291245e-02
2.395000e+00 1.765500e-02
2.400000e+00 2.166820e-02
2.405000e+00 2.477294e-02
2.410000e+00 2.685984e-02
2.415000e+00 2.781329e-02
2.420000e+00 2.752654e-02
2.425000e+00 2.593748e-02
2.430000e+00 2.298774e-02
2.435000e+00 1.873207e-02
2.440000e+00 1.328624e-02
2.445000e+00 6.893882e-03
2.450000e+00 -2.712882e-05
2.455000e+00 -7.101467e-03
2.460000e+00 -1.386591e-02
2.465000e+00 -1.987510e-02
2.470000e+00 -2.487746e-02
2.475000e+00 -2.872270e-02
2.480000e+00 -3.132668e-02
2.485000e+00 -3.269220e-02
2.490000e+00 -3.285990e-02
2.495000e+00 -3.177253e-02
2.500000e+00 -2.936029e-02
2.505000e+00 -2.555561e-02
2.510000e+00 -2.025584e-02
2.515000e+00 -1.362802e-02
2.520000e+00 -5.984235e-03
2.525000e+00 2.333971e-03
2.530000e+00 1.069583e-02
2.535000e+00 1.860512e-02
2.540000e+00 2.565494e-02
2.545000e+00 3.144714e-02
2.550000e+00 3.591779e-02
2.555000e+00 3.887336e-02
2.560000e+00 4.022708e-02
2.565000e+00 4.004631e-02
2.570000e+00 3.824815e-02
2.575000e+00 3.502520e-02
2.580000e+00 3.057979e-02
2.585000e+00 2.504915e-02
2.590000e+00 1.860483e-02
2.595000e+00 1.128232e-02
2.600000e+00 3.295402e-03
2.605000e+00 -5.014532e-03
2.610000e+00 -1.321368e-02
2.615000e+00 -2.072446e-02
2.620000e+00 -2.719283e-02
2.625000e+00 -3.243572e-02
2.630000e+00 -3.646148e-02
2.635000e+00 -3.930130e-02
2.640000e+00 -4.074448e-02
2.645000e+00 -4.057272e-02
2.650000e+00 -3.854478e-02
2.655000e+00 -3.469307e-02
2.660000e+00 -2.942386e-02
2.665000e+00 -2.311332e-02
2.670000e+00 -1.614825e-02
2.675000e+00 -8.760473e-03
2.680000e+00 -9.007167e-04
2.685000e+00 7.220995e-03
2.690000e+00 1.520904e-02
2.695000e+00 2.265411e-02
2.700000e+00 2.901171e-02
2.705000e+00 3.402390e-02
2.710000e+00 3.763925e-02
2.715000e+00 3.981293e-02
2.720000e+00 4.058329e-02
2.725000e+00 3.982575e-02
2.730000e+00 3.738158e-02
2.735000e+00 3.335066e-02
2.740000e+00 2.796590e-02
2.745000e+00 2.146687e-02
2.750000e+00 1.414100e-02
2.755000e+00 6.312444e-03
2.760000e+00 -1.757281e-03
2.765000e+00 -9.786747e-03
2.770000e+00 -1.743718e-02
2.775000e+00 -2.441164e-02
2.780000e+00 -3.040703e-02
2.785000e+00 -3.518037e-02
2.790000e+00 -3.854086e-02
2.795000e+00 -4.035975e-02
2.800000e+00 -4.057214e-02
2.805000e+00 -3.916035e-02
2.810000e+00 -3.623576e-02
2.815000e+00 -3.185345e-02
2.820000e+00 -2.616103e-02
2.825000e+00 -1.943222e-02
2.830000e+00 -1.190803e-02
2.835000e+00 -3.952499e-03
2.840000e+00 4.117431e-03
2.845000e+00 1.206239e-02
2.850000e+00 1.956255e-02
2.855000e+00 2.628580e-02
2.860000e+00 3.193642e-02
2.865000e+00 3.630256e-02
2.870000e+00 3.920276e-02
2.875000e+00 4.053999e-02
2.880000e+00 4.034250e-02
2.885000e+00 3.851985e-02
2.890000e+00 3.507383e-02
2.895000e+00 3.021248e-02
2.900000e+00 2.417794e-02
2.905000e+00 1.733309e-02
2.910000e+00 9.784169e-03
2.915000e+00 1.647940e-03
2.920000e+00 -6.580714e-03
2.925000e+00 -1.447568e-02
2.930000e+00 -2.164331e-02
2.935000e+00 -2.790806e-02
2.940000e+00 -3.321330e-02
2.945000e+00 -3.731313e-02
2.950000e+00 -3.989619e-02
2.955000e+00 -4.069417e-02
2.960000e+00 -3.981658e-02
2.965000e+00 -3.750458e-02
2.970000e+00 -3.379427e-02
2.975000e+00 -2.874429e-02
2.980000e+00 -2.242363e-02
2.985000e+00 -1.503142e-02
2.990000e+00 -7.114008e-03
2.995000e+00 8.059759e-04
3 8.613184e-03
