T X
0 0
2.000000e-03 4.919729e-09
4.000000e-03 5.520888e-09
6.000000e-03 -8.117683e-09
8.000000e-03 -2.653831e-08
1.000000e-02 -4.057156e-08
1.200000e-02 -5.599702e-08
1.400000e-02 -6.703160e-08
1.600000e-02 -1.372788e-07
1.800000e-02 -2.107874e-07
2.000000e-02 -1.371434e-07
2.200000e-02 1.706830e-07
2.400000e-02 8.107934e-07
2.600000e-02 2.662265e-06
2.800000e-02 1.044094e-05
3.000000e-02 3.741187e-05
3.200000e-02 1.135619e-04
3.400000e-02 2.951351e-04
3.600000e-02 6.635851e-04
3.800000e-02 1.299610e-03
4.000000e-02 2.225435e-03
4.200000e-02 3.348389e-03
4.400000e-02 4.476660e-03
4.600000e-02 5.438567e-03
4.800000e-02 6.223511e-03
5.000000e-02 6.976912e-03
5.200000e-02 7.806549e-03
5.400000e-02 8.634906e-03
5.600000e-02 9.325926e-03
5.800000e-02 9.905570e-03
6.000000e-02 1.048975e-02
6.200000e-02 1.104542e-02
6.400000e-02 1.146573e-02
6.600000e-02 1.179232e-02
6.800000e-02 1.210230e-02
7.000000e-02 1.232618e-02
7.200000e-02 1.242027e-02
7.400000e-02 1.246644e-02
7.600000e-02 1.245598e-02
7.800000e-02 1.232710e-02
8.000000e-02 1.212733e-02
8.200000e-02 1.187279e-02
8.400000e-02 1.151375e-02
8.600000e-02 1.107114e-02
8.800000e-02 1.057644e-02
9.000000e-02 1.001153e-02
9.200000e-02 9.378504e-03
9.400000e-02 8.687904e-03
9.600000e-02 7.940643e-03
9.800000e-02 7.142358e-03
1.000000e-01 6.302076e-03
1.020000e-01 5.436001e-03
1.040000e-01 4.533177e-03
1.060000e-01 3.590010e-03
1.080000e-01 2.640846e-03
1.100000e-01 1.690645e-03
1.120000e-01 7.322603e-04
1.140000e-01 -2.089587e-04
1.160000e-01 -1.127913e-03
1.180000e-01 -2.051536e-03
1.200000e-01 -2.992051e-03
1.220000e-01 -3.948607e-03
1.240000e-01 -4.911681e-03
1.260000e-01 -5.860238e-03
1.280000e-01 -6.763065e-03
1.300000e-01 -7.593534e-03
1.320000e-01 -8.356303e-03
1.340000e-01 -9.067059e-03
1.360000e-01 -9.735584e-03
1.380000e-01 -1.035935e-02
1.400000e-01 -1.091835e-02
1.420000e-01 -1.139536e-02
1.440000e-01 -1.178398e-02
1.460000e-01 -1.209207e-02
1.480000e-01 -1.233494e-02
1.500000e-01 -1.250385e-02
1.520000e-01 -1.258003e-02
1.540000e-01 -1.257311e-02
1.560000e-01 -1.249542e-02
1.580000e-01 -1.234285e-02
1.600000e-01 -1.211718e-02
1.620000e-01 -1.181278e-02
1.640000e-01 -1.141730e-02
1.660000e-01 -1.094998e-02
1.680000e-01 -1.042593e-02
1.700000e-01 -9.829347e-03
1.720000e-01 -9.166121e-03
1.740000e-01 -8.455101e-03
1.760000e-01 -7.686371e-03
1.780000e-01 -6.852673e-03
1.800000e-01 -5.975987e-03
1.820000e-01 -5.070515e-03
1.840000e-01 -4.131164e-03
1.860000e-01 -3.159253e-03
1.880000e-01 -2.161662e-03
1.900000e-01 -1.148999e-03
1.920000e-01 -1.346073e-04
1.940000e-01 8.751266e-04
1.960000e-01 1.878921e-03
1.980000e-01 2.874643e-03
2.000000e-01 3.840862e-03
2.020000e-01 4.766028e-03
2.040000e-01 5.679903e-03
2.060000e-01 6.576947e-03
2.080000e-01 7.417139e-03
2.100000e-01 8.208119e-03
2.120000e-01 8.959475e-03
2.140000e-01 9.647866e-03
2.160000e-01 1.026719e-02
2.180000e-01 1.082324e-02
2.200000e-01 1.130999e-02
2.220000e-01 1.173073e-02
2.240000e-01 1.209067e-02
2.260000e-01 1.236523e-02
2.280000e-01 1.253815e-02
2.300000e-01 1.263355e-02
2.320000e-01 1.266040e-02
2.340000e-01 1.260359e-02
2.360000e-01 1.246414e-02
2.380000e-01 1.224866e-02
2.400000e-01 1.194839e-02
2.420000e-01 1.155745e-02
2.440000e-01 1.110662e-02
2.460000e-01 1.060819e-02
2.480000e-01 1.002943e-02
2.500000e-01 9.367218e-03
2.520000e-01 8.644068e-03
2.540000e-01 7.871977e-03
2.560000e-01 7.060913e-03
2.580000e-01 6.218094e-03
2.600000e-01 5.327999e-03
2.620000e-01 4.387853e-03
2.640000e-01 3.425027e-03
2.660000e-01 2.444584e-03
2.680000e-01 1.445007e-03
2.700000e-01 4.399620e-04
2.720000e-01 -5.710145e-04
2.740000e-01 -1.589558e-03
2.760000e-01 -2.594409e-03
2.780000e-01 -3.574738e-03
2.800000e-01 -4.534339e-03
2.820000e-01 -5.471421e-03
2.840000e-01 -6.369798e-03
2.860000e-01 -7.213130e-03
2.880000e-01 -8.013966e-03
2.900000e-01 -8.776827e-03
2.920000e-01 -9.481104e-03
2.940000e-01 -1.011709e-02
2.960000e-01 -1.069490e-02
2.980000e-01 -1.120497e-02
3.000000e-01 -1.163496e-02
3.020000e-01 -1.200072e-02
3.040000e-01 -1.229466e-02
3.060000e-01 -1.249656e-02
3.080000e-01 -1.261142e-02
3.100000e-01 -1.265396e-02
3.120000e-01 -1.262801e-02
3.140000e-01 -1.251901e-02
3.160000e-01 -1.232096e-02
3.180000e-01 -1.204679e-02
3.200000e-01 -1.170305e-02
3.220000e-01 -1.128509e-02
3.240000e-01 -1.078649e-02
3.260000e-01 -1.021267e-02
3.280000e-01 -9.579334e-03
3.300000e-01 -8.887622e-03
3.320000e-01 -8.133342e-03
3.340000e-01 -7.325385e-03
3.360000e-01 -6.473012e-03
3.380000e-01 -5.580152e-03
3.400000e-01 -4.646795e-03
3.420000e-01 -3.680647e-03
3.440000e-01 -2.704095e-03
3.460000e-01 -1.714968e-03
3.480000e-01 -7.063492e-04
3.500000e-01 3.030734e-04
3.520000e-01 1.317756e-03
3.540000e-01 2.332471e-03
3.560000e-01 3.317207e-03
3.580000e-01 4.274280e-03
3.600000e-01 5.211309e-03
3.620000e-01 6.115783e-03
3.640000e-01 6.984262e-03
3.660000e-01 7.815008e-03
3.680000e-01 8.586091e-03
3.700000e-01 9.293340e-03
3.720000e-01 9.954786e-03
3.740000e-01 1.055846e-02
3.760000e-01 1.108274e-02
3.780000e-01 1.153593e-02
3.800000e-01 1.192478e-02
3.820000e-01 1.223810e-02
3.840000e-01 1.246471e-02
3.860000e-01 1.260368e-02
3.880000e-01 1.266888e-02
3.900000e-01 1.266215e-02
3.920000e-01 1.256458e-02
3.940000e-01 1.237498e-02
3.960000e-01 1.211164e-02
3.980000e-01 1.177671e-02
4.000000e-01 1.137176e-02
4.020000e-01 1.090151e-02
4.040000e-01 1.035555e-02
4.060000e-01 9.737669e-03
4.080000e-01 9.059812e-03
4.100000e-01 8.328115e-03
4.120000e-01 7.541719e-03
4.140000e-01 6.700425e-03
4.160000e-01 5.820823e-03
4.180000e-01 4.911087e-03
4.200000e-01 3.966564e-03
4.220000e-01 2.988030e-03
4.240000e-01 1.987397e-03
4.260000e-01 9.799112e-04
4.280000e-01 -2.774308e-05
4.300000e-01 -1.036624e-03
4.320000e-01 -2.046807e-03
4.340000e-01 -3.044198e-03
4.360000e-01 -4.014978e-03
4.380000e-01 -4.961921e-03
4.400000e-01 -5.884156e-03
4.420000e-01 -6.768706e-03
4.440000e-01 -7.603947e-03
4.460000e-01 -8.386228e-03
4.480000e-01 -9.108180e-03
4.500000e-01 -9.772402e-03
4.520000e-01 -1.038411e-02
4.540000e-01 -1.092826e-02
4.560000e-01 -1.140452e-02
4.580000e-01 -1.181224e-02
4.600000e-01 -1.213642e-02
4.620000e-01 -1.238469e-02
4.640000e-01 -1.256574e-02
4.660000e-01 -1.266234e-02
4.680000e-01 -1.266878e-02
4.700000e-01 -1.259582e-02
4.720000e-01 -1.244322e-02
4.740000e-01 -1.221009e-02
4.760000e-01 -1.189689e-02
4.780000e-01 -1.151067e-02
4.800000e-01 -1.105653e-02
4.820000e-01 -1.052627e-02
4.840000e-01 -9.918642e-03
4.860000e-01 -9.246297e-03
4.880000e-01 -8.528588e-03
4.900000e-01 -7.765452e-03
4.920000e-01 -6.939178e-03
4.940000e-01 -6.053174e-03
4.960000e-01 -5.132113e-03
4.980000e-01 -4.191627e-03
5.000000e-01 -3.231493e-03
