T X
0 0
2.000000e-03 -1.267935e-11
4.000000e-03 6.525434e-11
6.000000e-03 -1.113264e-10
8.000000e-03 3.429996e-10
1.000000e-02 -3.734486e-10
1.200000e-02 2.309824e-10
1.400000e-02 9.388518e-10
1.600000e-02 -7.388706e-10
1.800000e-02 9.779226e-10
2.000000e-02 -2.752249e-10
2.200000e-02 -4.376343e-10
2.400000e-02 2.394851e-09
2.600000e-02 1.181416e-09
2.800000e-02 4.112343e-09
3.000000e-02 1.538148e-09
3.200000e-02 -4.930168e-09
3.400000e-02 -1.880419e-08
3.600000e-02 -4.254711e-08
3.800000e-02 -3.688546e-08
4.000000e-02 -3.040058e-09
4.200000e-02 6.873523e-08
4.400000e-02 1.750395e-07
4.600000e-02 1.988089e-07
4.800000e-02 1.462936e-08
5.000000e-02 -3.735716e-07
5.200000e-02 -6.885355e-07
5.400000e-02 -4.479991e-07
5.600000e-02 8.121680e-07
5.800000e-02 3.557111e-06
6.000000e-02 9.609643e-06
6.200000e-02 2.537871e-05
6.400000e-02 6.588069e-05
6.600000e-02 1.591914e-04
6.800000e-02 3.497372e-04
7.000000e-02 6.968831e-04
7.200000e-02 1.260402e-03
7.400000e-02 2.069962e-03
7.600000e-02 3.090673e-03
7.800000e-02 4.210225e-03
8.000000e-02 5.275242e-03
8.200000e-02 6.172593e-03
8.400000e-02 6.904826e-03
8.600000e-02 7.581096e-03
8.800000e-02 8.308583e-03
9.000000e-02 9.078926e-03
9.200000e-02 9.776344e-03
9.400000e-02 1.031139e-02
9.600000e-02 1.072361e-02
9.800000e-02 1.112359e-02
1.000000e-01 1.153858e-02
1.020000e-01 1.187431e-02
1.040000e-01 1.206151e-02
1.060000e-01 1.216068e-02
1.080000e-01 1.224131e-02
1.100000e-01 1.226461e-02
1.120000e-01 1.217418e-02
1.140000e-01 1.198532e-02
1.160000e-01 1.173367e-02
1.180000e-01 1.141866e-02
1.200000e-01 1.102933e-02
1.220000e-01 1.056944e-02
1.240000e-01 1.004024e-02
1.260000e-01 9.449474e-03
1.280000e-01 8.812734e-03
1.300000e-01 8.120853e-03
1.320000e-01 7.360734e-03
1.340000e-01 6.558707e-03
1.360000e-01 5.738686e-03
1.380000e-01 4.873527e-03
1.400000e-01 3.958508e-03
1.420000e-01 3.036384e-03
1.440000e-01 2.095966e-03
1.460000e-01 1.118384e-03
1.480000e-01 1.527993e-04
1.500000e-01 -7.921075e-04
1.520000e-01 -1.737915e-03
1.540000e-01 -2.655773e-03
1.560000e-01 -3.537739e-03
1.580000e-01 -4.415382e-03
1.600000e-01 -5.299072e-03
1.620000e-01 -6.157350e-03
1.640000e-01 -6.986727e-03
1.660000e-01 -7.804214e-03
1.680000e-01 -8.550924e-03
1.700000e-01 -9.200102e-03
1.720000e-01 -9.768444e-03
1.740000e-01 -1.025307e-02
1.760000e-01 -1.071296e-02
1.780000e-01 -1.115541e-02
1.800000e-01 -1.151484e-02
1.820000e-01 -1.179120e-02
1.840000e-01 -1.196521e-02
1.860000e-01 -1.204889e-02
1.880000e-01 -1.211514e-02
1.900000e-01 -1.211524e-02
1.920000e-01 -1.200041e-02
1.940000e-01 -1.178622e-02
1.960000e-01 -1.149566e-02
1.980000e-01 -1.117297e-02
2.000000e-01 -1.078412e-02
2.020000e-01 -1.029396e-02
2.040000e-01 -9.726189e-03
2.060000e-01 -9.101917e-03
2.080000e-01 -8.453105e-03
2.100000e-01 -7.768395e-03
2.120000e-01 -7.005857e-03
2.140000e-01 -6.185251e-03
2.160000e-01 -5.344365e-03
2.180000e-01 -4.479119e-03
2.200000e-01 -3.579686e-03
2.220000e-01 -2.644392e-03
2.240000e-01 -1.690654e-03
2.260000e-01 -7.347311e-04
2.280000e-01 2.428487e-04
2.300000e-01 1.229193e-03
2.320000e-01 2.173462e-03
2.340000e-01 3.087758e-03
2.360000e-01 4.017870e-03
2.380000e-01 4.926361e-03
2.400000e-01 5.774887e-03
2.420000e-01 6.584916e-03
2.440000e-01 7.354229e-03
2.460000e-01 8.075110e-03
2.480000e-01 8.758308e-03
2.500000e-01 9.391862e-03
2.520000e-01 9.960434e-03
2.540000e-01 1.046723e-02
2.560000e-01 1.089640e-02
2.580000e-01 1.125396e-02
2.600000e-01 1.155510e-02
2.620000e-01 1.179016e-02
2.640000e-01 1.194997e-02
2.660000e-01 1.201708e-02
2.680000e-01 1.201451e-02
2.700000e-01 1.193990e-02
2.720000e-01 1.177013e-02
2.740000e-01 1.153275e-02
2.760000e-01 1.122842e-02
2.780000e-01 1.084189e-02
2.800000e-01 1.038596e-02
2.820000e-01 9.868333e-03
2.840000e-01 9.286221e-03
2.860000e-01 8.649233e-03
2.880000e-01 7.943197e-03
2.900000e-01 7.191464e-03
2.920000e-01 6.426403e-03
2.940000e-01 5.607862e-03
2.960000e-01 4.729339e-03
2.980000e-01 3.837873e-03
3.000000e-01 2.937105e-03
3.020000e-01 2.007237e-03
3.040000e-01 1.071482e-03
3.060000e-01 1.121029e-04
3.080000e-01 -8.720136e-04
3.100000e-01 -1.819324e-03
3.120000e-01 -2.747114e-03
3.140000e-01 -3.684071e-03
3.160000e-01 -4.607613e-03
3.180000e-01 -5.492580e-03
3.200000e-01 -6.308916e-03
3.220000e-01 -7.088361e-03
3.240000e-01 -7.862529e-03
3.260000e-01 -8.575466e-03
3.280000e-01 -9.210937e-03
3.300000e-01 -9.779121e-03
3.320000e-01 -1.027714e-02
3.340000e-01 -1.073429e-02
3.360000e-01 -1.113546e-02
3.380000e-01 -1.143397e-02
3.400000e-01 -1.166072e-02
3.420000e-01 -1.184835e-02
3.440000e-01 -1.195211e-02
3.460000e-01 -1.196057e-02
3.480000e-01 -1.190260e-02
3.500000e-01 -1.178025e-02
3.520000e-01 -1.156636e-02
3.540000e-01 -1.127703e-02
3.560000e-01 -1.092743e-02
3.580000e-01 -1.048984e-02
3.600000e-01 -9.985719e-03
3.620000e-01 -9.433233e-03
3.640000e-01 -8.814823e-03
3.660000e-01 -8.127260e-03
3.680000e-01 -7.392755e-03
3.700000e-01 -6.621913e-03
3.720000e-01 -5.797361e-03
3.740000e-01 -4.923684e-03
3.760000e-01 -4.049158e-03
3.780000e-01 -3.155362e-03
3.800000e-01 -2.213140e-03
3.820000e-01 -1.262722e-03
3.840000e-01 -3.180683e-04
3.860000e-01 6.209861e-04
3.880000e-01 1.571183e-03
3.900000e-01 2.515993e-03
3.920000e-01 3.435376e-03
3.940000e-01 4.344483e-03
3.960000e-01 5.222951e-03
3.980000e-01 6.061388e-03
4.000000e-01 6.874521e-03
4.020000e-01 7.647799e-03
4.040000e-01 8.347043e-03
4.060000e-01 8.997341e-03
4.080000e-01 9.616015e-03
4.100000e-01 1.015847e-02
4.120000e-01 1.062365e-02
4.140000e-01 1.103171e-02
4.160000e-01 1.136273e-02
4.180000e-01 1.162202e-02
4.200000e-01 1.181549e-02
4.220000e-01 1.192398e-02
4.240000e-01 1.195333e-02
4.260000e-01 1.191305e-02
4.280000e-01 1.179800e-02
4.300000e-01 1.160802e-02
4.320000e-01 1.135093e-02
4.340000e-01 1.100290e-02
4.360000e-01 1.058108e-02
4.380000e-01 1.012452e-02
4.400000e-01 9.593742e-03
4.420000e-01 8.976680e-03
4.440000e-01 8.307104e-03
4.460000e-01 7.601805e-03
4.480000e-01 6.842495e-03
4.500000e-01 6.022571e-03
4.520000e-01 5.194688e-03
4.540000e-01 4.326217e-03
4.560000e-01 3.376060e-03
4.580000e-01 2.452091e-03
4.600000e-01 1.556304e-03
4.620000e-01 5.662893e-04
4.640000e-01 -4.306043e-04
4.660000e-01 -1.335217e-03
4.680000e-01 -2.256341e-03
4.700000e-01 -3.236902e-03
4.720000e-01 -4.171708e-03
4.740000e-01 -5.010196e-03
4.760000e-01 -5.836196e-03
4.780000e-01 -6.685890e-03
4.800000e-01 -7.489512e-03
4.820000e-01 -8.182407e-03
4.840000e-01 -8.818314e-03
4.860000e-01 -9.472920e-03
4.880000e-01 -1.005372e-02
4.900000e-01 -1.051010e-02
4.920000e-01 -1.091037e-02
4.940000e-01 -1.128240e-02
4.960000e-01 -1.160515e-02
4.980000e-01 -1.180943e-02
5.000000e-01 -1.189794e-02
