T X
0 0
2.000000e-03 1.035250e-10
4.000000e-03 8.653860e-11
6.000000e-03 -1.136315e-10
8.000000e-03 -2.343091e-10
1.000000e-02 -3.740652e-10
1.200000e-02 -3.657208e-10
1.400000e-02 -4.494694e-10
1.600000e-02 -2.055720e-10
1.800000e-02 -2.300201e-10
2.000000e-02 -1.011131e-09
2.200000e-02 -2.129606e-09
2.400000e-02 -1.206523e-09
2.600000e-02 2.242488e-10
2.800000e-02 4.120619e-09
3.000000e-02 4.982813e-09
3.200000e-02 4.458491e-09
3.400000e-02 1.036384e-08
3.600000e-02 1.335291e-08
3.800000e-02 5.878188e-09
4.000000e-02 -3.543679e-08
4.200000e-02 -9.836307e-08
4.400000e-02 -1.461003e-07
4.600000e-02 -1.518322e-07
4.800000e-02 -6.391608e-08
5.000000e-02 1.093459e-07
5.200000e-02 3.139371e-07
5.400000e-02 5.460106e-07
5.600000e-02 1.145608e-06
5.800000e-02 3.316377e-06
6.000000e-02 1.007293e-05
6.200000e-02 2.833801e-05
6.400000e-02 7.249923e-05
6.600000e-02 1.694513e-04
6.800000e-02 3.622763e-04
7.000000e-02 7.074849e-04
7.200000e-02 1.260371e-03
7.400000e-02 2.046788e-03
7.600000e-02 3.030803e-03
7.800000e-02 4.102333e-03
8.000000e-02 5.112357e-03
8.200000e-02 5.953367e-03
8.400000e-02 6.632339e-03
8.600000e-02 7.260588e-03
8.800000e-02 7.943923e-03
9.000000e-02 8.668554e-03
9.200000e-02 9.316593e-03
9.400000e-02 9.812147e-03
9.600000e-02 1.021556e-02
9.800000e-02 1.062938e-02
1.000000e-01 1.104342e-02
1.020000e-01 1.135601e-02
1.040000e-01 1.153856e-02
1.060000e-01 1.166478e-02
1.080000e-01 1.176820e-02
1.100000e-01 1.179243e-02
1.120000e-01 1.169945e-02
1.140000e-01 1.152693e-02
1.160000e-01 1.131196e-02
1.180000e-01 1.102903e-02
1.200000e-01 1.064457e-02
1.220000e-01 1.018100e-02
1.240000e-01 9.674265e-03
1.260000e-01 9.111444e-03
1.280000e-01 8.474163e-03
1.300000e-01 7.787967e-03
1.320000e-01 7.070571e-03
1.340000e-01 6.298961e-03
1.360000e-01 5.470663e-03
1.380000e-01 4.625777e-03
1.400000e-01 3.764908e-03
1.420000e-01 2.854788e-03
1.440000e-01 1.926733e-03
1.460000e-01 1.016939e-03
1.480000e-01 8.894074e-05
1.500000e-01 -8.522356e-04
1.520000e-01 -1.749080e-03
1.540000e-01 -2.617770e-03
1.560000e-01 -3.476086e-03
1.580000e-01 -4.299707e-03
1.600000e-01 -5.121186e-03
1.620000e-01 -5.943482e-03
1.640000e-01 -6.731064e-03
1.660000e-01 -7.498088e-03
1.680000e-01 -8.202984e-03
1.700000e-01 -8.811710e-03
1.720000e-01 -9.360673e-03
1.740000e-01 -9.831194e-03
1.760000e-01 -1.024972e-02
1.780000e-01 -1.066590e-02
1.800000e-01 -1.100905e-02
1.820000e-01 -1.125179e-02
1.840000e-01 -1.143393e-02
1.860000e-01 -1.155768e-02
1.880000e-01 -1.163443e-02
1.900000e-01 -1.162826e-02
1.920000e-01 -1.148863e-02
1.940000e-01 -1.127319e-02
1.960000e-01 -1.102567e-02
1.980000e-01 -1.071777e-02
2.000000e-01 -1.032966e-02
2.020000e-01 -9.858536e-03
2.040000e-01 -9.314554e-03
2.060000e-01 -8.714607e-03
2.080000e-01 -8.096702e-03
2.100000e-01 -7.444938e-03
2.120000e-01 -6.705681e-03
2.140000e-01 -5.923901e-03
2.160000e-01 -5.129322e-03
2.180000e-01 -4.291032e-03
2.200000e-01 -3.416097e-03
2.220000e-01 -2.518897e-03
2.240000e-01 -1.610033e-03
2.260000e-01 -6.910658e-04
2.280000e-01 2.383334e-04
2.300000e-01 1.164768e-03
2.320000e-01 2.084930e-03
2.340000e-01 2.991284e-03
2.360000e-01 3.882083e-03
2.380000e-01 4.739833e-03
2.400000e-01 5.554285e-03
2.420000e-01 6.348108e-03
2.440000e-01 7.085087e-03
2.460000e-01 7.760307e-03
2.480000e-01 8.420336e-03
2.500000e-01 9.029080e-03
2.520000e-01 9.569852e-03
2.540000e-01 1.005810e-02
2.560000e-01 1.047220e-02
2.580000e-01 1.082731e-02
2.600000e-01 1.111661e-02
2.620000e-01 1.131396e-02
2.640000e-01 1.144984e-02
2.660000e-01 1.152731e-02
2.680000e-01 1.152824e-02
2.700000e-01 1.144861e-02
2.720000e-01 1.128790e-02
2.740000e-01 1.105985e-02
2.760000e-01 1.076215e-02
2.780000e-01 1.039829e-02
2.800000e-01 9.959732e-03
2.820000e-01 9.436783e-03
2.840000e-01 8.866555e-03
2.860000e-01 8.266399e-03
2.880000e-01 7.616808e-03
2.900000e-01 6.893477e-03
2.920000e-01 6.114852e-03
2.940000e-01 5.325174e-03
2.960000e-01 4.517547e-03
2.980000e-01 3.667750e-03
3.000000e-01 2.783784e-03
3.020000e-01 1.883859e-03
3.040000e-01 9.710179e-04
3.060000e-01 5.237702e-05
3.080000e-01 -8.678146e-04
3.100000e-01 -1.784747e-03
3.120000e-01 -2.672597e-03
3.140000e-01 -3.555759e-03
3.160000e-01 -4.444685e-03
3.180000e-01 -5.282286e-03
3.200000e-01 -6.076271e-03
3.220000e-01 -6.836890e-03
3.240000e-01 -7.548036e-03
3.260000e-01 -8.218566e-03
3.280000e-01 -8.823383e-03
3.300000e-01 -9.357202e-03
3.320000e-01 -9.846577e-03
3.340000e-01 -1.028410e-02
3.360000e-01 -1.065269e-02
3.380000e-01 -1.095729e-02
3.400000e-01 -1.118913e-02
3.420000e-01 -1.134406e-02
3.440000e-01 -1.143792e-02
3.460000e-01 -1.146832e-02
3.480000e-01 -1.141853e-02
3.500000e-01 -1.127517e-02
3.520000e-01 -1.106664e-02
3.540000e-01 -1.081764e-02
3.560000e-01 -1.048678e-02
3.580000e-01 -1.006017e-02
3.600000e-01 -9.575378e-03
3.620000e-01 -9.034303e-03
3.640000e-01 -8.439010e-03
3.660000e-01 -7.791853e-03
3.680000e-01 -7.081349e-03
3.700000e-01 -6.329860e-03
3.720000e-01 -5.552239e-03
3.740000e-01 -4.734940e-03
3.760000e-01 -3.875222e-03
3.780000e-01 -2.991866e-03
3.800000e-01 -2.104000e-03
3.820000e-01 -1.208017e-03
3.840000e-01 -2.917925e-04
3.860000e-01 6.291797e-04
3.880000e-01 1.534295e-03
3.900000e-01 2.424504e-03
3.920000e-01 3.321558e-03
3.940000e-01 4.206054e-03
3.960000e-01 5.039159e-03
3.980000e-01 5.847292e-03
4.000000e-01 6.625201e-03
4.020000e-01 7.351382e-03
4.040000e-01 8.043980e-03
4.060000e-01 8.682156e-03
4.080000e-01 9.249273e-03
4.100000e-01 9.759070e-03
4.120000e-01 1.021519e-02
4.140000e-01 1.060136e-02
4.160000e-01 1.089950e-02
4.180000e-01 1.114757e-02
4.200000e-01 1.134072e-02
4.220000e-01 1.143401e-02
4.240000e-01 1.145609e-02
4.260000e-01 1.141777e-02
4.280000e-01 1.129687e-02
4.300000e-01 1.110873e-02
4.320000e-01 1.087039e-02
4.340000e-01 1.053122e-02
4.360000e-01 1.011107e-02
4.380000e-01 9.688468e-03
4.400000e-01 9.184528e-03
4.420000e-01 8.565757e-03
4.440000e-01 7.948526e-03
4.460000e-01 7.297663e-03
4.480000e-01 6.515760e-03
4.500000e-01 5.724158e-03
4.520000e-01 4.961716e-03
4.540000e-01 4.109014e-03
4.560000e-01 3.209780e-03
4.580000e-01 2.336910e-03
4.600000e-01 1.457565e-03
4.620000e-01 5.196294e-04
4.640000e-01 -4.350837e-04
4.660000e-01 -1.314946e-03
4.680000e-01 -2.189206e-03
4.700000e-01 -3.123705e-03
4.720000e-01 -4.012980e-03
4.740000e-01 -4.813441e-03
4.760000e-01 -5.607720e-03
4.780000e-01 -6.426781e-03
4.800000e-01 -7.185749e-03
4.820000e-01 -7.841276e-03
4.840000e-01 -8.463444e-03
4.860000e-01 -9.077086e-03
4.880000e-01 -9.646159e-03
4.900000e-01 -1.010410e-02
4.920000e-01 -1.046367e-02
4.940000e-01 -1.082563e-02
4.960000e-01 -1.114866e-02
4.980000e-01 -1.133337e-02
5.000000e-01 -1.140147e-02
