T X
0 0
5.000000e-03 7.154234e-11
1.000000e-02 -4.952348e-11
1.500000e-02 -1.437694e-10
2.000000e-02 -1.719355e-10
2.500000e-02 -4.066265e-10
3.000000e-02 -9.980862e-10
3.500000e-02 1.056836e-10
4.000000e-02 2.761769e-08
4.500000e-02 2.521680e-07
5.000000e-02 1.546107e-06
5.500000e-02 7.406196e-06
6.000000e-02 2.944377e-05
6.500000e-02 9.989283e-05
7.000000e-02 2.925133e-04
7.500000e-02 7.418541e-04
8.000000e-02 1.629110e-03
8.500000e-02 3.092234e-03
9.000000e-02 5.064557e-03
9.500000e-02 7.162471e-03
1.000000e-01 8.814969e-03
1.050000e-01 9.660867e-03
1.100000e-01 9.864473e-03
1.150000e-01 9.896060e-03
1.200000e-01 9.904787e-03
1.250000e-01 9.502218e-03
1.300000e-01 8.368968e-03
1.350000e-01 6.808743e-03
1.400000e-01 5.286837e-03
1.450000e-01 3.691789e-03
1.500000e-01 1.682350e-03
1.550000e-01 -5.093619e-04
1.600000e-01 -2.421604e-03
1.650000e-01 -4.153538e-03
1.700000e-01 -5.925685e-03
1.750000e-01 -7.428040e-03
1.800000e-01 -8.457961e-03
1.850000e-01 -9.310425e-03
1.900000e-01 -9.958455e-03
1.950000e-01 -1.004714e-02
2.000000e-01 -9.703379e-03
2.050000e-01 -9.107095e-03
2.100000e-01 -8.025683e-03
2.150000e-01 -6.567582e-03
2.200000e-01 -5.051695e-03
2.250000e-01 -3.293998e-03
2.300000e-01 -1.268956e-03
2.350000e-01 6.955116e-04
2.400000e-01 2.664368e-03
2.450000e-01 4.606607e-03
2.500000e-01 6.193034e-03
2.550000e-01 7.584352e-03
2.600000e-01 8.842850e-03
2.650000e-01 9.590440e-03
2.700000e-01 9.933609e-03
2.750000e-01 1.000662e-02
2.800000e-01 9.574457e-03
2.850000e-01 8.794090e-03
2.900000e-01 7.746843e-03
2.950000e-01 6.265165e-03
3.000000e-01 4.588430e-03
3.050000e-01 2.760488e-03
3.100000e-01 7.108875e-04
3.150000e-01 -1.238700e-03
3.200000e-01 -3.128850e-03
3.250000e-01 -5.019829e-03
3.300000e-01 -6.621972e-03
3.350000e-01 -7.987738e-03
3.400000e-01 -9.055292e-03
3.450000e-01 -9.677507e-03
3.500000e-01 -1.001180e-02
3.550000e-01 -9.916730e-03
3.600000e-01 -9.390193e-03
3.650000e-01 -8.595206e-03
3.700000e-01 -7.351513e-03
3.750000e-01 -5.806734e-03
3.800000e-01 -4.102915e-03
3.850000e-01 -2.174459e-03
3.900000e-01 -2.258214e-04
3.950000e-01 1.761602e-03
4.000000e-01 3.714537e-03
4.050000e-01 5.455561e-03
4.100000e-01 7.067101e-03
4.150000e-01 8.328807e-03
4.200000e-01 9.225558e-03
4.250000e-01 9.857782e-03
4.300000e-01 9.999186e-03
4.350000e-01 9.788459e-03
4.400000e-01 9.240999e-03
4.450000e-01 8.229862e-03
4.500000e-01 6.932838e-03
4.550000e-01 5.356896e-03
4.600000e-01 3.564793e-03
4.650000e-01 1.633359e-03
4.700000e-01 -3.690215e-04
4.750000e-01 -2.305120e-03
4.800000e-01 -4.232121e-03
4.850000e-01 -5.970250e-03
4.900000e-01 -7.417399e-03
4.950000e-01 -8.631706e-03
5.000000e-01 -9.456685e-03
5.050000e-01 -9.918873e-03
5.100000e-01 -9.996920e-03
5.150000e-01 -9.660915e-03
5.200000e-01 -8.963058e-03
5.250000e-01 -7.882229e-03
5.300000e-01 -6.501871e-03
5.350000e-01 -4.844667e-03
5.400000e-01 -3.020193e-03
5.450000e-01 -1.077796e-03
5.500000e-01 9.541823e-04
5.550000e-01 2.893673e-03
5.600000e-01 4.749180e-03
5.650000e-01 6.406140e-03
5.700000e-01 7.794450e-03
5.750000e-01 8.908148e-03
5.800000e-01 9.623827e-03
5.850000e-01 9.995551e-03
5.900000e-01 9.947679e-03
5.950000e-01 9.478490e-03
6.000000e-01 8.667650e-03
6.050000e-01 7.490567e-03
6.100000e-01 6.037512e-03
6.150000e-01 4.344272e-03
6.200000e-01 2.487898e-03
6.250000e-01 5.063030e-04
6.300000e-01 -1.506278e-03
6.350000e-01 -3.406917e-03
6.400000e-01 -5.220707e-03
6.450000e-01 -6.804834e-03
6.500000e-01 -8.110532e-03
6.550000e-01 -9.144061e-03
6.600000e-01 -9.794110e-03
6.650000e-01 -1.004348e-02
6.700000e-01 -9.873178e-03
6.750000e-01 -9.312365e-03
6.800000e-01 -8.377782e-03
6.850000e-01 -7.122106e-03
6.900000e-01 -5.572045e-03
6.950000e-01 -3.800463e-03
7.000000e-01 -1.875889e-03
7.050000e-01 1.673945e-04
7.100000e-01 2.146523e-03
7.150000e-01 4.047222e-03
7.200000e-01 5.776202e-03
7.250000e-01 7.269803e-03
7.300000e-01 8.499421e-03
7.350000e-01 9.362822e-03
7.400000e-01 9.889551e-03
7.450000e-01 9.980385e-03
7.500000e-01 9.677461e-03
7.550000e-01 9.020513e-03
7.600000e-01 7.996586e-03
7.650000e-01 6.653796e-03
7.700000e-01 5.060828e-03
7.750000e-01 3.265436e-03
7.800000e-01 1.291882e-03
7.850000e-01 -6.822872e-04
7.900000e-01 -2.667601e-03
7.950000e-01 -4.534863e-03
8.000000e-01 -6.206066e-03
8.050000e-01 -7.684056e-03
8.100000e-01 -8.793948e-03
8.150000e-01 -9.578490e-03
8.200000e-01 -9.982885e-03
8.250000e-01 -9.967054e-03
8.300000e-01 -9.568741e-03
8.350000e-01 -8.796846e-03
8.400000e-01 -7.653639e-03
8.450000e-01 -6.213062e-03
8.500000e-01 -4.524164e-03
8.550000e-01 -2.648362e-03
8.600000e-01 -7.021967e-04
8.650000e-01 1.298101e-03
8.700000e-01 3.226592e-03
8.750000e-01 5.054246e-03
8.800000e-01 6.666225e-03
8.850000e-01 8.014041e-03
8.900000e-01 9.037645e-03
8.950000e-01 9.681172e-03
9.000000e-01 9.988690e-03
9.050000e-01 9.858642e-03
9.100000e-01 9.383220e-03
9.150000e-01 8.513117e-03
9.200000e-01 7.275375e-03
9.250000e-01 5.761453e-03
9.300000e-01 4.026531e-03
9.350000e-01 2.126925e-03
9.400000e-01 1.432290e-04
9.450000e-01 -1.821876e-03
9.500000e-01 -3.783114e-03
9.550000e-01 -5.554542e-03
9.600000e-01 -7.113047e-03
9.650000e-01 -8.385429e-03
9.700000e-01 -9.299267e-03
9.750000e-01 -9.855436e-03
9.800000e-01 -1.001643e-02
9.850000e-01 -9.803229e-03
9.900000e-01 -9.174144e-03
9.950000e-01 -8.172879e-03
1 -6.840798e-03
1.005000e+00 -5.248663e-03
1.010000e+00 -3.443573e-03
1.015000e+00 -1.515707e-03
1.020000e+00 4.624104e-04
1.025000e+00 2.439109e-03
1.030000e+00 4.328529e-03
1.035000e+00 6.026067e-03
1.040000e+00 7.486888e-03
1.045000e+00 8.645666e-03
1.050000e+00 9.466701e-03
1.055000e+00 9.925693e-03
1.060000e+00 9.953838e-03
1.065000e+00 9.648729e-03
1.070000e+00 8.910416e-03
1.075000e+00 7.816792e-03
1.080000e+00 6.439102e-03
1.085000e+00 4.782994e-03
1.090000e+00 2.952701e-03
1.095000e+00 9.722375e-04
1.100000e+00 -1.026458e-03
1.105000e+00 -2.996513e-03
1.110000e+00 -4.838024e-03
1.115000e+00 -6.490334e-03
1.120000e+00 -7.876368e-03
1.125000e+00 -8.961855e-03
1.130000e+00 -9.694819e-03
1.135000e+00 -1.001257e-02
1.140000e+00 -9.948550e-03
1.145000e+00 -9.466683e-03
1.150000e+00 -8.611047e-03
1.155000e+00 -7.435836e-03
1.160000e+00 -5.969865e-03
1.165000e+00 -4.263757e-03
1.170000e+00 -2.360013e-03
1.175000e+00 -3.688731e-04
1.180000e+00 1.667784e-03
1.185000e+00 3.709019e-03
1.190000e+00 5.598998e-03
1.195000e+00 7.305719e-03
1.200000e+00 8.641943e-03
1.205000e+00 9.401383e-03
1.210000e+00 9.366164e-03
1.215000e+00 8.397231e-03
1.220000e+00 6.550447e-03
1.225000e+00 3.993966e-03
1.230000e+00 1.121804e-03
1.235000e+00 -1.740949e-03
1.240000e+00 -4.276614e-03
1.245000e+00 -6.449922e-03
1.250000e+00 -8.334264e-03
1.255000e+00 -9.993256e-03
1.260000e+00 -1.149338e-02
1.265000e+00 -1.264851e-02
1.270000e+00 -1.325799e-02
1.275000e+00 -1.317483e-02
1.280000e+00 -1.243144e-02
1.285000e+00 -1.121541e-02
1.290000e+00 -9.685476e-03
1.295000e+00 -7.920478e-03
1.300000e+00 -5.901855e-03
1.305000e+00 -3.467925e-03
1.310000e+00 -6.733661e-04
1.315000e+00 2.143439e-03
1.320000e+00 4.693995e-03
1.325000e+00 7.023305e-03
1.330000e+00 9.179280e-03
1.335000e+00 1.085650e-02
1.340000e+00 1.211318e-02
1.345000e+00 1.308300e-02
1.350000e+00 1.344762e-02
1.355000e+00 1.282481e-02
1.360000e+00 1.174434e-02
1.365000e+00 1.096272e-02
1.370000e+00 9.956868e-03
1.375000e+00 8.392953e-03
1.380000e+00 6.888291e-03
1.385000e+00 5.837096e-03
1.390000e+00 5.142039e-03
1.395000e+00 4.508068e-03
1.400000e+00 3.570374e-03
1.405000e+00 2.222771e-03
1.410000e+00 7.012177e-04
1.415000e+00 -9.420338e-04
1.420000e+00 -2.791019e-03
1.425000e+00 -4.455010e-03
1.430000e+00 -5.670236e-03
1.435000e+00 -6.505627e-03
1.440000e+00 -6.891531e-03
1.445000e+00 -7.116649e-03
1.450000e+00 -7.364005e-03
1.455000e+00 -7.330574e-03
1.460000e+00 -6.943407e-03
1.465000e+00 -6.205996e-03
1.470000e+00 -4.983199e-03
1.475000e+00 -3.548545e-03
1.480000e+00 -2.142362e-03
1.485000e+00 -7.934307e-04
1.490000e+00 4.035606e-04
1.495000e+00 1.617144e-03
1.500000e+00 2.970793e-03
1.505000e+00 4.351577e-03
1.510000e+00 5.572137e-03
1.515000e+00 6.409007e-03
1.520000e+00 6.767198e-03
1.525000e+00 6.971656e-03
1.530000e+00 7.073616e-03
1.535000e+00 6.817748e-03
1.540000e+00 6.304772e-03
1.545000e+00 5.438615e-03
1.550000e+00 4.299166e-03
1.555000e+00 3.164355e-03
1.560000e+00 1.960193e-03
1.565000e+00 6.837731e-04
1.570000e+00 -7.236601e-04
1.575000e+00 -2.311145e-03
1.580000e+00 -3.678209e-03
1.585000e+00 -4.733626e-03
1.590000e+00 -5.575785e-03
1.595000e+00 -6.152380e-03
1.600000e+00 -6.781645e-03
1.605000e+00 -7.249409e-03
1.610000e+00 -7.187255e-03
1.615000e+00 -6.664357e-03
1.620000e+00 -5.791286e-03
1.625000e+00 -5.012262e-03
1.630000e+00 -4.259463e-03
1.635000e+00 -3.007373e-03
1.640000e+00 -1.424077e-03
1.645000e+00 7.287454e-05
1.650000e+00 1.295265e-03
1.655000e+00 2.494334e-03
1.660000e+00 3.933958e-03
1.665000e+00 5.057371e-03
1.670000e+00 5.813422e-03
1.675000e+00 6.488090e-03
1.680000e+00 6.941922e-03
1.685000e+00 7.160666e-03
1.690000e+00 6.892755e-03
1.695000e+00 6.366212e-03
1.700000e+00 5.817504e-03
1.705000e+00 4.897691e-03
1.710000e+00 3.721754e-03
1.715000e+00 2.465408e-03
1.720000e+00 1.108416e-03
1.725000e+00 -3.384344e-04
1.730000e+00 -1.734644e-03
1.735000e+00 -2.964516e-03
1.740000e+00 -4.254242e-03
1.745000e+00 -5.363690e-03
1.750000e+00 -6.082366e-03
1.755000e+00 -6.681110e-03
1.760000e+00 -7.020850e-03
1.765000e+00 -7.060910e-03
1.770000e+00 -6.847529e-03
1.775000e+00 -6.292816e-03
1.780000e+00 -5.541745e-03
1.785000e+00 -4.531718e-03
1.790000e+00 -3.352140e-03
1.795000e+00 -2.110613e-03
1.800000e+00 -6.484335e-04
1.805000e+00 7.297500e-04
1.810000e+00 2.067090e-03
1.815000e+00 3.484865e-03
1.820000e+00 4.624929e-03
1.825000e+00 5.523664e-03
1.830000e+00 6.283400e-03
1.835000e+00 6.858827e-03
1.840000e+00 7.072605e-03
1.845000e+00 6.985556e-03
1.850000e+00 6.752461e-03
1.855000e+00 6.130036e-03
1.860000e+00 5.267395e-03
1.865000e+00 4.299468e-03
1.870000e+00 3.067174e-03
1.875000e+00 1.708040e-03
1.880000e+00 3.227643e-04
1.885000e+00 -1.112781e-03
1.890000e+00 -2.527508e-03
1.895000e+00 -3.789904e-03
1.900000e+00 -4.943485e-03
1.905000e+00 -5.920606e-03
1.910000e+00 -6.584224e-03
1.915000e+00 -7.026609e-03
1.920000e+00 -7.174054e-03
1.925000e+00 -7.011774e-03
1.930000e+00 -6.589856e-03
1.935000e+00 -5.944889e-03
1.940000e+00 -5.020443e-03
1.945000e+00 -3.838900e-03
1.950000e+00 -2.634003e-03
1.955000e+00 -1.252369e-03
1.960000e+00 2.190038e-04
1.965000e+00 1.552987e-03
1.970000e+00 2.911902e-03
1.975000e+00 4.204222e-03
1.980000e+00 5.254924e-03
1.985000e+00 6.141570e-03
1.990000e+00 6.797848e-03
1.995000e+00 7.151040e-03
2 7.221444e-03
2.005000e+00 7.016082e-03
2.010000e+00 6.542983e-03
2.015000e+00 5.779247e-03
2.020000e+00 4.773407e-03
2.025000e+00 3.559685e-03
2.030000e+00 2.245788e-03
2.035000e+00 8.023060e-04
2.040000e+00 -6.944041e-04
2.045000e+00 -2.083984e-03
2.050000e+00 -3.422387e-03
2.055000e+00 -4.668871e-03
2.060000e+00 -5.694858e-03
2.065000e+00 -6.454350e-03
2.070000e+00 -7.013131e-03
2.075000e+00 -7.250858e-03
2.080000e+00 -7.194830e-03
2.085000e+00 -6.907932e-03
2.090000e+00 -6.247101e-03
2.095000e+00 -5.428323e-03
2.100000e+00 -4.408409e-03
2.105000e+00 -3.090448e-03
2.110000e+00 -1.749436e-03
2.115000e+00 -3.120635e-04
2.120000e+00 1.185648e-03
2.125000e+00 2.571155e-03
2.130000e+00 3.852798e-03
2.135000e+00 5.038867e-03
2.140000e+00 5.969427e-03
2.145000e+00 6.637971e-03
2.150000e+00 7.140672e-03
2.155000e+00 7.273474e-03
2.160000e+00 7.110456e-03
2.165000e+00 6.692242e-03
2.170000e+00 6.020183e-03
2.175000e+00 5.112901e-03
2.180000e+00 3.909499e-03
2.185000e+00 2.670185e-03
2.190000e+00 1.293468e-03
2.195000e+00 -2.361409e-04
2.200000e+00 -1.652694e-03
2.205000e+00 -3.041140e-03
2.210000e+00 -4.273553e-03
2.215000e+00 -5.353569e-03
2.220000e+00 -6.271154e-03
2.225000e+00 -6.832792e-03
2.230000e+00 -7.164229e-03
2.235000e+00 -7.273614e-03
2.240000e+00 -7.026115e-03
2.245000e+00 -6.436893e-03
2.250000e+00 -5.706584e-03
2.255000e+00 -4.711002e-03
2.260000e+00 -3.475315e-03
2.265000e+00 -2.220910e-03
2.270000e+00 -7.389919e-04
2.275000e+00 7.147888e-04
2.280000e+00 2.081193e-03
2.285000e+00 3.495900e-03
2.290000e+00 4.640219e-03
2.295000e+00 5.647078e-03
2.300000e+00 6.479857e-03
2.305000e+00 6.960838e-03
2.310000e+00 7.214562e-03
2.315000e+00 7.210226e-03
2.320000e+00 6.846880e-03
2.325000e+00 6.224320e-03
2.330000e+00 5.401233e-03
2.335000e+00 4.283191e-03
2.340000e+00 3.056325e-03
2.345000e+00 1.697216e-03
2.350000e+00 2.585224e-04
2.355000e+00 -1.170535e-03
2.360000e+00 -2.622729e-03
2.365000e+00 -3.852358e-03
2.370000e+00 -4.984454e-03
2.375000e+00 -5.955877e-03
2.380000e+00 -6.631726e-03
2.385000e+00 -7.074584e-03
2.390000e+00 -7.181117e-03
2.395000e+00 -7.041761e-03
2.400000e+00 -6.677313e-03
2.405000e+00 -5.952581e-03
2.410000e+00 -4.994189e-03
2.415000e+00 -3.910044e-03
2.420000e+00 -2.626093e-03
2.425000e+00 -1.305317e-03
2.430000e+00 6.875376e-05
2.435000e+00 1.494792e-03
2.440000e+00 2.752387e-03
2.445000e+00 3.996203e-03
2.450000e+00 5.121314e-03
2.455000e+00 5.976421e-03
2.460000e+00 6.726089e-03
2.465000e+00 7.089278e-03
2.470000e+00 7.226188e-03
2.475000e+00 7.170201e-03
2.480000e+00 6.707358e-03
2.485000e+00 6.168509e-03
2.490000e+00 5.313413e-03
2.495000e+00 4.172310e-03
2.500000e+00 2.807343e-03
2.505000e+00 9.813797e-04
2.510000e+00 -1.221592e-03
2.515000e+00 -3.895021e-03
2.520000e+00 -6.908223e-03
2.525000e+00 -1.001274e-02
2.530000e+00 -1.286679e-02
2.535000e+00 -1.520617e-02
2.540000e+00 -1.684452e-02
2.545000e+00 -1.753326e-02
2.550000e+00 -1.742049e-02
2.555000e+00 -1.664638e-02
2.560000e+00 -1.531987e-02
2.565000e+00 -1.360515e-02
2.570000e+00 -1.144955e-02
2.575000e+00 -8.855605e-03
2.580000e+00 -5.844122e-03
2.585000e+00 -2.347849e-03
2.590000e+00 1.336209e-03
2.595000e+00 4.874631e-03
2.600000e+00 8.222951e-03
2.605000e+00 1.102428e-02
2.610000e+00 1.326738e-02
2.615000e+00 1.515862e-02
2.620000e+00 1.650550e-02
2.625000e+00 1.743757e-02
2.630000e+00 1.760108e-02
2.635000e+00 1.683022e-02
2.640000e+00 1.535451e-02
2.645000e+00 1.309668e-02
2.650000e+00 1.045944e-02
2.655000e+00 7.563359e-03
2.660000e+00 4.460638e-03
2.665000e+00 1.389128e-03
2.670000e+00 -1.728733e-03
2.675000e+00 -4.570546e-03
2.680000e+00 -6.660378e-03
2.685000e+00 -7.933082e-03
2.690000e+00 -8.448270e-03
2.695000e+00 -8.420534e-03
2.700000e+00 -8.043768e-03
2.705000e+00 -7.477959e-03
2.710000e+00 -6.899081e-03
2.715000e+00 -6.122680e-03
2.720000e+00 -5.044146e-03
2.725000e+00 -3.823688e-03
2.730000e+00 -2.503514e-03
2.735000e+00 -9.012858e-04
2.740000e+00 1.016299e-03
2.745000e+00 2.917745e-03
2.750000e+00 4.688536e-03
2.755000e+00 6.122617e-03
2.760000e+00 7.162559e-03
2.765000e+00 7.904641e-03
2.770000e+00 8.360009e-03
2.775000e+00 8.775929e-03
2.780000e+00 8.874477e-03
2.785000e+00 8.552088e-03
2.790000e+00 7.696459e-03
2.795000e+00 6.177359e-03
2.800000e+00 4.489336e-03
2.805000e+00 2.812676e-03
2.810000e+00 1.243184e-03
2.815000e+00 -3.245790e-04
2.820000e+00 -2.081977e-03
2.825000e+00 -3.804551e-03
2.830000e+00 -5.353763e-03
2.835000e+00 -6.778432e-03
2.840000e+00 -7.970317e-03
2.845000e+00 -8.717843e-03
2.850000e+00 -8.984074e-03
2.855000e+00 -8.977824e-03
2.860000e+00 -8.638698e-03
2.865000e+00 -7.821442e-03
2.870000e+00 -6.882327e-03
2.875000e+00 -5.935826e-03
2.880000e+00 -4.577150e-03
2.885000e+00 -2.582522e-03
2.890000e+00 -4.772059e-04
2.895000e+00 1.167647e-03
2.900000e+00 2.652099e-03
2.905000e+00 4.315561e-03
2.910000e+00 5.941980e-03
2.915000e+00 7.279293e-03
2.920000e+00 8.212981e-03
2.925000e+00 8.739534e-03
2.930000e+00 8.939897e-03
2.935000e+00 8.939816e-03
2.940000e+00 8.649821e-03
2.945000e+00 7.807610e-03
2.950000e+00 6.638085e-03
2.955000e+00 5.318535e-03
2.960000e+00 3.723337e-03
2.965000e+00 1.978791e-03
2.970000e+00 2.679206e-04
2.975000e+00 -1.479831e-03
2.980000e+00 -3.284092e-03
2.985000e+00 -4.911312e-03
2.990000e+00 -6.370135e-03
2.995000e+00 -7.593947e-03
3 -8.433274e-03
