T X
0 0
5.000000e-03 -1.660865e-11
1.000000e-02 4.074270e-12
1.500000e-02 -1.134381e-10
2.000000e-02 -6.671843e-11
2.500000e-02 1.079654e-10
3.000000e-02 1.133283e-09
3.500000e-02 9.586646e-09
4.000000e-02 5.902048e-08
4.500000e-02 3.464738e-07
5.000000e-02 1.815660e-06
5.500000e-02 8.223346e-06
6.000000e-02 3.204115e-05
6.500000e-02 1.074887e-04
7.000000e-02 3.112911e-04
7.500000e-02 7.801733e-04
8.000000e-02 1.693825e-03
8.500000e-02 3.183829e-03
9.000000e-02 5.175354e-03
9.500000e-02 7.280512e-03
1.000000e-01 8.930398e-03
1.050000e-01 9.767863e-03
1.100000e-01 9.956086e-03
1.150000e-01 9.960462e-03
1.200000e-01 9.934087e-03
1.250000e-01 9.504001e-03
1.300000e-01 8.355688e-03
1.350000e-01 6.775476e-03
1.400000e-01 5.221531e-03
1.450000e-01 3.606289e-03
1.500000e-01 1.600339e-03
1.550000e-01 -5.876244e-04
1.600000e-01 -2.502771e-03
1.650000e-01 -4.229686e-03
1.700000e-01 -6.016364e-03
1.750000e-01 -7.584932e-03
1.800000e-01 -8.690635e-03
1.850000e-01 -9.589779e-03
1.900000e-01 -1.026962e-02
1.950000e-01 -1.032963e-02
2.000000e-01 -9.859420e-03
2.050000e-01 -9.160642e-03
2.100000e-01 -8.062296e-03
2.150000e-01 -6.556040e-03
2.200000e-01 -4.962229e-03
2.250000e-01 -3.150421e-03
2.300000e-01 -1.003775e-03
2.350000e-01 1.066661e-03
2.400000e-01 2.986622e-03
2.450000e-01 4.925195e-03
2.500000e-01 6.607971e-03
2.550000e-01 7.978544e-03
2.600000e-01 9.177272e-03
2.650000e-01 9.905028e-03
2.700000e-01 1.016282e-02
2.750000e-01 1.019227e-02
2.800000e-01 9.726125e-03
2.850000e-01 8.786645e-03
2.900000e-01 7.660219e-03
2.950000e-01 6.158670e-03
3.000000e-01 4.351430e-03
3.050000e-01 2.452073e-03
3.100000e-01 3.647992e-04
3.150000e-01 -1.656128e-03
3.200000e-01 -3.536942e-03
3.250000e-01 -5.473461e-03
3.300000e-01 -7.104735e-03
3.350000e-01 -8.367589e-03
3.400000e-01 -9.436047e-03
3.450000e-01 -1.003003e-02
3.500000e-01 -1.022626e-02
3.550000e-01 -1.008570e-02
3.600000e-01 -9.455922e-03
3.650000e-01 -8.542754e-03
3.700000e-01 -7.236015e-03
3.750000e-01 -5.564526e-03
3.800000e-01 -3.831501e-03
3.850000e-01 -1.833418e-03
3.900000e-01 2.489883e-04
3.950000e-01 2.201123e-03
4.000000e-01 4.196385e-03
4.050000e-01 5.968808e-03
4.100000e-01 7.499380e-03
4.150000e-01 8.779319e-03
4.200000e-01 9.602437e-03
4.250000e-01 1.014655e-02
4.300000e-01 1.025041e-02
4.350000e-01 9.909640e-03
4.400000e-01 9.272239e-03
4.450000e-01 8.147065e-03
4.500000e-01 6.759690e-03
4.550000e-01 5.122178e-03
4.600000e-01 3.196694e-03
4.650000e-01 1.241114e-03
4.700000e-01 -8.130504e-04
4.750000e-01 -2.825698e-03
4.800000e-01 -4.722752e-03
4.850000e-01 -6.477545e-03
4.900000e-01 -7.889790e-03
4.950000e-01 -9.051281e-03
5.000000e-01 -9.828978e-03
5.050000e-01 -1.019542e-02
5.100000e-01 -1.022038e-02
5.150000e-01 -9.763024e-03
5.200000e-01 -8.968765e-03
5.250000e-01 -7.795020e-03
5.300000e-01 -6.283495e-03
5.350000e-01 -4.583478e-03
5.400000e-01 -2.646405e-03
5.450000e-01 -6.497305e-04
5.500000e-01 1.414504e-03
5.550000e-01 3.420316e-03
5.600000e-01 5.245304e-03
5.650000e-01 6.930582e-03
5.700000e-01 8.258335e-03
5.750000e-01 9.316863e-03
5.800000e-01 9.996184e-03
5.850000e-01 1.023708e-02
5.900000e-01 1.015164e-02
5.950000e-01 9.559849e-03
6.000000e-01 8.647888e-03
6.050000e-01 7.387799e-03
6.100000e-01 5.802160e-03
6.150000e-01 4.063151e-03
6.200000e-01 2.090243e-03
6.250000e-01 6.974390e-05
6.300000e-01 -1.969966e-03
6.350000e-01 -3.935288e-03
6.400000e-01 -5.724440e-03
6.450000e-01 -7.309732e-03
6.500000e-01 -8.574554e-03
6.550000e-01 -9.557759e-03
6.600000e-01 -1.011711e-02
6.650000e-01 -1.028468e-02
6.700000e-01 -1.004708e-02
6.750000e-01 -9.357896e-03
6.800000e-01 -8.351510e-03
6.850000e-01 -6.976000e-03
6.900000e-01 -5.342675e-03
6.950000e-01 -3.481682e-03
7.000000e-01 -1.468576e-03
7.050000e-01 5.857962e-04
7.100000e-01 2.642658e-03
7.150000e-01 4.538843e-03
7.200000e-01 6.283629e-03
7.250000e-01 7.765525e-03
7.300000e-01 8.942847e-03
7.350000e-01 9.774085e-03
7.400000e-01 1.018465e-02
7.450000e-01 1.021927e-02
7.500000e-01 9.815952e-03
7.550000e-01 9.052150e-03
7.600000e-01 7.933812e-03
7.650000e-01 6.492789e-03
7.700000e-01 4.803436e-03
7.750000e-01 2.912366e-03
7.800000e-01 8.941521e-04
7.850000e-01 -1.153638e-03
7.900000e-01 -3.137325e-03
7.950000e-01 -5.039913e-03
8.000000e-01 -6.702678e-03
8.050000e-01 -8.136381e-03
8.100000e-01 -9.237211e-03
8.150000e-01 -9.933000e-03
8.200000e-01 -1.027477e-02
8.250000e-01 -1.016085e-02
8.300000e-01 -9.677321e-03
8.350000e-01 -8.797722e-03
8.400000e-01 -7.568526e-03
8.450000e-01 -6.034589e-03
8.500000e-01 -4.242586e-03
8.550000e-01 -2.311281e-03
8.600000e-01 -2.729520e-04
8.650000e-01 1.754043e-03
8.700000e-01 3.721229e-03
8.750000e-01 5.542693e-03
8.800000e-01 7.153821e-03
8.850000e-01 8.468434e-03
8.900000e-01 9.440771e-03
8.950000e-01 1.004229e-02
9.000000e-01 1.023510e-02
9.050000e-01 1.004882e-02
9.100000e-01 9.447051e-03
9.150000e-01 8.479979e-03
9.200000e-01 7.158946e-03
9.250000e-01 5.546691e-03
9.300000e-01 3.726218e-03
9.350000e-01 1.751988e-03
9.400000e-01 -2.799159e-04
9.450000e-01 -2.316200e-03
9.500000e-01 -4.262705e-03
9.550000e-01 -6.045593e-03
9.600000e-01 -7.586635e-03
9.650000e-01 -8.807397e-03
9.700000e-01 -9.679078e-03
9.750000e-01 -1.016927e-02
9.800000e-01 -1.024944e-02
9.850000e-01 -9.938347e-03
9.900000e-01 -9.211982e-03
9.950000e-01 -8.113633e-03
1 -6.698185e-03
1.005000e+00 -5.001592e-03
1.010000e+00 -3.138281e-03
1.015000e+00 -1.136700e-03
1.020000e+00 9.082450e-04
1.025000e+00 2.915231e-03
1.030000e+00 4.824311e-03
1.035000e+00 6.509867e-03
1.040000e+00 7.954149e-03
1.045000e+00 9.073841e-03
1.050000e+00 9.820119e-03
1.055000e+00 1.021928e-02
1.060000e+00 1.017683e-02
1.065000e+00 9.741204e-03
1.070000e+00 8.928152e-03
1.075000e+00 7.720742e-03
1.080000e+00 6.247565e-03
1.085000e+00 4.512891e-03
1.090000e+00 2.594375e-03
1.095000e+00 5.742737e-04
1.100000e+00 -1.489618e-03
1.105000e+00 -3.478288e-03
1.110000e+00 -5.333757e-03
1.115000e+00 -6.967173e-03
1.120000e+00 -8.327734e-03
1.125000e+00 -9.359422e-03
1.130000e+00 -1.001712e-02
1.135000e+00 -1.027958e-02
1.140000e+00 -1.011711e-02
1.145000e+00 -9.547893e-03
1.150000e+00 -8.594357e-03
1.155000e+00 -7.319286e-03
1.160000e+00 -5.756895e-03
1.165000e+00 -3.953654e-03
1.170000e+00 -2.005199e-03
1.175000e+00 6.506782e-05
1.180000e+00 2.144150e-03
1.185000e+00 4.169465e-03
1.190000e+00 6.091493e-03
1.195000e+00 7.733768e-03
1.200000e+00 9.010360e-03
1.205000e+00 9.679383e-03
1.210000e+00 9.541264e-03
1.215000e+00 8.519550e-03
1.220000e+00 6.584029e-03
1.225000e+00 4.010939e-03
1.230000e+00 1.110573e-03
1.235000e+00 -1.774499e-03
1.240000e+00 -4.350725e-03
1.245000e+00 -6.598640e-03
1.250000e+00 -8.567445e-03
1.255000e+00 -1.034025e-02
1.260000e+00 -1.193495e-02
1.265000e+00 -1.314613e-02
1.270000e+00 -1.376585e-02
1.275000e+00 -1.365417e-02
1.280000e+00 -1.284041e-02
1.285000e+00 -1.153578e-02
1.290000e+00 -9.896295e-03
1.295000e+00 -8.003341e-03
1.300000e+00 -5.813765e-03
1.305000e+00 -3.249551e-03
1.310000e+00 -3.843868e-04
1.315000e+00 2.426545e-03
1.320000e+00 4.916489e-03
1.325000e+00 7.170478e-03
1.330000e+00 9.216034e-03
1.335000e+00 1.087973e-02
1.340000e+00 1.216754e-02
1.345000e+00 1.319390e-02
1.350000e+00 1.354912e-02
1.355000e+00 1.294454e-02
1.360000e+00 1.202585e-02
1.365000e+00 1.124035e-02
1.370000e+00 1.009180e-02
1.375000e+00 8.481281e-03
1.380000e+00 7.059623e-03
1.385000e+00 6.015146e-03
1.390000e+00 5.144882e-03
1.395000e+00 4.388804e-03
1.400000e+00 3.447792e-03
1.405000e+00 2.116914e-03
1.410000e+00 6.865675e-04
1.415000e+00 -8.629530e-04
1.420000e+00 -2.696160e-03
1.425000e+00 -4.365650e-03
1.430000e+00 -5.584361e-03
1.435000e+00 -6.474482e-03
1.440000e+00 -6.943970e-03
1.445000e+00 -7.188828e-03
1.450000e+00 -7.477025e-03
1.455000e+00 -7.489761e-03
1.460000e+00 -7.108518e-03
1.465000e+00 -6.413098e-03
1.470000e+00 -5.199008e-03
1.475000e+00 -3.775339e-03
1.480000e+00 -2.500190e-03
1.485000e+00 -1.192739e-03
1.490000e+00 1.089175e-04
1.495000e+00 1.418305e-03
1.500000e+00 2.825365e-03
1.505000e+00 4.170222e-03
1.510000e+00 5.402370e-03
1.515000e+00 6.413095e-03
1.520000e+00 6.915016e-03
1.525000e+00 7.094520e-03
1.530000e+00 7.278177e-03
1.535000e+00 7.218100e-03
1.540000e+00 6.793376e-03
1.545000e+00 6.014426e-03
1.550000e+00 4.888325e-03
1.555000e+00 3.695392e-03
1.560000e+00 2.415687e-03
1.565000e+00 1.030084e-03
1.570000e+00 -4.157544e-04
1.575000e+00 -2.031087e-03
1.580000e+00 -3.504523e-03
1.585000e+00 -4.672292e-03
1.590000e+00 -5.678810e-03
1.595000e+00 -6.409937e-03
1.600000e+00 -7.007958e-03
1.605000e+00 -7.493153e-03
1.610000e+00 -7.547097e-03
1.615000e+00 -7.122393e-03
1.620000e+00 -6.341061e-03
1.625000e+00 -5.507359e-03
1.630000e+00 -4.679266e-03
1.635000e+00 -3.519887e-03
1.640000e+00 -1.954631e-03
1.645000e+00 -3.309772e-04
1.650000e+00 1.025495e-03
1.655000e+00 2.247953e-03
1.660000e+00 3.686875e-03
1.665000e+00 5.061448e-03
1.670000e+00 5.922111e-03
1.675000e+00 6.596449e-03
1.680000e+00 7.188363e-03
1.685000e+00 7.448059e-03
1.690000e+00 7.312416e-03
1.695000e+00 6.847848e-03
1.700000e+00 6.312200e-03
1.705000e+00 5.466168e-03
1.710000e+00 4.235139e-03
1.715000e+00 3.000117e-03
1.720000e+00 1.628049e-03
1.725000e+00 6.802124e-05
1.730000e+00 -1.397302e-03
1.735000e+00 -2.704754e-03
1.740000e+00 -4.057942e-03
1.745000e+00 -5.349864e-03
1.750000e+00 -6.213736e-03
1.755000e+00 -6.818149e-03
1.760000e+00 -7.293909e-03
1.765000e+00 -7.451310e-03
1.770000e+00 -7.248954e-03
1.775000e+00 -6.783618e-03
1.780000e+00 -6.060222e-03
1.785000e+00 -5.025113e-03
1.790000e+00 -3.895133e-03
1.795000e+00 -2.609960e-03
1.800000e+00 -1.081546e-03
1.805000e+00 3.731026e-04
1.810000e+00 1.744987e-03
1.815000e+00 3.191558e-03
1.820000e+00 4.511833e-03
1.825000e+00 5.502213e-03
1.830000e+00 6.324002e-03
1.835000e+00 7.018736e-03
1.840000e+00 7.342662e-03
1.845000e+00 7.323080e-03
1.850000e+00 7.098444e-03
1.855000e+00 6.562315e-03
1.860000e+00 5.746382e-03
1.865000e+00 4.752625e-03
1.870000e+00 3.534216e-03
1.875000e+00 2.155822e-03
1.880000e+00 7.337343e-04
1.885000e+00 -7.598158e-04
1.890000e+00 -2.210646e-03
1.895000e+00 -3.499507e-03
1.900000e+00 -4.762666e-03
1.905000e+00 -5.822973e-03
1.910000e+00 -6.546191e-03
1.915000e+00 -7.072914e-03
1.920000e+00 -7.348227e-03
1.925000e+00 -7.258412e-03
1.930000e+00 -6.866263e-03
1.935000e+00 -6.325541e-03
1.940000e+00 -5.436211e-03
1.945000e+00 -4.301598e-03
1.950000e+00 -3.143452e-03
1.955000e+00 -1.723971e-03
1.960000e+00 -2.677130e-04
1.965000e+00 1.105792e-03
1.970000e+00 2.538750e-03
1.975000e+00 3.849008e-03
1.980000e+00 4.997875e-03
1.985000e+00 5.947816e-03
1.990000e+00 6.673250e-03
1.995000e+00 7.143745e-03
2 7.312891e-03
2.005000e+00 7.195583e-03
2.010000e+00 6.803113e-03
2.015000e+00 6.163547e-03
2.020000e+00 5.196648e-03
2.025000e+00 4.073389e-03
2.030000e+00 2.830003e-03
2.035000e+00 1.367205e-03
2.040000e+00 -1.041187e-04
2.045000e+00 -1.503649e-03
2.050000e+00 -2.923332e-03
2.055000e+00 -4.238797e-03
2.060000e+00 -5.294092e-03
2.065000e+00 -6.195566e-03
2.070000e+00 -6.856983e-03
2.075000e+00 -7.185044e-03
2.080000e+00 -7.307334e-03
2.085000e+00 -7.107234e-03
2.090000e+00 -6.574295e-03
2.095000e+00 -5.876249e-03
2.100000e+00 -4.909845e-03
2.105000e+00 -3.711153e-03
2.110000e+00 -2.423074e-03
2.115000e+00 -1.004247e-03
2.120000e+00 4.588538e-04
2.125000e+00 1.875855e-03
2.130000e+00 3.250982e-03
2.135000e+00 4.481455e-03
2.140000e+00 5.518943e-03
2.145000e+00 6.361348e-03
2.150000e+00 6.947874e-03
2.155000e+00 7.258714e-03
2.160000e+00 7.266062e-03
2.165000e+00 6.987266e-03
2.170000e+00 6.466654e-03
2.175000e+00 5.649542e-03
2.180000e+00 4.585680e-03
2.185000e+00 3.416026e-03
2.190000e+00 2.078048e-03
2.195000e+00 5.970068e-04
2.200000e+00 -8.278135e-04
2.205000e+00 -2.242329e-03
2.210000e+00 -3.601879e-03
2.215000e+00 -4.760260e-03
2.220000e+00 -5.792814e-03
2.225000e+00 -6.560137e-03
2.230000e+00 -7.030019e-03
2.235000e+00 -7.319932e-03
2.240000e+00 -7.249482e-03
2.245000e+00 -6.871926e-03
2.250000e+00 -6.272820e-03
2.255000e+00 -5.399843e-03
2.260000e+00 -4.332144e-03
2.265000e+00 -3.066325e-03
2.270000e+00 -1.681741e-03
2.275000e+00 -2.434174e-04
2.280000e+00 1.209305e-03
2.285000e+00 2.616788e-03
2.290000e+00 3.928777e-03
2.295000e+00 5.054890e-03
2.300000e+00 6.029541e-03
2.305000e+00 6.735096e-03
2.310000e+00 7.154916e-03
2.315000e+00 7.335571e-03
2.320000e+00 7.192683e-03
2.325000e+00 6.773261e-03
2.330000e+00 6.083927e-03
2.335000e+00 5.155095e-03
2.340000e+00 4.011456e-03
2.345000e+00 2.717306e-03
2.350000e+00 1.329262e-03
2.355000e+00 -1.542356e-04
2.360000e+00 -1.611705e-03
2.365000e+00 -2.972389e-03
2.370000e+00 -4.244740e-03
2.375000e+00 -5.372169e-03
2.380000e+00 -6.271385e-03
2.385000e+00 -6.899164e-03
2.390000e+00 -7.231761e-03
2.395000e+00 -7.307445e-03
2.400000e+00 -7.126398e-03
2.405000e+00 -6.606772e-03
2.410000e+00 -5.836544e-03
2.415000e+00 -4.895879e-03
2.420000e+00 -3.734755e-03
2.425000e+00 -2.462302e-03
2.430000e+00 -1.097856e-03
2.435000e+00 3.592211e-04
2.440000e+00 1.749725e-03
2.445000e+00 3.136423e-03
2.450000e+00 4.431825e-03
2.455000e+00 5.518085e-03
2.460000e+00 6.420083e-03
2.465000e+00 7.004483e-03
2.470000e+00 7.329138e-03
2.475000e+00 7.417122e-03
2.480000e+00 7.219170e-03
2.485000e+00 6.849345e-03
2.490000e+00 6.241298e-03
2.495000e+00 5.272728e-03
2.500000e+00 3.976133e-03
2.505000e+00 2.224172e-03
2.510000e+00 -6.341112e-05
2.515000e+00 -2.784879e-03
2.520000e+00 -5.877562e-03
2.525000e+00 -9.084614e-03
2.530000e+00 -1.207397e-02
2.535000e+00 -1.464642e-02
2.540000e+00 -1.652704e-02
2.545000e+00 -1.753137e-02
2.550000e+00 -1.771786e-02
2.555000e+00 -1.716429e-02
2.560000e+00 -1.602165e-02
2.565000e+00 -1.445431e-02
2.570000e+00 -1.242568e-02
2.575000e+00 -9.936818e-03
2.580000e+00 -6.962111e-03
2.585000e+00 -3.494708e-03
2.590000e+00 2.007856e-04
2.595000e+00 3.888990e-03
2.600000e+00 7.302822e-03
2.605000e+00 1.023158e-02
2.610000e+00 1.270504e-02
2.615000e+00 1.473207e-02
2.620000e+00 1.630119e-02
2.625000e+00 1.733967e-02
2.630000e+00 1.764613e-02
2.635000e+00 1.708084e-02
2.640000e+00 1.571881e-02
2.645000e+00 1.371771e-02
2.650000e+00 1.124840e-02
2.655000e+00 8.482599e-03
2.660000e+00 5.490621e-03
2.665000e+00 2.389591e-03
2.670000e+00 -6.632755e-04
2.675000e+00 -3.414276e-03
2.680000e+00 -5.508783e-03
2.685000e+00 -6.833641e-03
2.690000e+00 -7.500188e-03
2.695000e+00 -7.640314e-03
2.700000e+00 -7.473228e-03
2.705000e+00 -7.224943e-03
2.710000e+00 -6.844131e-03
2.715000e+00 -6.224342e-03
2.720000e+00 -5.452970e-03
2.725000e+00 -4.509827e-03
2.730000e+00 -3.325958e-03
2.735000e+00 -1.872189e-03
2.740000e+00 -1.476387e-04
2.745000e+00 1.649772e-03
2.750000e+00 3.439258e-03
2.755000e+00 4.988649e-03
2.760000e+00 6.061808e-03
2.765000e+00 6.839108e-03
2.770000e+00 7.356941e-03
2.775000e+00 7.761598e-03
2.780000e+00 8.082725e-03
2.785000e+00 8.005193e-03
2.790000e+00 7.357216e-03
2.795000e+00 6.169969e-03
2.800000e+00 4.752774e-03
2.805000e+00 3.376865e-03
2.810000e+00 2.070876e-03
2.815000e+00 7.213538e-04
2.820000e+00 -7.825623e-04
2.825000e+00 -2.316204e-03
2.830000e+00 -3.743273e-03
2.835000e+00 -5.198918e-03
2.840000e+00 -6.458438e-03
2.845000e+00 -7.213436e-03
2.850000e+00 -7.700787e-03
2.855000e+00 -8.002802e-03
2.860000e+00 -7.860033e-03
2.865000e+00 -7.284807e-03
2.870000e+00 -6.674027e-03
2.875000e+00 -6.097827e-03
2.880000e+00 -5.036071e-03
2.885000e+00 -3.298076e-03
2.890000e+00 -1.517677e-03
2.895000e+00 -1.614145e-04
2.900000e+00 1.165676e-03
2.905000e+00 2.750537e-03
2.910000e+00 4.258345e-03
2.915000e+00 5.571066e-03
2.920000e+00 6.655617e-03
2.925000e+00 7.284277e-03
2.930000e+00 7.672229e-03
2.935000e+00 7.982138e-03
2.940000e+00 7.888632e-03
2.945000e+00 7.362440e-03
2.950000e+00 6.598463e-03
2.955000e+00 5.586142e-03
2.960000e+00 4.293399e-03
2.965000e+00 2.838905e-03
2.970000e+00 1.371033e-03
2.975000e+00 -1.398303e-04
2.980000e+00 -1.722302e-03
2.985000e+00 -3.252417e-03
2.990000e+00 -4.703732e-03
2.995000e+00 -5.939531e-03
3 -6.779198e-03
