T X
0 0
5.000000e-03 -2.570958e-11
1.000000e-02 3.772453e-11
1.500000e-02 -9.368167e-11
2.000000e-02 1.930776e-10
2.500000e-02 -2.402010e-10
3.000000e-02 1.362891e-09
3.500000e-02 2.092774e-08
4.000000e-02 1.709675e-07
4.500000e-02 1.022045e-06
5.000000e-02 4.989791e-06
5.500000e-02 2.066630e-05
6.000000e-02 7.356876e-05
6.500000e-02 2.258082e-04
7.000000e-02 5.980729e-04
7.500000e-02 1.366948e-03
8.000000e-02 2.694051e-03
8.500000e-02 4.573475e-03
9.000000e-02 6.689840e-03
9.500000e-02 8.481954e-03
1.000000e-01 9.504684e-03
1.050000e-01 9.813309e-03
1.100000e-01 9.869127e-03
1.150000e-01 9.927563e-03
1.200000e-01 9.669756e-03
1.250000e-01 8.693417e-03
1.300000e-01 7.185885e-03
1.350000e-01 5.646895e-03
1.400000e-01 4.081138e-03
1.450000e-01 2.133643e-03
1.500000e-01 -6.165579e-05
1.550000e-01 -2.015165e-03
1.600000e-01 -3.752029e-03
1.650000e-01 -5.576330e-03
1.700000e-01 -7.242321e-03
1.750000e-01 -8.391597e-03
1.800000e-01 -9.241315e-03
1.850000e-01 -9.921904e-03
1.900000e-01 -1.008726e-02
1.950000e-01 -9.730423e-03
2.000000e-01 -9.153315e-03
2.050000e-01 -8.225760e-03
2.100000e-01 -6.846759e-03
2.150000e-01 -5.302053e-03
2.200000e-01 -3.557215e-03
2.250000e-01 -1.482282e-03
2.300000e-01 5.686738e-04
2.350000e-01 2.458336e-03
2.400000e-01 4.370961e-03
2.450000e-01 6.106213e-03
2.500000e-01 7.519423e-03
2.550000e-01 8.726851e-03
2.600000e-01 9.529062e-03
2.650000e-01 9.866559e-03
2.700000e-01 9.964261e-03
2.750000e-01 9.648887e-03
2.800000e-01 8.837716e-03
2.850000e-01 7.789934e-03
2.900000e-01 6.434256e-03
2.950000e-01 4.738868e-03
3.000000e-01 2.907508e-03
3.050000e-01 9.158109e-04
3.100000e-01 -1.122533e-03
3.150000e-01 -3.031917e-03
3.200000e-01 -4.897180e-03
3.250000e-01 -6.561677e-03
3.300000e-01 -7.878826e-03
3.350000e-01 -8.966801e-03
3.400000e-01 -9.698212e-03
3.450000e-01 -9.985261e-03
3.500000e-01 -9.910744e-03
3.550000e-01 -9.426262e-03
3.600000e-01 -8.585951e-03
3.650000e-01 -7.406095e-03
3.700000e-01 -5.886975e-03
3.750000e-01 -4.210396e-03
3.800000e-01 -2.337421e-03
3.850000e-01 -3.027785e-04
3.900000e-01 1.649136e-03
3.950000e-01 3.569946e-03
4.000000e-01 5.390329e-03
4.050000e-01 6.926621e-03
4.100000e-01 8.240012e-03
4.150000e-01 9.227091e-03
4.200000e-01 9.805864e-03
4.250000e-01 1.002101e-02
4.300000e-01 9.816267e-03
4.350000e-01 9.245170e-03
4.400000e-01 8.288440e-03
4.450000e-01 6.960284e-03
4.500000e-01 5.433323e-03
4.550000e-01 3.658594e-03
4.600000e-01 1.705915e-03
4.650000e-01 -2.520676e-04
4.700000e-01 -2.232812e-03
4.750000e-01 -4.129389e-03
4.800000e-01 -5.852603e-03
4.850000e-01 -7.357891e-03
4.900000e-01 -8.541186e-03
4.950000e-01 -9.405141e-03
5.000000e-01 -9.914857e-03
5.050000e-01 -1.001034e-02
5.100000e-01 -9.690968e-03
5.150000e-01 -9.002588e-03
5.200000e-01 -7.965963e-03
5.250000e-01 -6.552718e-03
5.300000e-01 -4.922750e-03
5.350000e-01 -3.128147e-03
5.400000e-01 -1.128734e-03
5.450000e-01 8.577015e-04
5.500000e-01 2.791072e-03
5.550000e-01 4.683441e-03
5.600000e-01 6.338313e-03
5.650000e-01 7.715661e-03
5.700000e-01 8.838235e-03
5.750000e-01 9.606108e-03
5.800000e-01 9.965650e-03
5.850000e-01 9.958991e-03
5.900000e-01 9.552135e-03
5.950000e-01 8.743570e-03
6.000000e-01 7.625042e-03
6.050000e-01 6.161812e-03
6.100000e-01 4.445782e-03
6.150000e-01 2.587157e-03
6.200000e-01 5.663727e-04
6.250000e-01 -1.435922e-03
6.300000e-01 -3.367680e-03
6.350000e-01 -5.212478e-03
6.400000e-01 -6.801123e-03
6.450000e-01 -8.124787e-03
6.500000e-01 -9.133361e-03
6.550000e-01 -9.754690e-03
6.600000e-01 -9.991485e-03
6.650000e-01 -9.839320e-03
6.700000e-01 -9.301289e-03
6.750000e-01 -8.374365e-03
6.800000e-01 -7.138119e-03
6.850000e-01 -5.611826e-03
6.900000e-01 -3.860228e-03
6.950000e-01 -1.977844e-03
7.000000e-01 2.048887e-05
7.050000e-01 1.984128e-03
7.100000e-01 3.881851e-03
7.150000e-01 5.652113e-03
7.200000e-01 7.158947e-03
7.250000e-01 8.408118e-03
7.300000e-01 9.324660e-03
7.350000e-01 9.852448e-03
7.400000e-01 9.990974e-03
7.450000e-01 9.739332e-03
7.500000e-01 9.096908e-03
7.550000e-01 8.081823e-03
7.600000e-01 6.747092e-03
7.650000e-01 5.139182e-03
7.700000e-01 3.336168e-03
7.750000e-01 1.416503e-03
7.800000e-01 -5.806362e-04
7.850000e-01 -2.566464e-03
7.900000e-01 -4.428466e-03
7.950000e-01 -6.131645e-03
8.000000e-01 -7.581944e-03
8.050000e-01 -8.717542e-03
8.100000e-01 -9.550444e-03
8.150000e-01 -9.958252e-03
8.200000e-01 -9.958329e-03
8.250000e-01 -9.622845e-03
8.300000e-01 -8.839732e-03
8.350000e-01 -7.717630e-03
8.400000e-01 -6.319449e-03
8.450000e-01 -4.627146e-03
8.500000e-01 -2.778285e-03
8.550000e-01 -8.208039e-04
8.600000e-01 1.185981e-03
8.650000e-01 3.136181e-03
8.700000e-01 4.937494e-03
8.750000e-01 6.585333e-03
8.800000e-01 7.959944e-03
8.850000e-01 8.980841e-03
8.900000e-01 9.695693e-03
8.950000e-01 9.987037e-03
9.000000e-01 9.893906e-03
9.050000e-01 9.424560e-03
9.100000e-01 8.538375e-03
9.150000e-01 7.348579e-03
9.200000e-01 5.855516e-03
9.250000e-01 4.110615e-03
9.300000e-01 2.214828e-03
9.350000e-01 2.350514e-04
9.400000e-01 -1.756537e-03
9.450000e-01 -3.675558e-03
9.500000e-01 -5.447809e-03
9.550000e-01 -7.011634e-03
9.600000e-01 -8.296437e-03
9.650000e-01 -9.243787e-03
9.700000e-01 -9.806928e-03
9.750000e-01 -1.001012e-02
9.800000e-01 -9.801630e-03
9.850000e-01 -9.197775e-03
9.900000e-01 -8.239246e-03
9.950000e-01 -6.935926e-03
1 -5.366731e-03
1.005000e+00 -3.572532e-03
1.010000e+00 -1.649004e-03
1.015000e+00 3.472962e-04
1.020000e+00 2.338613e-03
1.025000e+00 4.225480e-03
1.030000e+00 5.934986e-03
1.035000e+00 7.418786e-03
1.040000e+00 8.611981e-03
1.045000e+00 9.446815e-03
1.050000e+00 9.910302e-03
1.055000e+00 9.987763e-03
1.060000e+00 9.654419e-03
1.065000e+00 8.932155e-03
1.070000e+00 7.891102e-03
1.075000e+00 6.497502e-03
1.080000e+00 4.856770e-03
1.085000e+00 3.037892e-03
1.090000e+00 1.070115e-03
1.095000e+00 -9.242228e-04
1.100000e+00 -2.902293e-03
1.105000e+00 -4.722283e-03
1.110000e+00 -6.380863e-03
1.115000e+00 -7.787023e-03
1.120000e+00 -8.818810e-03
1.125000e+00 -9.546641e-03
1.130000e+00 -9.876033e-03
1.135000e+00 -9.878341e-03
1.140000e+00 -9.652879e-03
1.145000e+00 -9.279197e-03
1.150000e+00 -8.976565e-03
1.155000e+00 -8.779738e-03
1.160000e+00 -8.709996e-03
1.165000e+00 -8.720215e-03
1.170000e+00 -8.576028e-03
1.175000e+00 -8.051089e-03
1.180000e+00 -6.992897e-03
1.185000e+00 -5.388698e-03
1.190000e+00 -3.388306e-03
1.195000e+00 -1.291708e-03
1.200000e+00 6.596898e-04
1.205000e+00 2.376170e-03
1.210000e+00 3.890660e-03
1.215000e+00 5.336591e-03
1.220000e+00 6.767266e-03
1.225000e+00 8.073423e-03
1.230000e+00 9.048436e-03
1.235000e+00 9.484509e-03
1.240000e+00 9.375113e-03
1.245000e+00 8.895926e-03
1.250000e+00 8.167679e-03
1.255000e+00 7.301544e-03
1.260000e+00 6.222462e-03
1.265000e+00 4.778297e-03
1.270000e+00 2.990219e-03
1.275000e+00 1.028425e-03
1.280000e+00 -8.559835e-04
1.285000e+00 -2.516248e-03
1.290000e+00 -3.938364e-03
1.295000e+00 -5.167029e-03
1.300000e+00 -6.069951e-03
1.305000e+00 -6.435007e-03
1.310000e+00 -6.053039e-03
1.315000e+00 -4.876570e-03
1.320000e+00 -3.124472e-03
1.325000e+00 -1.043549e-03
1.330000e+00 1.124002e-03
1.335000e+00 3.209466e-03
1.340000e+00 5.052906e-03
1.345000e+00 6.467378e-03
1.350000e+00 7.314594e-03
1.355000e+00 7.742361e-03
1.360000e+00 7.985338e-03
1.365000e+00 8.225903e-03
1.370000e+00 8.439511e-03
1.375000e+00 8.263662e-03
1.380000e+00 7.553639e-03
1.385000e+00 6.340262e-03
1.390000e+00 4.835286e-03
1.395000e+00 3.259900e-03
1.400000e+00 1.673563e-03
1.405000e+00 1.205723e-04
1.410000e+00 -1.459764e-03
1.415000e+00 -3.122616e-03
1.420000e+00 -4.776945e-03
1.425000e+00 -6.203512e-03
1.430000e+00 -7.448092e-03
1.435000e+00 -8.480253e-03
1.440000e+00 -8.939335e-03
1.445000e+00 -8.697138e-03
1.450000e+00 -8.246311e-03
1.455000e+00 -8.022729e-03
1.460000e+00 -7.428684e-03
1.465000e+00 -6.087967e-03
1.470000e+00 -4.428235e-03
1.475000e+00 -2.747088e-03
1.480000e+00 -1.091507e-03
1.485000e+00 5.768751e-04
1.490000e+00 2.211248e-03
1.495000e+00 3.863211e-03
1.500000e+00 5.487846e-03
1.505000e+00 6.771320e-03
1.510000e+00 7.753526e-03
1.515000e+00 8.465722e-03
1.520000e+00 8.728461e-03
1.525000e+00 8.733528e-03
1.530000e+00 8.569407e-03
1.535000e+00 7.941706e-03
1.540000e+00 6.822131e-03
1.545000e+00 5.460342e-03
1.550000e+00 3.923331e-03
1.555000e+00 2.337480e-03
1.560000e+00 7.440668e-04
1.565000e+00 -1.079844e-03
1.570000e+00 -3.011760e-03
1.575000e+00 -4.634209e-03
1.580000e+00 -5.931961e-03
1.585000e+00 -7.049081e-03
1.590000e+00 -7.976083e-03
1.595000e+00 -8.706728e-03
1.600000e+00 -9.037608e-03
1.605000e+00 -8.864070e-03
1.610000e+00 -8.335123e-03
1.615000e+00 -7.515672e-03
1.620000e+00 -6.432454e-03
1.625000e+00 -5.236084e-03
1.630000e+00 -3.753981e-03
1.635000e+00 -1.888302e-03
1.640000e+00 -3.855923e-06
1.645000e+00 1.712410e-03
1.650000e+00 3.306573e-03
1.655000e+00 4.889250e-03
1.660000e+00 6.360768e-03
1.665000e+00 7.564694e-03
1.670000e+00 8.375355e-03
1.675000e+00 8.774833e-03
1.680000e+00 8.852189e-03
1.685000e+00 8.692804e-03
1.690000e+00 8.308289e-03
1.695000e+00 7.397964e-03
1.700000e+00 6.067547e-03
1.705000e+00 4.672847e-03
1.710000e+00 3.183143e-03
1.715000e+00 1.511954e-03
1.720000e+00 -3.799887e-04
1.725000e+00 -2.215706e-03
1.730000e+00 -3.755340e-03
1.735000e+00 -5.247533e-03
1.740000e+00 -6.715572e-03
1.745000e+00 -7.859340e-03
1.750000e+00 -8.494822e-03
1.755000e+00 -8.747907e-03
1.760000e+00 -8.899068e-03
1.765000e+00 -8.744041e-03
1.770000e+00 -7.973995e-03
1.775000e+00 -6.893373e-03
1.780000e+00 -5.759993e-03
1.785000e+00 -4.349827e-03
1.790000e+00 -2.630666e-03
1.795000e+00 -8.605793e-04
1.800000e+00 9.175302e-04
1.805000e+00 2.662415e-03
1.810000e+00 4.292442e-03
1.815000e+00 5.770035e-03
1.820000e+00 7.023803e-03
1.825000e+00 8.039642e-03
1.830000e+00 8.677851e-03
1.835000e+00 8.897212e-03
1.840000e+00 8.883915e-03
1.845000e+00 8.567387e-03
1.850000e+00 7.753661e-03
1.855000e+00 6.595686e-03
1.860000e+00 5.340809e-03
1.865000e+00 3.847508e-03
1.870000e+00 2.045202e-03
1.875000e+00 2.518774e-04
1.880000e+00 -1.485029e-03
1.885000e+00 -3.170110e-03
1.890000e+00 -4.723579e-03
1.895000e+00 -6.175290e-03
1.900000e+00 -7.338172e-03
1.905000e+00 -8.133873e-03
1.910000e+00 -8.676740e-03
1.915000e+00 -8.937561e-03
1.920000e+00 -8.828390e-03
1.925000e+00 -8.283610e-03
1.930000e+00 -7.421195e-03
1.935000e+00 -6.355661e-03
1.940000e+00 -4.957482e-03
1.945000e+00 -3.323113e-03
1.950000e+00 -1.618354e-03
1.955000e+00 1.372938e-04
1.960000e+00 1.936041e-03
1.965000e+00 3.667388e-03
1.970000e+00 5.161321e-03
1.975000e+00 6.517159e-03
1.980000e+00 7.628754e-03
1.985000e+00 8.379261e-03
1.990000e+00 8.838283e-03
1.995000e+00 8.914654e-03
2 8.671391e-03
2.005000e+00 8.082257e-03
2.010000e+00 7.121964e-03
2.015000e+00 5.931598e-03
2.020000e+00 4.488627e-03
2.025000e+00 2.853559e-03
2.030000e+00 1.107887e-03
2.035000e+00 -6.848346e-04
2.040000e+00 -2.448906e-03
2.045000e+00 -4.129576e-03
2.050000e+00 -5.597166e-03
2.055000e+00 -6.854303e-03
2.060000e+00 -7.888295e-03
2.065000e+00 -8.547559e-03
2.070000e+00 -8.854906e-03
2.075000e+00 -8.870739e-03
2.080000e+00 -8.534450e-03
2.085000e+00 -7.818794e-03
2.090000e+00 -6.793130e-03
2.095000e+00 -5.556424e-03
2.100000e+00 -4.023640e-03
2.105000e+00 -2.315969e-03
2.110000e+00 -5.995886e-04
2.115000e+00 1.217080e-03
2.120000e+00 2.969987e-03
2.125000e+00 4.543418e-03
2.130000e+00 6.011957e-03
2.135000e+00 7.208570e-03
2.140000e+00 8.076997e-03
2.145000e+00 8.674081e-03
2.150000e+00 8.948373e-03
2.155000e+00 8.822101e-03
2.160000e+00 8.356321e-03
2.165000e+00 7.594738e-03
2.170000e+00 6.466408e-03
2.175000e+00 5.156209e-03
2.180000e+00 3.561193e-03
2.185000e+00 1.800644e-03
2.190000e+00 8.781836e-05
2.195000e+00 -1.731307e-03
2.200000e+00 -3.464872e-03
2.205000e+00 -5.020519e-03
2.210000e+00 -6.367282e-03
2.215000e+00 -7.507451e-03
2.220000e+00 -8.333241e-03
2.225000e+00 -8.771134e-03
2.230000e+00 -8.956165e-03
2.235000e+00 -8.740067e-03
2.240000e+00 -8.169870e-03
2.245000e+00 -7.298651e-03
2.250000e+00 -6.091428e-03
2.255000e+00 -4.681333e-03
2.260000e+00 -3.062762e-03
2.265000e+00 -1.319968e-03
2.270000e+00 4.728344e-04
2.275000e+00 2.264194e-03
2.280000e+00 3.940859e-03
2.285000e+00 5.437050e-03
2.290000e+00 6.709029e-03
2.295000e+00 7.762369e-03
2.300000e+00 8.422594e-03
2.305000e+00 8.756843e-03
2.310000e+00 8.802172e-03
2.315000e+00 8.372445e-03
2.320000e+00 7.683172e-03
2.325000e+00 6.756282e-03
2.330000e+00 5.474087e-03
2.335000e+00 4.041135e-03
2.340000e+00 2.524492e-03
2.345000e+00 8.382866e-04
2.350000e+00 -8.452854e-04
2.355000e+00 -2.491121e-03
2.360000e+00 -4.172257e-03
2.365000e+00 -5.715102e-03
2.370000e+00 -7.215368e-03
2.375000e+00 -8.686737e-03
2.380000e+00 -1.007380e-02
2.385000e+00 -1.148757e-02
2.390000e+00 -1.287432e-02
2.395000e+00 -1.411580e-02
2.400000e+00 -1.510013e-02
2.405000e+00 -1.566925e-02
2.410000e+00 -1.549247e-02
2.415000e+00 -1.452341e-02
2.420000e+00 -1.276803e-02
2.425000e+00 -1.021386e-02
2.430000e+00 -7.231293e-03
2.435000e+00 -3.999574e-03
2.440000e+00 -7.884752e-04
2.445000e+00 2.205307e-03
2.450000e+00 5.027465e-03
2.455000e+00 7.607852e-03
2.460000e+00 1.003402e-02
2.465000e+00 1.224884e-02
2.470000e+00 1.408894e-02
2.475000e+00 1.534809e-02
2.480000e+00 1.589956e-02
2.485000e+00 1.568433e-02
2.490000e+00 1.473333e-02
2.495000e+00 1.325556e-02
2.500000e+00 1.132988e-02
2.505000e+00 9.103397e-03
2.510000e+00 6.618530e-03
2.515000e+00 3.855304e-03
2.520000e+00 9.140265e-04
2.525000e+00 -2.049346e-03
2.530000e+00 -4.667536e-03
2.535000e+00 -6.667123e-03
2.540000e+00 -7.967694e-03
2.545000e+00 -8.419970e-03
2.550000e+00 -8.261066e-03
2.555000e+00 -7.688925e-03
2.560000e+00 -6.645002e-03
2.565000e+00 -5.322714e-03
2.570000e+00 -3.744713e-03
2.575000e+00 -2.058157e-03
2.580000e+00 -5.605518e-04
2.585000e+00 6.392007e-04
2.590000e+00 1.598608e-03
2.595000e+00 2.541324e-03
2.600000e+00 3.691783e-03
2.605000e+00 5.041241e-03
2.610000e+00 6.382180e-03
2.615000e+00 7.485512e-03
2.620000e+00 8.025743e-03
2.625000e+00 7.964878e-03
2.630000e+00 7.550256e-03
2.635000e+00 6.876318e-03
2.640000e+00 6.025851e-03
2.645000e+00 4.975819e-03
2.650000e+00 3.705768e-03
2.655000e+00 2.282047e-03
2.660000e+00 6.811935e-04
2.665000e+00 -9.316266e-04
2.670000e+00 -2.562699e-03
2.675000e+00 -4.135006e-03
2.680000e+00 -5.470759e-03
2.685000e+00 -6.468659e-03
2.690000e+00 -7.042024e-03
2.695000e+00 -7.382833e-03
2.700000e+00 -7.542584e-03
2.705000e+00 -7.595881e-03
2.710000e+00 -7.504028e-03
2.715000e+00 -6.997573e-03
2.720000e+00 -5.930754e-03
2.725000e+00 -4.498219e-03
2.730000e+00 -2.989225e-03
2.735000e+00 -1.513277e-03
2.740000e+00 -1.394036e-04
2.745000e+00 1.225323e-03
2.750000e+00 2.744690e-03
2.755000e+00 4.364295e-03
2.760000e+00 5.824226e-03
2.765000e+00 6.879411e-03
2.770000e+00 7.510689e-03
2.775000e+00 7.864714e-03
2.780000e+00 7.881299e-03
2.785000e+00 7.695631e-03
2.790000e+00 7.315824e-03
2.795000e+00 6.554243e-03
2.800000e+00 5.556200e-03
2.805000e+00 4.292085e-03
2.810000e+00 2.809118e-03
2.815000e+00 1.208253e-03
2.820000e+00 -3.746366e-04
2.825000e+00 -1.870862e-03
2.830000e+00 -3.361367e-03
2.835000e+00 -4.744316e-03
2.840000e+00 -6.009981e-03
2.845000e+00 -7.092194e-03
2.850000e+00 -7.812848e-03
2.855000e+00 -8.101611e-03
2.860000e+00 -8.007884e-03
2.865000e+00 -7.693454e-03
2.870000e+00 -7.288053e-03
2.875000e+00 -6.535565e-03
2.880000e+00 -5.320970e-03
2.885000e+00 -3.896098e-03
2.890000e+00 -2.375954e-03
2.895000e+00 -8.373399e-04
2.900000e+00 6.913010e-04
2.905000e+00 2.244039e-03
2.910000e+00 3.789462e-03
2.915000e+00 5.218623e-03
2.920000e+00 6.422533e-03
2.925000e+00 7.177701e-03
2.930000e+00 7.629197e-03
2.935000e+00 8.038325e-03
2.940000e+00 8.215896e-03
2.945000e+00 7.924437e-03
2.950000e+00 7.115336e-03
2.955000e+00 6.053080e-03
2.960000e+00 4.920008e-03
2.965000e+00 3.700503e-03
2.970000e+00 2.262871e-03
2.975000e+00 5.244445e-04
2.980000e+00 -1.275630e-03
2.985000e+00 -2.844271e-03
2.990000e+00 -4.201015e-03
2.995000e+00 -5.373825e-03
3 -6.395093e-03
