T X
0 0
5.000000e-03 1.835846e-07
1.000000e-02 8.335321e-07
1.500000e-02 2.016560e-06
2.000000e-02 3.690007e-06
2.500000e-02 5.789825e-06
3.000000e-02 8.216064e-06
3.500000e-02 1.084204e-05
4.000000e-02 1.353431e-05
4.500000e-02 1.617123e-05
5.000000e-02 1.863815e-05
5.500000e-02 2.083650e-05
6.000000e-02 2.265773e-05
6.500000e-02 2.400140e-05
7.000000e-02 2.477332e-05
7.500000e-02 2.490112e-05
8.000000e-02 2.433176e-05
8.500000e-02 2.300516e-05
9.000000e-02 2.084773e-05
9.500000e-02 1.779197e-05
1.000000e-01 1.384547e-05
1.050000e-01 9.135152e-06
1.100000e-01 3.938510e-06
1.150000e-01 -1.398342e-06
1.200000e-01 -6.604973e-06
1.250000e-01 -1.151576e-05
1.300000e-01 -1.600033e-05
1.350000e-01 -1.985719e-05
1.400000e-01 -2.285915e-05
1.450000e-01 -2.487250e-05
1.500000e-01 -2.585855e-05
1.550000e-01 -2.578884e-05
1.600000e-01 -2.462722e-05
1.650000e-01 -2.242226e-05
1.700000e-01 -1.931421e-05
1.750000e-01 -1.544836e-05
1.800000e-01 -1.093764e-05
1.850000e-01 -5.949946e-06
1.900000e-01 -7.160428e-07
1.950000e-01 4.557927e-06
2.000000e-01 9.660028e-06
2.050000e-01 1.434863e-05
2.100000e-01 1.842321e-05
2.150000e-01 2.176241e-05
2.200000e-01 2.422902e-05
2.250000e-01 2.569170e-05
2.300000e-01 2.610363e-05
2.350000e-01 2.543838e-05
2.400000e-01 2.371083e-05
2.450000e-01 2.102257e-05
2.500000e-01 1.751072e-05
2.550000e-01 1.329423e-05
2.600000e-01 8.525343e-06
2.650000e-01 3.401435e-06
2.700000e-01 -1.872530e-06
2.750000e-01 -7.050096e-06
2.800000e-01 -1.190728e-05
2.850000e-01 -1.628003e-05
2.900000e-01 -2.001029e-05
2.950000e-01 -2.294739e-05
3.000000e-01 -2.496755e-05
3.050000e-01 -2.597178e-05
3.100000e-01 -2.590932e-05
3.150000e-01 -2.479525e-05
3.200000e-01 -2.268095e-05
3.250000e-01 -1.967658e-05
3.300000e-01 -1.590554e-05
3.350000e-01 -1.147655e-05
3.400000e-01 -6.569680e-06
3.450000e-01 -1.397438e-06
3.500000e-01 3.824895e-06
3.550000e-01 8.872685e-06
3.600000e-01 1.355450e-05
3.650000e-01 1.769842e-05
3.700000e-01 2.114280e-05
3.750000e-01 2.375177e-05
3.800000e-01 2.540879e-05
3.850000e-01 2.603800e-05
3.900000e-01 2.562331e-05
3.950000e-01 2.417837e-05
4.000000e-01 2.176975e-05
4.050000e-01 1.850133e-05
4.100000e-01 1.449184e-05
4.150000e-01 9.905141e-06
4.200000e-01 4.911365e-06
4.250000e-01 -2.890815e-07
4.300000e-01 -5.473927e-06
4.350000e-01 -1.043418e-05
4.400000e-01 -1.496430e-05
4.450000e-01 -1.889855e-05
4.500000e-01 -2.208497e-05
4.550000e-01 -2.439593e-05
4.600000e-01 -2.574746e-05
4.650000e-01 -2.606886e-05
4.700000e-01 -2.533051e-05
4.750000e-01 -2.357290e-05
4.800000e-01 -2.088407e-05
4.850000e-01 -1.737693e-05
4.900000e-01 -1.318721e-05
4.950000e-01 -8.460915e-06
5.000000e-01 -3.375668e-06
5.050000e-01 1.857386e-06
5.100000e-01 7.011833e-06
5.150000e-01 1.187032e-05
5.200000e-01 1.624304e-05
5.250000e-01 1.996710e-05
5.300000e-01 2.292000e-05
5.350000e-01 2.497717e-05
5.400000e-01 2.603119e-05
5.450000e-01 2.602943e-05
5.500000e-01 2.497276e-05
5.550000e-01 2.292778e-05
5.600000e-01 1.998896e-05
5.650000e-01 1.627099e-05
5.700000e-01 1.189819e-05
5.750000e-01 7.025512e-06
5.800000e-01 1.860531e-06
5.850000e-01 -3.379558e-06
5.900000e-01 -8.472759e-06
5.950000e-01 -1.321484e-05
6.000000e-01 -1.743052e-05
6.050000e-01 -2.096780e-05
6.100000e-01 -2.368795e-05
6.150000e-01 -2.546105e-05
6.200000e-01 -2.620459e-05
6.250000e-01 -2.589249e-05
6.300000e-01 -2.455030e-05
6.350000e-01 -2.223803e-05
6.400000e-01 -1.905226e-05
6.450000e-01 -1.511288e-05
6.500000e-01 -1.055879e-05
6.550000e-01 -5.576532e-06
6.600000e-01 -3.661452e-07
6.650000e-01 4.858823e-06
6.700000e-01 9.884557e-06
6.750000e-01 1.451155e-05
6.800000e-01 1.856133e-05
6.850000e-01 2.188408e-05
6.900000e-01 2.433770e-05
6.950000e-01 2.582682e-05
7.000000e-01 2.628350e-05
7.050000e-01 2.567758e-05
7.100000e-01 2.404645e-05
7.150000e-01 2.146195e-05
7.200000e-01 1.803122e-05
7.250000e-01 1.389002e-05
7.300000e-01 9.197862e-06
7.350000e-01 4.127356e-06
7.400000e-01 -1.123453e-06
7.450000e-01 -6.331205e-06
7.500000e-01 -1.127245e-05
7.550000e-01 -1.574800e-05
7.600000e-01 -1.960265e-05
7.650000e-01 -2.269407e-05
7.700000e-01 -2.489421e-05
7.750000e-01 -2.610574e-05
7.800000e-01 -2.626284e-05
7.850000e-01 -2.535342e-05
7.900000e-01 -2.343078e-05
7.950000e-01 -2.059126e-05
8.000000e-01 -1.694878e-05
8.050000e-01 -1.263718e-05
8.100000e-01 -7.806483e-06
8.150000e-01 -2.642174e-06
8.200000e-01 2.629320e-06
8.250000e-01 7.778396e-06
8.300000e-01 1.259749e-05
8.350000e-01 1.691472e-05
8.400000e-01 2.057414e-05
8.450000e-01 2.343275e-05
8.500000e-01 2.536440e-05
8.550000e-01 2.627183e-05
8.600000e-01 2.611635e-05
8.650000e-01 2.491392e-05
8.700000e-01 2.273046e-05
8.750000e-01 1.965653e-05
8.800000e-01 1.580630e-05
8.850000e-01 1.131786e-05
8.900000e-01 6.357879e-06
8.950000e-01 1.142957e-06
9.000000e-01 -4.105632e-06
9.050000e-01 -9.180799e-06
9.100000e-01 -1.388475e-05
9.150000e-01 -1.803764e-05
9.200000e-01 -2.148278e-05
9.250000e-01 -2.408128e-05
9.300000e-01 -2.571750e-05
9.350000e-01 -2.632424e-05
9.400000e-01 -2.587546e-05
9.450000e-01 -2.439429e-05
9.500000e-01 -2.194708e-05
9.550000e-01 -1.863086e-05
9.600000e-01 -1.457862e-05
9.650000e-01 -9.942382e-06
9.700000e-01 -4.898852e-06
9.750000e-01 3.446593e-07
9.800000e-01 5.571871e-06
9.850000e-01 1.057085e-05
9.900000e-01 1.513654e-05
9.950000e-01 1.909383e-05
1 2.230093e-05
1.005000e+00 2.463106e-05
1.010000e+00 2.598589e-05
1.015000e+00 2.629922e-05
1.020000e+00 2.554631e-05
1.025000e+00 2.376876e-05
1.030000e+00 2.105909e-05
1.035000e+00 1.752848e-05
1.040000e+00 1.330253e-05
1.045000e+00 8.536777e-06
1.050000e+00 3.415479e-06
1.055000e+00 -1.852427e-06
1.060000e+00 -7.039976e-06
1.065000e+00 -1.192416e-05
1.070000e+00 -1.631772e-05
1.075000e+00 -2.007462e-05
1.080000e+00 -2.305072e-05
1.085000e+00 -2.511625e-05
1.090000e+00 -2.617375e-05
1.095000e+00 -2.616606e-05
1.100000e+00 -2.510475e-05
1.105000e+00 -2.305460e-05
1.110000e+00 -2.010809e-05
1.115000e+00 -1.636899e-05
1.120000e+00 -1.197010e-05
1.125000e+00 -7.079092e-06
1.130000e+00 -1.892404e-06
1.135000e+00 3.363867e-06
1.140000e+00 8.468815e-06
1.145000e+00 1.322381e-05
1.150000e+00 1.745660e-05
1.155000e+00 2.100980e-05
1.160000e+00 2.373357e-05
1.165000e+00 2.550495e-05
1.170000e+00 2.624577e-05
1.175000e+00 2.592894e-05
1.180000e+00 2.457949e-05
1.185000e+00 2.226756e-05
1.190000e+00 1.908600e-05
1.195000e+00 1.516492e-05
1.200000e+00 1.066464e-05
1.205000e+00 5.748481e-06
1.210000e+00 5.918689e-07
1.215000e+00 -4.643681e-06
1.220000e+00 -9.831990e-06
1.225000e+00 -1.486541e-05
1.230000e+00 -1.963592e-05
1.235000e+00 -2.402665e-05
1.240000e+00 -2.789573e-05
1.245000e+00 -3.107792e-05
1.250000e+00 -3.342593e-05
1.255000e+00 -3.483748e-05
1.260000e+00 -3.527193e-05
1.265000e+00 -3.473783e-05
1.270000e+00 -3.327473e-05
1.275000e+00 -3.093756e-05
1.280000e+00 -2.777728e-05
1.285000e+00 -2.387574e-05
1.290000e+00 -1.936350e-05
1.295000e+00 -1.438681e-05
1.300000e+00 -9.066097e-06
1.305000e+00 -3.470205e-06
1.310000e+00 2.377677e-06
1.315000e+00 8.452146e-06
1.320000e+00 1.464418e-05
1.325000e+00 2.074632e-05
1.330000e+00 2.650060e-05
1.335000e+00 3.164113e-05
1.340000e+00 3.592802e-05
1.345000e+00 3.917203e-05
1.350000e+00 4.125507e-05
1.355000e+00 4.210258e-05
1.360000e+00 4.166203e-05
1.365000e+00 3.995122e-05
1.370000e+00 3.706619e-05
1.375000e+00 3.312355e-05
1.380000e+00 2.823462e-05
1.385000e+00 2.251874e-05
1.390000e+00 1.611847e-05
1.395000e+00 9.216710e-06
1.400000e+00 2.008353e-06
1.405000e+00 -5.330959e-06
1.410000e+00 -1.259823e-05
1.415000e+00 -1.951539e-05
1.420000e+00 -2.575375e-05
1.425000e+00 -3.098560e-05
1.430000e+00 -3.493168e-05
1.435000e+00 -3.742943e-05
1.440000e+00 -3.841561e-05
1.445000e+00 -3.786524e-05
1.450000e+00 -3.580776e-05
1.455000e+00 -3.232091e-05
1.460000e+00 -2.751685e-05
1.465000e+00 -2.157158e-05
1.470000e+00 -1.474023e-05
1.475000e+00 -7.321917e-06
1.480000e+00 3.896949e-07
1.485000e+00 8.108030e-06
1.490000e+00 1.549419e-05
1.495000e+00 2.218077e-05
1.500000e+00 2.793198e-05
1.505000e+00 3.262520e-05
1.510000e+00 3.605194e-05
1.515000e+00 3.792894e-05
1.520000e+00 3.812975e-05
1.525000e+00 3.676209e-05
1.530000e+00 3.397188e-05
1.535000e+00 2.984180e-05
1.540000e+00 2.451733e-05
1.545000e+00 1.824012e-05
1.550000e+00 1.126137e-05
1.555000e+00 3.876502e-06
1.560000e+00 -3.562866e-06
1.565000e+00 -1.076386e-05
1.570000e+00 -1.748142e-05
1.575000e+00 -2.346052e-05
1.580000e+00 -2.847005e-05
1.585000e+00 -3.233231e-05
1.590000e+00 -3.490719e-05
1.595000e+00 -3.609906e-05
1.600000e+00 -3.591614e-05
1.605000e+00 -3.440601e-05
1.610000e+00 -3.159841e-05
1.615000e+00 -2.759756e-05
1.620000e+00 -2.257612e-05
1.625000e+00 -1.672653e-05
1.630000e+00 -1.027811e-05
1.635000e+00 -3.434861e-06
1.640000e+00 3.597667e-06
1.645000e+00 1.049638e-05
1.650000e+00 1.695740e-05
1.655000e+00 2.280861e-05
1.660000e+00 2.787525e-05
1.665000e+00 3.192250e-05
1.670000e+00 3.474505e-05
1.675000e+00 3.623233e-05
1.680000e+00 3.634120e-05
1.685000e+00 3.506468e-05
1.690000e+00 3.242628e-05
1.695000e+00 2.851297e-05
1.700000e+00 2.347167e-05
1.705000e+00 1.744172e-05
1.710000e+00 1.063466e-05
1.715000e+00 3.355988e-06
1.720000e+00 -4.126369e-06
1.725000e+00 -1.153436e-05
1.730000e+00 -1.854507e-05
1.735000e+00 -2.489894e-05
1.740000e+00 -3.036082e-05
1.745000e+00 -3.465051e-05
1.750000e+00 -3.754593e-05
1.755000e+00 -3.894168e-05
1.760000e+00 -3.877792e-05
1.765000e+00 -3.702871e-05
1.770000e+00 -3.373907e-05
1.775000e+00 -2.904011e-05
1.780000e+00 -2.311693e-05
1.785000e+00 -1.618385e-05
1.790000e+00 -8.526708e-06
1.795000e+00 -4.606113e-07
1.800000e+00 7.695183e-06
1.805000e+00 1.556538e-05
1.810000e+00 2.282091e-05
1.815000e+00 2.920799e-05
1.820000e+00 3.443068e-05
1.825000e+00 3.822813e-05
1.830000e+00 4.045014e-05
1.835000e+00 4.098685e-05
1.840000e+00 3.979387e-05
1.845000e+00 3.694095e-05
1.850000e+00 3.255625e-05
1.855000e+00 2.680391e-05
1.860000e+00 1.991575e-05
1.865000e+00 1.217315e-05
1.870000e+00 3.904814e-06
1.875000e+00 -4.522891e-06
1.880000e+00 -1.274116e-05
1.885000e+00 -2.040372e-05
1.890000e+00 -2.721714e-05
1.895000e+00 -3.291329e-05
1.900000e+00 -3.724834e-05
1.905000e+00 -4.002128e-05
1.910000e+00 -4.109684e-05
1.915000e+00 -4.045964e-05
1.920000e+00 -3.815736e-05
1.925000e+00 -3.427617e-05
1.930000e+00 -2.900068e-05
1.935000e+00 -2.255091e-05
1.940000e+00 -1.516628e-05
1.945000e+00 -7.179041e-06
1.950000e+00 1.056277e-06
1.955000e+00 9.196247e-06
1.960000e+00 1.688871e-05
1.965000e+00 2.384309e-05
1.970000e+00 2.980247e-05
1.975000e+00 3.450913e-05
1.980000e+00 3.776543e-05
1.985000e+00 3.945431e-05
1.990000e+00 3.952109e-05
1.995000e+00 3.796924e-05
2 3.488713e-05
2.005000e+00 3.042507e-05
2.010000e+00 2.475932e-05
2.015000e+00 1.812307e-05
2.020000e+00 1.079256e-05
2.025000e+00 3.072829e-06
2.030000e+00 -4.705987e-06
2.035000e+00 -1.223303e-05
2.040000e+00 -1.919886e-05
2.045000e+00 -2.532565e-05
2.050000e+00 -3.040234e-05
2.055000e+00 -3.422120e-05
2.060000e+00 -3.663401e-05
2.065000e+00 -3.757164e-05
2.070000e+00 -3.698710e-05
2.075000e+00 -3.492751e-05
2.080000e+00 -3.150589e-05
2.085000e+00 -2.686411e-05
2.090000e+00 -2.121114e-05
2.095000e+00 -1.475877e-05
2.100000e+00 -7.744466e-06
2.105000e+00 -4.711704e-07
2.110000e+00 6.760061e-06
2.115000e+00 1.366278e-05
2.120000e+00 1.996047e-05
2.125000e+00 2.542031e-05
2.130000e+00 2.985674e-05
2.135000e+00 3.309839e-05
2.140000e+00 3.501073e-05
2.145000e+00 3.552478e-05
2.150000e+00 3.462353e-05
2.155000e+00 3.237009e-05
2.160000e+00 2.888909e-05
2.165000e+00 2.432416e-05
2.170000e+00 1.884080e-05
2.175000e+00 1.263262e-05
2.180000e+00 5.955931e-06
2.185000e+00 -9.055818e-07
2.190000e+00 -7.687538e-06
2.195000e+00 -1.412152e-05
2.200000e+00 -1.996584e-05
2.205000e+00 -2.501631e-05
2.210000e+00 -2.908201e-05
2.215000e+00 -3.200343e-05
2.220000e+00 -3.365257e-05
2.225000e+00 -3.396130e-05
2.230000e+00 -3.294908e-05
2.235000e+00 -3.067794e-05
2.240000e+00 -2.724084e-05
2.245000e+00 -2.276624e-05
2.250000e+00 -1.741544e-05
2.255000e+00 -1.140488e-05
2.260000e+00 -4.978737e-06
2.265000e+00 1.622556e-06
2.270000e+00 8.135080e-06
2.275000e+00 1.429686e-05
2.280000e+00 1.989472e-05
2.285000e+00 2.472239e-05
2.290000e+00 2.858326e-05
2.295000e+00 3.132802e-05
2.300000e+00 3.284141e-05
2.305000e+00 3.306881e-05
2.310000e+00 3.201438e-05
2.315000e+00 2.972292e-05
2.320000e+00 2.628891e-05
2.325000e+00 2.184484e-05
2.330000e+00 1.656675e-05
2.335000e+00 1.064803e-05
2.340000e+00 4.312042e-06
2.345000e+00 -2.179843e-06
2.350000e+00 -8.570936e-06
2.355000e+00 -1.460621e-05
2.360000e+00 -2.006982e-05
2.365000e+00 -2.477200e-05
2.370000e+00 -2.851874e-05
2.375000e+00 -3.115784e-05
2.380000e+00 -3.257696e-05
2.385000e+00 -3.271188e-05
2.390000e+00 -3.157320e-05
2.395000e+00 -2.921377e-05
2.400000e+00 -2.572561e-05
2.405000e+00 -2.124811e-05
2.410000e+00 -1.593198e-05
2.415000e+00 -9.969289e-06
2.420000e+00 -3.615892e-06
2.425000e+00 2.858808e-06
2.430000e+00 9.194727e-06
2.435000e+00 1.515869e-05
2.440000e+00 2.053799e-05
2.445000e+00 2.512409e-05
2.450000e+00 2.873512e-05
2.455000e+00 3.121256e-05
2.460000e+00 3.245428e-05
2.465000e+00 3.242854e-05
2.470000e+00 3.114030e-05
2.475000e+00 2.865297e-05
2.480000e+00 2.505894e-05
2.485000e+00 2.047666e-05
2.490000e+00 1.508792e-05
2.495000e+00 9.120818e-06
2.500000e+00 2.834148e-06
2.505000e+00 -3.531870e-06
2.510000e+00 -9.771910e-06
2.515000e+00 -1.570297e-05
2.520000e+00 -2.117929e-05
2.525000e+00 -2.607334e-05
2.530000e+00 -3.027379e-05
2.535000e+00 -3.368816e-05
2.540000e+00 -3.621757e-05
2.545000e+00 -3.776825e-05
2.550000e+00 -3.826163e-05
2.555000e+00 -3.764241e-05
2.560000e+00 -3.589751e-05
2.565000e+00 -3.308732e-05
2.570000e+00 -2.937791e-05
2.575000e+00 -2.498113e-05
2.580000e+00 -2.009941e-05
2.585000e+00 -1.491052e-05
2.590000e+00 -9.535502e-06
2.595000e+00 -4.039896e-06
2.600000e+00 1.538262e-06
2.605000e+00 7.142183e-06
2.610000e+00 1.268357e-05
2.615000e+00 1.804741e-05
2.620000e+00 2.309081e-05
2.625000e+00 2.767339e-05
2.630000e+00 3.165119e-05
2.635000e+00 3.483993e-05
2.640000e+00 3.702808e-05
2.645000e+00 3.806325e-05
2.650000e+00 3.791304e-05
2.655000e+00 3.665011e-05
2.660000e+00 3.442844e-05
2.665000e+00 3.140540e-05
2.670000e+00 2.765672e-05
2.675000e+00 2.318316e-05
2.680000e+00 1.797687e-05
2.685000e+00 1.211576e-05
2.690000e+00 5.816064e-06
2.695000e+00 -6.147701e-07
2.700000e+00 -6.881747e-06
2.705000e+00 -1.278147e-05
2.710000e+00 -1.818137e-05
2.715000e+00 -2.294504e-05
2.720000e+00 -2.690351e-05
2.725000e+00 -2.984902e-05
2.730000e+00 -3.157910e-05
2.735000e+00 -3.197779e-05
2.740000e+00 -3.105105e-05
2.745000e+00 -2.890320e-05
2.750000e+00 -2.566182e-05
2.755000e+00 -2.144660e-05
2.760000e+00 -1.637658e-05
2.765000e+00 -1.059452e-05
2.770000e+00 -4.315428e-06
2.775000e+00 2.176655e-06
2.780000e+00 8.563726e-06
2.785000e+00 1.453254e-05
2.790000e+00 1.982639e-05
2.795000e+00 2.428120e-05
2.800000e+00 2.779656e-05
2.805000e+00 3.028021e-05
2.810000e+00 3.163432e-05
2.815000e+00 3.176622e-05
2.820000e+00 3.061451e-05
2.825000e+00 2.819417e-05
2.830000e+00 2.462310e-05
2.835000e+00 2.008293e-05
2.840000e+00 1.477150e-05
2.845000e+00 8.881027e-06
2.850000e+00 2.588527e-06
2.855000e+00 -3.882392e-06
2.860000e+00 -1.023387e-05
2.865000e+00 -1.617508e-05
2.870000e+00 -2.148613e-05
2.875000e+00 -2.599292e-05
2.880000e+00 -2.949515e-05
2.885000e+00 -3.178944e-05
2.890000e+00 -3.277027e-05
2.895000e+00 -3.243791e-05
2.900000e+00 -3.083494e-05
2.905000e+00 -2.801534e-05
2.910000e+00 -2.403832e-05
2.915000e+00 -1.900904e-05
2.920000e+00 -1.314493e-05
2.925000e+00 -6.750034e-06
2.930000e+00 -1.167553e-07
2.935000e+00 6.511535e-06
2.940000e+00 1.289588e-05
2.945000e+00 1.879242e-05
2.950000e+00 2.394748e-05
2.955000e+00 2.809365e-05
2.960000e+00 3.104542e-05
2.965000e+00 3.272860e-05
2.970000e+00 3.310397e-05
2.975000e+00 3.215106e-05
2.980000e+00 2.989966e-05
2.985000e+00 2.644543e-05
2.990000e+00 2.193515e-05
2.995000e+00 1.657063e-05
3 1.060025e-05
