T X
0 0
5.000000e-03 4.552606e-09
1.000000e-02 3.856174e-08
1.500000e-02 5.223442e-07
2.000000e-02 4.722649e-06
2.500000e-02 2.978756e-05
3.000000e-02 1.386049e-04
3.500000e-02 4.920640e-04
4.000000e-02 1.359502e-03
4.500000e-02 2.959493e-03
5.000000e-02 5.130861e-03
5.500000e-02 7.213052e-03
6.000000e-02 8.563037e-03
6.500000e-02 9.254796e-03
7.000000e-02 9.827057e-03
7.500000e-02 1.028333e-02
8.000000e-02 1.011099e-02
8.500000e-02 9.335539e-03
9.000000e-02 8.428913e-03
9.500000e-02 7.290255e-03
1.000000e-01 5.637308e-03
1.050000e-01 3.802879e-03
1.100000e-01 1.981939e-03
1.150000e-01 -5.802768e-05
1.200000e-01 -2.109037e-03
1.250000e-01 -3.918823e-03
1.300000e-01 -5.694664e-03
1.350000e-01 -7.303831e-03
1.400000e-01 -8.511166e-03
1.450000e-01 -9.490477e-03
1.500000e-01 -1.009811e-02
1.550000e-01 -1.016165e-02
1.600000e-01 -9.907307e-03
1.650000e-01 -9.272342e-03
1.700000e-01 -8.237327e-03
1.750000e-01 -6.975012e-03
1.800000e-01 -5.329565e-03
1.850000e-01 -3.411277e-03
1.900000e-01 -1.461919e-03
1.950000e-01 5.917150e-04
2.000000e-01 2.589627e-03
2.050000e-01 4.460383e-03
2.100000e-01 6.225687e-03
2.150000e-01 7.657137e-03
2.200000e-01 8.816241e-03
2.250000e-01 9.692073e-03
2.300000e-01 1.011951e-02
2.350000e-01 1.018223e-02
2.400000e-01 9.800965e-03
2.450000e-01 9.010352e-03
2.500000e-01 7.909717e-03
2.550000e-01 6.424778e-03
2.600000e-01 4.735102e-03
2.650000e-01 2.887703e-03
2.700000e-01 8.751686e-04
2.750000e-01 -1.140380e-03
2.800000e-01 -3.121658e-03
2.850000e-01 -4.975764e-03
2.900000e-01 -6.671978e-03
2.950000e-01 -8.090992e-03
3.000000e-01 -9.129287e-03
3.050000e-01 -9.876048e-03
3.100000e-01 -1.018339e-02
3.150000e-01 -1.005704e-02
3.200000e-01 -9.584601e-03
3.250000e-01 -8.707137e-03
3.300000e-01 -7.492404e-03
3.350000e-01 -5.984335e-03
3.400000e-01 -4.255617e-03
3.450000e-01 -2.320517e-03
3.500000e-01 -2.750371e-04
3.550000e-01 1.717789e-03
3.600000e-01 3.704184e-03
3.650000e-01 5.551420e-03
3.700000e-01 7.107438e-03
3.750000e-01 8.410883e-03
3.800000e-01 9.391076e-03
3.850000e-01 9.957949e-03
3.900000e-01 1.015975e-02
3.950000e-01 9.986464e-03
4.000000e-01 9.380838e-03
4.050000e-01 8.409821e-03
4.100000e-01 7.115879e-03
4.150000e-01 5.510720e-03
4.200000e-01 3.661317e-03
4.250000e-01 1.712471e-03
4.300000e-01 -3.179279e-04
4.350000e-01 -2.353151e-03
4.400000e-01 -4.230913e-03
4.450000e-01 -6.005264e-03
4.500000e-01 -7.500473e-03
4.550000e-01 -8.686746e-03
4.600000e-01 -9.617591e-03
4.650000e-01 -1.009637e-02
4.700000e-01 -1.017960e-02
4.750000e-01 -9.866385e-03
4.800000e-01 -9.135403e-03
4.850000e-01 -8.043267e-03
4.900000e-01 -6.624716e-03
4.950000e-01 -4.967908e-03
5.000000e-01 -3.112101e-03
5.050000e-01 -1.139071e-03
5.100000e-01 8.821432e-04
5.150000e-01 2.882640e-03
5.200000e-01 4.765768e-03
5.250000e-01 6.473442e-03
5.300000e-01 7.919627e-03
5.350000e-01 9.045300e-03
5.400000e-01 9.804499e-03
5.450000e-01 1.014608e-02
5.500000e-01 1.010514e-02
5.550000e-01 9.652421e-03
5.600000e-01 8.821728e-03
5.650000e-01 7.681394e-03
5.700000e-01 6.195196e-03
5.750000e-01 4.474628e-03
5.800000e-01 2.573848e-03
5.850000e-01 5.365234e-04
5.900000e-01 -1.493692e-03
5.950000e-01 -3.478475e-03
6.000000e-01 -5.322104e-03
6.050000e-01 -6.929534e-03
6.100000e-01 -8.270361e-03
6.150000e-01 -9.258312e-03
6.200000e-01 -9.901931e-03
6.250000e-01 -1.017184e-02
6.300000e-01 -9.998432e-03
6.350000e-01 -9.456084e-03
6.400000e-01 -8.539285e-03
6.450000e-01 -7.247382e-03
6.500000e-01 -5.661846e-03
6.550000e-01 -3.878730e-03
6.600000e-01 -1.946736e-03
6.650000e-01 7.943041e-05
6.700000e-01 2.067237e-03
6.750000e-01 3.987748e-03
6.800000e-01 5.761934e-03
6.850000e-01 7.290481e-03
6.900000e-01 8.559205e-03
6.950000e-01 9.510345e-03
7.000000e-01 1.005536e-02
7.050000e-01 1.018104e-02
7.100000e-01 9.920861e-03
7.150000e-01 9.242973e-03
7.200000e-01 8.181574e-03
7.250000e-01 6.820889e-03
7.300000e-01 5.182617e-03
7.350000e-01 3.358582e-03
7.400000e-01 1.409978e-03
7.450000e-01 -6.401943e-04
7.500000e-01 -2.642676e-03
7.550000e-01 -4.541370e-03
7.600000e-01 -6.288299e-03
7.650000e-01 -7.757867e-03
7.700000e-01 -8.920266e-03
7.750000e-01 -9.725179e-03
7.800000e-01 -1.012236e-02
7.850000e-01 -1.012327e-02
7.900000e-01 -9.734802e-03
7.950000e-01 -8.964907e-03
8.000000e-01 -7.832534e-03
8.050000e-01 -6.403050e-03
8.100000e-01 -4.707891e-03
8.150000e-01 -2.794294e-03
8.200000e-01 -7.931840e-04
8.250000e-01 1.255459e-03
8.300000e-01 3.248552e-03
8.350000e-01 5.086543e-03
8.400000e-01 6.750387e-03
8.450000e-01 8.105571e-03
8.500000e-01 9.155871e-03
8.550000e-01 9.861466e-03
8.600000e-01 1.014434e-02
8.650000e-01 1.007842e-02
8.700000e-01 9.583986e-03
8.750000e-01 8.686198e-03
8.800000e-01 7.458790e-03
8.850000e-01 5.905963e-03
8.900000e-01 4.134312e-03
8.950000e-01 2.201010e-03
9.000000e-01 1.888179e-04
9.050000e-01 -1.829238e-03
9.100000e-01 -3.777866e-03
9.150000e-01 -5.559181e-03
9.200000e-01 -7.148201e-03
9.250000e-01 -8.465042e-03
9.300000e-01 -9.424377e-03
9.350000e-01 -1.002319e-02
9.400000e-01 -1.020984e-02
9.450000e-01 -9.965238e-03
9.500000e-01 -9.342805e-03
9.550000e-01 -8.332252e-03
9.600000e-01 -6.999019e-03
9.650000e-01 -5.404953e-03
9.700000e-01 -3.602030e-03
9.750000e-01 -1.653314e-03
9.800000e-01 3.906336e-04
9.850000e-01 2.398001e-03
9.900000e-01 4.329971e-03
9.950000e-01 6.089108e-03
1 7.592453e-03
1.005000e+00 8.803105e-03
1.010000e+00 9.626217e-03
1.015000e+00 1.008150e-02
1.020000e+00 1.014293e-02
1.025000e+00 9.798822e-03
1.030000e+00 9.082039e-03
1.035000e+00 7.992300e-03
1.040000e+00 6.608736e-03
1.045000e+00 4.931699e-03
1.050000e+00 3.036291e-03
1.055000e+00 1.045841e-03
1.060000e+00 -1.015948e-03
1.065000e+00 -2.995042e-03
1.070000e+00 -4.860066e-03
1.075000e+00 -6.553323e-03
1.080000e+00 -7.946534e-03
1.085000e+00 -9.044815e-03
1.090000e+00 -9.790253e-03
1.095000e+00 -1.015769e-02
1.100000e+00 -1.012280e-02
1.105000e+00 -9.664266e-03
1.110000e+00 -8.824685e-03
1.115000e+00 -7.620049e-03
1.120000e+00 -6.100704e-03
1.125000e+00 -4.359563e-03
1.130000e+00 -2.441874e-03
1.135000e+00 -4.378574e-04
1.140000e+00 1.569715e-03
1.145000e+00 3.537218e-03
1.150000e+00 5.364987e-03
1.155000e+00 6.997780e-03
1.160000e+00 8.359850e-03
1.165000e+00 9.399913e-03
1.170000e+00 1.004933e-02
1.175000e+00 1.022302e-02
1.180000e+00 9.880196e-03
1.185000e+00 8.900549e-03
1.190000e+00 7.244716e-03
1.195000e+00 4.874681e-03
1.200000e+00 1.827142e-03
1.205000e+00 -1.714457e-03
1.210000e+00 -5.513349e-03
1.215000e+00 -9.155284e-03
1.220000e+00 -1.231327e-02
1.225000e+00 -1.473790e-02
1.230000e+00 -1.630144e-02
1.235000e+00 -1.714738e-02
1.240000e+00 -1.738984e-02
1.245000e+00 -1.712697e-02
1.250000e+00 -1.636414e-02
1.255000e+00 -1.490191e-02
1.260000e+00 -1.256613e-02
1.265000e+00 -9.281224e-03
1.270000e+00 -5.164255e-03
1.275000e+00 -4.706522e-04
1.280000e+00 4.557876e-03
1.285000e+00 9.655393e-03
1.290000e+00 1.462581e-02
1.295000e+00 1.921653e-02
1.300000e+00 2.302402e-02
1.305000e+00 2.568300e-02
1.310000e+00 2.694461e-02
1.315000e+00 2.684374e-02
1.320000e+00 2.573426e-02
1.325000e+00 2.394460e-02
1.330000e+00 2.155543e-02
1.335000e+00 1.843828e-02
1.340000e+00 1.440679e-02
1.345000e+00 9.493234e-03
1.350000e+00 4.037113e-03
1.355000e+00 -1.494870e-03
1.360000e+00 -6.758198e-03
1.365000e+00 -1.159847e-02
1.370000e+00 -1.600240e-02
1.375000e+00 -1.994366e-02
1.380000e+00 -2.322010e-02
1.385000e+00 -2.560108e-02
1.390000e+00 -2.692091e-02
1.395000e+00 -2.709412e-02
1.400000e+00 -2.612152e-02
1.405000e+00 -2.405267e-02
1.410000e+00 -2.102200e-02
1.415000e+00 -1.723246e-02
1.420000e+00 -1.286800e-02
1.425000e+00 -8.025003e-03
1.430000e+00 -2.745863e-03
1.435000e+00 2.737865e-03
1.440000e+00 8.096905e-03
1.445000e+00 1.307928e-02
1.450000e+00 1.742091e-02
1.455000e+00 2.104175e-02
1.460000e+00 2.398976e-02
1.465000e+00 2.616884e-02
1.470000e+00 2.720612e-02
1.475000e+00 2.677594e-02
1.480000e+00 2.528376e-02
1.485000e+00 2.322510e-02
1.490000e+00 2.033944e-02
1.495000e+00 1.626032e-02
1.500000e+00 1.133510e-02
1.505000e+00 6.280070e-03
1.510000e+00 1.161688e-03
1.515000e+00 -4.192638e-03
1.520000e+00 -9.466624e-03
1.525000e+00 -1.436818e-02
1.530000e+00 -1.875302e-02
1.535000e+00 -2.229629e-02
1.540000e+00 -2.474647e-02
1.545000e+00 -2.627795e-02
1.550000e+00 -2.698080e-02
1.555000e+00 -2.657250e-02
1.560000e+00 -2.504843e-02
1.565000e+00 -2.253546e-02
1.570000e+00 -1.899680e-02
1.575000e+00 -1.474178e-02
1.580000e+00 -1.011846e-02
1.585000e+00 -5.019065e-03
1.590000e+00 5.609055e-04
1.595000e+00 6.058854e-03
1.600000e+00 1.106298e-02
1.605000e+00 1.559579e-02
1.610000e+00 1.960858e-02
1.615000e+00 2.302862e-02
1.620000e+00 2.551914e-02
1.625000e+00 2.670751e-02
1.630000e+00 2.688223e-02
1.635000e+00 2.628272e-02
1.640000e+00 2.449930e-02
1.645000e+00 2.148732e-02
1.650000e+00 1.778016e-02
1.655000e+00 1.351382e-02
1.660000e+00 8.583673e-03
1.665000e+00 3.248831e-03
1.670000e+00 -2.131822e-03
1.675000e+00 -7.373557e-03
1.680000e+00 -1.235687e-02
1.685000e+00 -1.696173e-02
1.690000e+00 -2.085641e-02
1.695000e+00 -2.381679e-02
1.700000e+00 -2.591678e-02
1.705000e+00 -2.695634e-02
1.710000e+00 -2.683588e-02
1.715000e+00 -2.578416e-02
1.720000e+00 -2.367701e-02
1.725000e+00 -2.047160e-02
1.730000e+00 -1.661337e-02
1.735000e+00 -1.217267e-02
1.740000e+00 -7.077841e-03
1.745000e+00 -1.708703e-03
1.750000e+00 3.667150e-03
1.755000e+00 8.935151e-03
1.760000e+00 1.385478e-02
1.765000e+00 1.819618e-02
1.770000e+00 2.180269e-02
1.775000e+00 2.454126e-02
1.780000e+00 2.628746e-02
1.785000e+00 2.697500e-02
1.790000e+00 2.666172e-02
1.795000e+00 2.529831e-02
1.800000e+00 2.281071e-02
1.805000e+00 1.950335e-02
1.810000e+00 1.547030e-02
1.815000e+00 1.063223e-02
1.820000e+00 5.453390e-03
1.825000e+00 1.506064e-04
1.830000e+00 -5.287771e-03
1.835000e+00 -1.044912e-02
1.840000e+00 -1.512545e-02
1.845000e+00 -1.926201e-02
1.850000e+00 -2.265953e-02
1.855000e+00 -2.515459e-02
1.860000e+00 -2.662393e-02
1.865000e+00 -2.702746e-02
1.870000e+00 -2.637248e-02
1.875000e+00 -2.465472e-02
1.880000e+00 -2.192015e-02
1.885000e+00 -1.831447e-02
1.890000e+00 -1.400124e-02
1.895000e+00 -9.161744e-03
1.900000e+00 -3.959305e-03
1.905000e+00 1.410497e-03
1.910000e+00 6.700938e-03
1.915000e+00 1.180290e-02
1.920000e+00 1.643566e-02
1.925000e+00 2.034969e-02
1.930000e+00 2.355544e-02
1.935000e+00 2.574727e-02
1.940000e+00 2.683592e-02
1.945000e+00 2.698553e-02
1.950000e+00 2.597834e-02
1.955000e+00 2.389019e-02
1.960000e+00 2.097931e-02
1.965000e+00 1.719864e-02
1.970000e+00 1.270676e-02
1.975000e+00 7.720432e-03
1.980000e+00 2.403332e-03
1.985000e+00 -3.013865e-03
1.990000e+00 -8.346696e-03
1.995000e+00 -1.326961e-02
2 -1.766634e-02
2.005000e+00 -2.142596e-02
2.010000e+00 -2.423754e-02
2.015000e+00 -2.610500e-02
2.020000e+00 -2.698747e-02
2.025000e+00 -2.677233e-02
2.030000e+00 -2.551228e-02
2.035000e+00 -2.322679e-02
2.040000e+00 -2.000900e-02
2.045000e+00 -1.594712e-02
2.050000e+00 -1.124044e-02
2.055000e+00 -6.163534e-03
2.060000e+00 -7.691858e-04
2.065000e+00 4.634806e-03
2.070000e+00 9.754605e-03
2.075000e+00 1.458047e-02
2.080000e+00 1.881780e-02
2.085000e+00 2.228419e-02
2.090000e+00 2.492892e-02
2.095000e+00 2.652915e-02
2.100000e+00 2.706706e-02
2.105000e+00 2.654810e-02
2.110000e+00 2.493765e-02
2.115000e+00 2.232766e-02
2.120000e+00 1.882750e-02
2.125000e+00 1.459849e-02
2.130000e+00 9.806930e-03
2.135000e+00 4.634408e-03
2.140000e+00 -7.416665e-04
2.145000e+00 -6.098890e-03
2.150000e+00 -1.121497e-02
2.155000e+00 -1.591903e-02
2.160000e+00 -1.995705e-02
2.165000e+00 -2.320355e-02
2.170000e+00 -2.551450e-02
2.175000e+00 -2.676258e-02
2.180000e+00 -2.700873e-02
2.185000e+00 -2.613987e-02
2.190000e+00 -2.421751e-02
2.195000e+00 -2.142552e-02
2.200000e+00 -1.770725e-02
2.205000e+00 -1.330168e-02
2.210000e+00 -8.387478e-03
2.215000e+00 -3.022506e-03
2.220000e+00 2.363932e-03
2.225000e+00 7.646294e-03
2.230000e+00 1.270897e-02
2.235000e+00 1.717749e-02
2.240000e+00 2.097028e-02
2.245000e+00 2.392514e-02
2.250000e+00 2.592160e-02
2.255000e+00 2.694675e-02
2.260000e+00 2.685962e-02
2.265000e+00 2.572092e-02
2.270000e+00 2.356969e-02
2.275000e+00 2.042129e-02
2.280000e+00 1.648859e-02
2.285000e+00 1.187411e-02
2.290000e+00 6.761011e-03
2.295000e+00 1.457676e-03
2.300000e+00 -3.905160e-03
2.305000e+00 -9.158374e-03
2.310000e+00 -1.399945e-02
2.315000e+00 -1.828723e-02
2.320000e+00 -2.193449e-02
2.325000e+00 -2.466923e-02
2.330000e+00 -2.641234e-02
2.335000e+00 -2.712166e-02
2.340000e+00 -2.673035e-02
2.345000e+00 -2.530450e-02
2.350000e+00 -2.284040e-02
2.355000e+00 -1.949278e-02
2.360000e+00 -1.535885e-02
2.365000e+00 -1.058081e-02
2.370000e+00 -5.430476e-03
2.375000e+00 1.140613e-05
2.380000e+00 5.482535e-03
2.385000e+00 1.071668e-02
2.390000e+00 1.556270e-02
2.395000e+00 1.973048e-02
2.400000e+00 2.304011e-02
2.405000e+00 2.535637e-02
2.410000e+00 2.653642e-02
2.415000e+00 2.647334e-02
2.420000e+00 2.506832e-02
2.425000e+00 2.234442e-02
2.430000e+00 1.834470e-02
2.435000e+00 1.317667e-02
2.440000e+00 7.140329e-03
2.445000e+00 5.818373e-04
2.450000e+00 -6.064690e-03
2.455000e+00 -1.229457e-02
2.460000e+00 -1.782611e-02
2.465000e+00 -2.243248e-02
2.470000e+00 -2.593091e-02
2.475000e+00 -2.838103e-02
2.480000e+00 -2.977511e-02
2.485000e+00 -3.006984e-02
2.490000e+00 -2.920933e-02
2.495000e+00 -2.700459e-02
2.500000e+00 -2.334774e-02
2.505000e+00 -1.826254e-02
2.510000e+00 -1.188911e-02
2.515000e+00 -4.559245e-03
2.520000e+00 3.198144e-03
2.525000e+00 1.083927e-02
2.530000e+00 1.790195e-02
2.535000e+00 2.404579e-02
2.540000e+00 2.906380e-02
2.545000e+00 3.283600e-02
2.550000e+00 3.530240e-02
2.555000e+00 3.639574e-02
2.560000e+00 3.609095e-02
2.565000e+00 3.439108e-02
2.570000e+00 3.139183e-02
2.575000e+00 2.727964e-02
2.580000e+00 2.219767e-02
2.585000e+00 1.621977e-02
2.590000e+00 9.393858e-03
2.595000e+00 2.012187e-03
2.600000e+00 -5.551811e-03
2.605000e+00 -1.291666e-02
2.610000e+00 -1.954299e-02
2.615000e+00 -2.520709e-02
2.620000e+00 -2.989034e-02
2.625000e+00 -3.349233e-02
2.630000e+00 -3.599475e-02
2.635000e+00 -3.719487e-02
2.640000e+00 -3.675616e-02
2.645000e+00 -3.458424e-02
2.650000e+00 -3.085571e-02
2.655000e+00 -2.595242e-02
2.660000e+00 -2.024394e-02
2.665000e+00 -1.398193e-02
2.670000e+00 -7.250674e-03
2.675000e+00 -2.497269e-05
2.680000e+00 7.461455e-03
2.685000e+00 1.476056e-02
2.690000e+00 2.141062e-02
2.695000e+00 2.698799e-02
2.700000e+00 3.133675e-02
2.705000e+00 3.446090e-02
2.710000e+00 3.633552e-02
2.715000e+00 3.690589e-02
2.720000e+00 3.602419e-02
2.725000e+00 3.362627e-02
2.730000e+00 2.979376e-02
2.735000e+00 2.473071e-02
2.740000e+00 1.873670e-02
2.745000e+00 1.204035e-02
2.750000e+00 4.878821e-03
2.755000e+00 -2.492692e-03
2.760000e+00 -9.794698e-03
2.765000e+00 -1.668422e-02
2.770000e+00 -2.291795e-02
2.775000e+00 -2.823692e-02
2.780000e+00 -3.240849e-02
2.785000e+00 -3.530152e-02
2.790000e+00 -3.678993e-02
2.795000e+00 -3.683190e-02
2.800000e+00 -3.539460e-02
2.805000e+00 -3.253531e-02
2.810000e+00 -2.841108e-02
2.815000e+00 -2.311471e-02
2.820000e+00 -1.685991e-02
2.825000e+00 -9.951467e-03
2.830000e+00 -2.678304e-03
2.835000e+00 4.644793e-03
2.840000e+00 1.181008e-02
2.845000e+00 1.855385e-02
2.850000e+00 2.458149e-02
2.855000e+00 2.959982e-02
2.860000e+00 3.337829e-02
2.865000e+00 3.590838e-02
2.870000e+00 3.703486e-02
2.875000e+00 3.660802e-02
2.880000e+00 3.470435e-02
2.885000e+00 3.140309e-02
2.890000e+00 2.685481e-02
2.895000e+00 2.129807e-02
2.900000e+00 1.496262e-02
2.905000e+00 8.032211e-03
2.910000e+00 6.553604e-04
2.915000e+00 -6.850773e-03
2.920000e+00 -1.401115e-02
2.925000e+00 -2.044077e-02
2.930000e+00 -2.605090e-02
2.935000e+00 -3.079948e-02
2.940000e+00 -3.436959e-02
2.945000e+00 -3.646624e-02
2.950000e+00 -3.697526e-02
2.955000e+00 -3.602336e-02
2.960000e+00 -3.379882e-02
2.965000e+00 -3.033623e-02
2.970000e+00 -2.561100e-02
2.975000e+00 -1.963869e-02
2.980000e+00 -1.282785e-02
2.985000e+00 -5.666795e-03
2.990000e+00 1.623997e-03
2.995000e+00 8.805681e-03
3 1.574433e-02
