T X
0 0
5.000000e-03 -2.686802e-09
1.000000e-02 1.821487e-08
1.500000e-02 2.745831e-07
2.000000e-02 2.536434e-06
2.500000e-02 1.701900e-05
3.000000e-02 8.479438e-05
3.500000e-02 3.235988e-04
4.000000e-02 9.640380e-04
4.500000e-02 2.269856e-03
5.000000e-02 4.264510e-03
5.500000e-02 6.472888e-03
6.000000e-02 8.156240e-03
6.500000e-02 9.045750e-03
7.000000e-02 9.598256e-03
7.500000e-02 1.015844e-02
8.000000e-02 1.032681e-02
8.500000e-02 9.765600e-03
9.000000e-02 8.867737e-03
9.500000e-02 7.860311e-03
1.000000e-01 6.385067e-03
1.050000e-01 4.520592e-03
1.100000e-01 2.703897e-03
1.150000e-01 7.837346e-04
1.200000e-01 -1.332102e-03
1.250000e-01 -3.231014e-03
1.300000e-01 -4.949532e-03
1.350000e-01 -6.650766e-03
1.400000e-01 -8.024207e-03
1.450000e-01 -9.106068e-03
1.500000e-01 -9.993333e-03
1.550000e-01 -1.033573e-02
1.600000e-01 -1.019595e-02
1.650000e-01 -9.722215e-03
1.700000e-01 -8.768092e-03
1.750000e-01 -7.562930e-03
1.800000e-01 -6.146250e-03
1.850000e-01 -4.323381e-03
1.900000e-01 -2.353120e-03
1.950000e-01 -3.311189e-04
2.000000e-01 1.731983e-03
2.050000e-01 3.665649e-03
2.100000e-01 5.549604e-03
2.150000e-01 7.216270e-03
2.200000e-01 8.482356e-03
2.250000e-01 9.467256e-03
2.300000e-01 1.007588e-02
2.350000e-01 1.030184e-02
2.400000e-01 1.012337e-02
2.450000e-01 9.479100e-03
2.500000e-01 8.554791e-03
2.550000e-01 7.264789e-03
2.600000e-01 5.590438e-03
2.650000e-01 3.755193e-03
2.700000e-01 1.791911e-03
2.750000e-01 -2.446693e-04
2.800000e-01 -2.322550e-03
2.850000e-01 -4.284170e-03
2.900000e-01 -5.995620e-03
2.950000e-01 -7.572103e-03
3.000000e-01 -8.836367e-03
3.050000e-01 -9.679213e-03
3.100000e-01 -1.020241e-02
3.150000e-01 -1.033439e-02
3.200000e-01 -1.001539e-02
3.250000e-01 -9.253728e-03
3.300000e-01 -8.179724e-03
3.350000e-01 -6.788232e-03
3.400000e-01 -5.072108e-03
3.450000e-01 -3.222276e-03
3.500000e-01 -1.217314e-03
3.550000e-01 8.681409e-04
3.600000e-01 2.868470e-03
3.650000e-01 4.778229e-03
3.700000e-01 6.512355e-03
3.750000e-01 7.988647e-03
3.800000e-01 9.122939e-03
3.850000e-01 9.895660e-03
3.900000e-01 1.029797e-02
3.950000e-01 1.024216e-02
4.000000e-01 9.798780e-03
4.050000e-01 8.994744e-03
4.100000e-01 7.812368e-03
4.150000e-01 6.327055e-03
4.200000e-01 4.574253e-03
4.250000e-01 2.638766e-03
4.300000e-01 6.160447e-04
4.350000e-01 -1.456257e-03
4.400000e-01 -3.472497e-03
4.450000e-01 -5.325652e-03
4.500000e-01 -6.973309e-03
4.550000e-01 -8.342098e-03
4.600000e-01 -9.374698e-03
4.650000e-01 -1.002791e-02
4.700000e-01 -1.030744e-02
4.750000e-01 -1.018021e-02
4.800000e-01 -9.625077e-03
4.850000e-01 -8.706193e-03
4.900000e-01 -7.397405e-03
4.950000e-01 -5.822544e-03
5.000000e-01 -4.027653e-03
5.050000e-01 -2.024362e-03
5.100000e-01 2.000044e-06
5.150000e-01 2.040884e-03
5.200000e-01 4.014908e-03
5.250000e-01 5.816196e-03
5.300000e-01 7.393089e-03
5.350000e-01 8.679226e-03
5.400000e-01 9.630497e-03
5.450000e-01 1.018309e-02
5.500000e-01 1.033057e-02
5.550000e-01 1.005304e-02
5.600000e-01 9.370791e-03
5.650000e-01 8.327794e-03
5.700000e-01 6.963772e-03
5.750000e-01 5.332793e-03
5.800000e-01 3.459342e-03
5.850000e-01 1.457039e-03
5.900000e-01 -5.836297e-04
5.950000e-01 -2.633884e-03
6.000000e-01 -4.573350e-03
6.050000e-01 -6.324834e-03
6.100000e-01 -7.818545e-03
6.150000e-01 -8.999832e-03
6.200000e-01 -9.828986e-03
6.250000e-01 -1.022911e-02
6.300000e-01 -1.026310e-02
6.350000e-01 -9.912080e-03
6.400000e-01 -9.118665e-03
6.450000e-01 -7.988745e-03
6.500000e-01 -6.536525e-03
6.550000e-01 -4.792965e-03
6.600000e-01 -2.872771e-03
6.650000e-01 -8.357654e-04
6.700000e-01 1.236634e-03
6.750000e-01 3.265008e-03
6.800000e-01 5.137410e-03
6.850000e-01 6.805778e-03
6.900000e-01 8.217016e-03
6.950000e-01 9.276445e-03
7.000000e-01 9.995839e-03
7.050000e-01 1.031691e-02
7.100000e-01 1.020440e-02
7.150000e-01 9.691133e-03
7.200000e-01 8.790928e-03
7.250000e-01 7.546214e-03
7.300000e-01 6.011228e-03
7.350000e-01 4.235347e-03
7.400000e-01 2.295807e-03
7.450000e-01 2.727553e-04
7.500000e-01 -1.784227e-03
7.550000e-01 -3.766206e-03
7.600000e-01 -5.607246e-03
7.650000e-01 -7.238138e-03
7.700000e-01 -8.549826e-03
7.750000e-01 -9.541666e-03
7.800000e-01 -1.015287e-02
7.850000e-01 -1.032015e-02
7.900000e-01 -1.009473e-02
7.950000e-01 -9.484614e-03
8.000000e-01 -8.494332e-03
8.050000e-01 -7.163332e-03
8.100000e-01 -5.538806e-03
8.150000e-01 -3.701672e-03
8.200000e-01 -1.706570e-03
8.250000e-01 3.624172e-04
8.300000e-01 2.392558e-03
8.350000e-01 4.343795e-03
8.400000e-01 6.125256e-03
8.450000e-01 7.640518e-03
8.500000e-01 8.847327e-03
8.550000e-01 9.717465e-03
8.600000e-01 1.021117e-02
8.650000e-01 1.028471e-02
8.700000e-01 9.974539e-03
8.750000e-01 9.252308e-03
8.800000e-01 8.135894e-03
8.850000e-01 6.714498e-03
8.900000e-01 5.024243e-03
8.950000e-01 3.131242e-03
9.000000e-01 1.110076e-03
9.050000e-01 -9.420580e-04
9.100000e-01 -2.960369e-03
9.150000e-01 -4.866187e-03
9.200000e-01 -6.573315e-03
9.250000e-01 -8.024307e-03
9.300000e-01 -9.170747e-03
9.350000e-01 -9.948411e-03
9.400000e-01 -1.030478e-02
9.450000e-01 -1.025972e-02
9.500000e-01 -9.789018e-03
9.550000e-01 -8.944098e-03
9.600000e-01 -7.742925e-03
9.650000e-01 -6.226356e-03
9.700000e-01 -4.492203e-03
9.750000e-01 -2.542105e-03
9.800000e-01 -5.180150e-04
9.850000e-01 1.538783e-03
9.900000e-01 3.562820e-03
9.950000e-01 5.393347e-03
1 7.047736e-03
1.005000e+00 8.411010e-03
1.010000e+00 9.411695e-03
1.015000e+00 1.005598e-02
1.020000e+00 1.029239e-02
1.025000e+00 1.014645e-02
1.030000e+00 9.575375e-03
1.035000e+00 8.645240e-03
1.040000e+00 7.369009e-03
1.045000e+00 5.749540e-03
1.050000e+00 3.949039e-03
1.055000e+00 1.968874e-03
1.060000e+00 -9.609100e-05
1.065000e+00 -2.137838e-03
1.070000e+00 -4.105065e-03
1.075000e+00 -5.892776e-03
1.080000e+00 -7.463268e-03
1.085000e+00 -8.727143e-03
1.090000e+00 -9.646673e-03
1.095000e+00 -1.020055e-02
1.100000e+00 -1.033986e-02
1.105000e+00 -1.005048e-02
1.110000e+00 -9.345990e-03
1.115000e+00 -8.290703e-03
1.120000e+00 -6.893742e-03
1.125000e+00 -5.219334e-03
1.130000e+00 -3.371444e-03
1.135000e+00 -1.362538e-03
1.140000e+00 7.024478e-04
1.145000e+00 2.713887e-03
1.150000e+00 4.642483e-03
1.155000e+00 6.382805e-03
1.160000e+00 7.875999e-03
1.165000e+00 9.049689e-03
1.170000e+00 9.842305e-03
1.175000e+00 1.026325e-02
1.180000e+00 1.025495e-02
1.185000e+00 9.850678e-03
1.190000e+00 9.071325e-03
1.195000e+00 7.914820e-03
1.200000e+00 6.455172e-03
1.205000e+00 4.726688e-03
1.210000e+00 2.803917e-03
1.215000e+00 7.706075e-04
1.220000e+00 -1.278915e-03
1.225000e+00 -3.244088e-03
1.230000e+00 -5.067339e-03
1.235000e+00 -6.657985e-03
1.240000e+00 -7.995442e-03
1.245000e+00 -9.133137e-03
1.250000e+00 -1.011746e-02
1.255000e+00 -1.106192e-02
1.260000e+00 -1.205708e-02
1.265000e+00 -1.305085e-02
1.270000e+00 -1.394433e-02
1.275000e+00 -1.454970e-02
1.280000e+00 -1.459622e-02
1.285000e+00 -1.391362e-02
1.290000e+00 -1.245980e-02
1.295000e+00 -1.037465e-02
1.300000e+00 -7.906520e-03
1.305000e+00 -5.290064e-03
1.310000e+00 -2.665906e-03
1.315000e+00 -1.859035e-05
1.320000e+00 2.739901e-03
1.325000e+00 5.635334e-03
1.330000e+00 8.553511e-03
1.335000e+00 1.137373e-02
1.340000e+00 1.396470e-02
1.345000e+00 1.628247e-02
1.350000e+00 1.843457e-02
1.355000e+00 2.036971e-02
1.360000e+00 2.184533e-02
1.365000e+00 2.251176e-02
1.370000e+00 2.202952e-02
1.375000e+00 2.029737e-02
1.380000e+00 1.753065e-02
1.385000e+00 1.411697e-02
1.390000e+00 1.039215e-02
1.395000e+00 6.497688e-03
1.400000e+00 2.387636e-03
1.405000e+00 -1.922020e-03
1.410000e+00 -6.277667e-03
1.415000e+00 -1.043746e-02
1.420000e+00 -1.412646e-02
1.425000e+00 -1.719156e-02
1.430000e+00 -1.951493e-02
1.435000e+00 -2.098527e-02
1.440000e+00 -2.166890e-02
1.445000e+00 -2.163642e-02
1.450000e+00 -2.079415e-02
1.455000e+00 -1.913644e-02
1.460000e+00 -1.682216e-02
1.465000e+00 -1.384507e-02
1.470000e+00 -1.000575e-02
1.475000e+00 -5.538846e-03
1.480000e+00 -1.167575e-03
1.485000e+00 2.869596e-03
1.490000e+00 6.992264e-03
1.495000e+00 1.122085e-02
1.500000e+00 1.490436e-02
1.505000e+00 1.771789e-02
1.510000e+00 1.983242e-02
1.515000e+00 2.122782e-02
1.520000e+00 2.186047e-02
1.525000e+00 2.173317e-02
1.530000e+00 2.064466e-02
1.535000e+00 1.855196e-02
1.540000e+00 1.573072e-02
1.545000e+00 1.244597e-02
1.550000e+00 8.709493e-03
1.555000e+00 4.601451e-03
1.560000e+00 3.018966e-04
1.565000e+00 -4.152293e-03
1.570000e+00 -8.461627e-03
1.575000e+00 -1.227111e-02
1.580000e+00 -1.555552e-02
1.585000e+00 -1.821336e-02
1.590000e+00 -2.021147e-02
1.595000e+00 -2.161585e-02
1.600000e+00 -2.211215e-02
1.605000e+00 -2.140213e-02
1.610000e+00 -1.979701e-02
1.615000e+00 -1.776803e-02
1.620000e+00 -1.513850e-02
1.625000e+00 -1.162192e-02
1.630000e+00 -7.517506e-03
1.635000e+00 -3.264909e-03
1.640000e+00 9.419554e-04
1.645000e+00 5.215539e-03
1.650000e+00 9.478266e-03
1.655000e+00 1.321837e-02
1.660000e+00 1.631254e-02
1.665000e+00 1.895003e-02
1.670000e+00 2.084104e-02
1.675000e+00 2.171130e-02
1.680000e+00 2.179250e-02
1.685000e+00 2.113135e-02
1.690000e+00 1.953613e-02
1.695000e+00 1.715692e-02
1.700000e+00 1.415815e-02
1.705000e+00 1.052475e-02
1.710000e+00 6.395736e-03
1.715000e+00 2.102647e-03
1.720000e+00 -2.147915e-03
1.725000e+00 -6.444912e-03
1.730000e+00 -1.060550e-02
1.735000e+00 -1.416804e-02
1.740000e+00 -1.712700e-02
1.745000e+00 -1.952947e-02
1.750000e+00 -2.110474e-02
1.755000e+00 -2.188629e-02
1.760000e+00 -2.185048e-02
1.765000e+00 -2.075105e-02
1.770000e+00 -1.885377e-02
1.775000e+00 -1.641316e-02
1.780000e+00 -1.320915e-02
1.785000e+00 -9.333725e-03
1.790000e+00 -5.240947e-03
1.795000e+00 -1.032867e-03
1.800000e+00 3.374843e-03
1.805000e+00 7.686863e-03
1.810000e+00 1.156616e-02
1.815000e+00 1.502796e-02
1.820000e+00 1.795824e-02
1.825000e+00 2.009751e-02
1.830000e+00 2.145279e-02
1.835000e+00 2.197076e-02
1.840000e+00 2.155705e-02
1.845000e+00 2.036456e-02
1.850000e+00 1.832500e-02
1.855000e+00 1.550362e-02
1.860000e+00 1.221402e-02
1.865000e+00 8.346176e-03
1.870000e+00 4.023122e-03
1.875000e+00 -2.944601e-04
1.880000e+00 -4.585266e-03
1.885000e+00 -8.845560e-03
1.890000e+00 -1.266324e-02
1.895000e+00 -1.591178e-02
1.900000e+00 -1.862763e-02
1.905000e+00 -2.056564e-02
1.910000e+00 -2.163556e-02
1.915000e+00 -2.193509e-02
1.920000e+00 -2.136380e-02
1.925000e+00 -1.983508e-02
1.930000e+00 -1.760118e-02
1.935000e+00 -1.468135e-02
1.940000e+00 -1.108556e-02
1.945000e+00 -7.112200e-03
1.950000e+00 -2.848093e-03
1.955000e+00 1.528523e-03
1.960000e+00 5.813683e-03
1.965000e+00 9.950982e-03
1.970000e+00 1.363880e-02
1.975000e+00 1.674391e-02
1.980000e+00 1.931095e-02
1.985000e+00 2.103277e-02
1.990000e+00 2.184454e-02
1.995000e+00 2.190074e-02
2 2.101698e-02
2.005000e+00 1.924187e-02
2.010000e+00 1.680361e-02
2.015000e+00 1.365993e-02
2.020000e+00 9.956374e-03
2.025000e+00 5.924635e-03
2.030000e+00 1.600228e-03
2.035000e+00 -2.799705e-03
2.040000e+00 -7.025509e-03
2.045000e+00 -1.103939e-02
2.050000e+00 -1.461709e-02
2.055000e+00 -1.751883e-02
2.060000e+00 -1.979735e-02
2.065000e+00 -2.130555e-02
2.070000e+00 -2.188992e-02
2.075000e+00 -2.165552e-02
2.080000e+00 -2.056737e-02
2.085000e+00 -1.864587e-02
2.090000e+00 -1.598821e-02
2.095000e+00 -1.267419e-02
2.100000e+00 -8.875609e-03
2.105000e+00 -4.666883e-03
2.110000e+00 -3.011252e-04
2.115000e+00 3.989696e-03
2.120000e+00 8.238495e-03
2.125000e+00 1.213367e-02
2.130000e+00 1.544750e-02
2.135000e+00 1.824965e-02
2.140000e+00 2.031362e-02
2.145000e+00 2.152097e-02
2.150000e+00 2.193634e-02
2.155000e+00 2.144493e-02
2.160000e+00 2.006144e-02
2.165000e+00 1.791995e-02
2.170000e+00 1.503763e-02
2.175000e+00 1.155906e-02
2.180000e+00 7.676928e-03
2.185000e+00 3.424806e-03
2.190000e+00 -9.513302e-04
2.195000e+00 -5.232155e-03
2.200000e+00 -9.380873e-03
2.205000e+00 -1.313978e-02
2.210000e+00 -1.636201e-02
2.215000e+00 -1.895193e-02
2.220000e+00 -2.074532e-02
2.225000e+00 -2.173841e-02
2.230000e+00 -2.183622e-02
2.235000e+00 -2.107679e-02
2.240000e+00 -1.951964e-02
2.245000e+00 -1.711802e-02
2.250000e+00 -1.408452e-02
2.255000e+00 -1.049529e-02
2.260000e+00 -6.440054e-03
2.265000e+00 -2.171905e-03
2.270000e+00 2.243712e-03
2.275000e+00 6.542209e-03
2.280000e+00 1.051712e-02
2.285000e+00 1.416161e-02
2.290000e+00 1.717832e-02
2.295000e+00 1.949806e-02
2.300000e+00 2.113847e-02
2.305000e+00 2.184445e-02
2.310000e+00 2.168250e-02
2.315000e+00 2.074002e-02
2.320000e+00 1.890546e-02
2.325000e+00 1.631076e-02
2.330000e+00 1.307397e-02
2.335000e+00 9.289011e-03
2.340000e+00 5.195323e-03
2.345000e+00 8.647786e-04
2.350000e+00 -3.523526e-03
2.355000e+00 -7.709213e-03
2.360000e+00 -1.162884e-02
2.365000e+00 -1.510470e-02
2.370000e+00 -1.794467e-02
2.375000e+00 -2.009020e-02
2.380000e+00 -2.144445e-02
2.385000e+00 -2.191993e-02
2.390000e+00 -2.151328e-02
2.395000e+00 -2.024547e-02
2.400000e+00 -1.819479e-02
2.405000e+00 -1.541336e-02
2.410000e+00 -1.201337e-02
2.415000e+00 -8.149970e-03
2.420000e+00 -3.945251e-03
2.425000e+00 4.089001e-04
2.430000e+00 4.767871e-03
2.435000e+00 8.918213e-03
2.440000e+00 1.272687e-02
2.445000e+00 1.606464e-02
2.450000e+00 1.867050e-02
2.455000e+00 2.056978e-02
2.460000e+00 2.165930e-02
2.465000e+00 2.182149e-02
2.470000e+00 2.117780e-02
2.475000e+00 1.961972e-02
2.480000e+00 1.728498e-02
2.485000e+00 1.430752e-02
2.490000e+00 1.068938e-02
2.495000e+00 6.733041e-03
2.500000e+00 2.498213e-03
2.505000e+00 -1.848183e-03
2.510000e+00 -6.027646e-03
2.515000e+00 -9.981950e-03
2.520000e+00 -1.353281e-02
2.525000e+00 -1.655629e-02
2.530000e+00 -1.889664e-02
2.535000e+00 -2.047167e-02
2.540000e+00 -2.130760e-02
2.545000e+00 -2.140195e-02
2.550000e+00 -2.089143e-02
2.555000e+00 -1.987778e-02
2.560000e+00 -1.847917e-02
2.565000e+00 -1.683092e-02
2.570000e+00 -1.487421e-02
2.575000e+00 -1.258502e-02
2.580000e+00 -9.909832e-03
2.585000e+00 -6.741770e-03
2.590000e+00 -3.172807e-03
2.595000e+00 6.740371e-04
2.600000e+00 4.572226e-03
2.605000e+00 8.264574e-03
2.610000e+00 1.149910e-02
2.615000e+00 1.409409e-02
2.620000e+00 1.611651e-02
2.625000e+00 1.756108e-02
2.630000e+00 1.856729e-02
2.635000e+00 1.929812e-02
2.640000e+00 1.965122e-02
2.645000e+00 1.963144e-02
2.650000e+00 1.913618e-02
2.655000e+00 1.806870e-02
2.660000e+00 1.648436e-02
2.665000e+00 1.431603e-02
2.670000e+00 1.161872e-02
2.675000e+00 8.439790e-03
2.680000e+00 4.740047e-03
2.685000e+00 6.559846e-04
2.690000e+00 -3.551829e-03
2.695000e+00 -7.576597e-03
2.700000e+00 -1.109245e-02
2.705000e+00 -1.391733e-02
2.710000e+00 -1.604396e-02
2.715000e+00 -1.758848e-02
2.720000e+00 -1.866706e-02
2.725000e+00 -1.917142e-02
2.730000e+00 -1.890565e-02
2.735000e+00 -1.775707e-02
2.740000e+00 -1.573459e-02
2.745000e+00 -1.300235e-02
2.750000e+00 -9.876621e-03
2.755000e+00 -6.602821e-03
2.760000e+00 -3.231493e-03
2.765000e+00 2.761516e-04
2.770000e+00 3.953264e-03
2.775000e+00 7.669635e-03
2.780000e+00 1.117413e-02
2.785000e+00 1.415069e-02
2.790000e+00 1.638299e-02
2.795000e+00 1.786531e-02
2.800000e+00 1.865466e-02
2.805000e+00 1.878148e-02
2.810000e+00 1.820972e-02
2.815000e+00 1.694391e-02
2.820000e+00 1.499601e-02
2.825000e+00 1.237983e-02
2.830000e+00 9.231199e-03
2.835000e+00 5.719981e-03
2.840000e+00 2.034171e-03
2.845000e+00 -1.703496e-03
2.850000e+00 -5.386069e-03
2.855000e+00 -8.812990e-03
2.860000e+00 -1.186623e-02
2.865000e+00 -1.449674e-02
2.870000e+00 -1.662516e-02
2.875000e+00 -1.806849e-02
2.880000e+00 -1.872165e-02
2.885000e+00 -1.863696e-02
2.890000e+00 -1.783384e-02
2.895000e+00 -1.629820e-02
2.900000e+00 -1.407672e-02
2.905000e+00 -1.135914e-02
2.910000e+00 -8.233212e-03
2.915000e+00 -4.736784e-03
2.920000e+00 -1.039075e-03
2.925000e+00 2.723250e-03
2.930000e+00 6.345500e-03
2.935000e+00 9.668405e-03
2.940000e+00 1.265076e-02
2.945000e+00 1.518513e-02
2.950000e+00 1.709497e-02
2.955000e+00 1.819603e-02
2.960000e+00 1.854379e-02
2.965000e+00 1.828969e-02
2.970000e+00 1.740016e-02
2.975000e+00 1.576534e-02
2.980000e+00 1.338864e-02
2.985000e+00 1.043909e-02
2.990000e+00 7.114027e-03
2.995000e+00 3.589916e-03
3 -3.290107e-05
