T X
0 0
5.000000e-03 -9.699907e-09
1.000000e-02 1.025597e-08
1.500000e-02 2.256790e-07
2.000000e-02 2.401311e-06
2.500000e-02 1.652329e-05
3.000000e-02 8.317294e-05
3.500000e-02 3.198270e-04
4.000000e-02 9.583396e-04
4.500000e-02 2.267435e-03
5.000000e-02 4.272504e-03
5.500000e-02 6.486441e-03
6.000000e-02 8.155462e-03
6.500000e-02 9.019108e-03
7.000000e-02 9.555352e-03
7.500000e-02 1.009984e-02
8.000000e-02 1.023648e-02
8.500000e-02 9.658597e-03
9.000000e-02 8.777939e-03
9.500000e-02 7.775951e-03
1.000000e-01 6.288997e-03
1.050000e-01 4.439148e-03
1.100000e-01 2.634541e-03
1.150000e-01 7.010723e-04
1.200000e-01 -1.393587e-03
1.250000e-01 -3.268682e-03
1.300000e-01 -5.007865e-03
1.350000e-01 -6.682798e-03
1.400000e-01 -8.003585e-03
1.450000e-01 -9.058422e-03
1.500000e-01 -9.858909e-03
1.550000e-01 -1.013731e-02
1.600000e-01 -1.002320e-02
1.650000e-01 -9.539785e-03
1.700000e-01 -8.590671e-03
1.750000e-01 -7.410897e-03
1.800000e-01 -5.953713e-03
1.850000e-01 -4.153946e-03
1.900000e-01 -2.235645e-03
1.950000e-01 -2.021172e-04
2.000000e-01 1.816198e-03
2.050000e-01 3.692022e-03
2.100000e-01 5.521624e-03
2.150000e-01 7.114930e-03
2.200000e-01 8.388728e-03
2.250000e-01 9.355342e-03
2.300000e-01 9.930201e-03
2.350000e-01 1.014587e-02
2.400000e-01 9.885522e-03
2.450000e-01 9.254215e-03
2.500000e-01 8.348293e-03
2.550000e-01 7.021353e-03
2.600000e-01 5.422651e-03
2.650000e-01 3.596896e-03
2.700000e-01 1.638095e-03
2.750000e-01 -3.528703e-04
2.800000e-01 -2.381194e-03
2.850000e-01 -4.240719e-03
2.900000e-01 -5.982547e-03
2.950000e-01 -7.513601e-03
3.000000e-01 -8.700658e-03
3.050000e-01 -9.577100e-03
3.100000e-01 -1.002821e-02
3.150000e-01 -1.009808e-02
3.200000e-01 -9.747338e-03
3.250000e-01 -9.034921e-03
3.300000e-01 -7.985645e-03
3.350000e-01 -6.573893e-03
3.400000e-01 -4.923607e-03
3.450000e-01 -3.042192e-03
3.500000e-01 -1.063576e-03
3.550000e-01 9.631192e-04
3.600000e-01 2.920423e-03
3.650000e-01 4.775073e-03
3.700000e-01 6.480743e-03
3.750000e-01 7.865092e-03
3.800000e-01 9.000447e-03
3.850000e-01 9.754881e-03
3.900000e-01 1.008378e-02
3.950000e-01 1.002701e-02
4.000000e-01 9.594076e-03
4.050000e-01 8.768594e-03
4.100000e-01 7.582640e-03
4.150000e-01 6.126716e-03
4.200000e-01 4.382080e-03
4.250000e-01 2.483572e-03
4.300000e-01 4.788559e-04
4.350000e-01 -1.539429e-03
4.400000e-01 -3.484474e-03
4.450000e-01 -5.309038e-03
4.500000e-01 -6.903848e-03
4.550000e-01 -8.230052e-03
4.600000e-01 -9.241145e-03
4.650000e-01 -9.894027e-03
4.700000e-01 -1.012294e-02
4.750000e-01 -9.946681e-03
4.800000e-01 -9.385197e-03
4.850000e-01 -8.442934e-03
4.900000e-01 -7.186352e-03
4.950000e-01 -5.644622e-03
5.000000e-01 -3.848504e-03
5.050000e-01 -1.914961e-03
5.100000e-01 1.076128e-04
5.150000e-01 2.133753e-03
5.200000e-01 4.045536e-03
5.250000e-01 5.792815e-03
5.300000e-01 7.304170e-03
5.350000e-01 8.568489e-03
5.400000e-01 9.486125e-03
5.450000e-01 1.000026e-02
5.500000e-01 1.011575e-02
5.550000e-01 9.826081e-03
5.600000e-01 9.137702e-03
5.650000e-01 8.098083e-03
5.700000e-01 6.770490e-03
5.750000e-01 5.141622e-03
5.800000e-01 3.301208e-03
5.850000e-01 1.320550e-03
5.900000e-01 -7.134974e-04
5.950000e-01 -2.696817e-03
6.000000e-01 -4.570074e-03
6.050000e-01 -6.252789e-03
6.100000e-01 -7.713365e-03
6.150000e-01 -8.875607e-03
6.200000e-01 -9.669736e-03
6.250000e-01 -1.008043e-02
6.300000e-01 -1.006712e-02
6.350000e-01 -9.659926e-03
6.400000e-01 -8.885602e-03
6.450000e-01 -7.751402e-03
6.500000e-01 -6.314410e-03
6.550000e-01 -4.616420e-03
6.600000e-01 -2.722264e-03
6.650000e-01 -7.086659e-04
6.700000e-01 1.319138e-03
6.750000e-01 3.296230e-03
6.800000e-01 5.130482e-03
6.850000e-01 6.754323e-03
6.900000e-01 8.123966e-03
6.950000e-01 9.151943e-03
7.000000e-01 9.829229e-03
7.050000e-01 1.011168e-02
7.100000e-01 9.974851e-03
7.150000e-01 9.451758e-03
7.200000e-01 8.561535e-03
7.250000e-01 7.321511e-03
7.300000e-01 5.805105e-03
7.350000e-01 4.074393e-03
7.400000e-01 2.168754e-03
7.450000e-01 1.480115e-04
7.500000e-01 -1.876555e-03
7.550000e-01 -3.802489e-03
7.600000e-01 -5.599769e-03
7.650000e-01 -7.158933e-03
7.700000e-01 -8.421683e-03
7.750000e-01 -9.378779e-03
7.800000e-01 -9.960680e-03
7.850000e-01 -1.013908e-02
7.900000e-01 -9.908430e-03
7.950000e-01 -9.261980e-03
8.000000e-01 -8.244164e-03
8.050000e-01 -6.923973e-03
8.100000e-01 -5.343291e-03
8.150000e-01 -3.534954e-03
8.200000e-01 -1.569954e-03
8.250000e-01 4.581873e-04
8.300000e-01 2.465088e-03
8.350000e-01 4.364070e-03
8.400000e-01 6.078810e-03
8.450000e-01 7.540737e-03
8.500000e-01 8.717535e-03
8.550000e-01 9.578449e-03
8.600000e-01 1.004970e-02
8.650000e-01 1.008814e-02
8.700000e-01 9.738350e-03
8.750000e-01 9.002926e-03
8.800000e-01 7.883835e-03
8.850000e-01 6.503355e-03
8.900000e-01 4.857987e-03
8.950000e-01 2.979427e-03
9.000000e-01 9.980519e-04
9.050000e-01 -1.035535e-03
9.100000e-01 -3.017447e-03
9.150000e-01 -4.878479e-03
9.200000e-01 -6.535934e-03
9.250000e-01 -7.931706e-03
9.300000e-01 -9.034306e-03
9.350000e-01 -9.766960e-03
9.400000e-01 -1.010783e-02
9.450000e-01 -1.004449e-02
9.500000e-01 -9.572522e-03
9.550000e-01 -8.716790e-03
9.600000e-01 -7.521213e-03
9.650000e-01 -6.025745e-03
9.700000e-01 -4.301822e-03
9.750000e-01 -2.389591e-03
9.800000e-01 -3.908777e-04
9.850000e-01 1.619233e-03
9.900000e-01 3.587517e-03
9.950000e-01 5.389667e-03
1 6.982666e-03
1.005000e+00 8.284247e-03
1.010000e+00 9.259011e-03
1.015000e+00 9.881691e-03
1.020000e+00 1.011455e-02
1.025000e+00 9.945118e-03
1.030000e+00 9.359000e-03
1.035000e+00 8.401613e-03
1.040000e+00 7.114395e-03
1.045000e+00 5.547328e-03
1.050000e+00 3.764263e-03
1.055000e+00 1.839036e-03
1.060000e+00 -1.615680e-04
1.065000e+00 -2.198388e-03
1.070000e+00 -4.137544e-03
1.075000e+00 -5.882090e-03
1.080000e+00 -7.398577e-03
1.085000e+00 -8.607847e-03
1.090000e+00 -9.495561e-03
1.095000e+00 -1.000901e-02
1.100000e+00 -1.012838e-02
1.105000e+00 -9.830663e-03
1.110000e+00 -9.121393e-03
1.115000e+00 -8.057981e-03
1.120000e+00 -6.661591e-03
1.125000e+00 -5.036803e-03
1.130000e+00 -3.212635e-03
1.135000e+00 -1.238028e-03
1.140000e+00 7.865419e-04
1.145000e+00 2.790580e-03
1.150000e+00 4.665892e-03
1.155000e+00 6.349147e-03
1.160000e+00 7.776658e-03
1.165000e+00 8.887180e-03
1.170000e+00 9.672032e-03
1.175000e+00 1.007949e-02
1.180000e+00 1.005900e-02
1.185000e+00 9.646644e-03
1.190000e+00 8.846990e-03
1.195000e+00 7.685546e-03
1.200000e+00 6.229799e-03
1.205000e+00 4.521046e-03
1.210000e+00 2.644731e-03
1.215000e+00 6.496479e-04
1.220000e+00 -1.367370e-03
1.225000e+00 -3.275107e-03
1.230000e+00 -5.042151e-03
1.235000e+00 -6.565686e-03
1.240000e+00 -7.829158e-03
1.245000e+00 -8.899083e-03
1.250000e+00 -9.850516e-03
1.255000e+00 -1.081333e-02
1.260000e+00 -1.183251e-02
1.265000e+00 -1.293384e-02
1.270000e+00 -1.393422e-02
1.275000e+00 -1.455370e-02
1.280000e+00 -1.457422e-02
1.285000e+00 -1.380536e-02
1.290000e+00 -1.226528e-02
1.295000e+00 -1.014208e-02
1.300000e+00 -7.721335e-03
1.305000e+00 -5.216552e-03
1.310000e+00 -2.704037e-03
1.315000e+00 -1.182687e-04
1.320000e+00 2.630609e-03
1.325000e+00 5.525542e-03
1.330000e+00 8.444307e-03
1.335000e+00 1.120822e-02
1.340000e+00 1.376641e-02
1.345000e+00 1.615327e-02
1.350000e+00 1.841873e-02
1.355000e+00 2.049993e-02
1.360000e+00 2.207501e-02
1.365000e+00 2.265789e-02
1.370000e+00 2.194335e-02
1.375000e+00 2.002535e-02
1.380000e+00 1.724244e-02
1.385000e+00 1.393508e-02
1.390000e+00 1.030478e-02
1.395000e+00 6.462113e-03
1.400000e+00 2.396795e-03
1.405000e+00 -1.974310e-03
1.410000e+00 -6.471479e-03
1.415000e+00 -1.059834e-02
1.420000e+00 -1.410442e-02
1.425000e+00 -1.715821e-02
1.430000e+00 -1.965621e-02
1.435000e+00 -2.105851e-02
1.440000e+00 -2.142566e-02
1.445000e+00 -2.141303e-02
1.450000e+00 -2.093776e-02
1.455000e+00 -1.937153e-02
1.460000e+00 -1.668094e-02
1.465000e+00 -1.330332e-02
1.470000e+00 -9.468258e-03
1.475000e+00 -5.403702e-03
1.480000e+00 -1.316306e-03
1.485000e+00 2.973661e-03
1.490000e+00 7.408853e-03
1.495000e+00 1.144140e-02
1.500000e+00 1.486817e-02
1.505000e+00 1.773497e-02
1.510000e+00 1.986151e-02
1.515000e+00 2.124460e-02
1.520000e+00 2.191782e-02
1.525000e+00 2.168729e-02
1.530000e+00 2.044533e-02
1.535000e+00 1.833952e-02
1.540000e+00 1.552522e-02
1.545000e+00 1.221635e-02
1.550000e+00 8.597549e-03
1.555000e+00 4.445844e-03
1.560000e+00 -1.623913e-04
1.565000e+00 -4.609021e-03
1.570000e+00 -8.584472e-03
1.575000e+00 -1.223589e-02
1.580000e+00 -1.566273e-02
1.585000e+00 -1.858881e-02
1.590000e+00 -2.050991e-02
1.595000e+00 -2.142691e-02
1.600000e+00 -2.176785e-02
1.605000e+00 -2.135082e-02
1.610000e+00 -1.986339e-02
1.615000e+00 -1.764399e-02
1.620000e+00 -1.480185e-02
1.625000e+00 -1.122595e-02
1.630000e+00 -7.208219e-03
1.635000e+00 -3.006089e-03
1.640000e+00 1.297419e-03
1.645000e+00 5.617324e-03
1.650000e+00 9.711244e-03
1.655000e+00 1.337783e-02
1.660000e+00 1.661744e-02
1.665000e+00 1.919809e-02
1.670000e+00 2.081994e-02
1.675000e+00 2.164162e-02
1.680000e+00 2.177959e-02
1.685000e+00 2.098859e-02
1.690000e+00 1.933925e-02
1.695000e+00 1.694798e-02
1.700000e+00 1.374988e-02
1.705000e+00 1.005399e-02
1.710000e+00 6.093084e-03
1.715000e+00 1.791684e-03
1.720000e+00 -2.642184e-03
1.725000e+00 -6.881575e-03
1.730000e+00 -1.082034e-02
1.735000e+00 -1.442138e-02
1.740000e+00 -1.747357e-02
1.745000e+00 -1.970837e-02
1.750000e+00 -2.115687e-02
1.755000e+00 -2.183976e-02
1.760000e+00 -2.162471e-02
1.765000e+00 -2.055452e-02
1.770000e+00 -1.867522e-02
1.775000e+00 -1.602424e-02
1.780000e+00 -1.278296e-02
1.785000e+00 -8.978866e-03
1.790000e+00 -4.783861e-03
1.795000e+00 -4.871659e-04
1.800000e+00 3.860840e-03
1.805000e+00 8.062225e-03
1.810000e+00 1.191393e-02
1.815000e+00 1.534999e-02
1.820000e+00 1.820473e-02
1.825000e+00 2.026482e-02
1.830000e+00 2.148328e-02
1.835000e+00 2.187954e-02
1.840000e+00 2.140168e-02
1.845000e+00 2.007846e-02
1.850000e+00 1.799692e-02
1.855000e+00 1.515965e-02
1.860000e+00 1.168097e-02
1.865000e+00 7.775786e-03
1.870000e+00 3.511514e-03
1.875000e+00 -8.502576e-04
1.880000e+00 -5.105945e-03
1.885000e+00 -9.231011e-03
1.890000e+00 -1.299626e-02
1.895000e+00 -1.626551e-02
1.900000e+00 -1.887752e-02
1.905000e+00 -2.068588e-02
1.910000e+00 -2.168651e-02
1.915000e+00 -2.180305e-02
1.920000e+00 -2.106932e-02
1.925000e+00 -1.954110e-02
1.930000e+00 -1.721954e-02
1.935000e+00 -1.419095e-02
1.940000e+00 -1.058227e-02
1.945000e+00 -6.546298e-03
1.950000e+00 -2.242151e-03
1.955000e+00 2.106369e-03
1.960000e+00 6.331523e-03
1.965000e+00 1.038537e-02
1.970000e+00 1.404033e-02
1.975000e+00 1.709794e-02
1.980000e+00 1.950941e-02
1.985000e+00 2.111436e-02
1.990000e+00 2.182910e-02
1.995000e+00 2.171047e-02
2 2.073462e-02
2.005000e+00 1.891207e-02
2.010000e+00 1.636564e-02
2.015000e+00 1.318050e-02
2.020000e+00 9.416278e-03
2.025000e+00 5.260348e-03
2.030000e+00 9.663096e-04
2.035000e+00 -3.362808e-03
2.040000e+00 -7.587266e-03
2.045000e+00 -1.148685e-02
2.050000e+00 -1.492748e-02
2.055000e+00 -1.783068e-02
2.060000e+00 -2.000718e-02
2.065000e+00 -2.135241e-02
2.070000e+00 -2.188937e-02
2.075000e+00 -2.147468e-02
2.080000e+00 -2.023871e-02
2.085000e+00 -1.827336e-02
2.090000e+00 -1.551060e-02
2.095000e+00 -1.215880e-02
2.100000e+00 -8.292434e-03
2.105000e+00 -4.068810e-03
2.110000e+00 2.810245e-04
2.115000e+00 4.626531e-03
2.120000e+00 8.751979e-03
2.125000e+00 1.253202e-02
2.130000e+00 1.583044e-02
2.135000e+00 1.853961e-02
2.140000e+00 2.049651e-02
2.145000e+00 2.159355e-02
2.150000e+00 2.185185e-02
2.155000e+00 2.118381e-02
2.160000e+00 1.972160e-02
2.165000e+00 1.753988e-02
2.170000e+00 1.460479e-02
2.175000e+00 1.107016e-02
2.180000e+00 7.095860e-03
2.185000e+00 2.824303e-03
2.190000e+00 -1.564356e-03
2.195000e+00 -5.839021e-03
2.200000e+00 -9.883275e-03
2.205000e+00 -1.354470e-02
2.210000e+00 -1.667693e-02
2.215000e+00 -1.920498e-02
2.220000e+00 -2.090473e-02
2.225000e+00 -2.174764e-02
2.230000e+00 -2.175631e-02
2.235000e+00 -2.084670e-02
2.240000e+00 -1.916866e-02
2.245000e+00 -1.674884e-02
2.250000e+00 -1.360765e-02
2.255000e+00 -9.961105e-03
2.260000e+00 -5.884607e-03
2.265000e+00 -1.549588e-03
2.270000e+00 2.806330e-03
2.275000e+00 7.047991e-03
2.280000e+00 1.100219e-02
2.285000e+00 1.451837e-02
2.290000e+00 1.748467e-02
2.295000e+00 1.976398e-02
2.300000e+00 2.124032e-02
2.305000e+00 2.185810e-02
2.310000e+00 2.158626e-02
2.315000e+00 2.046098e-02
2.320000e+00 1.853663e-02
2.325000e+00 1.587448e-02
2.330000e+00 1.259175e-02
2.335000e+00 8.816104e-03
2.340000e+00 4.657782e-03
2.345000e+00 2.765979e-04
2.350000e+00 -4.067988e-03
2.355000e+00 -8.237940e-03
2.360000e+00 -1.208661e-02
2.365000e+00 -1.543858e-02
2.370000e+00 -1.820408e-02
2.375000e+00 -2.026407e-02
2.380000e+00 -2.152979e-02
2.385000e+00 -2.188276e-02
2.390000e+00 -2.134338e-02
2.395000e+00 -1.999527e-02
2.400000e+00 -1.782735e-02
2.405000e+00 -1.496395e-02
2.410000e+00 -1.155418e-02
2.415000e+00 -7.652307e-03
2.420000e+00 -3.392056e-03
2.425000e+00 9.982795e-04
2.430000e+00 5.322894e-03
2.435000e+00 9.411796e-03
2.440000e+00 1.312504e-02
2.445000e+00 1.632696e-02
2.450000e+00 1.890532e-02
2.455000e+00 2.074278e-02
2.460000e+00 2.170093e-02
2.465000e+00 2.177116e-02
2.470000e+00 2.095490e-02
2.475000e+00 1.927985e-02
2.480000e+00 1.685837e-02
2.485000e+00 1.380670e-02
2.490000e+00 1.024267e-02
2.495000e+00 6.242152e-03
2.500000e+00 1.976640e-03
2.505000e+00 -2.325270e-03
2.510000e+00 -6.536405e-03
2.515000e+00 -1.047823e-02
2.520000e+00 -1.396062e-02
2.525000e+00 -1.688736e-02
2.530000e+00 -1.912029e-02
2.535000e+00 -2.053974e-02
2.540000e+00 -2.117660e-02
2.545000e+00 -2.114322e-02
2.550000e+00 -2.049981e-02
2.555000e+00 -1.942281e-02
2.560000e+00 -1.809945e-02
2.565000e+00 -1.650044e-02
2.570000e+00 -1.461653e-02
2.575000e+00 -1.234269e-02
2.580000e+00 -9.577336e-03
2.585000e+00 -6.345660e-03
2.590000e+00 -2.664519e-03
2.595000e+00 1.245435e-03
2.600000e+00 5.114058e-03
2.605000e+00 8.691729e-03
2.610000e+00 1.171852e-02
2.615000e+00 1.414933e-02
2.620000e+00 1.596717e-02
2.625000e+00 1.727670e-02
2.630000e+00 1.827309e-02
2.635000e+00 1.896976e-02
2.640000e+00 1.938381e-02
2.645000e+00 1.937403e-02
2.650000e+00 1.884908e-02
2.655000e+00 1.782352e-02
2.660000e+00 1.621672e-02
2.665000e+00 1.409624e-02
2.670000e+00 1.145206e-02
2.675000e+00 8.179803e-03
2.680000e+00 4.349263e-03
2.685000e+00 1.340291e-04
2.690000e+00 -4.139981e-03
2.695000e+00 -8.019990e-03
2.700000e+00 -1.123127e-02
2.705000e+00 -1.375030e-02
2.710000e+00 -1.577149e-02
2.715000e+00 -1.741918e-02
2.720000e+00 -1.862147e-02
2.725000e+00 -1.917946e-02
2.730000e+00 -1.879509e-02
2.735000e+00 -1.740192e-02
2.740000e+00 -1.519300e-02
2.745000e+00 -1.247287e-02
2.750000e+00 -9.511790e-03
2.755000e+00 -6.406299e-03
2.760000e+00 -3.113353e-03
2.765000e+00 4.905200e-04
2.770000e+00 4.396070e-03
2.775000e+00 8.207391e-03
2.780000e+00 1.153752e-02
2.785000e+00 1.427685e-02
2.790000e+00 1.636007e-02
2.795000e+00 1.774250e-02
2.800000e+00 1.846400e-02
2.805000e+00 1.863311e-02
2.810000e+00 1.810966e-02
2.815000e+00 1.677212e-02
2.820000e+00 1.471035e-02
2.825000e+00 1.201443e-02
2.830000e+00 8.844629e-03
2.835000e+00 5.364578e-03
2.840000e+00 1.728054e-03
2.845000e+00 -2.004567e-03
2.850000e+00 -5.670813e-03
2.855000e+00 -9.046284e-03
2.860000e+00 -1.212179e-02
2.865000e+00 -1.481989e-02
2.870000e+00 -1.688029e-02
2.875000e+00 -1.813161e-02
2.880000e+00 -1.864777e-02
2.885000e+00 -1.852260e-02
2.890000e+00 -1.772781e-02
2.895000e+00 -1.619245e-02
2.900000e+00 -1.393466e-02
2.905000e+00 -1.112540e-02
2.910000e+00 -7.856337e-03
2.915000e+00 -4.259213e-03
2.920000e+00 -6.365219e-04
2.925000e+00 2.889990e-03
2.930000e+00 6.476920e-03
2.935000e+00 1.016576e-02
2.940000e+00 1.332500e-02
2.945000e+00 1.543277e-02
2.950000e+00 1.695451e-02
2.955000e+00 1.821229e-02
2.960000e+00 1.887989e-02
2.965000e+00 1.858954e-02
2.970000e+00 1.734249e-02
2.975000e+00 1.546856e-02
2.980000e+00 1.307592e-02
2.985000e+00 1.019943e-02
2.990000e+00 7.007192e-03
2.995000e+00 3.402128e-03
3 -5.063256e-04
