T X
0 0
5.000000e-03 1.047208e-10
1.000000e-02 -2.833763e-11
1.500000e-02 -3.707813e-10
2.000000e-02 -6.810521e-10
2.500000e-02 -1.351902e-09
3.000000e-02 -2.550377e-09
3.500000e-02 -3.266106e-10
4.000000e-02 2.933427e-08
4.500000e-02 2.517987e-07
5.000000e-02 1.500232e-06
5.500000e-02 7.164034e-06
6.000000e-02 2.880285e-05
6.500000e-02 9.899124e-05
7.000000e-02 2.924517e-04
7.500000e-02 7.449079e-04
8.000000e-02 1.638201e-03
8.500000e-02 3.110209e-03
9.000000e-02 5.093534e-03
9.500000e-02 7.202593e-03
1.000000e-01 8.864604e-03
1.050000e-01 9.721317e-03
1.100000e-01 9.941346e-03
1.150000e-01 9.986151e-03
1.200000e-01 9.986328e-03
1.250000e-01 9.559563e-03
1.300000e-01 8.423583e-03
1.350000e-01 6.890804e-03
1.400000e-01 5.377420e-03
1.450000e-01 3.742605e-03
1.500000e-01 1.690261e-03
1.550000e-01 -5.098588e-04
1.600000e-01 -2.426442e-03
1.650000e-01 -4.176910e-03
1.700000e-01 -5.955248e-03
1.750000e-01 -7.460613e-03
1.800000e-01 -8.515281e-03
1.850000e-01 -9.384223e-03
1.900000e-01 -1.002525e-02
1.950000e-01 -1.011516e-02
2.000000e-01 -9.780990e-03
2.050000e-01 -9.196896e-03
2.100000e-01 -8.136626e-03
2.150000e-01 -6.675327e-03
2.200000e-01 -5.136804e-03
2.250000e-01 -3.370772e-03
2.300000e-01 -1.310137e-03
2.350000e-01 6.981641e-04
2.400000e-01 2.654328e-03
2.450000e-01 4.609661e-03
2.500000e-01 6.254870e-03
2.550000e-01 7.650958e-03
2.600000e-01 8.921010e-03
2.650000e-01 9.712977e-03
2.700000e-01 1.003152e-02
2.750000e-01 1.009357e-02
2.800000e-01 9.712473e-03
2.850000e-01 8.921322e-03
2.900000e-01 7.846054e-03
2.950000e-01 6.364542e-03
3.000000e-01 4.653098e-03
3.050000e-01 2.833351e-03
3.100000e-01 8.020387e-04
3.150000e-01 -1.222378e-03
3.200000e-01 -3.159460e-03
3.250000e-01 -5.070719e-03
3.300000e-01 -6.712175e-03
3.350000e-01 -8.054723e-03
3.400000e-01 -9.139763e-03
3.450000e-01 -9.814763e-03
3.500000e-01 -1.014104e-02
3.550000e-01 -1.006901e-02
3.600000e-01 -9.532439e-03
3.650000e-01 -8.691375e-03
3.700000e-01 -7.456836e-03
3.750000e-01 -5.901811e-03
3.800000e-01 -4.220480e-03
3.850000e-01 -2.285884e-03
3.900000e-01 -2.358259e-04
3.950000e-01 1.768183e-03
4.000000e-01 3.740272e-03
4.050000e-01 5.534001e-03
4.100000e-01 7.117314e-03
4.150000e-01 8.409956e-03
4.200000e-01 9.357726e-03
4.250000e-01 1.000077e-02
4.300000e-01 1.017902e-02
4.350000e-01 9.938904e-03
4.400000e-01 9.359996e-03
4.450000e-01 8.357941e-03
4.500000e-01 7.045351e-03
4.550000e-01 5.481422e-03
4.600000e-01 3.664850e-03
4.650000e-01 1.692822e-03
4.700000e-01 -3.343760e-04
4.750000e-01 -2.338257e-03
4.800000e-01 -4.271857e-03
4.850000e-01 -6.006307e-03
4.900000e-01 -7.497143e-03
4.950000e-01 -8.740407e-03
5.000000e-01 -9.601947e-03
5.050000e-01 -1.007119e-02
5.100000e-01 -1.015606e-02
5.150000e-01 -9.817571e-03
5.200000e-01 -9.097751e-03
5.250000e-01 -8.031504e-03
5.300000e-01 -6.632089e-03
5.350000e-01 -4.959966e-03
5.400000e-01 -3.100501e-03
5.450000e-01 -1.105542e-03
5.500000e-01 9.137854e-04
5.550000e-01 2.897379e-03
5.600000e-01 4.787378e-03
5.650000e-01 6.469372e-03
5.700000e-01 7.912036e-03
5.750000e-01 9.016816e-03
5.800000e-01 9.762097e-03
5.850000e-01 1.013537e-02
5.900000e-01 1.009291e-02
5.950000e-01 9.657034e-03
6.000000e-01 8.818946e-03
6.050000e-01 7.658658e-03
6.100000e-01 6.152856e-03
6.150000e-01 4.419332e-03
6.200000e-01 2.574880e-03
6.250000e-01 5.487752e-04
6.300000e-01 -1.459229e-03
6.350000e-01 -3.411297e-03
6.400000e-01 -5.278448e-03
6.450000e-01 -6.890403e-03
6.500000e-01 -8.228122e-03
6.550000e-01 -9.250611e-03
6.600000e-01 -9.917164e-03
6.650000e-01 -1.017433e-02
6.700000e-01 -1.004627e-02
6.750000e-01 -9.494722e-03
6.800000e-01 -8.532464e-03
6.850000e-01 -7.260374e-03
6.900000e-01 -5.672525e-03
6.950000e-01 -3.897607e-03
7.000000e-01 -1.950786e-03
7.050000e-01 1.045611e-04
7.100000e-01 2.116713e-03
7.150000e-01 4.077128e-03
7.200000e-01 5.837788e-03
7.250000e-01 7.351599e-03
7.300000e-01 8.589524e-03
7.350000e-01 9.484742e-03
7.400000e-01 1.001657e-02
7.450000e-01 1.013817e-02
7.500000e-01 9.847206e-03
7.550000e-01 9.173645e-03
7.600000e-01 8.144761e-03
7.650000e-01 6.776267e-03
7.700000e-01 5.191361e-03
7.750000e-01 3.350927e-03
7.800000e-01 1.366602e-03
7.850000e-01 -6.421800e-04
7.900000e-01 -2.668766e-03
7.950000e-01 -4.548463e-03
8.000000e-01 -6.275627e-03
8.050000e-01 -7.737315e-03
8.100000e-01 -8.904606e-03
8.150000e-01 -9.712480e-03
8.200000e-01 -1.011409e-02
8.250000e-01 -1.012233e-02
8.300000e-01 -9.714011e-03
8.350000e-01 -8.944411e-03
8.400000e-01 -7.794418e-03
8.450000e-01 -6.351408e-03
8.500000e-01 -4.629989e-03
8.550000e-01 -2.746988e-03
8.600000e-01 -7.519731e-04
8.650000e-01 1.271974e-03
8.700000e-01 3.224531e-03
8.750000e-01 5.079654e-03
8.800000e-01 6.716717e-03
8.850000e-01 8.104862e-03
8.900000e-01 9.133493e-03
8.950000e-01 9.822587e-03
9.000000e-01 1.011399e-02
9.050000e-01 1.001392e-02
9.100000e-01 9.532350e-03
9.150000e-01 8.640388e-03
9.200000e-01 7.425515e-03
9.250000e-01 5.875694e-03
9.300000e-01 4.128522e-03
9.350000e-01 2.214123e-03
9.400000e-01 1.986325e-04
9.450000e-01 -1.815271e-03
9.500000e-01 -3.788630e-03
9.550000e-01 -5.590142e-03
9.600000e-01 -7.184417e-03
9.650000e-01 -8.469110e-03
9.700000e-01 -9.395511e-03
9.750000e-01 -9.986390e-03
9.800000e-01 -1.017630e-02
9.850000e-01 -9.941135e-03
9.900000e-01 -9.307392e-03
9.950000e-01 -8.312184e-03
1 -6.960791e-03
1.005000e+00 -5.345764e-03
1.010000e+00 -3.554770e-03
1.015000e+00 -1.596260e-03
1.020000e+00 4.371582e-04
1.025000e+00 2.432808e-03
1.030000e+00 4.339203e-03
1.035000e+00 6.080263e-03
1.040000e+00 7.546781e-03
1.045000e+00 8.735483e-03
1.050000e+00 9.583529e-03
1.055000e+00 1.004920e-02
1.060000e+00 1.012705e-02
1.065000e+00 9.768155e-03
1.070000e+00 9.044688e-03
1.075000e+00 7.960524e-03
1.080000e+00 6.552549e-03
1.085000e+00 4.890247e-03
1.090000e+00 3.022315e-03
1.095000e+00 1.036883e-03
1.100000e+00 -1.010892e-03
1.105000e+00 -2.994004e-03
1.110000e+00 -4.854284e-03
1.115000e+00 -6.547209e-03
1.120000e+00 -7.965708e-03
1.125000e+00 -9.068918e-03
1.130000e+00 -9.807082e-03
1.135000e+00 -1.014511e-02
1.140000e+00 -1.007279e-02
1.145000e+00 -9.606542e-03
1.150000e+00 -8.768769e-03
1.155000e+00 -7.575652e-03
1.160000e+00 -6.077467e-03
1.165000e+00 -4.333931e-03
1.170000e+00 -2.426095e-03
1.175000e+00 -4.106564e-04
1.180000e+00 1.641073e-03
1.185000e+00 3.691948e-03
1.190000e+00 5.648177e-03
1.195000e+00 7.403175e-03
1.200000e+00 8.766279e-03
1.205000e+00 9.507004e-03
1.210000e+00 9.483363e-03
1.215000e+00 8.493452e-03
1.220000e+00 6.647922e-03
1.225000e+00 4.091722e-03
1.230000e+00 1.169226e-03
1.235000e+00 -1.685348e-03
1.240000e+00 -4.275932e-03
1.245000e+00 -6.428176e-03
1.250000e+00 -8.294212e-03
1.255000e+00 -9.978705e-03
1.260000e+00 -1.152253e-02
1.265000e+00 -1.276059e-02
1.270000e+00 -1.340844e-02
1.275000e+00 -1.333611e-02
1.280000e+00 -1.256569e-02
1.285000e+00 -1.132891e-02
1.290000e+00 -9.792803e-03
1.295000e+00 -8.091121e-03
1.300000e+00 -6.075789e-03
1.305000e+00 -3.564269e-03
1.310000e+00 -6.755541e-04
1.315000e+00 2.118286e-03
1.320000e+00 4.704958e-03
1.325000e+00 7.170779e-03
1.330000e+00 9.226888e-03
1.335000e+00 1.081283e-02
1.340000e+00 1.219048e-02
1.345000e+00 1.333815e-02
1.350000e+00 1.346229e-02
1.355000e+00 1.265580e-02
1.360000e+00 1.192042e-02
1.365000e+00 1.125721e-02
1.370000e+00 1.002084e-02
1.375000e+00 8.409447e-03
1.380000e+00 7.004742e-03
1.385000e+00 5.952163e-03
1.390000e+00 5.291571e-03
1.395000e+00 4.653321e-03
1.400000e+00 3.608468e-03
1.405000e+00 2.268726e-03
1.410000e+00 7.813282e-04
1.415000e+00 -1.007105e-03
1.420000e+00 -2.860757e-03
1.425000e+00 -4.418324e-03
1.430000e+00 -5.695385e-03
1.435000e+00 -6.498096e-03
1.440000e+00 -6.876093e-03
1.445000e+00 -7.224005e-03
1.450000e+00 -7.437434e-03
1.455000e+00 -7.384453e-03
1.460000e+00 -7.111814e-03
1.465000e+00 -6.343735e-03
1.470000e+00 -5.083939e-03
1.475000e+00 -3.656589e-03
1.480000e+00 -2.181583e-03
1.485000e+00 -8.713562e-04
1.490000e+00 2.868164e-04
1.495000e+00 1.566392e-03
1.500000e+00 2.970540e-03
1.505000e+00 4.435004e-03
1.510000e+00 5.657751e-03
1.515000e+00 6.370869e-03
1.520000e+00 6.789525e-03
1.525000e+00 7.022164e-03
1.530000e+00 7.061791e-03
1.535000e+00 6.941832e-03
1.540000e+00 6.447410e-03
1.545000e+00 5.531145e-03
1.550000e+00 4.461278e-03
1.555000e+00 3.283100e-03
1.560000e+00 2.092578e-03
1.565000e+00 8.071486e-04
1.570000e+00 -7.205232e-04
1.575000e+00 -2.248931e-03
1.580000e+00 -3.667671e-03
1.585000e+00 -4.766835e-03
1.590000e+00 -5.538057e-03
1.595000e+00 -6.268666e-03
1.600000e+00 -6.941597e-03
1.605000e+00 -7.382624e-03
1.610000e+00 -7.278049e-03
1.615000e+00 -6.601436e-03
1.620000e+00 -5.912213e-03
1.625000e+00 -5.276519e-03
1.630000e+00 -4.322967e-03
1.635000e+00 -2.984438e-03
1.640000e+00 -1.367651e-03
1.645000e+00 1.153676e-05
1.650000e+00 1.195309e-03
1.655000e+00 2.638074e-03
1.660000e+00 3.974500e-03
1.665000e+00 5.005458e-03
1.670000e+00 5.825760e-03
1.675000e+00 6.545077e-03
1.680000e+00 7.041114e-03
1.685000e+00 7.030974e-03
1.690000e+00 6.826055e-03
1.695000e+00 6.501245e-03
1.700000e+00 5.824311e-03
1.705000e+00 4.909487e-03
1.710000e+00 3.803818e-03
1.715000e+00 2.527867e-03
1.720000e+00 1.115844e-03
1.725000e+00 -3.419128e-04
1.730000e+00 -1.619718e-03
1.735000e+00 -2.973456e-03
1.740000e+00 -4.292016e-03
1.745000e+00 -5.275270e-03
1.750000e+00 -6.107579e-03
1.755000e+00 -6.704078e-03
1.760000e+00 -7.027862e-03
1.765000e+00 -7.016396e-03
1.770000e+00 -6.810655e-03
1.775000e+00 -6.356127e-03
1.780000e+00 -5.464046e-03
1.785000e+00 -4.546506e-03
1.790000e+00 -3.447074e-03
1.795000e+00 -2.049472e-03
1.800000e+00 -6.605635e-04
1.805000e+00 7.190388e-04
1.810000e+00 2.093787e-03
1.815000e+00 3.433634e-03
1.820000e+00 4.528271e-03
1.825000e+00 5.486505e-03
1.830000e+00 6.378287e-03
1.835000e+00 6.784900e-03
1.840000e+00 6.970970e-03
1.845000e+00 7.000988e-03
1.850000e+00 6.617806e-03
1.855000e+00 6.038977e-03
1.860000e+00 5.245241e-03
1.865000e+00 4.218940e-03
1.870000e+00 2.971729e-03
1.875000e+00 1.667439e-03
1.880000e+00 3.134098e-04
1.885000e+00 -1.144966e-03
1.890000e+00 -2.478682e-03
1.895000e+00 -3.743407e-03
1.900000e+00 -4.893493e-03
1.905000e+00 -5.788914e-03
1.910000e+00 -6.435882e-03
1.915000e+00 -6.900088e-03
1.920000e+00 -7.037916e-03
1.925000e+00 -6.812211e-03
1.930000e+00 -6.455568e-03
1.935000e+00 -5.751282e-03
1.940000e+00 -4.782945e-03
1.945000e+00 -3.786532e-03
1.950000e+00 -2.544347e-03
1.955000e+00 -1.203642e-03
1.960000e+00 1.546397e-04
1.965000e+00 1.532671e-03
1.970000e+00 2.841891e-03
1.975000e+00 4.028425e-03
1.980000e+00 5.025705e-03
1.985000e+00 5.892764e-03
1.990000e+00 6.496031e-03
1.995000e+00 6.896715e-03
2 6.969710e-03
2.005000e+00 6.708353e-03
2.010000e+00 6.298807e-03
2.015000e+00 5.547351e-03
2.020000e+00 4.596686e-03
2.025000e+00 3.518364e-03
2.030000e+00 2.251794e-03
2.035000e+00 8.262018e-04
2.040000e+00 -5.473128e-04
2.045000e+00 -1.876601e-03
2.050000e+00 -3.220552e-03
2.055000e+00 -4.284382e-03
2.060000e+00 -5.268331e-03
2.065000e+00 -6.112195e-03
2.070000e+00 -6.605221e-03
2.075000e+00 -6.880865e-03
2.080000e+00 -6.870421e-03
2.085000e+00 -6.576864e-03
2.090000e+00 -6.034123e-03
2.095000e+00 -5.278429e-03
2.100000e+00 -4.312602e-03
2.105000e+00 -3.152361e-03
2.110000e+00 -1.869456e-03
2.115000e+00 -4.986604e-04
2.120000e+00 8.662881e-04
2.125000e+00 2.173923e-03
2.130000e+00 3.415916e-03
2.135000e+00 4.546007e-03
2.140000e+00 5.450248e-03
2.145000e+00 6.163299e-03
2.150000e+00 6.667486e-03
2.155000e+00 6.861001e-03
2.160000e+00 6.772087e-03
2.165000e+00 6.469867e-03
2.170000e+00 5.889107e-03
2.175000e+00 5.045552e-03
2.180000e+00 4.076678e-03
2.185000e+00 2.853061e-03
2.190000e+00 1.550688e-03
2.195000e+00 2.401876e-04
2.200000e+00 -1.173853e-03
2.205000e+00 -2.492489e-03
2.210000e+00 -3.719945e-03
2.215000e+00 -4.764900e-03
2.220000e+00 -5.653594e-03
2.225000e+00 -6.332083e-03
2.230000e+00 -6.712626e-03
2.235000e+00 -6.881894e-03
2.240000e+00 -6.749070e-03
2.245000e+00 -6.376727e-03
2.250000e+00 -5.716643e-03
2.255000e+00 -4.805487e-03
2.260000e+00 -3.814505e-03
2.265000e+00 -2.620107e-03
2.270000e+00 -1.231371e-03
2.275000e+00 9.119567e-05
2.280000e+00 1.469918e-03
2.285000e+00 2.838182e-03
2.290000e+00 3.965422e-03
2.295000e+00 5.029334e-03
2.300000e+00 5.860418e-03
2.305000e+00 6.461866e-03
2.310000e+00 6.854508e-03
2.315000e+00 6.928678e-03
2.320000e+00 6.725375e-03
2.325000e+00 6.222970e-03
2.330000e+00 5.557088e-03
2.335000e+00 4.623880e-03
2.340000e+00 3.522065e-03
2.345000e+00 2.289503e-03
2.350000e+00 9.194340e-04
2.355000e+00 -4.391773e-04
2.360000e+00 -1.835365e-03
2.365000e+00 -3.108762e-03
2.370000e+00 -4.255314e-03
2.375000e+00 -5.282054e-03
2.380000e+00 -6.076540e-03
2.385000e+00 -6.632751e-03
2.390000e+00 -6.936828e-03
2.395000e+00 -6.941739e-03
2.400000e+00 -6.637651e-03
2.405000e+00 -6.131567e-03
2.410000e+00 -5.357443e-03
2.415000e+00 -4.360793e-03
2.420000e+00 -3.289521e-03
2.425000e+00 -2.023587e-03
2.430000e+00 -7.066850e-04
2.435000e+00 5.767418e-04
2.440000e+00 1.909928e-03
2.445000e+00 3.180562e-03
2.450000e+00 4.384808e-03
2.455000e+00 5.408553e-03
2.460000e+00 6.190850e-03
2.465000e+00 6.796118e-03
2.470000e+00 7.120788e-03
2.475000e+00 7.121033e-03
2.480000e+00 6.882276e-03
2.485000e+00 6.438959e-03
2.490000e+00 5.740991e-03
2.495000e+00 4.818707e-03
2.500000e+00 3.577445e-03
2.505000e+00 1.867091e-03
2.510000e+00 -3.116042e-04
2.515000e+00 -2.987870e-03
2.520000e+00 -6.053123e-03
2.525000e+00 -9.254345e-03
2.530000e+00 -1.220998e-02
2.535000e+00 -1.463332e-02
2.540000e+00 -1.641932e-02
2.545000e+00 -1.737348e-02
2.550000e+00 -1.749919e-02
2.555000e+00 -1.692065e-02
2.560000e+00 -1.581235e-02
2.565000e+00 -1.420294e-02
2.570000e+00 -1.214052e-02
2.575000e+00 -9.687612e-03
2.580000e+00 -6.673726e-03
2.585000e+00 -3.226590e-03
2.590000e+00 4.636787e-04
2.595000e+00 4.103137e-03
2.600000e+00 7.352591e-03
2.605000e+00 1.021702e-02
2.610000e+00 1.261558e-02
2.615000e+00 1.462129e-02
2.620000e+00 1.632210e-02
2.625000e+00 1.741603e-02
2.630000e+00 1.778316e-02
2.635000e+00 1.726693e-02
2.640000e+00 1.583515e-02
2.645000e+00 1.374826e-02
2.650000e+00 1.123648e-02
2.655000e+00 8.487771e-03
2.660000e+00 5.455204e-03
2.665000e+00 2.186905e-03
2.670000e+00 -1.021649e-03
2.675000e+00 -3.800470e-03
2.680000e+00 -5.852703e-03
2.685000e+00 -7.166382e-03
2.690000e+00 -7.732270e-03
2.695000e+00 -7.740088e-03
2.700000e+00 -7.557558e-03
2.705000e+00 -7.344602e-03
2.710000e+00 -6.930408e-03
2.715000e+00 -6.274221e-03
2.720000e+00 -5.518177e-03
2.725000e+00 -4.616632e-03
2.730000e+00 -3.426971e-03
2.735000e+00 -1.884511e-03
2.740000e+00 -1.335617e-04
2.745000e+00 1.810393e-03
2.750000e+00 3.617325e-03
2.755000e+00 5.114527e-03
2.760000e+00 6.322978e-03
2.765000e+00 7.158847e-03
2.770000e+00 7.826082e-03
2.775000e+00 8.357731e-03
2.780000e+00 8.689416e-03
2.785000e+00 8.563088e-03
2.790000e+00 7.786956e-03
2.795000e+00 6.510573e-03
2.800000e+00 5.032188e-03
2.805000e+00 3.596879e-03
2.810000e+00 2.149973e-03
2.815000e+00 5.902349e-04
2.820000e+00 -9.713840e-04
2.825000e+00 -2.497043e-03
2.830000e+00 -4.241084e-03
2.835000e+00 -5.835967e-03
2.840000e+00 -6.956939e-03
2.845000e+00 -7.806813e-03
2.850000e+00 -8.487048e-03
2.855000e+00 -8.719977e-03
2.860000e+00 -8.317303e-03
2.865000e+00 -7.831271e-03
2.870000e+00 -7.398400e-03
2.875000e+00 -6.614547e-03
2.880000e+00 -5.071457e-03
2.885000e+00 -3.187906e-03
2.890000e+00 -1.626124e-03
2.895000e+00 -8.420108e-05
2.900000e+00 1.491617e-03
2.905000e+00 3.101828e-03
2.910000e+00 4.801945e-03
2.915000e+00 6.224565e-03
2.920000e+00 7.204615e-03
2.925000e+00 7.906195e-03
2.930000e+00 8.470722e-03
2.935000e+00 8.704764e-03
2.940000e+00 8.544592e-03
2.945000e+00 8.069083e-03
2.950000e+00 7.237414e-03
2.955000e+00 6.025314e-03
2.960000e+00 4.590396e-03
2.965000e+00 3.029725e-03
2.970000e+00 1.315546e-03
2.975000e+00 -3.376867e-04
2.980000e+00 -1.973838e-03
2.985000e+00 -3.776214e-03
2.990000e+00 -5.409791e-03
2.995000e+00 -6.634321e-03
3 -7.539390e-03
