T X
0 0
5.000000e-03 1.785773e-07
1.000000e-02 8.211862e-07
1.500000e-02 2.003972e-06
2.000000e-02 3.676954e-06
2.500000e-02 5.767642e-06
3.000000e-02 8.163349e-06
3.500000e-02 1.072614e-05
4.000000e-02 1.333506e-05
4.500000e-02 1.588754e-05
5.000000e-02 1.827078e-05
5.500000e-02 2.036458e-05
6.000000e-02 2.204906e-05
6.500000e-02 2.323068e-05
7.000000e-02 2.384247e-05
7.500000e-02 2.384187e-05
8.000000e-02 2.317866e-05
8.500000e-02 2.178452e-05
9.000000e-02 1.958228e-05
9.500000e-02 1.652766e-05
1.000000e-01 1.266931e-05
1.050000e-01 8.176309e-06
1.100000e-01 3.321570e-06
1.150000e-01 -1.603207e-06
1.200000e-01 -6.368143e-06
1.250000e-01 -1.082469e-05
1.300000e-01 -1.482709e-05
1.350000e-01 -1.818766e-05
1.400000e-01 -2.073421e-05
1.450000e-01 -2.238301e-05
1.500000e-01 -2.312596e-05
1.550000e-01 -2.292728e-05
1.600000e-01 -2.176524e-05
1.650000e-01 -1.970821e-05
1.700000e-01 -1.687874e-05
1.750000e-01 -1.340250e-05
1.800000e-01 -9.410679e-06
1.850000e-01 -5.077025e-06
1.900000e-01 -5.712442e-07
1.950000e-01 3.951111e-06
2.000000e-01 8.295457e-06
2.050000e-01 1.225248e-05
2.100000e-01 1.567185e-05
2.150000e-01 1.844704e-05
2.200000e-01 2.047244e-05
2.250000e-01 2.167039e-05
2.300000e-01 2.199557e-05
2.350000e-01 2.142396e-05
2.400000e-01 1.998497e-05
2.450000e-01 1.777927e-05
2.500000e-01 1.490074e-05
2.550000e-01 1.143717e-05
2.600000e-01 7.526654e-06
2.650000e-01 3.331759e-06
2.700000e-01 -9.665543e-07
2.750000e-01 -5.181530e-06
2.800000e-01 -9.166709e-06
2.850000e-01 -1.280524e-05
2.900000e-01 -1.594199e-05
2.950000e-01 -1.842804e-05
3.000000e-01 -2.016712e-05
3.050000e-01 -2.109367e-05
3.100000e-01 -2.119104e-05
3.150000e-01 -2.047045e-05
3.200000e-01 -1.894905e-05
3.250000e-01 -1.667199e-05
3.300000e-01 -1.372858e-05
3.350000e-01 -1.024759e-05
3.400000e-01 -6.388580e-06
3.450000e-01 -2.300514e-06
3.500000e-01 1.883290e-06
3.550000e-01 6.008352e-06
3.600000e-01 9.900041e-06
3.650000e-01 1.338355e-05
3.700000e-01 1.632191e-05
3.750000e-01 1.861262e-05
3.800000e-01 2.017641e-05
3.850000e-01 2.095256e-05
3.900000e-01 2.089257e-05
3.950000e-01 1.998812e-05
4.000000e-01 1.828732e-05
4.050000e-01 1.587547e-05
4.100000e-01 1.284629e-05
4.150000e-01 9.310724e-06
4.200000e-01 5.399765e-06
4.250000e-01 1.268438e-06
4.300000e-01 -2.913119e-06
4.350000e-01 -6.978585e-06
4.400000e-01 -1.075991e-05
4.450000e-01 -1.411229e-05
4.500000e-01 -1.690811e-05
4.550000e-01 -1.903781e-05
4.600000e-01 -2.041393e-05
4.650000e-01 -2.096551e-05
4.700000e-01 -2.067377e-05
4.750000e-01 -1.956371e-05
4.800000e-01 -1.768417e-05
4.850000e-01 -1.511272e-05
4.900000e-01 -1.194201e-05
4.950000e-01 -8.280693e-06
5.000000e-01 -4.280323e-06
5.050000e-01 -1.178377e-07
5.100000e-01 4.033144e-06
5.150000e-01 8.020473e-06
5.200000e-01 1.170555e-05
5.250000e-01 1.493813e-05
5.300000e-01 1.756989e-05
5.350000e-01 1.948052e-05
5.400000e-01 2.060538e-05
5.450000e-01 2.091677e-05
5.500000e-01 2.041305e-05
5.550000e-01 1.910774e-05
5.600000e-01 1.702648e-05
5.650000e-01 1.424950e-05
5.700000e-01 1.090869e-05
5.750000e-01 7.156013e-06
5.800000e-01 3.128431e-06
5.850000e-01 -1.034115e-06
5.900000e-01 -5.174125e-06
5.950000e-01 -9.117437e-06
6.000000e-01 -1.267864e-05
6.050000e-01 -1.571381e-05
6.100000e-01 -1.812390e-05
6.150000e-01 -1.982833e-05
6.200000e-01 -2.075289e-05
6.250000e-01 -2.084509e-05
6.300000e-01 -2.009210e-05
6.350000e-01 -1.853255e-05
6.400000e-01 -1.624931e-05
6.450000e-01 -1.333677e-05
6.500000e-01 -9.894147e-06
6.550000e-01 -6.041834e-06
6.600000e-01 -1.937690e-06
6.650000e-01 2.241305e-06
6.700000e-01 6.315526e-06
6.750000e-01 1.013013e-05
6.800000e-01 1.354874e-05
6.850000e-01 1.643188e-05
6.900000e-01 1.866456e-05
6.950000e-01 2.014816e-05
7.000000e-01 2.081747e-05
7.050000e-01 2.065862e-05
7.100000e-01 1.968727e-05
7.150000e-01 1.794222e-05
7.200000e-01 1.548469e-05
7.250000e-01 1.240216e-05
7.300000e-01 8.816358e-06
7.350000e-01 4.881371e-06
7.400000e-01 7.588319e-07
7.450000e-01 -3.388066e-06
7.500000e-01 -7.400341e-06
7.550000e-01 -1.112354e-05
7.600000e-01 -1.440883e-05
7.650000e-01 -1.711788e-05
7.700000e-01 -1.913069e-05
7.750000e-01 -2.037654e-05
7.800000e-01 -2.082100e-05
7.850000e-01 -2.045104e-05
7.900000e-01 -1.927039e-05
7.950000e-01 -1.731367e-05
8.000000e-01 -1.465617e-05
8.050000e-01 -1.141136e-05
8.100000e-01 -7.725902e-06
8.150000e-01 -3.743076e-06
8.200000e-01 3.932468e-07
8.250000e-01 4.529612e-06
8.300000e-01 8.494773e-06
8.350000e-01 1.210809e-05
8.400000e-01 1.521675e-05
8.450000e-01 1.771718e-05
8.500000e-01 1.953398e-05
8.550000e-01 2.058708e-05
8.600000e-01 2.081610e-05
8.650000e-01 2.020083e-05
8.700000e-01 1.877012e-05
8.750000e-01 1.660196e-05
8.800000e-01 1.379362e-05
8.850000e-01 1.043750e-05
8.900000e-01 6.643841e-06
8.950000e-01 2.570730e-06
9.000000e-01 -1.598248e-06
9.050000e-01 -5.683951e-06
9.100000e-01 -9.530353e-06
9.150000e-01 -1.300786e-05
9.200000e-01 -1.598658e-05
9.250000e-01 -1.832963e-05
9.300000e-01 -1.992983e-05
9.350000e-01 -2.072661e-05
9.400000e-01 -2.070164e-05
9.450000e-01 -1.986811e-05
9.500000e-01 -1.824990e-05
9.550000e-01 -1.589703e-05
9.600000e-01 -1.289699e-05
9.650000e-01 -9.376318e-06
9.700000e-01 -5.491132e-06
9.750000e-01 -1.397824e-06
9.800000e-01 2.748034e-06
9.850000e-01 6.792837e-06
9.900000e-01 1.057330e-05
9.950000e-01 1.392916e-05
1 1.672714e-05
1.005000e+00 1.885444e-05
1.010000e+00 2.023077e-05
1.015000e+00 2.081067e-05
1.020000e+00 2.057111e-05
1.025000e+00 1.950809e-05
1.030000e+00 1.765811e-05
1.035000e+00 1.509732e-05
1.040000e+00 1.193459e-05
1.045000e+00 8.307057e-06
1.050000e+00 4.356119e-06
1.055000e+00 2.266117e-07
1.060000e+00 -3.922943e-06
1.065000e+00 -7.918327e-06
1.070000e+00 -1.159027e-05
1.075000e+00 -1.478912e-05
1.080000e+00 -1.739741e-05
1.085000e+00 -1.932922e-05
1.090000e+00 -2.050691e-05
1.095000e+00 -2.086174e-05
1.100000e+00 -2.036713e-05
1.105000e+00 -1.905284e-05
1.110000e+00 -1.698680e-05
1.115000e+00 -1.426023e-05
1.120000e+00 -1.096867e-05
1.125000e+00 -7.223206e-06
1.130000e+00 -3.177219e-06
1.135000e+00 9.892986e-07
1.140000e+00 5.099715e-06
1.145000e+00 8.995162e-06
1.150000e+00 1.254116e-05
1.155000e+00 1.561168e-05
1.160000e+00 1.806761e-05
1.165000e+00 1.978533e-05
1.170000e+00 2.069905e-05
1.175000e+00 2.079029e-05
1.180000e+00 2.006660e-05
1.185000e+00 1.855538e-05
1.190000e+00 1.630521e-05
1.195000e+00 1.340472e-05
1.200000e+00 9.992890e-06
1.205000e+00 6.225494e-06
1.210000e+00 2.230776e-06
1.215000e+00 -1.901309e-06
1.220000e+00 -6.111934e-06
1.225000e+00 -1.034629e-05
1.230000e+00 -1.452884e-05
1.235000e+00 -1.855871e-05
1.240000e+00 -2.230347e-05
1.245000e+00 -2.559103e-05
1.250000e+00 -2.823119e-05
1.255000e+00 -3.007382e-05
1.260000e+00 -3.105560e-05
1.265000e+00 -3.120237e-05
1.270000e+00 -3.059340e-05
1.275000e+00 -2.929667e-05
1.280000e+00 -2.733511e-05
1.285000e+00 -2.470913e-05
1.290000e+00 -2.144644e-05
1.295000e+00 -1.762661e-05
1.300000e+00 -1.330216e-05
1.305000e+00 -8.464193e-06
1.310000e+00 -3.100240e-06
1.315000e+00 2.776501e-06
1.320000e+00 9.084595e-06
1.325000e+00 1.556440e-05
1.330000e+00 2.177864e-05
1.335000e+00 2.736771e-05
1.340000e+00 3.217770e-05
1.345000e+00 3.611142e-05
1.350000e+00 3.905998e-05
1.355000e+00 4.096170e-05
1.360000e+00 4.177255e-05
1.365000e+00 4.140033e-05
1.370000e+00 3.975312e-05
1.375000e+00 3.679707e-05
1.380000e+00 3.260242e-05
1.385000e+00 2.736311e-05
1.390000e+00 2.129049e-05
1.395000e+00 1.453276e-05
1.400000e+00 7.227219e-06
1.405000e+00 -4.421772e-07
1.410000e+00 -8.203877e-06
1.415000e+00 -1.567994e-05
1.420000e+00 -2.248974e-05
1.425000e+00 -2.835775e-05
1.430000e+00 -3.310092e-05
1.435000e+00 -3.658660e-05
1.440000e+00 -3.870303e-05
1.445000e+00 -3.931719e-05
1.450000e+00 -3.830944e-05
1.455000e+00 -3.568884e-05
1.460000e+00 -3.161707e-05
1.465000e+00 -2.630077e-05
1.470000e+00 -1.990936e-05
1.475000e+00 -1.267279e-05
1.480000e+00 -4.966182e-06
1.485000e+00 2.841269e-06
1.490000e+00 1.051748e-05
1.495000e+00 1.783294e-05
1.500000e+00 2.444200e-05
1.505000e+00 3.003089e-05
1.510000e+00 3.439493e-05
1.515000e+00 3.734684e-05
1.520000e+00 3.876536e-05
1.525000e+00 3.864634e-05
1.530000e+00 3.700443e-05
1.535000e+00 3.387962e-05
1.540000e+00 2.941960e-05
1.545000e+00 2.382377e-05
1.550000e+00 1.730557e-05
1.555000e+00 1.013440e-05
1.560000e+00 2.611110e-06
1.565000e+00 -4.991591e-06
1.570000e+00 -1.239678e-05
1.575000e+00 -1.929691e-05
1.580000e+00 -2.543239e-05
1.585000e+00 -3.057917e-05
1.590000e+00 -3.454735e-05
1.595000e+00 -3.722190e-05
1.600000e+00 -3.847786e-05
1.605000e+00 -3.819957e-05
1.610000e+00 -3.641167e-05
1.615000e+00 -3.323514e-05
1.620000e+00 -2.875635e-05
1.625000e+00 -2.308101e-05
1.630000e+00 -1.643067e-05
1.635000e+00 -9.087518e-06
1.640000e+00 -1.337525e-06
1.645000e+00 6.531489e-06
1.650000e+00 1.421906e-05
1.655000e+00 2.138539e-05
1.660000e+00 2.771110e-05
1.665000e+00 3.294434e-05
1.670000e+00 3.684243e-05
1.675000e+00 3.922450e-05
1.680000e+00 4.001004e-05
1.685000e+00 3.914549e-05
1.690000e+00 3.663694e-05
1.695000e+00 3.260267e-05
1.700000e+00 2.722133e-05
1.705000e+00 2.070903e-05
1.710000e+00 1.335412e-05
1.715000e+00 5.471487e-06
1.720000e+00 -2.624453e-06
1.725000e+00 -1.058523e-05
1.730000e+00 -1.806555e-05
1.735000e+00 -2.475062e-05
1.740000e+00 -3.037056e-05
1.745000e+00 -3.472085e-05
1.750000e+00 -3.764040e-05
1.755000e+00 -3.901990e-05
1.760000e+00 -3.880588e-05
1.765000e+00 -3.701909e-05
1.770000e+00 -3.379191e-05
1.775000e+00 -2.928322e-05
1.780000e+00 -2.364491e-05
1.785000e+00 -1.710846e-05
1.790000e+00 -9.961702e-06
1.795000e+00 -2.487101e-06
1.800000e+00 5.024003e-06
1.805000e+00 1.227916e-05
1.810000e+00 1.901617e-05
1.815000e+00 2.499149e-05
1.820000e+00 2.997794e-05
1.825000e+00 3.378636e-05
1.830000e+00 3.628614e-05
1.835000e+00 3.740546e-05
1.840000e+00 3.710524e-05
1.845000e+00 3.539925e-05
1.850000e+00 3.234886e-05
1.855000e+00 2.805533e-05
1.860000e+00 2.268768e-05
1.865000e+00 1.643910e-05
1.870000e+00 9.535571e-06
1.875000e+00 2.246179e-06
1.880000e+00 -5.169546e-06
1.885000e+00 -1.244020e-05
1.890000e+00 -1.927501e-05
1.895000e+00 -2.540466e-05
1.900000e+00 -3.058258e-05
1.905000e+00 -3.459765e-05
1.910000e+00 -3.729333e-05
1.915000e+00 -3.854993e-05
1.920000e+00 -3.829595e-05
1.925000e+00 -3.651089e-05
1.930000e+00 -3.323850e-05
1.935000e+00 -2.860504e-05
1.940000e+00 -2.278952e-05
1.945000e+00 -1.601111e-05
1.950000e+00 -8.520249e-06
1.955000e+00 -6.073343e-07
1.960000e+00 7.394157e-06
1.965000e+00 1.514027e-05
1.970000e+00 2.230674e-05
1.975000e+00 2.860370e-05
1.980000e+00 3.377374e-05
1.985000e+00 3.759164e-05
1.990000e+00 3.987341e-05
1.995000e+00 4.049794e-05
2 3.944161e-05
2.005000e+00 3.676785e-05
2.010000e+00 3.257185e-05
2.015000e+00 2.700806e-05
2.020000e+00 2.030821e-05
2.025000e+00 1.274205e-05
2.030000e+00 4.645409e-06
2.035000e+00 -3.618956e-06
2.040000e+00 -1.172191e-05
2.045000e+00 -1.933534e-05
2.050000e+00 -2.614282e-05
2.055000e+00 -3.185537e-05
2.060000e+00 -3.622310e-05
2.065000e+00 -3.907490e-05
2.070000e+00 -4.031355e-05
2.075000e+00 -3.990327e-05
2.080000e+00 -3.786445e-05
2.085000e+00 -3.427933e-05
2.090000e+00 -2.930404e-05
2.095000e+00 -2.315825e-05
2.100000e+00 -1.611964e-05
2.105000e+00 -8.488741e-06
2.110000e+00 -5.642555e-07
2.115000e+00 7.334448e-06
2.120000e+00 1.488132e-05
2.125000e+00 2.177061e-05
2.130000e+00 2.772937e-05
2.135000e+00 3.252935e-05
2.140000e+00 3.600186e-05
2.145000e+00 3.803108e-05
2.150000e+00 3.853907e-05
2.155000e+00 3.751790e-05
2.160000e+00 3.502412e-05
2.165000e+00 3.116736e-05
2.170000e+00 2.612353e-05
2.175000e+00 2.009729e-05
2.180000e+00 1.332327e-05
2.185000e+00 6.075658e-06
2.190000e+00 -1.367383e-06
2.195000e+00 -8.716495e-06
2.200000e+00 -1.567773e-05
2.205000e+00 -2.199099e-05
2.210000e+00 -2.743229e-05
2.215000e+00 -3.180360e-05
2.220000e+00 -3.493831e-05
2.225000e+00 -3.672153e-05
2.230000e+00 -3.708164e-05
2.235000e+00 -3.600386e-05
2.240000e+00 -3.355109e-05
2.245000e+00 -2.982394e-05
2.250000e+00 -2.495324e-05
2.255000e+00 -1.911423e-05
2.260000e+00 -1.253061e-05
2.265000e+00 -5.464817e-06
2.270000e+00 1.806867e-06
2.275000e+00 9.011300e-06
2.280000e+00 1.589037e-05
2.285000e+00 2.218702e-05
2.290000e+00 2.764935e-05
2.295000e+00 3.204935e-05
2.300000e+00 3.520755e-05
2.305000e+00 3.701247e-05
2.310000e+00 3.739934e-05
2.315000e+00 3.633666e-05
2.320000e+00 3.383686e-05
2.325000e+00 2.998503e-05
2.330000e+00 2.493800e-05
2.335000e+00 1.889190e-05
2.340000e+00 1.208032e-05
2.345000e+00 4.760126e-06
2.350000e+00 -2.806086e-06
2.355000e+00 -1.031375e-05
2.360000e+00 -1.744520e-05
2.365000e+00 -2.391841e-05
2.370000e+00 -2.947585e-05
2.375000e+00 -3.389948e-05
2.380000e+00 -3.700373e-05
2.385000e+00 -3.864401e-05
2.390000e+00 -3.873627e-05
2.395000e+00 -3.726383e-05
2.400000e+00 -3.428774e-05
2.405000e+00 -2.992113e-05
2.410000e+00 -2.432904e-05
2.415000e+00 -1.772668e-05
2.420000e+00 -1.036967e-05
2.425000e+00 -2.562963e-06
2.430000e+00 5.369348e-06
2.435000e+00 1.310628e-05
2.440000e+00 2.032560e-05
2.445000e+00 2.674090e-05
2.450000e+00 3.210034e-05
2.455000e+00 3.617091e-05
2.460000e+00 3.878224e-05
2.465000e+00 3.982464e-05
2.470000e+00 3.924378e-05
2.475000e+00 3.706379e-05
2.480000e+00 3.337474e-05
2.485000e+00 2.831978e-05
2.490000e+00 2.210778e-05
2.495000e+00 1.501252e-05
2.500000e+00 7.341331e-06
2.505000e+00 -5.937368e-07
2.510000e+00 -8.510131e-06
2.515000e+00 -1.616060e-05
2.520000e+00 -2.332120e-05
2.525000e+00 -2.979181e-05
2.530000e+00 -3.538226e-05
2.535000e+00 -3.992929e-05
2.540000e+00 -4.329516e-05
2.545000e+00 -4.534387e-05
2.550000e+00 -4.596429e-05
2.555000e+00 -4.509226e-05
2.560000e+00 -4.274172e-05
2.565000e+00 -3.904808e-05
2.570000e+00 -3.423812e-05
2.575000e+00 -2.856516e-05
2.580000e+00 -2.227406e-05
2.585000e+00 -1.557269e-05
2.590000e+00 -8.644961e-06
2.595000e+00 -1.659372e-06
2.600000e+00 5.248143e-06
2.605000e+00 1.194615e-05
2.610000e+00 1.830397e-05
2.615000e+00 2.420817e-05
2.620000e+00 2.954631e-05
2.625000e+00 3.418264e-05
2.630000e+00 3.794648e-05
2.635000e+00 4.065477e-05
2.640000e+00 4.213247e-05
2.645000e+00 4.224859e-05
2.650000e+00 4.099748e-05
2.655000e+00 3.852048e-05
2.660000e+00 3.502041e-05
2.665000e+00 3.067301e-05
2.670000e+00 2.558673e-05
2.675000e+00 1.984659e-05
2.680000e+00 1.359487e-05
2.685000e+00 7.034922e-06
2.690000e+00 4.186954e-07
2.695000e+00 -6.007347e-06
2.700000e+00 -1.208393e-05
2.705000e+00 -1.771224e-05
2.710000e+00 -2.278493e-05
2.715000e+00 -2.714130e-05
2.720000e+00 -3.053414e-05
2.725000e+00 -3.269105e-05
2.730000e+00 -3.344035e-05
2.735000e+00 -3.275336e-05
2.740000e+00 -3.072224e-05
2.745000e+00 -2.750879e-05
2.750000e+00 -2.328196e-05
2.755000e+00 -1.820638e-05
2.760000e+00 -1.245965e-05
2.765000e+00 -6.240330e-06
2.770000e+00 2.321127e-07
2.775000e+00 6.691357e-06
2.780000e+00 1.284550e-05
2.785000e+00 1.847326e-05
2.790000e+00 2.340009e-05
2.795000e+00 2.743803e-05
2.800000e+00 3.044889e-05
2.805000e+00 3.233746e-05
2.810000e+00 3.297809e-05
2.815000e+00 3.224562e-05
2.820000e+00 3.013459e-05
2.825000e+00 2.679726e-05
2.830000e+00 2.242960e-05
2.835000e+00 1.720767e-05
2.840000e+00 1.131656e-05
2.845000e+00 4.966692e-06
2.850000e+00 -1.596191e-06
2.855000e+00 -8.084630e-06
2.860000e+00 -1.423937e-05
2.865000e+00 -1.987000e-05
2.870000e+00 -2.477210e-05
2.875000e+00 -2.871685e-05
2.880000e+00 -3.152083e-05
2.885000e+00 -3.307431e-05
2.890000e+00 -3.332687e-05
2.895000e+00 -3.227732e-05
2.900000e+00 -2.996477e-05
2.905000e+00 -2.645103e-05
2.910000e+00 -2.184266e-05
2.915000e+00 -1.630457e-05
2.920000e+00 -1.006921e-05
2.925000e+00 -3.447133e-06
2.930000e+00 3.269607e-06
2.935000e+00 9.905363e-06
2.940000e+00 1.626148e-05
2.945000e+00 2.197404e-05
2.950000e+00 2.671308e-05
2.955000e+00 3.036483e-05
2.960000e+00 3.287270e-05
2.965000e+00 3.409015e-05
2.970000e+00 3.389412e-05
2.975000e+00 3.230103e-05
2.980000e+00 2.941493e-05
2.985000e+00 2.536589e-05
2.990000e+00 2.031853e-05
2.995000e+00 1.447026e-05
3 8.027388e-06
