T X
0 0
5.000000e-03 1.795175e-07
1.000000e-02 8.239766e-07
1.500000e-02 2.007363e-06
2.000000e-02 3.679091e-06
2.500000e-02 5.764873e-06
3.000000e-02 8.152384e-06
3.500000e-02 1.071268e-05
4.000000e-02 1.332619e-05
4.500000e-02 1.588075e-05
5.000000e-02 1.826197e-05
5.500000e-02 2.035341e-05
6.000000e-02 2.203593e-05
6.500000e-02 2.321554e-05
7.000000e-02 2.382455e-05
7.500000e-02 2.382213e-05
8.000000e-02 2.315782e-05
8.500000e-02 2.176123e-05
9.000000e-02 1.955990e-05
9.500000e-02 1.651283e-05
1.000000e-01 1.266120e-05
1.050000e-01 8.171844e-06
1.100000e-01 3.323667e-06
1.150000e-01 -1.592855e-06
1.200000e-01 -6.350913e-06
1.250000e-01 -1.080445e-05
1.300000e-01 -1.481071e-05
1.350000e-01 -1.817241e-05
1.400000e-01 -2.071017e-05
1.450000e-01 -2.234771e-05
1.500000e-01 -2.308066e-05
1.550000e-01 -2.287987e-05
1.600000e-01 -2.172148e-05
1.650000e-01 -1.966637e-05
1.700000e-01 -1.684946e-05
1.750000e-01 -1.339143e-05
1.800000e-01 -9.408141e-06
1.850000e-01 -5.077631e-06
1.900000e-01 -5.790360e-07
1.950000e-01 3.935647e-06
2.000000e-01 8.281926e-06
2.050000e-01 1.223788e-05
2.100000e-01 1.564573e-05
2.150000e-01 1.840887e-05
2.200000e-01 2.042267e-05
2.250000e-01 2.161215e-05
2.300000e-01 2.193619e-05
2.350000e-01 2.136661e-05
2.400000e-01 1.993613e-05
2.450000e-01 1.774336e-05
2.500000e-01 1.487270e-05
2.550000e-01 1.142512e-05
2.600000e-01 7.531750e-06
2.650000e-01 3.338902e-06
2.700000e-01 -9.563955e-07
2.750000e-01 -5.165345e-06
2.800000e-01 -9.147230e-06
2.850000e-01 -1.277346e-05
2.900000e-01 -1.589398e-05
2.950000e-01 -1.837310e-05
3.000000e-01 -2.010183e-05
3.050000e-01 -2.102000e-05
3.100000e-01 -2.112664e-05
3.150000e-01 -2.041561e-05
3.200000e-01 -1.890450e-05
3.250000e-01 -1.664707e-05
3.300000e-01 -1.371898e-05
3.350000e-01 -1.024883e-05
3.400000e-01 -6.395480e-06
3.450000e-01 -2.307239e-06
3.500000e-01 1.867494e-06
3.550000e-01 5.981349e-06
3.600000e-01 9.865854e-06
3.650000e-01 1.333485e-05
3.700000e-01 1.626131e-05
3.750000e-01 1.854584e-05
3.800000e-01 2.010570e-05
3.850000e-01 2.088492e-05
3.900000e-01 2.083369e-05
3.950000e-01 1.994693e-05
4.000000e-01 1.826375e-05
4.050000e-01 1.586193e-05
4.100000e-01 1.284087e-05
4.150000e-01 9.311406e-06
4.200000e-01 5.408587e-06
4.250000e-01 1.285019e-06
4.300000e-01 -2.891773e-06
4.350000e-01 -6.944916e-06
4.400000e-01 -1.071338e-05
4.450000e-01 -1.405606e-05
4.500000e-01 -1.684050e-05
4.550000e-01 -1.896750e-05
4.600000e-01 -2.034637e-05
4.650000e-01 -2.090952e-05
4.700000e-01 -2.063387e-05
4.750000e-01 -1.953155e-05
4.800000e-01 -1.766532e-05
4.850000e-01 -1.510611e-05
4.900000e-01 -1.193980e-05
4.950000e-01 -8.283380e-06
5.000000e-01 -4.289177e-06
5.050000e-01 -1.372516e-07
5.100000e-01 4.003802e-06
5.150000e-01 7.981409e-06
5.200000e-01 1.165208e-05
5.250000e-01 1.487131e-05
5.300000e-01 1.750122e-05
5.350000e-01 1.941719e-05
5.400000e-01 2.054733e-05
5.450000e-01 2.087192e-05
5.500000e-01 2.038172e-05
5.550000e-01 1.908329e-05
5.600000e-01 1.701048e-05
5.650000e-01 1.424339e-05
5.700000e-01 1.090893e-05
5.750000e-01 7.157766e-06
5.800000e-01 3.137225e-06
5.850000e-01 -1.011741e-06
5.900000e-01 -5.137997e-06
5.950000e-01 -9.064512e-06
6.000000e-01 -1.261617e-05
6.050000e-01 -1.565117e-05
6.100000e-01 -1.806147e-05
6.150000e-01 -1.976911e-05
6.200000e-01 -2.070312e-05
6.250000e-01 -2.080898e-05
6.300000e-01 -2.006560e-05
6.350000e-01 -1.851394e-05
6.400000e-01 -1.623729e-05
6.450000e-01 -1.332525e-05
6.500000e-01 -9.887566e-06
6.550000e-01 -6.045738e-06
6.600000e-01 -1.955579e-06
6.650000e-01 2.207603e-06
6.700000e-01 6.271974e-06
6.750000e-01 1.007553e-05
6.800000e-01 1.348408e-05
6.850000e-01 1.636899e-05
6.900000e-01 1.860666e-05
6.950000e-01 2.009683e-05
7.000000e-01 2.077910e-05
7.050000e-01 2.062982e-05
7.100000e-01 1.966320e-05
7.150000e-01 1.792060e-05
7.200000e-01 1.546474e-05
7.250000e-01 1.239095e-05
7.300000e-01 8.816681e-06
7.350000e-01 4.891544e-06
7.400000e-01 7.819119e-07
7.450000e-01 -3.348869e-06
7.500000e-01 -7.347340e-06
7.550000e-01 -1.106383e-05
7.600000e-01 -1.434706e-05
7.650000e-01 -1.705909e-05
7.700000e-01 -1.908224e-05
7.750000e-01 -2.033749e-05
7.800000e-01 -2.078647e-05
7.850000e-01 -2.041883e-05
7.900000e-01 -1.924293e-05
7.950000e-01 -1.729210e-05
8.000000e-01 -1.463795e-05
8.050000e-01 -1.140122e-05
8.100000e-01 -7.728466e-06
8.150000e-01 -3.761110e-06
8.200000e-01 3.590167e-07
8.250000e-01 4.483370e-06
8.300000e-01 8.437813e-06
8.350000e-01 1.204734e-05
8.400000e-01 1.516378e-05
8.450000e-01 1.767071e-05
8.500000e-01 1.948899e-05
8.550000e-01 2.054822e-05
8.600000e-01 2.078335e-05
8.650000e-01 2.016832e-05
8.700000e-01 1.874051e-05
8.750000e-01 1.657838e-05
8.800000e-01 1.377648e-05
8.850000e-01 1.043073e-05
8.900000e-01 6.654607e-06
8.950000e-01 2.600841e-06
9.000000e-01 -1.555709e-06
9.050000e-01 -5.632833e-06
9.100000e-01 -9.478120e-06
9.150000e-01 -1.295749e-05
9.200000e-01 -1.593586e-05
9.250000e-01 -1.828485e-05
9.300000e-01 -1.989068e-05
9.350000e-01 -2.069089e-05
9.400000e-01 -2.066657e-05
9.450000e-01 -1.983110e-05
9.500000e-01 -1.821737e-05
9.550000e-01 -1.587240e-05
9.600000e-01 -1.288499e-05
9.650000e-01 -9.383127e-06
9.700000e-01 -5.513510e-06
9.750000e-01 -1.431493e-06
9.800000e-01 2.705813e-06
9.850000e-01 6.742271e-06
9.900000e-01 1.052066e-05
9.950000e-01 1.388492e-05
1 1.668535e-05
1.005000e+00 1.881317e-05
1.010000e+00 2.019218e-05
1.015000e+00 2.077014e-05
1.020000e+00 2.052914e-05
1.025000e+00 1.946928e-05
1.030000e+00 1.762844e-05
1.035000e+00 1.507951e-05
1.040000e+00 1.193257e-05
1.045000e+00 8.320678e-06
1.050000e+00 4.382920e-06
1.055000e+00 2.658697e-07
1.060000e+00 -3.877929e-06
1.065000e+00 -7.873307e-06
1.070000e+00 -1.154715e-05
1.075000e+00 -1.474746e-05
1.080000e+00 -1.735883e-05
1.085000e+00 -1.928942e-05
1.090000e+00 -2.045998e-05
1.095000e+00 -2.081517e-05
1.100000e+00 -2.032501e-05
1.105000e+00 -1.901753e-05
1.110000e+00 -1.696271e-05
1.115000e+00 -1.424886e-05
1.120000e+00 -1.097349e-05
1.125000e+00 -7.245409e-06
1.130000e+00 -3.211197e-06
1.135000e+00 9.516927e-07
1.140000e+00 5.059291e-06
1.145000e+00 8.956007e-06
1.150000e+00 1.250625e-05
1.155000e+00 1.557153e-05
1.160000e+00 1.802099e-05
1.165000e+00 1.973990e-05
1.170000e+00 2.065276e-05
1.175000e+00 2.074226e-05
1.180000e+00 2.002396e-05
1.185000e+00 1.852242e-05
1.190000e+00 1.628745e-05
1.195000e+00 1.340545e-05
1.200000e+00 1.000943e-05
1.205000e+00 6.252689e-06
1.210000e+00 2.262339e-06
1.215000e+00 -1.868934e-06
1.220000e+00 -6.079168e-06
1.225000e+00 -1.031123e-05
1.230000e+00 -1.449178e-05
1.235000e+00 -1.852069e-05
1.240000e+00 -2.226240e-05
1.245000e+00 -2.554487e-05
1.250000e+00 -2.818326e-05
1.255000e+00 -3.003224e-05
1.260000e+00 -3.102731e-05
1.265000e+00 -3.118833e-05
1.270000e+00 -3.058921e-05
1.275000e+00 -2.930189e-05
1.280000e+00 -2.734561e-05
1.285000e+00 -2.472118e-05
1.290000e+00 -2.146606e-05
1.295000e+00 -1.765331e-05
1.300000e+00 -1.332827e-05
1.305000e+00 -8.486421e-06
1.310000e+00 -3.124928e-06
1.315000e+00 2.748981e-06
1.320000e+00 9.060020e-06
1.325000e+00 1.553978e-05
1.330000e+00 2.175341e-05
1.335000e+00 2.734861e-05
1.340000e+00 3.216565e-05
1.345000e+00 3.609923e-05
1.350000e+00 3.904748e-05
1.355000e+00 4.095414e-05
1.360000e+00 4.176877e-05
1.365000e+00 4.139513e-05
1.370000e+00 3.974535e-05
1.375000e+00 3.679125e-05
1.380000e+00 3.259944e-05
1.385000e+00 2.736005e-05
1.390000e+00 2.128982e-05
1.395000e+00 1.453846e-05
1.400000e+00 7.233706e-06
1.405000e+00 -4.418698e-07
1.410000e+00 -8.201063e-06
1.415000e+00 -1.566570e-05
1.420000e+00 -2.246864e-05
1.425000e+00 -2.832911e-05
1.430000e+00 -3.306262e-05
1.435000e+00 -3.654773e-05
1.440000e+00 -3.866564e-05
1.445000e+00 -3.927729e-05
1.450000e+00 -3.826839e-05
1.455000e+00 -3.564967e-05
1.460000e+00 -3.158761e-05
1.465000e+00 -2.628516e-05
1.470000e+00 -1.989804e-05
1.475000e+00 -1.266111e-05
1.480000e+00 -4.966092e-06
1.485000e+00 2.830548e-06
1.490000e+00 1.050173e-05
1.495000e+00 1.780602e-05
1.500000e+00 2.440391e-05
1.505000e+00 2.997699e-05
1.510000e+00 3.432400e-05
1.515000e+00 3.727242e-05
1.520000e+00 3.869619e-05
1.525000e+00 3.858570e-05
1.530000e+00 3.695650e-05
1.535000e+00 3.383947e-05
1.540000e+00 2.938430e-05
1.545000e+00 2.380314e-05
1.550000e+00 1.729511e-05
1.555000e+00 1.012655e-05
1.560000e+00 2.615247e-06
1.565000e+00 -4.970944e-06
1.570000e+00 -1.236332e-05
1.575000e+00 -1.924417e-05
1.580000e+00 -2.535630e-05
1.585000e+00 -3.049759e-05
1.590000e+00 -3.446679e-05
1.595000e+00 -3.713571e-05
1.600000e+00 -3.839705e-05
1.605000e+00 -3.813467e-05
1.610000e+00 -3.636221e-05
1.615000e+00 -3.319725e-05
1.620000e+00 -2.873069e-05
1.625000e+00 -2.307224e-05
1.630000e+00 -1.643290e-05
1.635000e+00 -9.093867e-06
1.640000e+00 -1.355958e-06
1.645000e+00 6.490520e-06
1.650000e+00 1.416117e-05
1.655000e+00 2.131593e-05
1.660000e+00 2.762564e-05
1.665000e+00 3.285164e-05
1.670000e+00 3.675138e-05
1.675000e+00 3.913510e-05
1.680000e+00 3.993662e-05
1.685000e+00 3.909629e-05
1.690000e+00 3.660158e-05
1.695000e+00 3.257362e-05
1.700000e+00 2.719869e-05
1.705000e+00 2.070091e-05
1.710000e+00 1.336218e-05
1.715000e+00 5.493114e-06
1.720000e+00 -2.582820e-06
1.725000e+00 -1.052717e-05
1.730000e+00 -1.799742e-05
1.735000e+00 -2.466108e-05
1.740000e+00 -3.026500e-05
1.745000e+00 -3.462572e-05
1.750000e+00 -3.755933e-05
1.755000e+00 -3.894711e-05
1.760000e+00 -3.874524e-05
1.765000e+00 -3.697412e-05
1.770000e+00 -3.376336e-05
1.775000e+00 -2.926536e-05
1.780000e+00 -2.363520e-05
1.785000e+00 -1.711668e-05
1.790000e+00 -9.986070e-06
1.795000e+00 -2.518749e-06
1.800000e+00 4.972256e-06
1.805000e+00 1.220255e-05
1.810000e+00 1.892764e-05
1.815000e+00 2.489725e-05
1.820000e+00 2.988733e-05
1.825000e+00 3.370990e-05
1.830000e+00 3.622199e-05
1.835000e+00 3.734710e-05
1.840000e+00 3.705646e-05
1.845000e+00 3.536689e-05
1.850000e+00 3.232813e-05
1.855000e+00 2.804695e-05
1.860000e+00 2.269060e-05
1.865000e+00 1.644315e-05
1.870000e+00 9.556507e-06
1.875000e+00 2.296445e-06
1.880000e+00 -5.107852e-06
1.885000e+00 -1.236973e-05
1.890000e+00 -1.919193e-05
1.895000e+00 -2.532368e-05
1.900000e+00 -3.050732e-05
1.905000e+00 -3.452589e-05
1.910000e+00 -3.723593e-05
1.915000e+00 -3.850747e-05
1.920000e+00 -3.825821e-05
1.925000e+00 -3.647545e-05
1.930000e+00 -3.320908e-05
1.935000e+00 -2.858678e-05
1.940000e+00 -2.278448e-05
1.945000e+00 -1.602239e-05
1.950000e+00 -8.552477e-06
1.955000e+00 -6.578939e-07
1.960000e+00 7.332712e-06
1.965000e+00 1.507226e-05
1.970000e+00 2.222938e-05
1.975000e+00 2.852454e-05
1.980000e+00 3.370282e-05
1.985000e+00 3.752361e-05
1.990000e+00 3.981227e-05
1.995000e+00 4.044986e-05
2 3.939786e-05
2.005000e+00 3.672342e-05
2.010000e+00 3.253591e-05
2.015000e+00 2.699088e-05
2.020000e+00 2.030491e-05
2.025000e+00 1.275536e-05
2.030000e+00 4.685572e-06
2.035000e+00 -3.560660e-06
2.040000e+00 -1.164921e-05
2.045000e+00 -1.925092e-05
2.050000e+00 -2.606080e-05
2.055000e+00 -3.178092e-05
2.060000e+00 -3.615392e-05
2.065000e+00 -3.900753e-05
2.070000e+00 -4.024590e-05
2.075000e+00 -3.983724e-05
2.080000e+00 -3.780907e-05
2.085000e+00 -3.423636e-05
2.090000e+00 -2.927359e-05
2.095000e+00 -2.315227e-05
2.100000e+00 -1.613542e-05
2.105000e+00 -8.520471e-06
2.110000e+00 -6.203382e-07
2.115000e+00 7.259803e-06
2.120000e+00 1.480192e-05
2.125000e+00 2.168574e-05
2.130000e+00 2.764297e-05
2.135000e+00 3.244971e-05
2.140000e+00 3.592479e-05
2.145000e+00 3.795623e-05
2.150000e+00 3.847403e-05
2.155000e+00 3.746279e-05
2.160000e+00 3.497749e-05
2.165000e+00 3.113493e-05
2.170000e+00 2.610718e-05
2.175000e+00 2.010179e-05
2.180000e+00 1.335994e-05
2.185000e+00 6.137932e-06
2.190000e+00 -1.293432e-06
2.195000e+00 -8.634957e-06
2.200000e+00 -1.559350e-05
2.205000e+00 -2.191050e-05
2.210000e+00 -2.735347e-05
2.215000e+00 -3.172593e-05
2.220000e+00 -3.487148e-05
2.225000e+00 -3.665977e-05
2.230000e+00 -3.702049e-05
2.235000e+00 -3.595301e-05
2.240000e+00 -3.351441e-05
2.245000e+00 -2.981078e-05
2.250000e+00 -2.496613e-05
2.255000e+00 -1.914806e-05
2.260000e+00 -1.258349e-05
2.265000e+00 -5.528855e-06
2.270000e+00 1.736748e-06
2.275000e+00 8.936362e-06
2.280000e+00 1.581343e-05
2.285000e+00 2.211538e-05
2.290000e+00 2.758563e-05
2.295000e+00 3.198536e-05
2.300000e+00 3.514643e-05
2.305000e+00 3.695917e-05
2.310000e+00 3.734929e-05
2.315000e+00 3.629798e-05
2.320000e+00 3.382230e-05
2.325000e+00 2.999119e-05
2.330000e+00 2.495600e-05
2.335000e+00 1.892678e-05
2.340000e+00 1.213358e-05
2.345000e+00 4.818944e-06
2.350000e+00 -2.743310e-06
2.355000e+00 -1.024962e-05
2.360000e+00 -1.738940e-05
2.365000e+00 -2.386692e-05
2.370000e+00 -2.941990e-05
2.375000e+00 -3.383793e-05
2.380000e+00 -3.694505e-05
2.385000e+00 -3.859518e-05
2.390000e+00 -3.869665e-05
2.395000e+00 -3.723383e-05
2.400000e+00 -3.427378e-05
2.405000e+00 -2.992666e-05
2.410000e+00 -2.434971e-05
2.415000e+00 -1.776132e-05
2.420000e+00 -1.041571e-05
2.425000e+00 -2.607223e-06
2.430000e+00 5.331434e-06
2.435000e+00 1.305876e-05
2.440000e+00 2.027095e-05
2.445000e+00 2.668932e-05
2.450000e+00 3.204039e-05
2.455000e+00 3.610678e-05
2.460000e+00 3.872262e-05
2.465000e+00 3.976675e-05
2.470000e+00 3.919567e-05
2.475000e+00 3.703170e-05
2.480000e+00 3.336126e-05
2.485000e+00 2.832727e-05
2.490000e+00 2.212629e-05
2.495000e+00 1.503748e-05
2.500000e+00 7.372903e-06
2.505000e+00 -5.605059e-07
2.510000e+00 -8.470447e-06
2.515000e+00 -1.611554e-05
2.520000e+00 -2.327141e-05
2.525000e+00 -2.973039e-05
2.530000e+00 -3.531715e-05
2.535000e+00 -3.986256e-05
2.540000e+00 -4.322377e-05
2.545000e+00 -4.528227e-05
2.550000e+00 -4.592196e-05
2.555000e+00 -4.506464e-05
2.560000e+00 -4.272849e-05
2.565000e+00 -3.904647e-05
2.570000e+00 -3.424391e-05
2.575000e+00 -2.857976e-05
2.580000e+00 -2.229323e-05
2.585000e+00 -1.559798e-05
2.590000e+00 -8.680679e-06
2.595000e+00 -1.700926e-06
2.600000e+00 5.197297e-06
2.605000e+00 1.188328e-05
2.610000e+00 1.823941e-05
2.615000e+00 2.414945e-05
2.620000e+00 2.949451e-05
2.625000e+00 3.413978e-05
2.630000e+00 3.791162e-05
2.635000e+00 4.062131e-05
2.640000e+00 4.210123e-05
2.645000e+00 4.222856e-05
2.650000e+00 4.098605e-05
2.655000e+00 3.851371e-05
2.660000e+00 3.502736e-05
2.665000e+00 3.068923e-05
2.670000e+00 2.560706e-05
2.675000e+00 1.988171e-05
2.680000e+00 1.364093e-05
2.685000e+00 7.081724e-06
2.690000e+00 4.618592e-07
2.695000e+00 -5.968928e-06
2.700000e+00 -1.204298e-05
2.705000e+00 -1.766626e-05
2.710000e+00 -2.274101e-05
2.715000e+00 -2.709815e-05
2.720000e+00 -3.048746e-05
2.725000e+00 -3.265165e-05
2.730000e+00 -3.340953e-05
2.735000e+00 -3.272325e-05
2.740000e+00 -3.070619e-05
2.745000e+00 -2.751682e-05
2.750000e+00 -2.330019e-05
2.755000e+00 -1.822435e-05
2.760000e+00 -1.248360e-05
2.765000e+00 -6.269731e-06
2.770000e+00 2.027897e-07
2.775000e+00 6.649670e-06
2.780000e+00 1.279286e-05
2.785000e+00 1.842071e-05
2.790000e+00 2.333971e-05
2.795000e+00 2.737267e-05
2.800000e+00 3.038239e-05
2.805000e+00 3.227627e-05
2.810000e+00 3.293357e-05
2.815000e+00 3.221444e-05
2.820000e+00 3.012016e-05
2.825000e+00 2.679882e-05
2.830000e+00 2.243887e-05
2.835000e+00 1.722508e-05
2.840000e+00 1.134123e-05
2.845000e+00 4.993548e-06
2.850000e+00 -1.565643e-06
2.855000e+00 -8.045302e-06
2.860000e+00 -1.418524e-05
2.865000e+00 -1.979924e-05
2.870000e+00 -2.469428e-05
2.875000e+00 -2.863296e-05
2.880000e+00 -3.143986e-05
2.885000e+00 -3.301568e-05
2.890000e+00 -3.328647e-05
2.895000e+00 -3.224919e-05
2.900000e+00 -2.995372e-05
2.905000e+00 -2.645458e-05
2.910000e+00 -2.185541e-05
2.915000e+00 -1.632390e-05
2.920000e+00 -1.009157e-05
2.925000e+00 -3.472185e-06
2.930000e+00 3.235922e-06
2.935000e+00 9.855592e-06
2.940000e+00 1.618822e-05
2.945000e+00 2.188537e-05
2.950000e+00 2.663203e-05
2.955000e+00 3.029381e-05
2.960000e+00 3.279886e-05
2.965000e+00 3.402414e-05
2.970000e+00 3.385496e-05
2.975000e+00 3.228433e-05
2.980000e+00 2.940983e-05
2.985000e+00 2.537127e-05
2.990000e+00 2.033006e-05
2.995000e+00 1.447894e-05
3 8.039392e-06
