T X
0 0
5.000000e-03 -2.815328e-09
1.000000e-02 1.553452e-08
1.500000e-02 2.382088e-07
2.000000e-02 2.211931e-06
2.500000e-02 1.502486e-05
3.000000e-02 7.589023e-05
3.500000e-02 2.939386e-04
4.000000e-02 8.896751e-04
4.500000e-02 2.130430e-03
5.000000e-02 4.074022e-03
5.500000e-02 6.293463e-03
6.000000e-02 8.049998e-03
6.500000e-02 9.002455e-03
7.000000e-02 9.556982e-03
7.500000e-02 1.011678e-02
8.000000e-02 1.034552e-02
8.500000e-02 9.845004e-03
9.000000e-02 8.950587e-03
9.500000e-02 7.960072e-03
1.000000e-01 6.540727e-03
1.050000e-01 4.685854e-03
1.100000e-01 2.851124e-03
1.150000e-01 9.551499e-04
1.200000e-01 -1.159811e-03
1.250000e-01 -3.097686e-03
1.300000e-01 -4.814137e-03
1.350000e-01 -6.515377e-03
1.400000e-01 -7.918430e-03
1.450000e-01 -8.996924e-03
1.500000e-01 -9.908427e-03
1.550000e-01 -1.032422e-02
1.600000e-01 -1.022428e-02
1.650000e-01 -9.790808e-03
1.700000e-01 -8.871271e-03
1.750000e-01 -7.656159e-03
1.800000e-01 -6.272654e-03
1.850000e-01 -4.500600e-03
1.900000e-01 -2.532910e-03
1.950000e-01 -5.126576e-04
2.000000e-01 1.561048e-03
2.050000e-01 3.497605e-03
2.100000e-01 5.368987e-03
2.150000e-01 7.079680e-03
2.200000e-01 8.392152e-03
2.250000e-01 9.396581e-03
2.300000e-01 1.003251e-02
2.350000e-01 1.028471e-02
2.400000e-01 1.015833e-02
2.450000e-01 9.543908e-03
2.500000e-01 8.625762e-03
2.550000e-01 7.395019e-03
2.600000e-01 5.763470e-03
2.650000e-01 3.924104e-03
2.700000e-01 1.958990e-03
2.750000e-01 -5.966337e-05
2.800000e-01 -2.124206e-03
2.850000e-01 -4.129442e-03
2.900000e-01 -5.860808e-03
2.950000e-01 -7.423825e-03
3.000000e-01 -8.737071e-03
3.050000e-01 -9.622866e-03
3.100000e-01 -1.015219e-02
3.150000e-01 -1.031831e-02
3.200000e-01 -1.006800e-02
3.250000e-01 -9.347315e-03
3.300000e-01 -8.277340e-03
3.350000e-01 -6.926372e-03
3.400000e-01 -5.233057e-03
3.450000e-01 -3.377635e-03
3.500000e-01 -1.402552e-03
3.550000e-01 6.810708e-04
3.600000e-01 2.701363e-03
3.650000e-01 4.611727e-03
3.700000e-01 6.352498e-03
3.750000e-01 7.858543e-03
3.800000e-01 9.036356e-03
3.850000e-01 9.831851e-03
3.900000e-01 1.027486e-02
3.950000e-01 1.027466e-02
4.000000e-01 9.849203e-03
4.050000e-01 9.068331e-03
4.100000e-01 7.919332e-03
4.150000e-01 6.462663e-03
4.200000e-01 4.741325e-03
4.250000e-01 2.813901e-03
4.300000e-01 7.966313e-04
4.350000e-01 -1.259561e-03
4.400000e-01 -3.288222e-03
4.450000e-01 -5.168026e-03
4.500000e-01 -6.836540e-03
4.550000e-01 -8.232220e-03
4.600000e-01 -9.303153e-03
4.650000e-01 -9.986156e-03
4.700000e-01 -1.028081e-02
4.750000e-01 -1.019454e-02
4.800000e-01 -9.675228e-03
4.850000e-01 -8.799639e-03
4.900000e-01 -7.539147e-03
4.950000e-01 -5.964636e-03
5.000000e-01 -4.201635e-03
5.050000e-01 -2.217746e-03
5.100000e-01 -1.663189e-04
5.150000e-01 1.868166e-03
5.200000e-01 3.844693e-03
5.250000e-01 5.664805e-03
5.300000e-01 7.260861e-03
5.350000e-01 8.563615e-03
5.400000e-01 9.543437e-03
5.450000e-01 1.013753e-02
5.500000e-01 1.032840e-02
5.550000e-01 1.010183e-02
5.600000e-01 9.457650e-03
5.650000e-01 8.437061e-03
5.700000e-01 7.080122e-03
5.750000e-01 5.472110e-03
5.800000e-01 3.637660e-03
5.850000e-01 1.632461e-03
5.900000e-01 -4.083468e-04
5.950000e-01 -2.442490e-03
6.000000e-01 -4.391484e-03
6.050000e-01 -6.167424e-03
6.100000e-01 -7.695996e-03
6.150000e-01 -8.898911e-03
6.200000e-01 -9.776972e-03
6.250000e-01 -1.023428e-02
6.300000e-01 -1.025964e-02
6.350000e-01 -9.935813e-03
6.400000e-01 -9.199105e-03
6.450000e-01 -8.084369e-03
6.500000e-01 -6.672305e-03
6.550000e-01 -4.972599e-03
6.600000e-01 -3.066106e-03
6.650000e-01 -1.034851e-03
6.700000e-01 1.028991e-03
6.750000e-01 3.069194e-03
6.800000e-01 4.984644e-03
6.850000e-01 6.671897e-03
6.900000e-01 8.114969e-03
6.950000e-01 9.215014e-03
7.000000e-01 9.942983e-03
7.050000e-01 1.030065e-02
7.100000e-01 1.024132e-02
7.150000e-01 9.766803e-03
7.200000e-01 8.900138e-03
7.250000e-01 7.673864e-03
7.300000e-01 6.150402e-03
7.350000e-01 4.390739e-03
7.400000e-01 2.448897e-03
7.450000e-01 4.313151e-04
7.500000e-01 -1.608610e-03
7.550000e-01 -3.595811e-03
7.600000e-01 -5.427609e-03
7.650000e-01 -7.077879e-03
7.700000e-01 -8.439155e-03
7.750000e-01 -9.444231e-03
7.800000e-01 -1.010367e-02
7.850000e-01 -1.034686e-02
7.900000e-01 -1.015055e-02
7.950000e-01 -9.554224e-03
8.000000e-01 -8.585419e-03
8.050000e-01 -7.287907e-03
8.100000e-01 -5.691068e-03
8.150000e-01 -3.865179e-03
8.200000e-01 -1.898522e-03
8.250000e-01 1.681740e-04
8.300000e-01 2.222250e-03
8.350000e-01 4.171297e-03
8.400000e-01 5.966211e-03
8.450000e-01 7.529072e-03
8.500000e-01 8.778456e-03
8.550000e-01 9.657034e-03
8.600000e-01 1.017609e-02
8.650000e-01 1.028206e-02
8.700000e-01 9.977914e-03
8.750000e-01 9.307792e-03
8.800000e-01 8.251742e-03
8.850000e-01 6.854478e-03
8.900000e-01 5.181916e-03
8.950000e-01 3.312184e-03
9.000000e-01 1.301609e-03
9.050000e-01 -7.628659e-04
9.100000e-01 -2.786845e-03
9.150000e-01 -4.700844e-03
9.200000e-01 -6.431933e-03
9.250000e-01 -7.901791e-03
9.300000e-01 -9.049587e-03
9.350000e-01 -9.867458e-03
9.400000e-01 -1.028007e-02
9.450000e-01 -1.028624e-02
9.500000e-01 -9.870607e-03
9.550000e-01 -9.042119e-03
9.600000e-01 -7.879624e-03
9.650000e-01 -6.369380e-03
9.700000e-01 -4.636768e-03
9.750000e-01 -2.721126e-03
9.800000e-01 -6.730339e-04
9.850000e-01 1.352618e-03
9.900000e-01 3.368503e-03
9.950000e-01 5.247245e-03
1 6.892549e-03
1.005000e+00 8.292907e-03
1.010000e+00 9.346193e-03
1.015000e+00 1.003521e-02
1.020000e+00 1.029474e-02
1.025000e+00 1.015954e-02
1.030000e+00 9.635176e-03
1.035000e+00 8.694535e-03
1.040000e+00 7.465761e-03
1.045000e+00 5.917286e-03
1.050000e+00 4.112089e-03
1.055000e+00 2.162012e-03
1.060000e+00 1.063839e-04
1.065000e+00 -1.944102e-03
1.070000e+00 -3.930558e-03
1.075000e+00 -5.748636e-03
1.080000e+00 -7.330952e-03
1.085000e+00 -8.631997e-03
1.090000e+00 -9.578468e-03
1.095000e+00 -1.014260e-02
1.100000e+00 -1.030701e-02
1.105000e+00 -1.008577e-02
1.110000e+00 -9.446506e-03
1.115000e+00 -8.406366e-03
1.120000e+00 -7.054425e-03
1.125000e+00 -5.397367e-03
1.130000e+00 -3.519734e-03
1.135000e+00 -1.538675e-03
1.140000e+00 5.239577e-04
1.145000e+00 2.559738e-03
1.150000e+00 4.486223e-03
1.155000e+00 6.237228e-03
1.160000e+00 7.727554e-03
1.165000e+00 8.941479e-03
1.170000e+00 9.786052e-03
1.175000e+00 1.023611e-02
1.180000e+00 1.028984e-02
1.185000e+00 9.908173e-03
1.190000e+00 9.142030e-03
1.195000e+00 8.014956e-03
1.200000e+00 6.571883e-03
1.205000e+00 4.874437e-03
1.210000e+00 2.980315e-03
1.215000e+00 9.717508e-04
1.220000e+00 -1.097950e-03
1.225000e+00 -3.124512e-03
1.230000e+00 -5.009057e-03
1.235000e+00 -6.697202e-03
1.240000e+00 -8.083960e-03
1.245000e+00 -9.099221e-03
1.250000e+00 -9.742066e-03
1.255000e+00 -9.997402e-03
1.260000e+00 -9.948981e-03
1.265000e+00 -9.764231e-03
1.270000e+00 -9.559693e-03
1.275000e+00 -9.451528e-03
1.280000e+00 -9.470198e-03
1.285000e+00 -9.527754e-03
1.290000e+00 -9.438672e-03
1.295000e+00 -8.973775e-03
1.300000e+00 -7.991354e-03
1.305000e+00 -6.489872e-03
1.310000e+00 -4.624449e-03
1.315000e+00 -2.628379e-03
1.320000e+00 -7.362616e-04
1.325000e+00 1.004926e-03
1.330000e+00 2.677189e-03
1.335000e+00 4.334829e-03
1.340000e+00 6.053837e-03
1.345000e+00 7.765698e-03
1.350000e+00 9.322744e-03
1.355000e+00 1.070822e-02
1.360000e+00 1.201439e-02
1.365000e+00 1.334169e-02
1.370000e+00 1.467876e-02
1.375000e+00 1.580650e-02
1.380000e+00 1.634374e-02
1.385000e+00 1.598063e-02
1.390000e+00 1.462229e-02
1.395000e+00 1.248172e-02
1.400000e+00 9.931643e-03
1.405000e+00 7.209892e-03
1.410000e+00 4.398158e-03
1.415000e+00 1.452451e-03
1.420000e+00 -1.656923e-03
1.425000e+00 -4.773203e-03
1.430000e+00 -7.724338e-03
1.435000e+00 -1.039684e-02
1.440000e+00 -1.258445e-02
1.445000e+00 -1.412952e-02
1.450000e+00 -1.509523e-02
1.455000e+00 -1.557427e-02
1.460000e+00 -1.545468e-02
1.465000e+00 -1.468613e-02
1.470000e+00 -1.354428e-02
1.475000e+00 -1.210134e-02
1.480000e+00 -9.931945e-03
1.485000e+00 -6.908534e-03
1.490000e+00 -3.692896e-03
1.495000e+00 -7.829002e-04
1.500000e+00 2.139761e-03
1.505000e+00 5.249037e-03
1.510000e+00 8.216266e-03
1.515000e+00 1.080243e-02
1.520000e+00 1.285085e-02
1.525000e+00 1.427855e-02
1.530000e+00 1.518464e-02
1.535000e+00 1.568370e-02
1.540000e+00 1.560182e-02
1.545000e+00 1.471746e-02
1.550000e+00 1.319529e-02
1.555000e+00 1.116825e-02
1.560000e+00 8.702887e-03
1.565000e+00 6.045470e-03
1.570000e+00 3.178959e-03
1.575000e+00 4.630123e-05
1.580000e+00 -3.125445e-03
1.585000e+00 -6.193861e-03
1.590000e+00 -9.000316e-03
1.595000e+00 -1.127120e-02
1.600000e+00 -1.299052e-02
1.605000e+00 -1.446811e-02
1.610000e+00 -1.560157e-02
1.615000e+00 -1.584444e-02
1.620000e+00 -1.519624e-02
1.625000e+00 -1.407483e-02
1.630000e+00 -1.265226e-02
1.635000e+00 -1.075380e-02
1.640000e+00 -8.161585e-03
1.645000e+00 -5.182365e-03
1.650000e+00 -2.256962e-03
1.655000e+00 7.595049e-04
1.660000e+00 3.959232e-03
1.665000e+00 6.910323e-03
1.670000e+00 9.460046e-03
1.675000e+00 1.179055e-02
1.680000e+00 1.368244e-02
1.685000e+00 1.489918e-02
1.690000e+00 1.553759e-02
1.695000e+00 1.561614e-02
1.700000e+00 1.504340e-02
1.705000e+00 1.384259e-02
1.710000e+00 1.219155e-02
1.715000e+00 1.008766e-02
1.720000e+00 7.385677e-03
1.725000e+00 4.388993e-03
1.730000e+00 1.435685e-03
1.735000e+00 -1.651826e-03
1.740000e+00 -4.783297e-03
1.745000e+00 -7.629673e-03
1.750000e+00 -1.021516e-02
1.755000e+00 -1.238254e-02
1.760000e+00 -1.392412e-02
1.765000e+00 -1.504505e-02
1.770000e+00 -1.571243e-02
1.775000e+00 -1.557878e-02
1.780000e+00 -1.472366e-02
1.785000e+00 -1.346148e-02
1.790000e+00 -1.170424e-02
1.795000e+00 -9.301179e-03
1.800000e+00 -6.554252e-03
1.805000e+00 -3.693591e-03
1.810000e+00 -6.130425e-04
1.815000e+00 2.541494e-03
1.820000e+00 5.524847e-03
1.825000e+00 8.347149e-03
1.830000e+00 1.081867e-02
1.835000e+00 1.283270e-02
1.840000e+00 1.442991e-02
1.845000e+00 1.535290e-02
1.850000e+00 1.564479e-02
1.855000e+00 1.544211e-02
1.860000e+00 1.451588e-02
1.865000e+00 1.293929e-02
1.870000e+00 1.103444e-02
1.875000e+00 8.666549e-03
1.880000e+00 5.806791e-03
1.885000e+00 2.810067e-03
1.890000e+00 -2.541254e-04
1.895000e+00 -3.401510e-03
1.900000e+00 -6.389899e-03
1.905000e+00 -9.052540e-03
1.910000e+00 -1.144987e-02
1.915000e+00 -1.335969e-02
1.920000e+00 -1.464396e-02
1.925000e+00 -1.545861e-02
1.930000e+00 -1.564746e-02
1.935000e+00 -1.516680e-02
1.940000e+00 -1.413700e-02
1.945000e+00 -1.250909e-02
1.950000e+00 -1.040634e-02
1.955000e+00 -7.898545e-03
1.960000e+00 -4.980902e-03
1.965000e+00 -1.953289e-03
1.970000e+00 1.114930e-03
1.975000e+00 4.266485e-03
1.980000e+00 7.163037e-03
1.985000e+00 9.726519e-03
1.990000e+00 1.202764e-02
1.995000e+00 1.379728e-02
2 1.497927e-02
2.005000e+00 1.564464e-02
2.010000e+00 1.563441e-02
2.015000e+00 1.496670e-02
2.020000e+00 1.375321e-02
2.025000e+00 1.193651e-02
2.030000e+00 9.640069e-03
2.035000e+00 7.048303e-03
2.040000e+00 4.113705e-03
2.045000e+00 1.012934e-03
2.050000e+00 -2.039093e-03
2.055000e+00 -5.087520e-03
2.060000e+00 -7.947659e-03
2.065000e+00 -1.043747e-02
2.070000e+00 -1.253782e-02
2.075000e+00 -1.413353e-02
2.080000e+00 -1.518320e-02
2.085000e+00 -1.560123e-02
2.090000e+00 -1.539114e-02
2.095000e+00 -1.463506e-02
2.100000e+00 -1.322063e-02
2.105000e+00 -1.130654e-02
2.110000e+00 -9.033522e-03
2.115000e+00 -6.269530e-03
2.120000e+00 -3.252857e-03
2.125000e+00 -1.998861e-04
2.130000e+00 2.934931e-03
2.135000e+00 5.955964e-03
2.140000e+00 8.683835e-03
2.145000e+00 1.110516e-02
2.150000e+00 1.306754e-02
2.155000e+00 1.447252e-02
2.160000e+00 1.536024e-02
2.165000e+00 1.560933e-02
2.170000e+00 1.522580e-02
2.175000e+00 1.429484e-02
2.180000e+00 1.271370e-02
2.185000e+00 1.063024e-02
2.190000e+00 8.177110e-03
2.195000e+00 5.351085e-03
2.200000e+00 2.340094e-03
2.205000e+00 -7.699153e-04
2.210000e+00 -3.836155e-03
2.215000e+00 -6.727105e-03
2.220000e+00 -9.407512e-03
2.225000e+00 -1.166902e-02
2.230000e+00 -1.349304e-02
2.235000e+00 -1.481628e-02
2.240000e+00 -1.547011e-02
2.245000e+00 -1.555235e-02
2.250000e+00 -1.500748e-02
2.255000e+00 -1.383100e-02
2.260000e+00 -1.216995e-02
2.265000e+00 -9.954712e-03
2.270000e+00 -7.364406e-03
2.275000e+00 -4.556943e-03
2.280000e+00 -1.461154e-03
2.285000e+00 1.665701e-03
2.290000e+00 4.684682e-03
2.295000e+00 7.610902e-03
2.300000e+00 1.017320e-02
2.305000e+00 1.228437e-02
2.310000e+00 1.397420e-02
2.315000e+00 1.507214e-02
2.320000e+00 1.557021e-02
2.325000e+00 1.545026e-02
2.330000e+00 1.468622e-02
2.335000e+00 1.340422e-02
2.340000e+00 1.157309e-02
2.345000e+00 9.226679e-03
2.350000e+00 6.549865e-03
2.355000e+00 3.611835e-03
2.360000e+00 5.017880e-04
2.365000e+00 -2.600188e-03
2.370000e+00 -5.592081e-03
2.375000e+00 -8.362385e-03
2.380000e+00 -1.080685e-02
2.385000e+00 -1.281667e-02
2.390000e+00 -1.430639e-02
2.395000e+00 -1.526438e-02
2.400000e+00 -1.560337e-02
2.405000e+00 -1.532077e-02
2.410000e+00 -1.441288e-02
2.415000e+00 -1.291983e-02
2.420000e+00 -1.094293e-02
2.425000e+00 -8.476536e-03
2.430000e+00 -5.721677e-03
2.435000e+00 -2.750621e-03
2.440000e+00 4.076251e-04
2.445000e+00 3.460700e-03
2.450000e+00 6.413878e-03
2.455000e+00 9.140202e-03
2.460000e+00 1.145523e-02
2.465000e+00 1.339212e-02
2.470000e+00 1.472389e-02
2.475000e+00 1.546649e-02
2.480000e+00 1.563354e-02
2.485000e+00 1.510376e-02
2.490000e+00 1.401290e-02
2.495000e+00 1.234795e-02
2.500000e+00 1.015668e-02
2.505000e+00 7.565410e-03
2.510000e+00 4.675575e-03
2.515000e+00 1.617930e-03
2.520000e+00 -1.538816e-03
2.525000e+00 -4.604728e-03
2.530000e+00 -7.435409e-03
2.535000e+00 -9.964219e-03
2.540000e+00 -1.206300e-02
2.545000e+00 -1.370128e-02
2.550000e+00 -1.478736e-02
2.555000e+00 -1.522623e-02
2.560000e+00 -1.507332e-02
2.565000e+00 -1.429631e-02
2.570000e+00 -1.297973e-02
2.575000e+00 -1.127658e-02
2.580000e+00 -9.346299e-03
2.585000e+00 -7.404362e-03
2.590000e+00 -5.579512e-03
2.595000e+00 -4.025251e-03
2.600000e+00 -2.677842e-03
2.605000e+00 -1.437207e-03
2.610000e+00 -2.878512e-04
2.615000e+00 9.822196e-04
2.620000e+00 2.357895e-03
2.625000e+00 3.737358e-03
2.630000e+00 5.066562e-03
2.635000e+00 6.100750e-03
2.640000e+00 6.745404e-03
2.645000e+00 6.972752e-03
2.650000e+00 6.827361e-03
2.655000e+00 6.545164e-03
2.660000e+00 6.281263e-03
2.665000e+00 6.116541e-03
2.670000e+00 6.133521e-03
2.675000e+00 6.283091e-03
2.680000e+00 6.468652e-03
2.685000e+00 6.646510e-03
2.690000e+00 6.773210e-03
2.695000e+00 6.812144e-03
2.700000e+00 6.643183e-03
2.705000e+00 6.133069e-03
2.710000e+00 5.207716e-03
2.715000e+00 3.859761e-03
2.720000e+00 2.220768e-03
2.725000e+00 5.886262e-04
2.730000e+00 -7.987635e-04
2.735000e+00 -1.933828e-03
2.740000e+00 -2.905687e-03
2.745000e+00 -3.858954e-03
2.750000e+00 -4.852287e-03
2.755000e+00 -5.796389e-03
2.760000e+00 -6.486086e-03
2.765000e+00 -6.730868e-03
2.770000e+00 -6.547138e-03
2.775000e+00 -6.080182e-03
2.780000e+00 -5.525014e-03
2.785000e+00 -4.983927e-03
2.790000e+00 -4.401405e-03
2.795000e+00 -3.617099e-03
2.800000e+00 -2.481733e-03
2.805000e+00 -1.084936e-03
2.810000e+00 3.811805e-04
2.815000e+00 1.762079e-03
2.820000e+00 2.961374e-03
2.825000e+00 3.982425e-03
2.830000e+00 4.821062e-03
2.835000e+00 5.520560e-03
2.840000e+00 6.085714e-03
2.845000e+00 6.429872e-03
2.850000e+00 6.463858e-03
2.855000e+00 6.193342e-03
2.860000e+00 5.699745e-03
2.865000e+00 4.962946e-03
2.870000e+00 3.996457e-03
2.875000e+00 2.896353e-03
2.880000e+00 1.772948e-03
2.885000e+00 6.141616e-04
2.890000e+00 -6.580757e-04
2.895000e+00 -1.909732e-03
2.900000e+00 -3.060336e-03
2.905000e+00 -4.117443e-03
2.910000e+00 -5.009283e-03
2.915000e+00 -5.692493e-03
2.920000e+00 -6.106416e-03
2.925000e+00 -6.255742e-03
2.930000e+00 -6.181161e-03
2.935000e+00 -5.911323e-03
2.940000e+00 -5.436390e-03
2.945000e+00 -4.681453e-03
2.950000e+00 -3.701485e-03
2.955000e+00 -2.646290e-03
2.960000e+00 -1.560258e-03
2.965000e+00 -3.399163e-04
2.970000e+00 9.988554e-04
2.975000e+00 2.274171e-03
2.980000e+00 3.353999e-03
2.985000e+00 4.218285e-03
2.990000e+00 4.975002e-03
2.995000e+00 5.647168e-03
3 6.113064e-03
