T X
0 0
5.000000e-03 1.723367e-12
1.000000e-02 -1.406782e-11
1.500000e-02 -5.363296e-11
2.000000e-02 -1.490342e-10
2.500000e-02 -4.643045e-10
3.000000e-02 -9.574688e-10
3.500000e-02 1.130490e-09
4.000000e-02 3.026405e-08
4.500000e-02 2.325866e-07
5.000000e-02 1.322816e-06
5.500000e-02 6.195833e-06
6.000000e-02 2.477210e-05
6.500000e-02 8.533629e-05
7.000000e-02 2.540935e-04
7.500000e-02 6.550232e-04
8.000000e-02 1.462861e-03
8.500000e-02 2.828843e-03
9.000000e-02 4.731359e-03
9.500000e-02 6.845975e-03
1.000000e-01 8.619976e-03
1.050000e-01 9.626487e-03
1.100000e-01 9.922823e-03
1.150000e-01 9.947007e-03
1.200000e-01 9.940848e-03
1.250000e-01 9.617488e-03
1.300000e-01 8.620400e-03
1.350000e-01 7.129212e-03
1.400000e-01 5.591411e-03
1.450000e-01 3.995426e-03
1.500000e-01 2.022446e-03
1.550000e-01 -1.756141e-04
1.600000e-01 -2.131201e-03
1.650000e-01 -3.874292e-03
1.700000e-01 -5.682555e-03
1.750000e-01 -7.303350e-03
1.800000e-01 -8.406112e-03
1.850000e-01 -9.232980e-03
1.900000e-01 -9.911277e-03
1.950000e-01 -1.007807e-02
2.000000e-01 -9.725939e-03
2.050000e-01 -9.157302e-03
2.100000e-01 -8.200904e-03
2.150000e-01 -6.740610e-03
2.200000e-01 -5.160141e-03
2.250000e-01 -3.494346e-03
2.300000e-01 -1.517726e-03
2.350000e-01 5.075661e-04
2.400000e-01 2.421211e-03
2.450000e-01 4.364925e-03
2.500000e-01 6.075114e-03
2.550000e-01 7.400835e-03
2.600000e-01 8.609613e-03
2.650000e-01 9.520472e-03
2.700000e-01 9.876251e-03
2.750000e-01 9.898666e-03
2.800000e-01 9.569695e-03
2.850000e-01 8.792032e-03
2.900000e-01 7.758472e-03
2.950000e-01 6.386587e-03
3.000000e-01 4.669319e-03
3.050000e-01 2.894962e-03
3.100000e-01 9.712310e-04
3.150000e-01 -1.112036e-03
3.200000e-01 -3.037030e-03
3.250000e-01 -4.821237e-03
3.300000e-01 -6.463747e-03
3.350000e-01 -7.806054e-03
3.400000e-01 -8.884035e-03
3.450000e-01 -9.588237e-03
3.500000e-01 -9.867973e-03
3.550000e-01 -9.846469e-03
3.600000e-01 -9.387955e-03
3.650000e-01 -8.506919e-03
3.700000e-01 -7.363779e-03
3.750000e-01 -5.879276e-03
3.800000e-01 -4.131660e-03
3.850000e-01 -2.274549e-03
3.900000e-01 -3.266949e-04
3.950000e-01 1.638064e-03
4.000000e-01 3.555323e-03
4.050000e-01 5.319515e-03
4.100000e-01 6.865653e-03
4.150000e-01 8.184855e-03
4.200000e-01 9.141055e-03
4.250000e-01 9.710749e-03
4.300000e-01 9.929354e-03
4.350000e-01 9.726681e-03
4.400000e-01 9.124570e-03
4.450000e-01 8.198336e-03
4.500000e-01 6.955160e-03
4.550000e-01 5.386394e-03
4.600000e-01 3.622589e-03
4.650000e-01 1.751234e-03
4.700000e-01 -2.622589e-04
4.750000e-01 -2.240410e-03
4.800000e-01 -4.082242e-03
4.850000e-01 -5.826893e-03
4.900000e-01 -7.306424e-03
4.950000e-01 -8.464929e-03
5.000000e-01 -9.346118e-03
5.050000e-01 -9.830710e-03
5.100000e-01 -9.885133e-03
5.150000e-01 -9.603010e-03
5.200000e-01 -8.945953e-03
5.250000e-01 -7.854883e-03
5.300000e-01 -6.501067e-03
5.350000e-01 -4.927362e-03
5.400000e-01 -3.064631e-03
5.450000e-01 -1.140068e-03
5.500000e-01 8.016938e-04
5.550000e-01 2.803984e-03
5.600000e-01 4.628253e-03
5.650000e-01 6.250581e-03
5.700000e-01 7.672770e-03
5.750000e-01 8.769857e-03
5.800000e-01 9.514661e-03
5.850000e-01 9.881242e-03
5.900000e-01 9.868380e-03
5.950000e-01 9.445289e-03
6.000000e-01 8.650463e-03
6.050000e-01 7.509833e-03
6.100000e-01 6.049348e-03
6.150000e-01 4.393045e-03
6.200000e-01 2.524827e-03
6.250000e-01 5.779057e-04
6.300000e-01 -1.355904e-03
6.350000e-01 -3.299513e-03
6.400000e-01 -5.059823e-03
6.450000e-01 -6.652290e-03
6.500000e-01 -8.004529e-03
6.550000e-01 -8.986252e-03
6.600000e-01 -9.662539e-03
6.650000e-01 -9.924694e-03
6.700000e-01 -9.778544e-03
6.750000e-01 -9.267030e-03
6.800000e-01 -8.368910e-03
6.850000e-01 -7.139897e-03
6.900000e-01 -5.628186e-03
6.950000e-01 -3.888704e-03
7.000000e-01 -1.973730e-03
7.050000e-01 5.487647e-06
7.100000e-01 1.995764e-03
7.150000e-01 3.917222e-03
7.200000e-01 5.648554e-03
7.250000e-01 7.168585e-03
7.300000e-01 8.383131e-03
7.350000e-01 9.254455e-03
7.400000e-01 9.784154e-03
7.450000e-01 9.899601e-03
7.500000e-01 9.633700e-03
7.550000e-01 8.999618e-03
7.600000e-01 7.995947e-03
7.650000e-01 6.673530e-03
7.700000e-01 5.082459e-03
7.750000e-01 3.296081e-03
7.800000e-01 1.380935e-03
7.850000e-01 -5.797514e-04
7.900000e-01 -2.528403e-03
7.950000e-01 -4.361525e-03
8.000000e-01 -6.055723e-03
8.050000e-01 -7.512518e-03
8.100000e-01 -8.631457e-03
8.150000e-01 -9.482852e-03
8.200000e-01 -9.897221e-03
8.250000e-01 -9.906954e-03
8.300000e-01 -9.547214e-03
8.350000e-01 -8.760767e-03
8.400000e-01 -7.658439e-03
8.450000e-01 -6.250717e-03
8.500000e-01 -4.597036e-03
8.550000e-01 -2.742539e-03
8.600000e-01 -8.027120e-04
8.650000e-01 1.179186e-03
8.700000e-01 3.122786e-03
8.750000e-01 4.924811e-03
8.800000e-01 6.543891e-03
8.850000e-01 7.889907e-03
8.900000e-01 8.907753e-03
8.950000e-01 9.566984e-03
9.000000e-01 9.892830e-03
9.050000e-01 9.771547e-03
9.100000e-01 9.299077e-03
9.150000e-01 8.481983e-03
9.200000e-01 7.267068e-03
9.250000e-01 5.812865e-03
9.300000e-01 4.106566e-03
9.350000e-01 2.215226e-03
9.400000e-01 2.594548e-04
9.450000e-01 -1.702277e-03
9.500000e-01 -3.636561e-03
9.550000e-01 -5.385137e-03
9.600000e-01 -6.926756e-03
9.650000e-01 -8.236632e-03
9.700000e-01 -9.160122e-03
9.750000e-01 -9.749917e-03
9.800000e-01 -9.963455e-03
9.850000e-01 -9.740397e-03
9.900000e-01 -9.132995e-03
9.950000e-01 -8.186901e-03
1 -6.873210e-03
1.005000e+00 -5.311907e-03
1.010000e+00 -3.538930e-03
1.015000e+00 -1.596434e-03
1.020000e+00 3.546044e-04
1.025000e+00 2.327292e-03
1.030000e+00 4.188391e-03
1.035000e+00 5.886060e-03
1.040000e+00 7.352591e-03
1.045000e+00 8.516022e-03
1.050000e+00 9.343573e-03
1.055000e+00 9.804585e-03
1.060000e+00 9.896204e-03
1.065000e+00 9.545790e-03
1.070000e+00 8.846107e-03
1.075000e+00 7.806462e-03
1.080000e+00 6.438360e-03
1.085000e+00 4.838155e-03
1.090000e+00 3.013917e-03
1.095000e+00 1.094963e-03
1.100000e+00 -8.706807e-04
1.105000e+00 -2.849199e-03
1.110000e+00 -4.664250e-03
1.115000e+00 -6.328302e-03
1.120000e+00 -7.747879e-03
1.125000e+00 -8.808282e-03
1.130000e+00 -9.559093e-03
1.135000e+00 -9.911582e-03
1.140000e+00 -9.849315e-03
1.145000e+00 -9.436590e-03
1.150000e+00 -8.623293e-03
1.155000e+00 -7.449841e-03
1.160000e+00 -6.006219e-03
1.165000e+00 -4.298067e-03
1.170000e+00 -2.420708e-03
1.175000e+00 -4.709124e-04
1.180000e+00 1.509744e-03
1.185000e+00 3.412509e-03
1.190000e+00 5.187563e-03
1.195000e+00 6.805651e-03
1.200000e+00 8.216758e-03
1.205000e+00 9.351059e-03
1.210000e+00 1.012204e-02
1.215000e+00 1.040470e-02
1.220000e+00 9.976346e-03
1.225000e+00 8.723489e-03
1.230000e+00 6.552392e-03
1.235000e+00 3.545331e-03
1.240000e+00 3.670773e-05
1.245000e+00 -3.638440e-03
1.250000e+00 -7.066749e-03
1.255000e+00 -9.926711e-03
1.260000e+00 -1.221664e-02
1.265000e+00 -1.402126e-02
1.270000e+00 -1.544896e-02
1.275000e+00 -1.651955e-02
1.280000e+00 -1.704084e-02
1.285000e+00 -1.681266e-02
1.290000e+00 -1.569217e-02
1.295000e+00 -1.378940e-02
1.300000e+00 -1.135599e-02
1.305000e+00 -8.670350e-03
1.310000e+00 -5.812496e-03
1.315000e+00 -2.705598e-03
1.320000e+00 6.430859e-04
1.325000e+00 4.193641e-03
1.330000e+00 7.627320e-03
1.335000e+00 1.064831e-02
1.340000e+00 1.303769e-02
1.345000e+00 1.479376e-02
1.350000e+00 1.616093e-02
1.355000e+00 1.698659e-02
1.360000e+00 1.704728e-02
1.365000e+00 1.630757e-02
1.370000e+00 1.497823e-02
1.375000e+00 1.309217e-02
1.380000e+00 1.060937e-02
1.385000e+00 8.148586e-03
1.390000e+00 5.903391e-03
1.395000e+00 3.438652e-03
1.400000e+00 1.009607e-03
1.405000e+00 -6.024386e-04
1.410000e+00 -1.507458e-03
1.415000e+00 -2.508590e-03
1.420000e+00 -3.743541e-03
1.425000e+00 -4.946924e-03
1.430000e+00 -6.141870e-03
1.435000e+00 -7.129996e-03
1.440000e+00 -7.715145e-03
1.445000e+00 -8.091789e-03
1.450000e+00 -7.964987e-03
1.455000e+00 -7.094387e-03
1.460000e+00 -6.011417e-03
1.465000e+00 -4.996260e-03
1.470000e+00 -3.928971e-03
1.475000e+00 -2.778140e-03
1.480000e+00 -1.408855e-03
1.485000e+00 4.056052e-04
1.490000e+00 2.260783e-03
1.495000e+00 3.759689e-03
1.500000e+00 5.119492e-03
1.505000e+00 6.047472e-03
1.510000e+00 6.644310e-03
1.515000e+00 7.309794e-03
1.520000e+00 7.714316e-03
1.525000e+00 7.797552e-03
1.530000e+00 7.504271e-03
1.535000e+00 6.711499e-03
1.540000e+00 5.699286e-03
1.545000e+00 4.603300e-03
1.550000e+00 3.279645e-03
1.555000e+00 1.873085e-03
1.560000e+00 4.607816e-04
1.565000e+00 -1.178504e-03
1.570000e+00 -2.795166e-03
1.575000e+00 -4.188048e-03
1.580000e+00 -5.337578e-03
1.585000e+00 -6.208691e-03
1.590000e+00 -7.016782e-03
1.595000e+00 -7.653065e-03
1.600000e+00 -7.854996e-03
1.605000e+00 -7.676116e-03
1.610000e+00 -7.166541e-03
1.615000e+00 -6.349238e-03
1.620000e+00 -5.454817e-03
1.625000e+00 -4.369065e-03
1.630000e+00 -2.996422e-03
1.635000e+00 -1.428644e-03
1.640000e+00 2.723273e-04
1.645000e+00 1.821768e-03
1.650000e+00 3.176843e-03
1.655000e+00 4.377467e-03
1.660000e+00 5.605723e-03
1.665000e+00 6.832496e-03
1.670000e+00 7.490437e-03
1.675000e+00 7.620931e-03
1.680000e+00 7.651681e-03
1.685000e+00 7.526952e-03
1.690000e+00 7.158442e-03
1.695000e+00 6.277908e-03
1.700000e+00 4.973623e-03
1.705000e+00 3.837312e-03
1.710000e+00 2.571349e-03
1.715000e+00 9.025165e-04
1.720000e+00 -7.075483e-04
1.725000e+00 -2.178993e-03
1.730000e+00 -3.605021e-03
1.735000e+00 -4.959075e-03
1.740000e+00 -6.139293e-03
1.745000e+00 -6.946657e-03
1.750000e+00 -7.552728e-03
1.755000e+00 -7.920534e-03
1.760000e+00 -7.798964e-03
1.765000e+00 -7.436033e-03
1.770000e+00 -6.885583e-03
1.775000e+00 -5.989737e-03
1.780000e+00 -4.779880e-03
1.785000e+00 -3.374197e-03
1.790000e+00 -1.945317e-03
1.795000e+00 -3.868903e-04
1.800000e+00 1.218750e-03
1.805000e+00 2.739625e-03
1.810000e+00 4.267267e-03
1.815000e+00 5.508766e-03
1.820000e+00 6.422081e-03
1.825000e+00 7.213536e-03
1.830000e+00 7.776450e-03
1.835000e+00 7.969524e-03
1.840000e+00 7.739963e-03
1.845000e+00 7.328273e-03
1.850000e+00 6.679074e-03
1.855000e+00 5.592849e-03
1.860000e+00 4.331431e-03
1.865000e+00 2.917101e-03
1.870000e+00 1.421073e-03
1.875000e+00 -1.229993e-04
1.880000e+00 -1.764942e-03
1.885000e+00 -3.251042e-03
1.890000e+00 -4.635473e-03
1.895000e+00 -5.834391e-03
1.900000e+00 -6.813613e-03
1.905000e+00 -7.589930e-03
1.910000e+00 -7.944641e-03
1.915000e+00 -8.041005e-03
1.920000e+00 -7.827695e-03
1.925000e+00 -7.198452e-03
1.930000e+00 -6.359136e-03
1.935000e+00 -5.332192e-03
1.940000e+00 -3.994305e-03
1.945000e+00 -2.436435e-03
1.950000e+00 -8.658401e-04
1.955000e+00 7.290977e-04
1.960000e+00 2.367417e-03
1.965000e+00 3.859164e-03
1.970000e+00 5.179742e-03
1.975000e+00 6.314577e-03
1.980000e+00 7.165071e-03
1.985000e+00 7.751212e-03
1.990000e+00 8.029499e-03
1.995000e+00 8.002576e-03
2 7.679089e-03
2.005000e+00 7.023220e-03
2.010000e+00 6.091936e-03
2.015000e+00 4.950644e-03
2.020000e+00 3.569529e-03
2.025000e+00 2.061802e-03
2.030000e+00 5.244842e-04
2.035000e+00 -1.124508e-03
2.040000e+00 -2.736620e-03
2.045000e+00 -4.176350e-03
2.050000e+00 -5.492354e-03
2.055000e+00 -6.619206e-03
2.060000e+00 -7.482057e-03
2.065000e+00 -7.992228e-03
2.070000e+00 -8.217515e-03
2.075000e+00 -8.154152e-03
2.080000e+00 -7.658942e-03
2.085000e+00 -6.919233e-03
2.090000e+00 -5.928742e-03
2.095000e+00 -4.613173e-03
2.100000e+00 -3.169629e-03
2.105000e+00 -1.590530e-03
2.110000e+00 4.459166e-05
2.115000e+00 1.672408e-03
2.120000e+00 3.210154e-03
2.125000e+00 4.654547e-03
2.130000e+00 5.930375e-03
2.135000e+00 6.872807e-03
2.140000e+00 7.672578e-03
2.145000e+00 8.135310e-03
2.150000e+00 8.158917e-03
2.155000e+00 8.004865e-03
2.160000e+00 7.547671e-03
2.165000e+00 6.643787e-03
2.170000e+00 5.542150e-03
2.175000e+00 4.309419e-03
2.180000e+00 2.821658e-03
2.185000e+00 1.219707e-03
2.190000e+00 -3.900521e-04
2.195000e+00 -2.063066e-03
2.200000e+00 -3.618595e-03
2.205000e+00 -4.984721e-03
2.210000e+00 -6.217296e-03
2.215000e+00 -7.212879e-03
2.220000e+00 -7.863245e-03
2.225000e+00 -8.193858e-03
2.230000e+00 -8.248855e-03
2.235000e+00 -7.964299e-03
2.240000e+00 -7.347198e-03
2.245000e+00 -6.452148e-03
2.250000e+00 -5.284970e-03
2.255000e+00 -3.859756e-03
2.260000e+00 -2.364731e-03
2.265000e+00 -7.177267e-04
2.270000e+00 9.519042e-04
2.275000e+00 2.476510e-03
2.280000e+00 4.022676e-03
2.285000e+00 5.361517e-03
2.290000e+00 6.467108e-03
2.295000e+00 7.346817e-03
2.300000e+00 7.928429e-03
2.305000e+00 8.200443e-03
2.310000e+00 8.123407e-03
2.315000e+00 7.780901e-03
2.320000e+00 7.057570e-03
2.325000e+00 6.102270e-03
2.330000e+00 4.908100e-03
2.335000e+00 3.459173e-03
2.340000e+00 1.994061e-03
2.345000e+00 3.645785e-04
2.350000e+00 -1.300740e-03
2.355000e+00 -2.849613e-03
2.360000e+00 -4.397787e-03
2.365000e+00 -5.722938e-03
2.370000e+00 -6.723847e-03
2.375000e+00 -7.565432e-03
2.380000e+00 -8.069713e-03
2.385000e+00 -8.194878e-03
2.390000e+00 -8.100122e-03
2.395000e+00 -7.607272e-03
2.400000e+00 -6.807819e-03
2.405000e+00 -5.794816e-03
2.410000e+00 -4.456743e-03
2.415000e+00 -3.005146e-03
2.420000e+00 -1.420704e-03
2.425000e+00 2.566331e-04
2.430000e+00 1.856518e-03
2.435000e+00 3.402391e-03
2.440000e+00 4.791777e-03
2.445000e+00 5.970579e-03
2.450000e+00 6.899766e-03
2.455000e+00 7.525319e-03
2.460000e+00 7.874648e-03
2.465000e+00 7.910821e-03
2.470000e+00 7.679357e-03
2.475000e+00 7.184471e-03
2.480000e+00 6.345577e-03
2.485000e+00 5.324001e-03
2.490000e+00 4.052725e-03
2.495000e+00 2.544703e-03
2.500000e+00 1.020121e-03
2.505000e+00 -5.708596e-04
2.510000e+00 -2.104992e-03
2.515000e+00 -3.440171e-03
2.520000e+00 -4.552144e-03
2.525000e+00 -5.577582e-03
2.530000e+00 -6.508220e-03
2.535000e+00 -7.428340e-03
2.540000e+00 -8.554741e-03
2.545000e+00 -9.746262e-03
2.550000e+00 -1.106827e-02
2.555000e+00 -1.231494e-02
2.560000e+00 -1.325729e-02
2.565000e+00 -1.372617e-02
2.570000e+00 -1.348731e-02
2.575000e+00 -1.257399e-02
2.580000e+00 -1.094749e-02
2.585000e+00 -8.863539e-03
2.590000e+00 -6.525749e-03
2.595000e+00 -4.077300e-03
2.600000e+00 -1.736644e-03
2.605000e+00 6.163852e-04
2.610000e+00 3.041631e-03
2.615000e+00 5.500915e-03
2.620000e+00 7.966372e-03
2.625000e+00 1.011101e-02
2.630000e+00 1.172318e-02
2.635000e+00 1.272856e-02
2.640000e+00 1.309135e-02
2.645000e+00 1.305588e-02
2.650000e+00 1.265960e-02
2.655000e+00 1.190246e-02
2.660000e+00 1.073649e-02
2.665000e+00 8.919243e-03
2.670000e+00 6.499641e-03
2.675000e+00 3.725613e-03
2.680000e+00 8.475182e-04
2.685000e+00 -1.879539e-03
2.690000e+00 -4.377896e-03
2.695000e+00 -6.555024e-03
2.700000e+00 -8.364398e-03
2.705000e+00 -9.689123e-03
2.710000e+00 -1.020448e-02
2.715000e+00 -9.801121e-03
2.720000e+00 -8.443654e-03
2.725000e+00 -6.355353e-03
2.730000e+00 -4.017637e-03
2.735000e+00 -1.638909e-03
2.740000e+00 6.057237e-04
2.745000e+00 2.584125e-03
2.750000e+00 4.448329e-03
2.755000e+00 6.069604e-03
2.760000e+00 7.464626e-03
2.765000e+00 8.793850e-03
2.770000e+00 9.887382e-03
2.775000e+00 1.072855e-02
2.780000e+00 1.123008e-02
2.785000e+00 1.124760e-02
2.790000e+00 1.056768e-02
2.795000e+00 9.219779e-03
2.800000e+00 7.614928e-03
2.805000e+00 5.866488e-03
2.810000e+00 4.078014e-03
2.815000e+00 2.240452e-03
2.820000e+00 1.982140e-04
2.825000e+00 -2.151591e-03
2.830000e+00 -4.671087e-03
2.835000e+00 -6.874757e-03
2.840000e+00 -8.618538e-03
2.845000e+00 -9.814776e-03
2.850000e+00 -1.053248e-02
2.855000e+00 -1.107736e-02
2.860000e+00 -1.133564e-02
2.865000e+00 -1.116741e-02
2.870000e+00 -1.055162e-02
2.875000e+00 -9.365241e-03
2.880000e+00 -7.757924e-03
2.885000e+00 -5.873689e-03
2.890000e+00 -3.638396e-03
2.895000e+00 -1.276401e-03
2.900000e+00 1.008942e-03
2.905000e+00 3.037654e-03
2.910000e+00 4.932401e-03
2.915000e+00 6.980613e-03
2.920000e+00 8.724831e-03
2.925000e+00 1.002776e-02
2.930000e+00 1.096325e-02
2.935000e+00 1.135563e-02
2.940000e+00 1.119370e-02
2.945000e+00 1.052669e-02
2.950000e+00 9.855931e-03
2.955000e+00 9.016433e-03
2.960000e+00 7.306785e-03
2.965000e+00 5.034105e-03
2.970000e+00 2.910243e-03
2.975000e+00 1.015738e-03
2.980000e+00 -1.042577e-03
2.985000e+00 -3.346940e-03
2.990000e+00 -5.532976e-03
2.995000e+00 -7.491802e-03
3 -9.044143e-03
