T X
0 0
5.000000e-03 -1.207176e-11
1.000000e-02 6.858822e-12
1.500000e-02 -5.250271e-11
2.000000e-02 -1.210026e-10
2.500000e-02 3.624403e-11
3.000000e-02 9.290304e-10
3.500000e-02 8.278214e-09
4.000000e-02 5.007130e-08
4.500000e-02 2.844604e-07
5.000000e-02 1.475238e-06
5.500000e-02 6.705848e-06
6.000000e-02 2.640555e-05
6.500000e-02 8.986961e-05
7.000000e-02 2.646712e-04
7.500000e-02 6.757572e-04
8.000000e-02 1.497193e-03
8.500000e-02 2.877499e-03
9.000000e-02 4.792434e-03
9.500000e-02 6.918177e-03
1.000000e-01 8.703965e-03
1.050000e-01 9.717419e-03
1.100000e-01 1.000142e-02
1.150000e-01 9.990621e-03
1.200000e-01 9.952717e-03
1.250000e-01 9.628497e-03
1.300000e-01 8.640885e-03
1.350000e-01 7.120783e-03
1.400000e-01 5.524983e-03
1.450000e-01 3.910353e-03
1.500000e-01 1.967110e-03
1.550000e-01 -2.247216e-04
1.600000e-01 -2.203921e-03
1.650000e-01 -3.922924e-03
1.700000e-01 -5.681271e-03
1.750000e-01 -7.335283e-03
1.800000e-01 -8.531189e-03
1.850000e-01 -9.417836e-03
1.900000e-01 -1.016132e-02
1.950000e-01 -1.041522e-02
2.000000e-01 -1.004715e-02
2.050000e-01 -9.371280e-03
2.100000e-01 -8.375875e-03
2.150000e-01 -6.921725e-03
2.200000e-01 -5.293560e-03
2.250000e-01 -3.578192e-03
2.300000e-01 -1.536513e-03
2.350000e-01 6.314680e-04
2.400000e-01 2.627513e-03
2.450000e-01 4.548068e-03
2.500000e-01 6.311749e-03
2.550000e-01 7.746520e-03
2.600000e-01 8.981535e-03
2.650000e-01 9.893176e-03
2.700000e-01 1.024889e-02
2.750000e-01 1.025109e-02
2.800000e-01 9.939264e-03
2.850000e-01 9.137452e-03
2.900000e-01 7.994891e-03
2.950000e-01 6.569646e-03
3.000000e-01 4.822273e-03
3.050000e-01 2.941878e-03
3.100000e-01 9.167545e-04
3.150000e-01 -1.227497e-03
3.200000e-01 -3.198196e-03
3.250000e-01 -5.044863e-03
3.300000e-01 -6.800545e-03
3.350000e-01 -8.196510e-03
3.400000e-01 -9.258171e-03
3.450000e-01 -1.000902e-02
3.500000e-01 -1.032089e-02
3.550000e-01 -1.025981e-02
3.600000e-01 -9.768822e-03
3.650000e-01 -8.851182e-03
3.700000e-01 -7.655939e-03
3.750000e-01 -6.085208e-03
3.800000e-01 -4.259695e-03
3.850000e-01 -2.362802e-03
3.900000e-01 -2.928753e-04
3.950000e-01 1.775514e-03
4.000000e-01 3.727059e-03
4.050000e-01 5.598211e-03
4.100000e-01 7.211113e-03
4.150000e-01 8.561690e-03
4.200000e-01 9.559612e-03
4.250000e-01 1.012748e-02
4.300000e-01 1.037900e-02
4.350000e-01 1.013428e-02
4.400000e-01 9.495865e-03
4.450000e-01 8.574090e-03
4.500000e-01 7.188060e-03
4.550000e-01 5.591765e-03
4.600000e-01 3.784150e-03
4.650000e-01 1.727069e-03
4.700000e-01 -2.951059e-04
4.750000e-01 -2.356932e-03
4.800000e-01 -4.322512e-03
4.850000e-01 -6.083472e-03
4.900000e-01 -7.657081e-03
4.950000e-01 -8.843449e-03
5.000000e-01 -9.756253e-03
5.050000e-01 -1.026422e-02
5.100000e-01 -1.029347e-02
5.150000e-01 -1.003539e-02
5.200000e-01 -9.285344e-03
5.250000e-01 -8.165063e-03
5.300000e-01 -6.780849e-03
5.350000e-01 -5.056242e-03
5.400000e-01 -3.181792e-03
5.450000e-01 -1.154734e-03
5.500000e-01 9.123521e-04
5.550000e-01 2.940336e-03
5.600000e-01 4.871370e-03
5.650000e-01 6.548894e-03
5.700000e-01 8.047694e-03
5.750000e-01 9.170758e-03
5.800000e-01 9.916389e-03
5.850000e-01 1.034389e-02
5.900000e-01 1.026211e-02
5.950000e-01 9.839329e-03
6.000000e-01 9.006699e-03
6.050000e-01 7.772521e-03
6.100000e-01 6.300215e-03
6.150000e-01 4.520536e-03
6.200000e-01 2.591611e-03
6.250000e-01 5.653967e-04
6.300000e-01 -1.485521e-03
6.350000e-01 -3.474988e-03
6.400000e-01 -5.346770e-03
6.450000e-01 -6.975433e-03
6.500000e-01 -8.382297e-03
6.550000e-01 -9.409082e-03
6.600000e-01 -1.007429e-02
6.650000e-01 -1.037075e-02
6.700000e-01 -1.018756e-02
6.750000e-01 -9.653424e-03
6.800000e-01 -8.706636e-03
6.850000e-01 -7.416376e-03
6.900000e-01 -5.836460e-03
6.950000e-01 -3.991505e-03
7.000000e-01 -2.026170e-03
7.050000e-01 6.155079e-05
7.100000e-01 2.138572e-03
7.150000e-01 4.118604e-03
7.200000e-01 5.929858e-03
7.250000e-01 7.506162e-03
7.300000e-01 8.784414e-03
7.350000e-01 9.674167e-03
7.400000e-01 1.022500e-02
7.450000e-01 1.034121e-02
7.500000e-01 1.005125e-02
7.550000e-01 9.384799e-03
7.600000e-01 8.310645e-03
7.650000e-01 6.938860e-03
7.700000e-01 5.262348e-03
7.750000e-01 3.399088e-03
7.800000e-01 1.407192e-03
7.850000e-01 -6.640683e-04
7.900000e-01 -2.674235e-03
7.950000e-01 -4.603425e-03
8.000000e-01 -6.359798e-03
8.050000e-01 -7.864740e-03
8.100000e-01 -9.048086e-03
8.150000e-01 -9.895776e-03
8.200000e-01 -1.033366e-02
8.250000e-01 -1.032716e-02
8.300000e-01 -9.944271e-03
8.350000e-01 -9.129551e-03
8.400000e-01 -7.966082e-03
8.450000e-01 -6.496227e-03
8.500000e-01 -4.755275e-03
8.550000e-01 -2.836232e-03
8.600000e-01 -7.876726e-04
8.650000e-01 1.269139e-03
8.700000e-01 3.295134e-03
8.750000e-01 5.187647e-03
8.800000e-01 6.850870e-03
8.850000e-01 8.250565e-03
8.900000e-01 9.316376e-03
8.950000e-01 1.001489e-02
9.000000e-01 1.030281e-02
9.050000e-01 1.020731e-02
9.100000e-01 9.708387e-03
9.150000e-01 8.803538e-03
9.200000e-01 7.568375e-03
9.250000e-01 6.022244e-03
9.300000e-01 4.227523e-03
9.350000e-01 2.269973e-03
9.400000e-01 2.266321e-04
9.450000e-01 -1.841553e-03
9.500000e-01 -3.823392e-03
9.550000e-01 -5.653199e-03
9.600000e-01 -7.281616e-03
9.650000e-01 -8.589949e-03
9.700000e-01 -9.586978e-03
9.750000e-01 -1.019158e-02
9.800000e-01 -1.036086e-02
9.850000e-01 -1.016295e-02
9.900000e-01 -9.513170e-03
9.950000e-01 -8.488952e-03
1 -7.157081e-03
1.005000e+00 -5.493766e-03
1.010000e+00 -3.645999e-03
1.015000e+00 -1.646834e-03
1.020000e+00 4.320751e-04
1.025000e+00 2.459175e-03
1.030000e+00 4.416691e-03
1.035000e+00 6.185299e-03
1.040000e+00 7.699850e-03
1.045000e+00 8.913760e-03
1.050000e+00 9.773390e-03
1.055000e+00 1.025164e-02
1.060000e+00 1.030049e-02
1.065000e+00 9.966717e-03
1.070000e+00 9.220876e-03
1.075000e+00 8.107495e-03
1.080000e+00 6.698037e-03
1.085000e+00 4.989252e-03
1.090000e+00 3.105578e-03
1.095000e+00 1.094105e-03
1.100000e+00 -9.858759e-04
1.105000e+00 -3.004091e-03
1.110000e+00 -4.922529e-03
1.115000e+00 -6.648097e-03
1.120000e+00 -8.090205e-03
1.125000e+00 -9.228834e-03
1.130000e+00 -9.982476e-03
1.135000e+00 -1.033404e-02
1.140000e+00 -1.029237e-02
1.145000e+00 -9.822893e-03
1.150000e+00 -8.967690e-03
1.155000e+00 -7.759855e-03
1.160000e+00 -6.220400e-03
1.165000e+00 -4.438740e-03
1.170000e+00 -2.504701e-03
1.175000e+00 -4.367486e-04
1.180000e+00 1.618712e-03
1.185000e+00 3.590883e-03
1.190000e+00 5.482517e-03
1.195000e+00 7.139851e-03
1.200000e+00 8.592843e-03
1.205000e+00 9.747975e-03
1.210000e+00 1.048182e-02
1.215000e+00 1.072236e-02
1.220000e+00 1.024512e-02
1.225000e+00 8.952120e-03
1.230000e+00 6.784902e-03
1.235000e+00 3.831302e-03
1.240000e+00 3.262767e-04
1.245000e+00 -3.337868e-03
1.250000e+00 -6.797520e-03
1.255000e+00 -9.813833e-03
1.260000e+00 -1.223390e-02
1.265000e+00 -1.417755e-02
1.270000e+00 -1.569370e-02
1.275000e+00 -1.676629e-02
1.280000e+00 -1.729511e-02
1.285000e+00 -1.705004e-02
1.290000e+00 -1.596909e-02
1.295000e+00 -1.408862e-02
1.300000e+00 -1.164323e-02
1.305000e+00 -8.892837e-03
1.310000e+00 -5.906298e-03
1.315000e+00 -2.714383e-03
1.320000e+00 6.807904e-04
1.325000e+00 4.165301e-03
1.330000e+00 7.526924e-03
1.335000e+00 1.047717e-02
1.340000e+00 1.283392e-02
1.345000e+00 1.467153e-02
1.350000e+00 1.608951e-02
1.355000e+00 1.699472e-02
1.360000e+00 1.711011e-02
1.365000e+00 1.640207e-02
1.370000e+00 1.510317e-02
1.375000e+00 1.317585e-02
1.380000e+00 1.068936e-02
1.385000e+00 8.265117e-03
1.390000e+00 6.046586e-03
1.395000e+00 3.580659e-03
1.400000e+00 1.105297e-03
1.405000e+00 -5.921437e-04
1.410000e+00 -1.582387e-03
1.415000e+00 -2.605757e-03
1.420000e+00 -3.743229e-03
1.425000e+00 -4.827769e-03
1.430000e+00 -5.948992e-03
1.435000e+00 -6.889839e-03
1.440000e+00 -7.543291e-03
1.445000e+00 -7.987090e-03
1.450000e+00 -7.866409e-03
1.455000e+00 -7.036284e-03
1.460000e+00 -5.999379e-03
1.465000e+00 -4.995804e-03
1.470000e+00 -3.897407e-03
1.475000e+00 -2.736822e-03
1.480000e+00 -1.317257e-03
1.485000e+00 4.424359e-04
1.490000e+00 2.150435e-03
1.495000e+00 3.656343e-03
1.500000e+00 4.913933e-03
1.505000e+00 5.745942e-03
1.510000e+00 6.301954e-03
1.515000e+00 6.795131e-03
1.520000e+00 7.101976e-03
1.525000e+00 7.216583e-03
1.530000e+00 7.079265e-03
1.535000e+00 6.503960e-03
1.540000e+00 5.641674e-03
1.545000e+00 4.541205e-03
1.550000e+00 3.278484e-03
1.555000e+00 2.040899e-03
1.560000e+00 6.782235e-04
1.565000e+00 -8.583760e-04
1.570000e+00 -2.351257e-03
1.575000e+00 -3.704745e-03
1.580000e+00 -4.840188e-03
1.585000e+00 -5.736856e-03
1.590000e+00 -6.562746e-03
1.595000e+00 -7.195772e-03
1.600000e+00 -7.444293e-03
1.605000e+00 -7.350206e-03
1.610000e+00 -6.843755e-03
1.615000e+00 -6.094670e-03
1.620000e+00 -5.346322e-03
1.625000e+00 -4.355592e-03
1.630000e+00 -3.084955e-03
1.635000e+00 -1.635663e-03
1.640000e+00 4.573073e-06
1.645000e+00 1.483553e-03
1.650000e+00 2.706716e-03
1.655000e+00 3.869481e-03
1.660000e+00 5.030028e-03
1.665000e+00 6.203612e-03
1.670000e+00 6.967389e-03
1.675000e+00 7.132301e-03
1.680000e+00 7.109044e-03
1.685000e+00 7.045795e-03
1.690000e+00 6.804640e-03
1.695000e+00 6.082542e-03
1.700000e+00 4.946501e-03
1.705000e+00 3.829332e-03
1.710000e+00 2.664760e-03
1.715000e+00 1.240034e-03
1.720000e+00 -2.957290e-04
1.725000e+00 -1.683343e-03
1.730000e+00 -2.936598e-03
1.735000e+00 -4.282119e-03
1.740000e+00 -5.471162e-03
1.745000e+00 -6.227742e-03
1.750000e+00 -6.816927e-03
1.755000e+00 -7.214377e-03
1.760000e+00 -7.271852e-03
1.765000e+00 -7.039251e-03
1.770000e+00 -6.555299e-03
1.775000e+00 -5.818859e-03
1.780000e+00 -4.705116e-03
1.785000e+00 -3.474662e-03
1.790000e+00 -2.325908e-03
1.795000e+00 -8.920352e-04
1.800000e+00 6.969042e-04
1.805000e+00 2.094641e-03
1.810000e+00 3.403887e-03
1.815000e+00 4.587579e-03
1.820000e+00 5.585839e-03
1.825000e+00 6.383388e-03
1.830000e+00 6.945600e-03
1.835000e+00 7.209844e-03
1.840000e+00 7.112311e-03
1.845000e+00 6.873867e-03
1.850000e+00 6.375967e-03
1.855000e+00 5.427172e-03
1.860000e+00 4.354916e-03
1.865000e+00 3.238745e-03
1.870000e+00 1.912176e-03
1.875000e+00 4.337173e-04
1.880000e+00 -9.796819e-04
1.885000e+00 -2.301312e-03
1.890000e+00 -3.658703e-03
1.895000e+00 -4.831145e-03
1.900000e+00 -5.758112e-03
1.905000e+00 -6.554103e-03
1.910000e+00 -7.021733e-03
1.915000e+00 -7.187568e-03
1.920000e+00 -7.105721e-03
1.925000e+00 -6.698691e-03
1.930000e+00 -6.071769e-03
1.935000e+00 -5.232405e-03
1.940000e+00 -4.110010e-03
1.945000e+00 -2.793411e-03
1.950000e+00 -1.454328e-03
1.955000e+00 -5.091370e-05
1.960000e+00 1.463735e-03
1.965000e+00 2.810798e-03
1.970000e+00 3.966544e-03
1.975000e+00 5.117572e-03
1.980000e+00 6.007482e-03
1.985000e+00 6.539295e-03
1.990000e+00 6.980450e-03
1.995000e+00 7.124418e-03
2 6.878491e-03
2.005000e+00 6.486937e-03
2.010000e+00 5.806133e-03
2.015000e+00 4.814618e-03
2.020000e+00 3.722024e-03
2.025000e+00 2.512723e-03
2.030000e+00 1.116757e-03
2.035000e+00 -2.999270e-04
2.040000e+00 -1.656391e-03
2.045000e+00 -3.024087e-03
2.050000e+00 -4.237878e-03
2.055000e+00 -5.285743e-03
2.060000e+00 -6.163449e-03
2.065000e+00 -6.734082e-03
2.070000e+00 -7.079588e-03
2.075000e+00 -7.116660e-03
2.080000e+00 -6.827615e-03
2.085000e+00 -6.340334e-03
2.090000e+00 -5.559530e-03
2.095000e+00 -4.502307e-03
2.100000e+00 -3.341115e-03
2.105000e+00 -2.040835e-03
2.110000e+00 -6.061239e-04
2.115000e+00 7.781700e-04
2.120000e+00 2.145432e-03
2.125000e+00 3.476549e-03
2.130000e+00 4.582445e-03
2.135000e+00 5.520276e-03
2.140000e+00 6.330333e-03
2.145000e+00 6.786174e-03
2.150000e+00 6.956025e-03
2.155000e+00 6.988805e-03
2.160000e+00 6.644352e-03
2.165000e+00 6.009397e-03
2.170000e+00 5.221432e-03
2.175000e+00 4.169352e-03
2.180000e+00 2.963865e-03
2.185000e+00 1.650654e-03
2.190000e+00 2.525927e-04
2.195000e+00 -1.181422e-03
2.200000e+00 -2.539932e-03
2.205000e+00 -3.774459e-03
2.210000e+00 -4.925685e-03
2.215000e+00 -5.840035e-03
2.220000e+00 -6.495635e-03
2.225000e+00 -6.923604e-03
2.230000e+00 -7.071259e-03
2.235000e+00 -6.918824e-03
2.240000e+00 -6.487592e-03
2.245000e+00 -5.847313e-03
2.250000e+00 -4.899248e-03
2.255000e+00 -3.745672e-03
2.260000e+00 -2.523961e-03
2.265000e+00 -1.126464e-03
2.270000e+00 2.614430e-04
2.275000e+00 1.615705e-03
2.280000e+00 2.979347e-03
2.285000e+00 4.166866e-03
2.290000e+00 5.195748e-03
2.295000e+00 6.050847e-03
2.300000e+00 6.633172e-03
2.305000e+00 6.951099e-03
2.310000e+00 7.023253e-03
2.315000e+00 6.791260e-03
2.320000e+00 6.282599e-03
2.325000e+00 5.567028e-03
2.330000e+00 4.574374e-03
2.335000e+00 3.429353e-03
2.340000e+00 2.183120e-03
2.345000e+00 7.949891e-04
2.350000e+00 -6.067600e-04
2.355000e+00 -2.022651e-03
2.360000e+00 -3.354254e-03
2.365000e+00 -4.523986e-03
2.370000e+00 -5.528979e-03
2.375000e+00 -6.279930e-03
2.380000e+00 -6.814111e-03
2.385000e+00 -7.074967e-03
2.390000e+00 -7.022140e-03
2.395000e+00 -6.759287e-03
2.400000e+00 -6.151653e-03
2.405000e+00 -5.291876e-03
2.410000e+00 -4.304518e-03
2.415000e+00 -3.026665e-03
2.420000e+00 -1.675243e-03
2.425000e+00 -3.308721e-04
2.430000e+00 1.122202e-03
2.435000e+00 2.481902e-03
2.440000e+00 3.703510e-03
2.445000e+00 4.840996e-03
2.450000e+00 5.718876e-03
2.455000e+00 6.344303e-03
2.460000e+00 6.771225e-03
2.465000e+00 6.860073e-03
2.470000e+00 6.722917e-03
2.475000e+00 6.345717e-03
2.480000e+00 5.675396e-03
2.485000e+00 4.869473e-03
2.490000e+00 3.862865e-03
2.495000e+00 2.677687e-03
2.500000e+00 1.452083e-03
2.505000e+00 1.623788e-04
2.510000e+00 -1.126169e-03
2.515000e+00 -2.299425e-03
2.520000e+00 -3.396131e-03
2.525000e+00 -4.382068e-03
2.530000e+00 -5.331186e-03
2.535000e+00 -6.374966e-03
2.540000e+00 -7.534111e-03
2.545000e+00 -8.870767e-03
2.550000e+00 -1.033875e-02
2.555000e+00 -1.172630e-02
2.560000e+00 -1.280207e-02
2.565000e+00 -1.340667e-02
2.570000e+00 -1.335294e-02
2.575000e+00 -1.258883e-02
2.580000e+00 -1.125561e-02
2.585000e+00 -9.466279e-03
2.590000e+00 -7.380293e-03
2.595000e+00 -5.179975e-03
2.600000e+00 -2.875574e-03
2.605000e+00 -4.784575e-04
2.610000e+00 2.001660e-03
2.615000e+00 4.610392e-03
2.620000e+00 7.142255e-03
2.625000e+00 9.377633e-03
2.630000e+00 1.116240e-02
2.635000e+00 1.231688e-02
2.640000e+00 1.289104e-02
2.645000e+00 1.298856e-02
2.650000e+00 1.267137e-02
2.655000e+00 1.195825e-02
2.660000e+00 1.078761e-02
2.665000e+00 9.077040e-03
2.670000e+00 6.870148e-03
2.675000e+00 4.342382e-03
2.680000e+00 1.675868e-03
2.685000e+00 -9.093095e-04
2.690000e+00 -3.345352e-03
2.695000e+00 -5.602259e-03
2.700000e+00 -7.539059e-03
2.705000e+00 -8.957915e-03
2.710000e+00 -9.594817e-03
2.715000e+00 -9.298057e-03
2.720000e+00 -8.116094e-03
2.725000e+00 -6.270624e-03
2.730000e+00 -4.144210e-03
2.735000e+00 -1.983149e-03
2.740000e+00 1.396224e-04
2.745000e+00 2.140319e-03
2.750000e+00 4.072231e-03
2.755000e+00 5.772421e-03
2.760000e+00 7.144203e-03
2.765000e+00 8.350419e-03
2.770000e+00 9.346512e-03
2.775000e+00 1.007093e-02
2.780000e+00 1.051619e-02
2.785000e+00 1.062679e-02
2.790000e+00 1.011464e-02
2.795000e+00 8.929287e-03
2.800000e+00 7.411700e-03
2.805000e+00 5.765318e-03
2.810000e+00 4.030708e-03
2.815000e+00 2.137215e-03
2.820000e+00 5.669836e-05
2.825000e+00 -2.220985e-03
2.830000e+00 -4.622502e-03
2.835000e+00 -6.784538e-03
2.840000e+00 -8.510049e-03
2.845000e+00 -9.730010e-03
2.850000e+00 -1.035503e-02
2.855000e+00 -1.068911e-02
2.860000e+00 -1.080894e-02
2.865000e+00 -1.054537e-02
2.870000e+00 -9.883415e-03
2.875000e+00 -8.724905e-03
2.880000e+00 -7.188998e-03
2.885000e+00 -5.365671e-03
2.890000e+00 -3.268686e-03
2.895000e+00 -1.057100e-03
2.900000e+00 1.155444e-03
2.905000e+00 3.142799e-03
2.910000e+00 5.000246e-03
2.915000e+00 6.952120e-03
2.920000e+00 8.591962e-03
2.925000e+00 9.779695e-03
2.930000e+00 1.070135e-02
2.935000e+00 1.113791e-02
2.940000e+00 1.094869e-02
2.945000e+00 1.029563e-02
2.950000e+00 9.514267e-03
2.955000e+00 8.506871e-03
2.960000e+00 6.829495e-03
2.965000e+00 4.640318e-03
2.970000e+00 2.512422e-03
2.975000e+00 6.129087e-04
2.980000e+00 -1.510704e-03
2.985000e+00 -3.866588e-03
2.990000e+00 -5.965043e-03
2.995000e+00 -7.744866e-03
3 -9.169311e-03
