T X
0 0
5.000000e-03 2.241740e-12
1.000000e-02 -2.087122e-11
1.500000e-02 -5.696696e-11
2.000000e-02 -1.672211e-10
2.500000e-02 -4.497086e-10
3.000000e-02 -1.188850e-09
3.500000e-02 -1.338339e-09
4.000000e-02 1.127953e-08
4.500000e-02 1.164763e-07
5.000000e-02 7.305884e-07
5.500000e-02 3.626210e-06
6.000000e-02 1.527239e-05
6.500000e-02 5.541907e-05
7.000000e-02 1.739010e-04
7.500000e-02 4.727739e-04
8.000000e-02 1.115108e-03
8.500000e-02 2.282455e-03
9.000000e-02 4.050606e-03
9.500000e-02 6.228047e-03
1.000000e-01 8.317854e-03
1.050000e-01 9.763948e-03
1.100000e-01 1.037362e-02
1.150000e-01 1.047006e-02
1.200000e-01 1.047225e-02
1.250000e-01 1.033231e-02
1.300000e-01 9.627146e-03
1.350000e-01 8.246583e-03
1.400000e-01 6.603688e-03
1.450000e-01 4.970321e-03
1.500000e-01 3.100382e-03
1.550000e-01 8.663844e-04
1.600000e-01 -1.326496e-03
1.650000e-01 -3.220512e-03
1.700000e-01 -5.075261e-03
1.750000e-01 -6.922024e-03
1.800000e-01 -8.360081e-03
1.850000e-01 -9.360848e-03
1.900000e-01 -1.019434e-02
1.950000e-01 -1.065829e-02
2.000000e-01 -1.049480e-02
2.050000e-01 -9.965618e-03
2.100000e-01 -9.169683e-03
2.150000e-01 -7.882644e-03
2.200000e-01 -6.290364e-03
2.250000e-01 -4.613775e-03
2.300000e-01 -2.626946e-03
2.350000e-01 -4.200274e-04
2.400000e-01 1.633792e-03
2.450000e-01 3.618709e-03
2.500000e-01 5.557326e-03
2.550000e-01 7.185302e-03
2.600000e-01 8.574366e-03
2.650000e-01 9.695557e-03
2.700000e-01 1.025943e-02
2.750000e-01 1.044843e-02
2.800000e-01 1.039242e-02
2.850000e-01 9.802961e-03
2.900000e-01 8.779501e-03
2.950000e-01 7.500426e-03
3.000000e-01 5.848906e-03
3.050000e-01 3.975425e-03
3.100000e-01 1.986984e-03
3.150000e-01 -1.516950e-04
3.200000e-01 -2.192514e-03
3.250000e-01 -4.127075e-03
3.300000e-01 -6.036696e-03
3.350000e-01 -7.625126e-03
3.400000e-01 -8.864736e-03
3.450000e-01 -9.840859e-03
3.500000e-01 -1.037846e-02
3.550000e-01 -1.049477e-02
3.600000e-01 -1.020275e-02
3.650000e-01 -9.468075e-03
3.700000e-01 -8.417250e-03
3.750000e-01 -7.015826e-03
3.800000e-01 -5.306948e-03
3.850000e-01 -3.448689e-03
3.900000e-01 -1.393283e-03
3.950000e-01 7.445453e-04
4.000000e-01 2.783795e-03
4.050000e-01 4.743109e-03
4.100000e-01 6.525414e-03
4.150000e-01 8.004439e-03
4.200000e-01 9.177619e-03
4.250000e-01 1.001404e-02
4.300000e-01 1.044662e-02
4.350000e-01 1.044746e-02
4.400000e-01 1.004353e-02
4.450000e-01 9.233786e-03
4.500000e-01 8.028850e-03
4.550000e-01 6.528903e-03
4.600000e-01 4.784219e-03
4.650000e-01 2.809367e-03
4.700000e-01 7.465033e-04
4.750000e-01 -1.312679e-03
4.800000e-01 -3.379242e-03
4.850000e-01 -5.298548e-03
4.900000e-01 -6.959099e-03
4.950000e-01 -8.403409e-03
5.000000e-01 -9.501805e-03
5.050000e-01 -1.017234e-02
5.100000e-01 -1.049334e-02
5.150000e-01 -1.037835e-02
5.200000e-01 -9.812716e-03
5.250000e-01 -8.921251e-03
5.300000e-01 -7.643194e-03
5.350000e-01 -6.012844e-03
5.400000e-01 -4.212923e-03
5.450000e-01 -2.230536e-03
5.500000e-01 -1.009454e-04
5.550000e-01 1.972578e-03
5.600000e-01 3.968585e-03
5.650000e-01 5.864132e-03
5.700000e-01 7.438271e-03
5.750000e-01 8.727678e-03
5.800000e-01 9.749835e-03
5.850000e-01 1.028809e-02
5.900000e-01 1.044796e-02
5.950000e-01 1.025907e-02
6.000000e-01 9.589074e-03
6.050000e-01 8.563876e-03
6.100000e-01 7.218168e-03
6.150000e-01 5.554972e-03
6.200000e-01 3.673834e-03
6.250000e-01 1.657672e-03
6.300000e-01 -4.279411e-04
6.350000e-01 -2.503202e-03
6.400000e-01 -4.465232e-03
6.450000e-01 -6.283108e-03
6.500000e-01 -7.831025e-03
6.550000e-01 -9.076226e-03
6.600000e-01 -9.985538e-03
6.650000e-01 -1.043944e-02
6.700000e-01 -1.051414e-02
6.750000e-01 -1.014193e-02
6.800000e-01 -9.356035e-03
6.850000e-01 -8.242540e-03
6.900000e-01 -6.745314e-03
6.950000e-01 -5.026267e-03
7.000000e-01 -3.103931e-03
7.050000e-01 -1.026342e-03
7.100000e-01 1.059618e-03
7.150000e-01 3.140452e-03
7.200000e-01 5.064075e-03
7.250000e-01 6.786806e-03
7.300000e-01 8.252913e-03
7.350000e-01 9.363516e-03
7.400000e-01 1.011950e-02
7.450000e-01 1.046286e-02
7.500000e-01 1.041289e-02
7.550000e-01 9.933729e-03
7.600000e-01 9.056960e-03
7.650000e-01 7.814101e-03
7.700000e-01 6.248104e-03
7.750000e-01 4.465604e-03
7.800000e-01 2.468089e-03
7.850000e-01 4.098908e-04
7.900000e-01 -1.669762e-03
7.950000e-01 -3.693624e-03
8.000000e-01 -5.553950e-03
8.050000e-01 -7.222467e-03
8.100000e-01 -8.599218e-03
8.150000e-01 -9.638625e-03
8.200000e-01 -1.026286e-02
8.250000e-01 -1.049551e-02
8.300000e-01 -1.029856e-02
8.350000e-01 -9.711850e-03
8.400000e-01 -8.726474e-03
8.450000e-01 -7.383248e-03
8.500000e-01 -5.791009e-03
8.550000e-01 -3.908918e-03
8.600000e-01 -1.906986e-03
8.650000e-01 1.952809e-04
8.700000e-01 2.305785e-03
8.750000e-01 4.277145e-03
8.800000e-01 6.095553e-03
8.850000e-01 7.683186e-03
8.900000e-01 8.941431e-03
8.950000e-01 9.845672e-03
9.000000e-01 1.038901e-02
9.050000e-01 1.047957e-02
9.100000e-01 1.018265e-02
9.150000e-01 9.465939e-03
9.200000e-01 8.351507e-03
9.250000e-01 6.937252e-03
9.300000e-01 5.233147e-03
9.350000e-01 3.305398e-03
9.400000e-01 1.275838e-03
9.450000e-01 -8.003052e-04
9.500000e-01 -2.885758e-03
9.550000e-01 -4.808320e-03
9.600000e-01 -6.569862e-03
9.650000e-01 -8.080099e-03
9.700000e-01 -9.233903e-03
9.750000e-01 -1.004820e-02
9.800000e-01 -1.046152e-02
9.850000e-01 -1.043806e-02
9.900000e-01 -1.000640e-02
9.950000e-01 -9.192464e-03
1 -7.972881e-03
1.005000e+00 -6.484801e-03
1.010000e+00 -4.721866e-03
1.015000e+00 -2.730077e-03
1.020000e+00 -6.884223e-04
1.025000e+00 1.413965e-03
1.030000e+00 3.480092e-03
1.035000e+00 5.361913e-03
1.040000e+00 7.069578e-03
1.045000e+00 8.476957e-03
1.050000e+00 9.500572e-03
1.055000e+00 1.022398e-02
1.060000e+00 1.049634e-02
1.065000e+00 1.034871e-02
1.070000e+00 9.816003e-03
1.075000e+00 8.862370e-03
1.080000e+00 7.583678e-03
1.085000e+00 5.974581e-03
1.090000e+00 4.124224e-03
1.095000e+00 2.130125e-03
1.100000e+00 5.577526e-05
1.105000e+00 -2.026315e-03
1.110000e+00 -4.016189e-03
1.115000e+00 -5.831373e-03
1.120000e+00 -7.440663e-03
1.125000e+00 -8.722752e-03
1.130000e+00 -9.680986e-03
1.135000e+00 -1.032088e-02
1.140000e+00 -1.066044e-02
1.145000e+00 -1.086972e-02
1.150000e+00 -1.099135e-02
1.155000e+00 -1.118873e-02
1.160000e+00 -1.149790e-02
1.165000e+00 -1.174666e-02
1.170000e+00 -1.184665e-02
1.175000e+00 -1.144547e-02
1.180000e+00 -1.036414e-02
1.185000e+00 -8.617166e-03
1.190000e+00 -6.238515e-03
1.195000e+00 -3.630735e-03
1.200000e+00 -1.077444e-03
1.205000e+00 1.276021e-03
1.210000e+00 3.376725e-03
1.215000e+00 5.400851e-03
1.220000e+00 7.425191e-03
1.225000e+00 9.344519e-03
1.230000e+00 1.097462e-02
1.235000e+00 1.201722e-02
1.240000e+00 1.234616e-02
1.245000e+00 1.213388e-02
1.250000e+00 1.155774e-02
1.255000e+00 1.074599e-02
1.260000e+00 9.618039e-03
1.265000e+00 8.003383e-03
1.270000e+00 5.844773e-03
1.275000e+00 3.319406e-03
1.280000e+00 7.476585e-04
1.285000e+00 -1.608636e-03
1.290000e+00 -3.654386e-03
1.295000e+00 -5.450736e-03
1.300000e+00 -6.961906e-03
1.305000e+00 -7.934905e-03
1.310000e+00 -8.114690e-03
1.315000e+00 -7.397179e-03
1.320000e+00 -5.903535e-03
1.325000e+00 -3.995999e-03
1.330000e+00 -1.908863e-03
1.335000e+00 1.899955e-04
1.340000e+00 2.187052e-03
1.345000e+00 3.911663e-03
1.350000e+00 5.156207e-03
1.355000e+00 6.052590e-03
1.360000e+00 6.854668e-03
1.365000e+00 7.717462e-03
1.370000e+00 8.547601e-03
1.375000e+00 9.123980e-03
1.380000e+00 9.145630e-03
1.385000e+00 8.414970e-03
1.390000e+00 7.210042e-03
1.395000e+00 6.003340e-03
1.400000e+00 4.854600e-03
1.405000e+00 3.283591e-03
1.410000e+00 1.475352e-03
1.415000e+00 -3.463494e-05
1.420000e+00 -1.600735e-03
1.425000e+00 -3.633381e-03
1.430000e+00 -5.642799e-03
1.435000e+00 -6.937233e-03
1.440000e+00 -7.767282e-03
1.445000e+00 -8.427560e-03
1.450000e+00 -8.824881e-03
1.455000e+00 -9.135020e-03
1.460000e+00 -9.167193e-03
1.465000e+00 -8.490458e-03
1.470000e+00 -7.325469e-03
1.475000e+00 -6.038043e-03
1.480000e+00 -4.522776e-03
1.485000e+00 -2.869158e-03
1.490000e+00 -1.254498e-03
1.495000e+00 5.764427e-04
1.500000e+00 2.568806e-03
1.505000e+00 4.309354e-03
1.510000e+00 5.814023e-03
1.515000e+00 7.112068e-03
1.520000e+00 8.012460e-03
1.525000e+00 8.761257e-03
1.530000e+00 9.264567e-03
1.535000e+00 9.194723e-03
1.540000e+00 8.796040e-03
1.545000e+00 8.082184e-03
1.550000e+00 6.947784e-03
1.555000e+00 5.683002e-03
1.560000e+00 4.335900e-03
1.565000e+00 2.541871e-03
1.570000e+00 5.903636e-04
1.575000e+00 -1.234175e-03
1.580000e+00 -3.025819e-03
1.585000e+00 -4.530176e-03
1.590000e+00 -6.015371e-03
1.595000e+00 -7.477280e-03
1.600000e+00 -8.426609e-03
1.605000e+00 -9.028200e-03
1.610000e+00 -9.269850e-03
1.615000e+00 -9.062128e-03
1.620000e+00 -8.722685e-03
1.625000e+00 -8.075112e-03
1.630000e+00 -6.868842e-03
1.635000e+00 -5.380557e-03
1.640000e+00 -3.687635e-03
1.645000e+00 -2.009068e-03
1.650000e+00 -3.524245e-04
1.655000e+00 1.637941e-03
1.660000e+00 3.597457e-03
1.665000e+00 5.231030e-03
1.670000e+00 6.569662e-03
1.675000e+00 7.676604e-03
1.680000e+00 8.704697e-03
1.685000e+00 9.355261e-03
1.690000e+00 9.344123e-03
1.695000e+00 9.092513e-03
1.700000e+00 8.712441e-03
1.705000e+00 7.827908e-03
1.710000e+00 6.493199e-03
1.715000e+00 4.964763e-03
1.720000e+00 3.372842e-03
1.725000e+00 1.608542e-03
1.730000e+00 -3.607823e-04
1.735000e+00 -2.248916e-03
1.740000e+00 -3.959401e-03
1.745000e+00 -5.577685e-03
1.750000e+00 -7.046076e-03
1.755000e+00 -8.176053e-03
1.760000e+00 -8.938925e-03
1.765000e+00 -9.500095e-03
1.770000e+00 -9.552225e-03
1.775000e+00 -9.064628e-03
1.780000e+00 -8.489723e-03
1.785000e+00 -7.587092e-03
1.790000e+00 -6.204919e-03
1.795000e+00 -4.638232e-03
1.800000e+00 -2.911000e-03
1.805000e+00 -1.088671e-03
1.810000e+00 8.264478e-04
1.815000e+00 2.780831e-03
1.820000e+00 4.510598e-03
1.825000e+00 6.104223e-03
1.830000e+00 7.481578e-03
1.835000e+00 8.503008e-03
1.840000e+00 9.325366e-03
1.845000e+00 9.665915e-03
1.850000e+00 9.548403e-03
1.855000e+00 9.238376e-03
1.860000e+00 8.474258e-03
1.865000e+00 7.285412e-03
1.870000e+00 5.824459e-03
1.875000e+00 4.247315e-03
1.880000e+00 2.489444e-03
1.885000e+00 4.728020e-04
1.890000e+00 -1.417200e-03
1.895000e+00 -3.278090e-03
1.900000e+00 -5.090522e-03
1.905000e+00 -6.579045e-03
1.910000e+00 -7.868832e-03
1.915000e+00 -8.872251e-03
1.920000e+00 -9.502045e-03
1.925000e+00 -9.737000e-03
1.930000e+00 -9.571513e-03
1.935000e+00 -9.101979e-03
1.940000e+00 -8.209328e-03
1.945000e+00 -7.008859e-03
1.950000e+00 -5.518720e-03
1.955000e+00 -3.760567e-03
1.960000e+00 -1.988636e-03
1.965000e+00 -2.640670e-05
1.970000e+00 1.959506e-03
1.975000e+00 3.767173e-03
1.980000e+00 5.477471e-03
1.985000e+00 7.003415e-03
1.990000e+00 8.238033e-03
1.995000e+00 9.057111e-03
2 9.629866e-03
2.005000e+00 9.817654e-03
2.010000e+00 9.509575e-03
2.015000e+00 8.951941e-03
2.020000e+00 7.980716e-03
2.025000e+00 6.659932e-03
2.030000e+00 5.140637e-03
2.035000e+00 3.347055e-03
2.040000e+00 1.439913e-03
2.045000e+00 -4.990885e-04
2.050000e+00 -2.404490e-03
2.055000e+00 -4.247987e-03
2.060000e+00 -5.929455e-03
2.065000e+00 -7.327995e-03
2.070000e+00 -8.501508e-03
2.075000e+00 -9.309406e-03
2.080000e+00 -9.728963e-03
2.085000e+00 -9.783568e-03
2.090000e+00 -9.429292e-03
2.095000e+00 -8.741931e-03
2.100000e+00 -7.640485e-03
2.105000e+00 -6.262502e-03
2.110000e+00 -4.715896e-03
2.115000e+00 -2.877590e-03
2.120000e+00 -9.434238e-04
2.125000e+00 9.765452e-04
2.130000e+00 2.935637e-03
2.135000e+00 4.753854e-03
2.140000e+00 6.316053e-03
2.145000e+00 7.673455e-03
2.150000e+00 8.729634e-03
2.155000e+00 9.434100e-03
2.160000e+00 9.742729e-03
2.165000e+00 9.683590e-03
2.170000e+00 9.281566e-03
2.175000e+00 8.453227e-03
2.180000e+00 7.322195e-03
2.185000e+00 5.828506e-03
2.190000e+00 4.140345e-03
2.195000e+00 2.414636e-03
2.200000e+00 4.057156e-04
2.205000e+00 -1.537295e-03
2.210000e+00 -3.352898e-03
2.215000e+00 -5.165802e-03
2.220000e+00 -6.717568e-03
2.225000e+00 -7.957168e-03
2.230000e+00 -8.936691e-03
2.235000e+00 -9.576234e-03
2.240000e+00 -9.731020e-03
2.245000e+00 -9.578680e-03
2.250000e+00 -9.064676e-03
2.255000e+00 -8.070946e-03
2.260000e+00 -6.892093e-03
2.265000e+00 -5.438230e-03
2.270000e+00 -3.647776e-03
2.275000e+00 -1.792101e-03
2.280000e+00 1.198129e-04
2.285000e+00 2.065077e-03
2.290000e+00 3.882191e-03
2.295000e+00 5.479835e-03
2.300000e+00 6.932201e-03
2.305000e+00 8.094922e-03
2.310000e+00 8.917956e-03
2.315000e+00 9.452292e-03
2.320000e+00 9.572820e-03
2.325000e+00 9.325852e-03
2.330000e+00 8.783266e-03
2.335000e+00 7.841397e-03
2.340000e+00 6.560688e-03
2.345000e+00 5.032568e-03
2.350000e+00 3.226938e-03
2.355000e+00 1.258158e-03
2.360000e+00 -8.787382e-04
2.365000e+00 -3.105179e-03
2.370000e+00 -5.472634e-03
2.375000e+00 -7.930867e-03
2.380000e+00 -1.047524e-02
2.385000e+00 -1.314916e-02
2.390000e+00 -1.560622e-02
2.395000e+00 -1.781407e-02
2.400000e+00 -1.942388e-02
2.405000e+00 -2.013751e-02
2.410000e+00 -1.992338e-02
2.415000e+00 -1.859527e-02
2.420000e+00 -1.632617e-02
2.425000e+00 -1.330832e-02
2.430000e+00 -9.835077e-03
2.435000e+00 -6.160773e-03
2.440000e+00 -2.468205e-03
2.445000e+00 1.192770e-03
2.450000e+00 4.821029e-03
2.455000e+00 8.295328e-03
2.460000e+00 1.169703e-02
2.465000e+00 1.480103e-02
2.470000e+00 1.730290e-02
2.475000e+00 1.914114e-02
2.480000e+00 2.001131e-02
2.485000e+00 1.990474e-02
2.490000e+00 1.906644e-02
2.495000e+00 1.750183e-02
2.500000e+00 1.539080e-02
2.505000e+00 1.286866e-02
2.510000e+00 9.816854e-03
2.515000e+00 6.376080e-03
2.520000e+00 2.769869e-03
2.525000e+00 -7.894537e-04
2.530000e+00 -3.816195e-03
2.535000e+00 -6.136583e-03
2.540000e+00 -7.707416e-03
2.545000e+00 -8.649657e-03
2.550000e+00 -9.242068e-03
2.555000e+00 -9.441841e-03
2.560000e+00 -9.275054e-03
2.565000e+00 -8.747632e-03
2.570000e+00 -7.884301e-03
2.575000e+00 -6.903340e-03
2.580000e+00 -5.953840e-03
2.585000e+00 -4.968533e-03
2.590000e+00 -3.716714e-03
2.595000e+00 -2.025142e-03
2.600000e+00 1.193054e-04
2.605000e+00 2.553301e-03
2.610000e+00 4.791148e-03
2.615000e+00 6.531164e-03
2.620000e+00 7.769521e-03
2.625000e+00 8.511938e-03
2.630000e+00 9.038466e-03
2.635000e+00 9.368182e-03
2.640000e+00 9.401883e-03
2.645000e+00 9.135228e-03
2.650000e+00 8.455849e-03
2.655000e+00 7.371825e-03
2.660000e+00 5.919615e-03
2.665000e+00 4.177026e-03
2.670000e+00 2.182681e-03
2.675000e+00 1.343465e-04
2.680000e+00 -1.781922e-03
2.685000e+00 -3.490294e-03
2.690000e+00 -5.005632e-03
2.695000e+00 -6.496066e-03
2.700000e+00 -7.940643e-03
2.705000e+00 -9.176201e-03
2.710000e+00 -9.867585e-03
2.715000e+00 -9.925519e-03
2.720000e+00 -9.470563e-03
2.725000e+00 -8.659652e-03
2.730000e+00 -7.815487e-03
2.735000e+00 -6.863483e-03
2.740000e+00 -5.636758e-03
2.745000e+00 -3.981973e-03
2.750000e+00 -1.861274e-03
2.755000e+00 3.148621e-04
2.760000e+00 2.319385e-03
2.765000e+00 4.079812e-03
2.770000e+00 5.594269e-03
2.775000e+00 7.044756e-03
2.780000e+00 8.335334e-03
2.785000e+00 9.306374e-03
2.790000e+00 9.929933e-03
2.795000e+00 1.005154e-02
2.800000e+00 9.723274e-03
2.805000e+00 9.023926e-03
2.810000e+00 7.929590e-03
2.815000e+00 6.562534e-03
2.820000e+00 4.954108e-03
2.825000e+00 3.215107e-03
2.830000e+00 1.355534e-03
2.835000e+00 -7.363239e-04
2.840000e+00 -2.885771e-03
2.845000e+00 -4.780719e-03
2.850000e+00 -6.337123e-03
2.855000e+00 -7.671691e-03
2.860000e+00 -8.818390e-03
2.865000e+00 -9.719688e-03
2.870000e+00 -1.022398e-02
2.875000e+00 -1.011156e-02
2.880000e+00 -9.482081e-03
2.885000e+00 -8.686612e-03
2.890000e+00 -7.674479e-03
2.895000e+00 -6.322564e-03
2.900000e+00 -4.586145e-03
2.905000e+00 -2.522019e-03
2.910000e+00 -4.194142e-04
2.915000e+00 1.576482e-03
2.920000e+00 3.327757e-03
2.925000e+00 5.086212e-03
2.930000e+00 6.965831e-03
2.935000e+00 8.497968e-03
2.940000e+00 9.426020e-03
2.945000e+00 9.759781e-03
2.950000e+00 1.002907e-02
2.955000e+00 1.023509e-02
2.960000e+00 9.731844e-03
2.965000e+00 8.543369e-03
2.970000e+00 7.155727e-03
2.975000e+00 5.746008e-03
2.980000e+00 3.927331e-03
2.985000e+00 1.892312e-03
2.990000e+00 -3.962218e-05
2.995000e+00 -2.071300e-03
3 -4.133864e-03
