T X
0 0
5.000000e-03 4.066745e-11
1.000000e-02 -4.620736e-11
1.500000e-02 -1.151505e-10
2.000000e-02 -8.555536e-11
2.500000e-02 -1.690498e-10
3.000000e-02 -3.870794e-10
3.500000e-02 -3.423416e-10
4.000000e-02 9.630873e-09
4.500000e-02 1.065954e-07
5.000000e-02 7.175351e-07
5.500000e-02 3.678232e-06
6.000000e-02 1.552290e-05
6.500000e-02 5.584096e-05
7.000000e-02 1.737627e-04
7.500000e-02 4.701394e-04
8.000000e-02 1.106824e-03
8.500000e-02 2.264375e-03
9.000000e-02 4.017891e-03
9.500000e-02 6.176824e-03
1.000000e-01 8.248405e-03
1.050000e-01 9.680801e-03
1.100000e-01 1.028010e-02
1.150000e-01 1.036668e-02
1.200000e-01 1.036646e-02
1.250000e-01 1.024272e-02
1.300000e-01 9.563700e-03
1.350000e-01 8.191780e-03
1.400000e-01 6.534240e-03
1.450000e-01 4.894354e-03
1.500000e-01 3.045935e-03
1.550000e-01 8.362488e-04
1.600000e-01 -1.348931e-03
1.650000e-01 -3.223896e-03
1.700000e-01 -5.035036e-03
1.750000e-01 -6.853836e-03
1.800000e-01 -8.290205e-03
1.850000e-01 -9.274785e-03
1.900000e-01 -1.008534e-02
1.950000e-01 -1.055932e-02
2.000000e-01 -1.041282e-02
2.050000e-01 -9.880800e-03
2.100000e-01 -9.095907e-03
2.150000e-01 -7.830671e-03
2.200000e-01 -6.235847e-03
2.250000e-01 -4.556446e-03
2.300000e-01 -2.585922e-03
2.350000e-01 -3.882957e-04
2.400000e-01 1.652363e-03
2.450000e-01 3.602314e-03
2.500000e-01 5.517628e-03
2.550000e-01 7.143004e-03
2.600000e-01 8.521140e-03
2.650000e-01 9.626209e-03
2.700000e-01 1.017927e-02
2.750000e-01 1.035110e-02
2.800000e-01 1.028376e-02
2.850000e-01 9.708485e-03
2.900000e-01 8.695179e-03
2.950000e-01 7.406514e-03
3.000000e-01 5.773075e-03
3.050000e-01 3.942489e-03
3.100000e-01 1.967534e-03
3.150000e-01 -1.665555e-04
3.200000e-01 -2.185317e-03
3.250000e-01 -4.105922e-03
3.300000e-01 -6.001364e-03
3.350000e-01 -7.569475e-03
3.400000e-01 -8.802120e-03
3.450000e-01 -9.770117e-03
3.500000e-01 -1.029078e-02
3.550000e-01 -1.039777e-02
3.600000e-01 -1.010740e-02
3.650000e-01 -9.386123e-03
3.700000e-01 -8.347850e-03
3.750000e-01 -6.943687e-03
3.800000e-01 -5.247038e-03
3.850000e-01 -3.413752e-03
3.900000e-01 -1.356087e-03
3.950000e-01 7.691427e-04
4.000000e-01 2.781408e-03
4.050000e-01 4.733793e-03
4.100000e-01 6.470062e-03
4.150000e-01 7.931714e-03
4.200000e-01 9.137324e-03
4.250000e-01 9.927449e-03
4.300000e-01 1.033788e-02
4.350000e-01 1.037073e-02
4.400000e-01 9.951878e-03
4.450000e-01 9.141812e-03
4.500000e-01 7.935534e-03
4.550000e-01 6.454361e-03
4.600000e-01 4.740698e-03
4.650000e-01 2.761477e-03
4.700000e-01 7.437629e-04
4.750000e-01 -1.317010e-03
4.800000e-01 -3.380452e-03
4.850000e-01 -5.235937e-03
4.900000e-01 -6.935709e-03
4.950000e-01 -8.360452e-03
5.000000e-01 -9.409733e-03
5.050000e-01 -1.010835e-02
5.100000e-01 -1.039249e-02
5.150000e-01 -1.028643e-02
5.200000e-01 -9.737212e-03
5.250000e-01 -8.825430e-03
5.300000e-01 -7.574284e-03
5.350000e-01 -5.942506e-03
5.400000e-01 -4.169322e-03
5.450000e-01 -2.188487e-03
5.500000e-01 -5.718749e-05
5.550000e-01 1.961376e-03
5.600000e-01 3.964354e-03
5.650000e-01 5.815088e-03
5.700000e-01 7.377296e-03
5.750000e-01 8.687857e-03
5.800000e-01 9.638583e-03
5.850000e-01 1.020631e-02
5.900000e-01 1.038504e-02
5.950000e-01 1.015580e-02
6.000000e-01 9.492805e-03
6.050000e-01 8.481269e-03
6.100000e-01 7.154057e-03
6.150000e-01 5.472659e-03
6.200000e-01 3.637836e-03
6.250000e-01 1.639008e-03
6.300000e-01 -4.540111e-04
6.350000e-01 -2.470989e-03
6.400000e-01 -4.466711e-03
6.450000e-01 -6.245273e-03
6.500000e-01 -7.769746e-03
6.550000e-01 -9.031913e-03
6.600000e-01 -9.888556e-03
6.650000e-01 -1.036196e-02
6.700000e-01 -1.041294e-02
6.750000e-01 -1.005448e-02
6.800000e-01 -9.271104e-03
6.850000e-01 -8.144447e-03
6.900000e-01 -6.705055e-03
6.950000e-01 -4.951719e-03
7.000000e-01 -3.055354e-03
7.050000e-01 -1.004605e-03
7.100000e-01 1.090818e-03
7.150000e-01 3.112539e-03
7.200000e-01 5.032676e-03
7.250000e-01 6.753065e-03
7.300000e-01 8.182637e-03
7.350000e-01 9.279795e-03
7.400000e-01 1.004362e-02
7.450000e-01 1.038431e-02
7.500000e-01 1.033198e-02
7.550000e-01 9.833617e-03
7.600000e-01 8.962302e-03
7.650000e-01 7.754766e-03
7.700000e-01 6.165120e-03
7.750000e-01 4.409509e-03
7.800000e-01 2.439086e-03
7.850000e-01 3.853483e-04
7.900000e-01 -1.662440e-03
7.950000e-01 -3.683727e-03
8.000000e-01 -5.524768e-03
8.050000e-01 -7.186545e-03
8.100000e-01 -8.535442e-03
8.150000e-01 -9.559805e-03
8.200000e-01 -1.017792e-02
8.250000e-01 -1.040242e-02
8.300000e-01 -1.021617e-02
8.350000e-01 -9.597689e-03
8.400000e-01 -8.656068e-03
8.450000e-01 -7.320761e-03
8.500000e-01 -5.715177e-03
8.550000e-01 -3.872602e-03
8.600000e-01 -1.857667e-03
8.650000e-01 2.201714e-04
8.700000e-01 2.286849e-03
8.750000e-01 4.259647e-03
8.800000e-01 6.073958e-03
8.850000e-01 7.606767e-03
8.900000e-01 8.871519e-03
8.950000e-01 9.779014e-03
9.000000e-01 1.030242e-02
9.050000e-01 1.040141e-02
9.100000e-01 1.008347e-02
9.150000e-01 9.380420e-03
9.200000e-01 8.271491e-03
9.250000e-01 6.859473e-03
9.300000e-01 5.157492e-03
9.350000e-01 3.273018e-03
9.400000e-01 1.257317e-03
9.450000e-01 -8.232802e-04
9.500000e-01 -2.863596e-03
9.550000e-01 -4.795856e-03
9.600000e-01 -6.528101e-03
9.650000e-01 -8.019801e-03
9.700000e-01 -9.173850e-03
9.750000e-01 -9.963647e-03
9.800000e-01 -1.036927e-02
9.850000e-01 -1.034122e-02
9.900000e-01 -9.910844e-03
9.950000e-01 -9.113848e-03
1 -7.905857e-03
1.005000e+00 -6.406595e-03
1.010000e+00 -4.665560e-03
1.015000e+00 -2.697538e-03
1.020000e+00 -6.604410e-04
1.025000e+00 1.434814e-03
1.030000e+00 3.458070e-03
1.035000e+00 5.337110e-03
1.040000e+00 7.015678e-03
1.045000e+00 8.394371e-03
1.050000e+00 9.458174e-03
1.055000e+00 1.013446e-02
1.060000e+00 1.039844e-02
1.065000e+00 1.026883e-02
1.070000e+00 9.728062e-03
1.075000e+00 8.780150e-03
1.080000e+00 7.489950e-03
1.085000e+00 5.898494e-03
1.090000e+00 4.089381e-03
1.095000e+00 2.097854e-03
1.100000e+00 3.192626e-05
1.105000e+00 -2.021419e-03
1.110000e+00 -3.995507e-03
1.115000e+00 -5.800676e-03
1.120000e+00 -7.394033e-03
1.125000e+00 -8.660110e-03
1.130000e+00 -9.605928e-03
1.135000e+00 -1.022272e-02
1.140000e+00 -1.057107e-02
1.145000e+00 -1.075652e-02
1.150000e+00 -1.088889e-02
1.155000e+00 -1.109730e-02
1.160000e+00 -1.136895e-02
1.165000e+00 -1.164385e-02
1.170000e+00 -1.172696e-02
1.175000e+00 -1.132170e-02
1.180000e+00 -1.026122e-02
1.185000e+00 -8.500121e-03
1.190000e+00 -6.168888e-03
1.195000e+00 -3.576642e-03
1.200000e+00 -1.031157e-03
1.205000e+00 1.273213e-03
1.210000e+00 3.378300e-03
1.215000e+00 5.367700e-03
1.220000e+00 7.354066e-03
1.225000e+00 9.287436e-03
1.230000e+00 1.087141e-02
1.235000e+00 1.188356e-02
1.240000e+00 1.223490e-02
1.245000e+00 1.202043e-02
1.250000e+00 1.144494e-02
1.255000e+00 1.064309e-02
1.260000e+00 9.520615e-03
1.265000e+00 7.913351e-03
1.270000e+00 5.762336e-03
1.275000e+00 3.248925e-03
1.280000e+00 7.072778e-04
1.285000e+00 -1.609485e-03
1.290000e+00 -3.646927e-03
1.295000e+00 -5.423720e-03
1.300000e+00 -6.909776e-03
1.305000e+00 -7.900441e-03
1.310000e+00 -8.052078e-03
1.315000e+00 -7.349437e-03
1.320000e+00 -5.872532e-03
1.325000e+00 -3.945423e-03
1.330000e+00 -1.894679e-03
1.335000e+00 2.251221e-04
1.340000e+00 2.209501e-03
1.345000e+00 3.906999e-03
1.350000e+00 5.150399e-03
1.355000e+00 6.027459e-03
1.360000e+00 6.828509e-03
1.365000e+00 7.683427e-03
1.370000e+00 8.507339e-03
1.375000e+00 9.061577e-03
1.380000e+00 9.075438e-03
1.385000e+00 8.328375e-03
1.390000e+00 7.110057e-03
1.395000e+00 5.953080e-03
1.400000e+00 4.833589e-03
1.405000e+00 3.259300e-03
1.410000e+00 1.463203e-03
1.415000e+00 -1.123849e-05
1.420000e+00 -1.577988e-03
1.425000e+00 -3.660761e-03
1.430000e+00 -5.678028e-03
1.435000e+00 -6.947218e-03
1.440000e+00 -7.747196e-03
1.445000e+00 -8.401580e-03
1.450000e+00 -8.802107e-03
1.455000e+00 -9.086614e-03
1.460000e+00 -9.096680e-03
1.465000e+00 -8.408669e-03
1.470000e+00 -7.251336e-03
1.475000e+00 -5.948226e-03
1.480000e+00 -4.432477e-03
1.485000e+00 -2.800306e-03
1.490000e+00 -1.200683e-03
1.495000e+00 5.918097e-04
1.500000e+00 2.547170e-03
1.505000e+00 4.267262e-03
1.510000e+00 5.788459e-03
1.515000e+00 7.054806e-03
1.520000e+00 7.956232e-03
1.525000e+00 8.730134e-03
1.530000e+00 9.214461e-03
1.535000e+00 9.162489e-03
1.540000e+00 8.770530e-03
1.545000e+00 8.027175e-03
1.550000e+00 6.868577e-03
1.555000e+00 5.662569e-03
1.560000e+00 4.256671e-03
1.565000e+00 2.446844e-03
1.570000e+00 6.018100e-04
1.575000e+00 -1.265904e-03
1.580000e+00 -3.026501e-03
1.585000e+00 -4.527887e-03
1.590000e+00 -6.040860e-03
1.595000e+00 -7.455500e-03
1.600000e+00 -8.412572e-03
1.605000e+00 -8.984005e-03
1.610000e+00 -9.186153e-03
1.615000e+00 -8.982678e-03
1.620000e+00 -8.647932e-03
1.625000e+00 -7.986710e-03
1.630000e+00 -6.801030e-03
1.635000e+00 -5.292107e-03
1.640000e+00 -3.621384e-03
1.645000e+00 -1.980383e-03
1.650000e+00 -3.015531e-04
1.655000e+00 1.653812e-03
1.660000e+00 3.574014e-03
1.665000e+00 5.177430e-03
1.670000e+00 6.543262e-03
1.675000e+00 7.634892e-03
1.680000e+00 8.675169e-03
1.685000e+00 9.331032e-03
1.690000e+00 9.289580e-03
1.695000e+00 9.041028e-03
1.700000e+00 8.622942e-03
1.705000e+00 7.757098e-03
1.710000e+00 6.436893e-03
1.715000e+00 4.883893e-03
1.720000e+00 3.296397e-03
1.725000e+00 1.579098e-03
1.730000e+00 -3.939306e-04
1.735000e+00 -2.297735e-03
1.740000e+00 -3.973047e-03
1.745000e+00 -5.570550e-03
1.750000e+00 -7.001558e-03
1.755000e+00 -8.143100e-03
1.760000e+00 -8.909739e-03
1.765000e+00 -9.369957e-03
1.770000e+00 -9.432117e-03
1.775000e+00 -9.016736e-03
1.780000e+00 -8.431259e-03
1.785000e+00 -7.505743e-03
1.790000e+00 -6.133514e-03
1.795000e+00 -4.596270e-03
1.800000e+00 -2.860171e-03
1.805000e+00 -1.025397e-03
1.810000e+00 8.777249e-04
1.815000e+00 2.797115e-03
1.820000e+00 4.492776e-03
1.825000e+00 6.083077e-03
1.830000e+00 7.426507e-03
1.835000e+00 8.427253e-03
1.840000e+00 9.282157e-03
1.845000e+00 9.608362e-03
1.850000e+00 9.480233e-03
1.855000e+00 9.152859e-03
1.860000e+00 8.388649e-03
1.865000e+00 7.228669e-03
1.870000e+00 5.728042e-03
1.875000e+00 4.168779e-03
1.880000e+00 2.450988e-03
1.885000e+00 4.407557e-04
1.890000e+00 -1.453674e-03
1.895000e+00 -3.320149e-03
1.900000e+00 -5.078503e-03
1.905000e+00 -6.556402e-03
1.910000e+00 -7.850581e-03
1.915000e+00 -8.809893e-03
1.920000e+00 -9.395910e-03
1.925000e+00 -9.623176e-03
1.930000e+00 -9.485319e-03
1.935000e+00 -8.990134e-03
1.940000e+00 -8.129144e-03
1.945000e+00 -6.967307e-03
1.950000e+00 -5.445496e-03
1.955000e+00 -3.717299e-03
1.960000e+00 -1.939650e-03
1.965000e+00 1.281210e-05
1.970000e+00 1.977648e-03
1.975000e+00 3.784001e-03
1.980000e+00 5.467827e-03
1.985000e+00 6.989331e-03
1.990000e+00 8.169564e-03
1.995000e+00 9.015088e-03
2 9.605946e-03
2.005000e+00 9.699223e-03
2.010000e+00 9.431452e-03
2.015000e+00 8.846053e-03
2.020000e+00 7.835884e-03
2.025000e+00 6.588903e-03
2.030000e+00 5.037893e-03
2.035000e+00 3.289503e-03
2.040000e+00 1.414590e-03
2.045000e+00 -5.170829e-04
2.050000e+00 -2.387767e-03
2.055000e+00 -4.259769e-03
2.060000e+00 -5.910218e-03
2.065000e+00 -7.312166e-03
2.070000e+00 -8.463665e-03
2.075000e+00 -9.224849e-03
2.080000e+00 -9.659904e-03
2.085000e+00 -9.708250e-03
2.090000e+00 -9.340704e-03
2.095000e+00 -8.627877e-03
2.100000e+00 -7.569525e-03
2.105000e+00 -6.195584e-03
2.110000e+00 -4.612972e-03
2.115000e+00 -2.805773e-03
2.120000e+00 -8.766592e-04
2.125000e+00 1.014847e-03
2.130000e+00 2.942047e-03
2.135000e+00 4.739571e-03
2.140000e+00 6.273560e-03
2.145000e+00 7.614423e-03
2.150000e+00 8.687060e-03
2.155000e+00 9.348931e-03
2.160000e+00 9.673962e-03
2.165000e+00 9.649310e-03
2.170000e+00 9.144141e-03
2.175000e+00 8.376029e-03
2.180000e+00 7.232181e-03
2.185000e+00 5.715333e-03
2.190000e+00 4.112676e-03
2.195000e+00 2.316012e-03
2.200000e+00 3.727096e-04
2.205000e+00 -1.528600e-03
2.210000e+00 -3.389461e-03
2.215000e+00 -5.174597e-03
2.220000e+00 -6.689911e-03
2.225000e+00 -7.917174e-03
2.230000e+00 -8.878742e-03
2.235000e+00 -9.469704e-03
2.240000e+00 -9.661096e-03
2.245000e+00 -9.482534e-03
2.250000e+00 -8.946668e-03
2.255000e+00 -8.021250e-03
2.260000e+00 -6.825496e-03
2.265000e+00 -5.344961e-03
2.270000e+00 -3.581910e-03
2.275000e+00 -1.746991e-03
2.280000e+00 1.860556e-04
2.285000e+00 2.093976e-03
2.290000e+00 3.882415e-03
2.295000e+00 5.458993e-03
2.300000e+00 6.868767e-03
2.305000e+00 8.081718e-03
2.310000e+00 8.845677e-03
2.315000e+00 9.374004e-03
2.320000e+00 9.517652e-03
2.325000e+00 9.233919e-03
2.330000e+00 8.693900e-03
2.335000e+00 7.733151e-03
2.340000e+00 6.465985e-03
2.345000e+00 4.948776e-03
2.350000e+00 3.176108e-03
2.355000e+00 1.228459e-03
2.360000e+00 -9.052056e-04
2.365000e+00 -3.119349e-03
2.370000e+00 -5.424040e-03
2.375000e+00 -7.888705e-03
2.380000e+00 -1.042521e-02
2.385000e+00 -1.301101e-02
2.390000e+00 -1.548223e-02
2.395000e+00 -1.763454e-02
2.400000e+00 -1.923119e-02
2.405000e+00 -1.996875e-02
2.410000e+00 -1.973527e-02
2.415000e+00 -1.842666e-02
2.420000e+00 -1.615313e-02
2.425000e+00 -1.315048e-02
2.430000e+00 -9.719385e-03
2.435000e+00 -6.073710e-03
2.440000e+00 -2.367052e-03
2.445000e+00 1.192213e-03
2.450000e+00 4.765952e-03
2.455000e+00 8.238651e-03
2.460000e+00 1.158203e-02
2.465000e+00 1.471252e-02
2.470000e+00 1.716794e-02
2.475000e+00 1.896562e-02
2.480000e+00 1.985233e-02
2.485000e+00 1.970989e-02
2.490000e+00 1.887834e-02
2.495000e+00 1.733094e-02
2.500000e+00 1.520000e-02
2.505000e+00 1.272853e-02
2.510000e+00 9.716760e-03
2.515000e+00 6.249556e-03
2.520000e+00 2.688672e-03
2.525000e+00 -8.200207e-04
2.530000e+00 -3.876779e-03
2.535000e+00 -6.122197e-03
2.540000e+00 -7.668267e-03
2.545000e+00 -8.620850e-03
2.550000e+00 -9.122093e-03
2.555000e+00 -9.356820e-03
2.560000e+00 -9.169857e-03
2.565000e+00 -8.643748e-03
2.570000e+00 -7.838371e-03
2.575000e+00 -6.820886e-03
2.580000e+00 -5.860019e-03
2.585000e+00 -4.869337e-03
2.590000e+00 -3.597700e-03
2.595000e+00 -1.930243e-03
2.600000e+00 2.137429e-04
2.605000e+00 2.588929e-03
2.610000e+00 4.748427e-03
2.615000e+00 6.526458e-03
2.620000e+00 7.714417e-03
2.625000e+00 8.483338e-03
2.630000e+00 9.002947e-03
2.635000e+00 9.275822e-03
2.640000e+00 9.313522e-03
2.645000e+00 9.015623e-03
2.650000e+00 8.329798e-03
2.655000e+00 7.230785e-03
2.660000e+00 5.815551e-03
2.665000e+00 4.061241e-03
2.670000e+00 2.052117e-03
2.675000e+00 3.345814e-05
2.680000e+00 -1.841769e-03
2.685000e+00 -3.508443e-03
2.690000e+00 -4.993431e-03
2.695000e+00 -6.461995e-03
2.700000e+00 -7.854766e-03
2.705000e+00 -9.050567e-03
2.710000e+00 -9.797433e-03
2.715000e+00 -9.803052e-03
2.720000e+00 -9.336495e-03
2.725000e+00 -8.593762e-03
2.730000e+00 -7.723208e-03
2.735000e+00 -6.806171e-03
2.740000e+00 -5.578971e-03
2.745000e+00 -3.852152e-03
2.750000e+00 -1.772109e-03
2.755000e+00 4.039022e-04
2.760000e+00 2.424775e-03
2.765000e+00 4.117452e-03
2.770000e+00 5.627091e-03
2.775000e+00 7.027335e-03
2.780000e+00 8.256919e-03
2.785000e+00 9.255498e-03
2.790000e+00 9.846705e-03
2.795000e+00 9.923496e-03
2.800000e+00 9.573290e-03
2.805000e+00 8.838309e-03
2.810000e+00 7.761595e-03
2.815000e+00 6.415056e-03
2.820000e+00 4.849368e-03
2.825000e+00 3.143676e-03
2.830000e+00 1.296227e-03
2.835000e+00 -7.753578e-04
2.840000e+00 -2.931585e-03
2.845000e+00 -4.808924e-03
2.850000e+00 -6.327343e-03
2.855000e+00 -7.591791e-03
2.860000e+00 -8.695765e-03
2.865000e+00 -9.659593e-03
2.870000e+00 -1.011300e-02
2.875000e+00 -9.970548e-03
2.880000e+00 -9.426157e-03
2.885000e+00 -8.551997e-03
2.890000e+00 -7.570769e-03
2.895000e+00 -6.215236e-03
2.900000e+00 -4.419988e-03
2.905000e+00 -2.427023e-03
2.910000e+00 -3.146091e-04
2.915000e+00 1.632382e-03
2.920000e+00 3.353493e-03
2.925000e+00 5.109012e-03
2.930000e+00 6.939457e-03
2.935000e+00 8.452612e-03
2.940000e+00 9.313779e-03
2.945000e+00 9.633556e-03
2.950000e+00 9.914572e-03
2.955000e+00 1.008432e-02
2.960000e+00 9.578165e-03
2.965000e+00 8.369324e-03
2.970000e+00 7.017723e-03
2.975000e+00 5.636141e-03
2.980000e+00 3.846521e-03
2.985000e+00 1.833880e-03
2.990000e+00 -9.099580e-05
2.995000e+00 -2.074630e-03
3 -4.171300e-03
