T X
0 0
5.000000e-03 -1.083610e-11
1.000000e-02 4.343874e-12
1.500000e-02 -6.225813e-11
2.000000e-02 -1.186296e-10
2.500000e-02 -2.691681e-11
3.000000e-02 3.929640e-10
3.500000e-02 4.848885e-09
4.000000e-02 2.882252e-08
4.500000e-02 1.626746e-07
5.000000e-02 8.637110e-07
5.500000e-02 4.074820e-06
6.000000e-02 1.676262e-05
6.500000e-02 5.976569e-05
7.000000e-02 1.846506e-04
7.500000e-02 4.953340e-04
8.000000e-02 1.155498e-03
8.500000e-02 2.344463e-03
9.000000e-02 4.133226e-03
9.500000e-02 6.326265e-03
1.000000e-01 8.426026e-03
1.050000e-01 9.874665e-03
1.100000e-01 1.047038e-02
1.150000e-01 1.052956e-02
1.200000e-01 1.048797e-02
1.250000e-01 1.032918e-02
1.300000e-01 9.627429e-03
1.350000e-01 8.225251e-03
1.400000e-01 6.520549e-03
1.450000e-01 4.848729e-03
1.500000e-01 3.006851e-03
1.550000e-01 8.033975e-04
1.600000e-01 -1.409728e-03
1.650000e-01 -3.310877e-03
1.700000e-01 -5.135667e-03
1.750000e-01 -7.026204e-03
1.800000e-01 -8.598922e-03
1.850000e-01 -9.684096e-03
1.900000e-01 -1.052956e-02
1.950000e-01 -1.101273e-02
2.000000e-01 -1.080711e-02
2.050000e-01 -1.014651e-02
2.100000e-01 -9.302838e-03
2.150000e-01 -8.048627e-03
2.200000e-01 -6.373496e-03
2.250000e-01 -4.552077e-03
2.300000e-01 -2.489943e-03
2.350000e-01 -1.937559e-04
2.400000e-01 1.936600e-03
2.450000e-01 3.908708e-03
2.500000e-01 5.915377e-03
2.550000e-01 7.670445e-03
2.600000e-01 9.022311e-03
2.650000e-01 1.008457e-02
2.700000e-01 1.069739e-02
2.750000e-01 1.086043e-02
2.800000e-01 1.072834e-02
2.850000e-01 1.008523e-02
2.900000e-01 8.946043e-03
2.950000e-01 7.594583e-03
3.000000e-01 5.900606e-03
3.050000e-01 3.873697e-03
3.100000e-01 1.800933e-03
3.150000e-01 -3.550224e-04
3.200000e-01 -2.532863e-03
3.250000e-01 -4.561507e-03
3.300000e-01 -6.484801e-03
3.350000e-01 -8.108633e-03
3.400000e-01 -9.347933e-03
3.450000e-01 -1.035113e-02
3.500000e-01 -1.087264e-02
3.550000e-01 -1.087682e-02
3.600000e-01 -1.057058e-02
3.650000e-01 -9.788733e-03
3.700000e-01 -8.596531e-03
3.750000e-01 -7.132895e-03
3.800000e-01 -5.324507e-03
3.850000e-01 -3.338883e-03
3.900000e-01 -1.197861e-03
3.950000e-01 1.034974e-03
4.000000e-01 3.129370e-03
4.050000e-01 5.176215e-03
4.100000e-01 7.008332e-03
4.150000e-01 8.471501e-03
4.200000e-01 9.710857e-03
4.250000e-01 1.052329e-02
4.300000e-01 1.088921e-02
4.350000e-01 1.088226e-02
4.400000e-01 1.038451e-02
4.450000e-01 9.499740e-03
4.500000e-01 8.213046e-03
4.550000e-01 6.605140e-03
4.600000e-01 4.777575e-03
4.650000e-01 2.686467e-03
4.700000e-01 5.583260e-04
4.750000e-01 -1.616862e-03
4.800000e-01 -3.773449e-03
4.850000e-01 -5.685710e-03
4.900000e-01 -7.460548e-03
4.950000e-01 -8.914528e-03
5.000000e-01 -9.963668e-03
5.050000e-01 -1.068645e-02
5.100000e-01 -1.092869e-02
5.150000e-01 -1.075925e-02
5.200000e-01 -1.016011e-02
5.250000e-01 -9.147398e-03
5.300000e-01 -7.792375e-03
5.350000e-01 -6.065365e-03
5.400000e-01 -4.168349e-03
5.450000e-01 -2.072193e-03
5.500000e-01 1.446869e-04
5.550000e-01 2.275021e-03
5.600000e-01 4.385462e-03
5.650000e-01 6.280914e-03
5.700000e-01 7.904293e-03
5.750000e-01 9.258910e-03
5.800000e-01 1.020488e-02
5.850000e-01 1.076542e-02
5.900000e-01 1.089104e-02
5.950000e-01 1.061265e-02
6.000000e-01 9.885941e-03
6.050000e-01 8.761391e-03
6.100000e-01 7.340534e-03
6.150000e-01 5.549759e-03
6.200000e-01 3.595575e-03
6.250000e-01 1.486484e-03
6.300000e-01 -7.197634e-04
6.350000e-01 -2.827481e-03
6.400000e-01 -4.898465e-03
6.450000e-01 -6.743622e-03
6.500000e-01 -8.312058e-03
6.550000e-01 -9.594159e-03
6.600000e-01 -1.045060e-02
6.650000e-01 -1.090687e-02
6.700000e-01 -1.091658e-02
6.750000e-01 -1.048418e-02
6.800000e-01 -9.631453e-03
6.850000e-01 -8.410041e-03
6.900000e-01 -6.844182e-03
6.950000e-01 -4.992252e-03
7.000000e-01 -2.989325e-03
7.050000e-01 -8.118522e-04
7.100000e-01 1.380624e-03
7.150000e-01 3.492588e-03
7.200000e-01 5.507774e-03
7.250000e-01 7.262064e-03
7.300000e-01 8.749405e-03
7.350000e-01 9.869970e-03
7.400000e-01 1.059763e-02
7.450000e-01 1.093837e-02
7.500000e-01 1.080125e-02
7.550000e-01 1.025795e-02
7.600000e-01 9.303005e-03
7.650000e-01 7.961667e-03
7.700000e-01 6.307441e-03
7.750000e-01 4.409854e-03
7.800000e-01 2.335732e-03
7.850000e-01 1.631377e-04
7.900000e-01 -1.984498e-03
7.950000e-01 -4.085325e-03
8.000000e-01 -6.017630e-03
8.050000e-01 -7.706920e-03
8.100000e-01 -9.109194e-03
8.150000e-01 -1.013105e-02
8.200000e-01 -1.075349e-02
8.250000e-01 -1.093003e-02
8.300000e-01 -1.068965e-02
8.350000e-01 -1.002370e-02
8.400000e-01 -8.944271e-03
8.450000e-01 -7.530679e-03
8.500000e-01 -5.810936e-03
8.550000e-01 -3.839104e-03
8.600000e-01 -1.727416e-03
8.650000e-01 4.576489e-04
8.700000e-01 2.645242e-03
8.750000e-01 4.684941e-03
8.800000e-01 6.560154e-03
8.850000e-01 8.171691e-03
8.900000e-01 9.441763e-03
8.950000e-01 1.035745e-02
9.000000e-01 1.084543e-02
9.050000e-01 1.092384e-02
9.100000e-01 1.053090e-02
9.150000e-01 9.740070e-03
9.200000e-01 8.568523e-03
9.250000e-01 7.019687e-03
9.300000e-01 5.230814e-03
9.350000e-01 3.221043e-03
9.400000e-01 1.084480e-03
9.450000e-01 -1.094430e-03
9.500000e-01 -3.226369e-03
9.550000e-01 -5.240171e-03
9.600000e-01 -7.043976e-03
9.650000e-01 -8.556576e-03
9.700000e-01 -9.748966e-03
9.750000e-01 -1.053530e-02
9.800000e-01 -1.090913e-02
9.850000e-01 -1.084521e-02
9.900000e-01 -1.035199e-02
9.950000e-01 -9.442686e-03
1 -8.158608e-03
1.005000e+00 -6.553233e-03
1.010000e+00 -4.671379e-03
1.015000e+00 -2.628932e-03
1.020000e+00 -4.451710e-04
1.025000e+00 1.734022e-03
1.030000e+00 3.834114e-03
1.035000e+00 5.830681e-03
1.040000e+00 7.527408e-03
1.045000e+00 8.957946e-03
1.050000e+00 1.003843e-02
1.055000e+00 1.067296e-02
1.060000e+00 1.094864e-02
1.065000e+00 1.073621e-02
1.070000e+00 1.011092e-02
1.075000e+00 9.112712e-03
1.080000e+00 7.692346e-03
1.085000e+00 6.014514e-03
1.090000e+00 4.070638e-03
1.095000e+00 1.971215e-03
1.100000e+00 -1.909621e-04
1.105000e+00 -2.359389e-03
1.110000e+00 -4.402906e-03
1.115000e+00 -6.303928e-03
1.120000e+00 -7.920930e-03
1.125000e+00 -9.240125e-03
1.130000e+00 -1.021572e-02
1.135000e+00 -1.082165e-02
1.140000e+00 -1.117651e-02
1.145000e+00 -1.130553e-02
1.150000e+00 -1.136911e-02
1.155000e+00 -1.145832e-02
1.160000e+00 -1.157442e-02
1.165000e+00 -1.169379e-02
1.170000e+00 -1.159578e-02
1.175000e+00 -1.106120e-02
1.180000e+00 -9.937204e-03
1.185000e+00 -8.127513e-03
1.190000e+00 -5.783074e-03
1.195000e+00 -3.166371e-03
1.200000e+00 -5.392768e-04
1.205000e+00 1.867857e-03
1.210000e+00 4.064049e-03
1.215000e+00 6.125461e-03
1.220000e+00 8.084446e-03
1.225000e+00 9.930160e-03
1.230000e+00 1.143281e-02
1.235000e+00 1.232643e-02
1.240000e+00 1.257605e-02
1.245000e+00 1.220539e-02
1.250000e+00 1.140068e-02
1.255000e+00 1.034635e-02
1.260000e+00 8.944178e-03
1.265000e+00 7.164933e-03
1.270000e+00 4.968979e-03
1.275000e+00 2.452214e-03
1.280000e+00 -5.358950e-05
1.285000e+00 -2.388806e-03
1.290000e+00 -4.466013e-03
1.295000e+00 -6.249352e-03
1.300000e+00 -7.701144e-03
1.305000e+00 -8.559927e-03
1.310000e+00 -8.562651e-03
1.315000e+00 -7.656956e-03
1.320000e+00 -5.999455e-03
1.325000e+00 -3.889004e-03
1.330000e+00 -1.634142e-03
1.335000e+00 6.657306e-04
1.340000e+00 2.871153e-03
1.345000e+00 4.773828e-03
1.350000e+00 6.216174e-03
1.355000e+00 7.165131e-03
1.360000e+00 7.946419e-03
1.365000e+00 8.670847e-03
1.370000e+00 9.358183e-03
1.375000e+00 9.898805e-03
1.380000e+00 9.859912e-03
1.385000e+00 9.066209e-03
1.390000e+00 7.702941e-03
1.395000e+00 6.275311e-03
1.400000e+00 4.838092e-03
1.405000e+00 2.986105e-03
1.410000e+00 9.177227e-04
1.415000e+00 -8.883175e-04
1.420000e+00 -2.695516e-03
1.425000e+00 -4.940307e-03
1.430000e+00 -7.007374e-03
1.435000e+00 -8.285661e-03
1.440000e+00 -9.060230e-03
1.445000e+00 -9.538039e-03
1.450000e+00 -9.739835e-03
1.455000e+00 -9.798573e-03
1.460000e+00 -9.566530e-03
1.465000e+00 -8.744038e-03
1.470000e+00 -7.462333e-03
1.475000e+00 -5.944933e-03
1.480000e+00 -4.125582e-03
1.485000e+00 -2.173606e-03
1.490000e+00 -3.456094e-04
1.495000e+00 1.591864e-03
1.500000e+00 3.614881e-03
1.505000e+00 5.407814e-03
1.510000e+00 7.037392e-03
1.515000e+00 8.356373e-03
1.520000e+00 9.206123e-03
1.525000e+00 9.803343e-03
1.530000e+00 1.009348e-02
1.535000e+00 9.881465e-03
1.540000e+00 9.251925e-03
1.545000e+00 8.224744e-03
1.550000e+00 6.858042e-03
1.555000e+00 5.408374e-03
1.560000e+00 3.746041e-03
1.565000e+00 1.723816e-03
1.570000e+00 -3.872667e-04
1.575000e+00 -2.408385e-03
1.580000e+00 -4.242609e-03
1.585000e+00 -5.813821e-03
1.590000e+00 -7.289285e-03
1.595000e+00 -8.624214e-03
1.600000e+00 -9.543909e-03
1.605000e+00 -9.993735e-03
1.610000e+00 -9.915041e-03
1.615000e+00 -9.504303e-03
1.620000e+00 -8.939798e-03
1.625000e+00 -7.995077e-03
1.630000e+00 -6.596610e-03
1.635000e+00 -4.802768e-03
1.640000e+00 -2.852708e-03
1.645000e+00 -1.028140e-03
1.650000e+00 7.901646e-04
1.655000e+00 2.792688e-03
1.660000e+00 4.811888e-03
1.665000e+00 6.522366e-03
1.670000e+00 7.770746e-03
1.675000e+00 8.704591e-03
1.680000e+00 9.553250e-03
1.685000e+00 1.003699e-02
1.690000e+00 9.849647e-03
1.695000e+00 9.330639e-03
1.700000e+00 8.596299e-03
1.705000e+00 7.467218e-03
1.710000e+00 5.959465e-03
1.715000e+00 4.179050e-03
1.720000e+00 2.414167e-03
1.725000e+00 5.429553e-04
1.730000e+00 -1.595272e-03
1.735000e+00 -3.527843e-03
1.740000e+00 -5.153965e-03
1.745000e+00 -6.674258e-03
1.750000e+00 -8.052689e-03
1.755000e+00 -9.100733e-03
1.760000e+00 -9.624972e-03
1.765000e+00 -9.819157e-03
1.770000e+00 -9.676833e-03
1.775000e+00 -9.048894e-03
1.780000e+00 -8.162020e-03
1.785000e+00 -7.001952e-03
1.790000e+00 -5.422687e-03
1.795000e+00 -3.624007e-03
1.800000e+00 -1.827348e-03
1.805000e+00 5.515924e-05
1.810000e+00 2.129385e-03
1.815000e+00 4.037997e-03
1.820000e+00 5.602330e-03
1.825000e+00 7.097490e-03
1.830000e+00 8.372012e-03
1.835000e+00 9.209625e-03
1.840000e+00 9.675922e-03
1.845000e+00 9.802636e-03
1.850000e+00 9.554602e-03
1.855000e+00 8.861060e-03
1.860000e+00 7.837794e-03
1.865000e+00 6.475880e-03
1.870000e+00 4.825431e-03
1.875000e+00 3.134622e-03
1.880000e+00 1.225111e-03
1.885000e+00 -8.350783e-04
1.890000e+00 -2.688804e-03
1.895000e+00 -4.477183e-03
1.900000e+00 -6.186004e-03
1.905000e+00 -7.550813e-03
1.910000e+00 -8.576880e-03
1.915000e+00 -9.332228e-03
1.920000e+00 -9.750439e-03
1.925000e+00 -9.659292e-03
1.930000e+00 -9.220562e-03
1.935000e+00 -8.552326e-03
1.940000e+00 -7.394309e-03
1.945000e+00 -5.944211e-03
1.950000e+00 -4.351541e-03
1.955000e+00 -2.505367e-03
1.960000e+00 -5.697892e-04
1.965000e+00 1.369993e-03
1.970000e+00 3.249344e-03
1.975000e+00 5.008116e-03
1.980000e+00 6.567482e-03
1.985000e+00 7.872089e-03
1.990000e+00 8.859109e-03
1.995000e+00 9.421456e-03
2 9.727077e-03
2.005000e+00 9.613608e-03
2.010000e+00 8.988679e-03
2.015000e+00 8.168472e-03
2.020000e+00 6.988682e-03
2.025000e+00 5.439154e-03
2.030000e+00 3.754350e-03
2.035000e+00 1.925526e-03
2.040000e+00 -4.451068e-05
2.045000e+00 -1.988342e-03
2.050000e+00 -3.760269e-03
2.055000e+00 -5.520138e-03
2.060000e+00 -7.036624e-03
2.065000e+00 -8.138660e-03
2.070000e+00 -9.087175e-03
2.075000e+00 -9.623014e-03
2.080000e+00 -9.660161e-03
2.085000e+00 -9.466502e-03
2.090000e+00 -8.842453e-03
2.095000e+00 -7.773608e-03
2.100000e+00 -6.526893e-03
2.105000e+00 -4.981096e-03
2.110000e+00 -3.173280e-03
2.115000e+00 -1.311198e-03
2.120000e+00 6.189081e-04
2.125000e+00 2.554599e-03
2.130000e+00 4.382528e-03
2.135000e+00 6.014183e-03
2.140000e+00 7.415006e-03
2.145000e+00 8.497217e-03
2.150000e+00 9.266822e-03
2.155000e+00 9.691334e-03
2.160000e+00 9.655178e-03
2.165000e+00 9.313946e-03
2.170000e+00 8.572492e-03
2.175000e+00 7.466210e-03
2.180000e+00 6.106964e-03
2.185000e+00 4.403221e-03
2.190000e+00 2.619077e-03
2.195000e+00 7.587467e-04
2.200000e+00 -1.239889e-03
2.205000e+00 -3.111059e-03
2.210000e+00 -4.855443e-03
2.215000e+00 -6.497052e-03
2.220000e+00 -7.802793e-03
2.225000e+00 -8.772050e-03
2.230000e+00 -9.489496e-03
2.235000e+00 -9.754439e-03
2.240000e+00 -9.606825e-03
2.245000e+00 -9.165377e-03
2.250000e+00 -8.277928e-03
2.255000e+00 -7.066895e-03
2.260000e+00 -5.671330e-03
2.265000e+00 -3.950712e-03
2.270000e+00 -2.069861e-03
2.275000e+00 -1.806373e-04
2.280000e+00 1.799345e-03
2.285000e+00 3.670158e-03
2.290000e+00 5.323081e-03
2.295000e+00 6.799239e-03
2.300000e+00 8.009928e-03
2.305000e+00 8.892190e-03
2.310000e+00 9.424891e-03
2.315000e+00 9.604749e-03
2.320000e+00 9.382732e-03
2.325000e+00 8.812807e-03
2.330000e+00 7.950442e-03
2.335000e+00 6.749374e-03
2.340000e+00 5.295183e-03
2.345000e+00 3.620952e-03
2.350000e+00 1.764596e-03
2.355000e+00 -2.716345e-04
2.360000e+00 -2.418714e-03
2.365000e+00 -4.626229e-03
2.370000e+00 -6.952732e-03
2.375000e+00 -9.266894e-03
2.380000e+00 -1.165171e-02
2.385000e+00 -1.399189e-02
2.390000e+00 -1.609205e-02
2.395000e+00 -1.791107e-02
2.400000e+00 -1.909707e-02
2.405000e+00 -1.948310e-02
2.410000e+00 -1.896500e-02
2.415000e+00 -1.739935e-02
2.420000e+00 -1.492392e-02
2.425000e+00 -1.178139e-02
2.430000e+00 -8.200660e-03
2.435000e+00 -4.448040e-03
2.440000e+00 -7.448082e-04
2.445000e+00 2.913918e-03
2.450000e+00 6.432552e-03
2.455000e+00 9.786509e-03
2.460000e+00 1.297469e-02
2.465000e+00 1.568072e-02
2.470000e+00 1.776465e-02
2.475000e+00 1.906357e-02
2.480000e+00 1.940439e-02
2.485000e+00 1.890883e-02
2.490000e+00 1.768448e-02
2.495000e+00 1.586855e-02
2.500000e+00 1.357104e-02
2.505000e+00 1.087718e-02
2.510000e+00 7.837448e-03
2.515000e+00 4.431045e-03
2.520000e+00 9.814483e-04
2.525000e+00 -2.294011e-03
2.530000e+00 -5.188872e-03
2.535000e+00 -7.288589e-03
2.540000e+00 -8.672421e-03
2.545000e+00 -9.418417e-03
2.550000e+00 -9.540781e-03
2.555000e+00 -9.268345e-03
2.560000e+00 -8.591594e-03
2.565000e+00 -7.538544e-03
2.570000e+00 -6.367153e-03
2.575000e+00 -5.133049e-03
2.580000e+00 -3.925890e-03
2.585000e+00 -2.820887e-03
2.590000e+00 -1.446121e-03
2.595000e+00 2.416231e-04
2.600000e+00 2.184711e-03
2.605000e+00 4.317120e-03
2.610000e+00 6.142009e-03
2.615000e+00 7.524932e-03
2.620000e+00 8.423242e-03
2.625000e+00 8.830992e-03
2.630000e+00 9.004421e-03
2.635000e+00 8.842238e-03
2.640000e+00 8.290819e-03
2.645000e+00 7.458272e-03
2.650000e+00 6.251343e-03
2.655000e+00 4.857910e-03
2.660000e+00 3.360325e-03
2.665000e+00 1.644503e-03
2.670000e+00 -1.639491e-04
2.675000e+00 -1.975876e-03
2.680000e+00 -3.640103e-03
2.685000e+00 -5.005240e-03
2.690000e+00 -6.124874e-03
2.695000e+00 -7.147716e-03
2.700000e+00 -8.120688e-03
2.705000e+00 -8.883072e-03
2.710000e+00 -9.210526e-03
2.715000e+00 -8.883514e-03
2.720000e+00 -8.008713e-03
2.725000e+00 -6.882341e-03
2.730000e+00 -5.627919e-03
2.735000e+00 -4.391421e-03
2.740000e+00 -3.013610e-03
2.745000e+00 -1.314739e-03
2.750000e+00 5.693125e-04
2.755000e+00 2.527016e-03
2.760000e+00 4.255819e-03
2.765000e+00 5.600198e-03
2.770000e+00 6.715329e-03
2.775000e+00 7.611297e-03
2.780000e+00 8.272237e-03
2.785000e+00 8.670241e-03
2.790000e+00 8.740905e-03
2.795000e+00 8.428076e-03
2.800000e+00 7.705708e-03
2.805000e+00 6.613876e-03
2.810000e+00 5.305140e-03
2.815000e+00 3.884841e-03
2.820000e+00 2.245182e-03
2.825000e+00 5.520721e-04
2.830000e+00 -1.080273e-03
2.835000e+00 -2.768144e-03
2.840000e+00 -4.436974e-03
2.845000e+00 -5.904614e-03
2.850000e+00 -6.981486e-03
2.855000e+00 -7.789246e-03
2.860000e+00 -8.381045e-03
2.865000e+00 -8.640465e-03
2.870000e+00 -8.614952e-03
2.875000e+00 -8.122844e-03
2.880000e+00 -7.219524e-03
2.885000e+00 -6.197065e-03
2.890000e+00 -4.960160e-03
2.895000e+00 -3.511088e-03
2.900000e+00 -1.857319e-03
2.905000e+00 -4.527926e-05
2.910000e+00 1.717193e-03
2.915000e+00 3.336216e-03
2.920000e+00 4.694297e-03
2.925000e+00 5.945613e-03
2.930000e+00 7.195500e-03
2.935000e+00 8.129359e-03
2.940000e+00 8.480530e-03
2.945000e+00 8.390965e-03
2.950000e+00 8.240057e-03
2.955000e+00 7.950137e-03
2.960000e+00 7.119471e-03
2.965000e+00 5.778002e-03
2.970000e+00 4.380294e-03
2.975000e+00 3.047188e-03
2.980000e+00 1.373320e-03
2.985000e+00 -4.538696e-04
2.990000e+00 -2.006094e-03
2.995000e+00 -3.516221e-03
3 -5.049662e-03
