T X
0 0
5.000000e-03 -1.962128e-09
1.000000e-02 1.660395e-08
1.500000e-02 1.868432e-07
2.000000e-02 1.658403e-06
2.500000e-02 1.152371e-05
3.000000e-02 6.018473e-05
3.500000e-02 2.418758e-04
4.000000e-02 7.612723e-04
4.500000e-02 1.899454e-03
5.000000e-02 3.791633e-03
5.500000e-02 6.115104e-03
6.000000e-02 8.127647e-03
6.500000e-02 9.315516e-03
7.000000e-02 9.943940e-03
7.500000e-02 1.052727e-02
8.000000e-02 1.089540e-02
8.500000e-02 1.054451e-02
9.000000e-02 9.647125e-03
9.500000e-02 8.626783e-03
1.000000e-01 7.262945e-03
1.050000e-01 5.390574e-03
1.100000e-01 3.447254e-03
1.150000e-01 1.512019e-03
1.200000e-01 -6.602098e-04
1.250000e-01 -2.762297e-03
1.300000e-01 -4.613530e-03
1.350000e-01 -6.470952e-03
1.400000e-01 -8.133135e-03
1.450000e-01 -9.397047e-03
1.500000e-01 -1.040324e-02
1.550000e-01 -1.090308e-02
1.600000e-01 -1.081705e-02
1.650000e-01 -1.043420e-02
1.700000e-01 -9.646917e-03
1.750000e-01 -8.465987e-03
1.800000e-01 -7.023391e-03
1.850000e-01 -5.154109e-03
1.900000e-01 -3.081984e-03
1.950000e-01 -1.023362e-03
2.000000e-01 1.166042e-03
2.050000e-01 3.323426e-03
2.100000e-01 5.334214e-03
2.150000e-01 7.134913e-03
2.200000e-01 8.563905e-03
2.250000e-01 9.737131e-03
2.300000e-01 1.056106e-02
2.350000e-01 1.089237e-02
2.400000e-01 1.082861e-02
2.450000e-01 1.032125e-02
2.500000e-01 9.409811e-03
2.550000e-01 8.097601e-03
2.600000e-01 6.416829e-03
2.650000e-01 4.593494e-03
2.700000e-01 2.555295e-03
2.750000e-01 3.412167e-04
2.800000e-01 -1.814432e-03
2.850000e-01 -3.890365e-03
2.900000e-01 -5.843652e-03
2.950000e-01 -7.601121e-03
3.000000e-01 -9.000393e-03
3.050000e-01 -1.003195e-02
3.100000e-01 -1.074890e-02
3.150000e-01 -1.093620e-02
3.200000e-01 -1.067582e-02
3.250000e-01 -1.008763e-02
3.300000e-01 -9.063336e-03
3.350000e-01 -7.650679e-03
3.400000e-01 -5.948734e-03
3.450000e-01 -4.032337e-03
3.500000e-01 -1.910739e-03
3.550000e-01 2.761831e-04
3.600000e-01 2.416446e-03
3.650000e-01 4.529067e-03
3.700000e-01 6.409278e-03
3.750000e-01 8.012422e-03
3.800000e-01 9.345250e-03
3.850000e-01 1.027597e-02
3.900000e-01 1.080440e-02
3.950000e-01 1.091834e-02
4.000000e-01 1.061044e-02
4.050000e-01 9.839517e-03
4.100000e-01 8.667855e-03
4.150000e-01 7.190534e-03
4.200000e-01 5.396823e-03
4.250000e-01 3.397779e-03
4.300000e-01 1.268475e-03
4.350000e-01 -9.123846e-04
4.400000e-01 -3.034181e-03
4.450000e-01 -5.064218e-03
4.500000e-01 -6.897252e-03
4.550000e-01 -8.441316e-03
4.600000e-01 -9.672447e-03
4.650000e-01 -1.050297e-02
4.700000e-01 -1.089137e-02
4.750000e-01 -1.085059e-02
4.800000e-01 -1.039510e-02
4.850000e-01 -9.525685e-03
4.900000e-01 -8.266398e-03
4.950000e-01 -6.705833e-03
5.000000e-01 -4.846763e-03
5.050000e-01 -2.806874e-03
5.100000e-01 -6.537576e-04
5.150000e-01 1.564897e-03
5.200000e-01 3.658439e-03
5.250000e-01 5.646403e-03
5.300000e-01 7.406626e-03
5.350000e-01 8.819491e-03
5.400000e-01 9.927359e-03
5.450000e-01 1.063890e-02
5.500000e-01 1.092772e-02
5.550000e-01 1.079173e-02
5.600000e-01 1.020720e-02
5.650000e-01 9.203707e-03
5.700000e-01 7.848635e-03
5.750000e-01 6.185971e-03
5.800000e-01 4.269493e-03
5.850000e-01 2.189976e-03
5.900000e-01 2.610502e-05
5.950000e-01 -2.124866e-03
6.000000e-01 -4.211126e-03
6.050000e-01 -6.151366e-03
6.100000e-01 -7.829645e-03
6.150000e-01 -9.218883e-03
6.200000e-01 -1.023037e-02
6.250000e-01 -1.080321e-02
6.300000e-01 -1.094705e-02
6.350000e-01 -1.066275e-02
6.400000e-01 -9.968048e-03
6.450000e-01 -8.846700e-03
6.500000e-01 -7.394063e-03
6.550000e-01 -5.662570e-03
6.600000e-01 -3.660826e-03
6.650000e-01 -1.550120e-03
6.700000e-01 6.310723e-04
6.750000e-01 2.817844e-03
6.800000e-01 4.851387e-03
6.850000e-01 6.697728e-03
6.900000e-01 8.271786e-03
6.950000e-01 9.519439e-03
7.000000e-01 1.039891e-02
7.050000e-01 1.086347e-02
7.100000e-01 1.090547e-02
7.150000e-01 1.048794e-02
7.200000e-01 9.668272e-03
7.250000e-01 8.456623e-03
7.300000e-01 6.887249e-03
7.350000e-01 5.070445e-03
7.400000e-01 3.047559e-03
7.450000e-01 9.017822e-04
7.500000e-01 -1.266708e-03
7.550000e-01 -3.391944e-03
7.600000e-01 -5.388924e-03
7.650000e-01 -7.168326e-03
7.700000e-01 -8.681224e-03
7.750000e-01 -9.844739e-03
7.800000e-01 -1.059174e-02
7.850000e-01 -1.091432e-02
7.900000e-01 -1.080544e-02
7.950000e-01 -1.028842e-02
8.000000e-01 -9.347396e-03
8.050000e-01 -8.026688e-03
8.100000e-01 -6.411949e-03
8.150000e-01 -4.521218e-03
8.200000e-01 -2.444690e-03
8.250000e-01 -2.824160e-04
8.300000e-01 1.910886e-03
8.350000e-01 4.031824e-03
8.400000e-01 5.963198e-03
8.450000e-01 7.650419e-03
8.500000e-01 9.043800e-03
8.550000e-01 1.008073e-02
8.600000e-01 1.072199e-02
8.650000e-01 1.093825e-02
8.700000e-01 1.071531e-02
8.750000e-01 1.005857e-02
8.800000e-01 8.995087e-03
8.850000e-01 7.584414e-03
8.900000e-01 5.864315e-03
8.950000e-01 3.891207e-03
9.000000e-01 1.805023e-03
9.050000e-01 -3.600136e-04
9.100000e-01 -2.524273e-03
9.150000e-01 -4.566203e-03
9.200000e-01 -6.463145e-03
9.250000e-01 -8.100564e-03
9.300000e-01 -9.399585e-03
9.350000e-01 -1.032553e-02
9.400000e-01 -1.083468e-02
9.450000e-01 -1.090877e-02
9.500000e-01 -1.055080e-02
9.550000e-01 -9.777058e-03
9.600000e-01 -8.619113e-03
9.650000e-01 -7.120944e-03
9.700000e-01 -5.331395e-03
9.750000e-01 -3.331803e-03
9.800000e-01 -1.183046e-03
9.850000e-01 1.004724e-03
9.900000e-01 3.165203e-03
9.950000e-01 5.187895e-03
1 6.976186e-03
1.005000e+00 8.512340e-03
1.010000e+00 9.686107e-03
1.015000e+00 1.050908e-02
1.020000e+00 1.090840e-02
1.025000e+00 1.084772e-02
1.030000e+00 1.039681e-02
1.035000e+00 9.479598e-03
1.040000e+00 8.204205e-03
1.045000e+00 6.618033e-03
1.050000e+00 4.727736e-03
1.055000e+00 2.689812e-03
1.060000e+00 5.366753e-04
1.065000e+00 -1.624302e-03
1.070000e+00 -3.734243e-03
1.075000e+00 -5.711236e-03
1.080000e+00 -7.441290e-03
1.085000e+00 -8.919009e-03
1.090000e+00 -9.989786e-03
1.095000e+00 -1.066148e-02
1.100000e+00 -1.093839e-02
1.105000e+00 -1.074938e-02
1.110000e+00 -1.015357e-02
1.115000e+00 -9.143960e-03
1.120000e+00 -7.778913e-03
1.125000e+00 -6.109731e-03
1.130000e+00 -4.186483e-03
1.135000e+00 -2.090475e-03
1.140000e+00 1.001373e-04
1.145000e+00 2.285241e-03
1.150000e+00 4.381106e-03
1.155000e+00 6.279258e-03
1.160000e+00 7.948454e-03
1.165000e+00 9.291105e-03
1.170000e+00 1.019975e-02
1.175000e+00 1.064859e-02
1.180000e+00 1.047643e-02
1.185000e+00 9.594774e-03
1.190000e+00 7.956915e-03
1.195000e+00 5.512107e-03
1.200000e+00 2.388621e-03
1.205000e+00 -1.241439e-03
1.210000e+00 -5.046693e-03
1.215000e+00 -8.633656e-03
1.220000e+00 -1.171264e-02
1.225000e+00 -1.404279e-02
1.230000e+00 -1.561897e-02
1.235000e+00 -1.653230e-02
1.240000e+00 -1.688091e-02
1.245000e+00 -1.674238e-02
1.250000e+00 -1.601063e-02
1.255000e+00 -1.451646e-02
1.260000e+00 -1.208500e-02
1.265000e+00 -8.676210e-03
1.270000e+00 -4.455030e-03
1.275000e+00 3.110184e-04
1.280000e+00 5.311752e-03
1.285000e+00 1.034090e-02
1.290000e+00 1.519367e-02
1.295000e+00 1.957912e-02
1.300000e+00 2.315203e-02
1.305000e+00 2.552538e-02
1.310000e+00 2.649663e-02
1.315000e+00 2.620172e-02
1.320000e+00 2.496313e-02
1.325000e+00 2.306611e-02
1.330000e+00 2.059586e-02
1.335000e+00 1.739111e-02
1.340000e+00 1.329258e-02
1.345000e+00 8.393821e-03
1.350000e+00 3.037067e-03
1.355000e+00 -2.339375e-03
1.360000e+00 -7.414664e-03
1.365000e+00 -1.210656e-02
1.370000e+00 -1.640013e-02
1.375000e+00 -2.022212e-02
1.380000e+00 -2.338660e-02
1.385000e+00 -2.558367e-02
1.390000e+00 -2.667362e-02
1.395000e+00 -2.662963e-02
1.400000e+00 -2.543503e-02
1.405000e+00 -2.321154e-02
1.410000e+00 -2.009734e-02
1.415000e+00 -1.627273e-02
1.420000e+00 -1.190754e-02
1.425000e+00 -7.061125e-03
1.430000e+00 -1.842274e-03
1.435000e+00 3.541221e-03
1.440000e+00 8.823070e-03
1.445000e+00 1.368457e-02
1.450000e+00 1.784667e-02
1.455000e+00 2.127073e-02
1.460000e+00 2.404996e-02
1.465000e+00 2.605477e-02
1.470000e+00 2.684408e-02
1.475000e+00 2.623657e-02
1.480000e+00 2.471573e-02
1.485000e+00 2.261511e-02
1.490000e+00 1.955240e-02
1.495000e+00 1.530596e-02
1.500000e+00 1.042664e-02
1.505000e+00 5.427541e-03
1.510000e+00 2.668397e-04
1.515000e+00 -5.028422e-03
1.520000e+00 -1.014294e-02
1.525000e+00 -1.490647e-02
1.530000e+00 -1.914884e-02
1.535000e+00 -2.247708e-02
1.540000e+00 -2.476482e-02
1.545000e+00 -2.621846e-02
1.550000e+00 -2.675893e-02
1.555000e+00 -2.617389e-02
1.560000e+00 -2.452738e-02
1.565000e+00 -2.181681e-02
1.570000e+00 -1.813351e-02
1.575000e+00 -1.390213e-02
1.580000e+00 -9.272268e-03
1.585000e+00 -4.121453e-03
1.590000e+00 1.379459e-03
1.595000e+00 6.783607e-03
1.600000e+00 1.172679e-02
1.605000e+00 1.613725e-02
1.610000e+00 2.007590e-02
1.615000e+00 2.340488e-02
1.620000e+00 2.563420e-02
1.625000e+00 2.657312e-02
1.630000e+00 2.666214e-02
1.635000e+00 2.587788e-02
1.640000e+00 2.383499e-02
1.645000e+00 2.079305e-02
1.650000e+00 1.710111e-02
1.655000e+00 1.271319e-02
1.660000e+00 7.664333e-03
1.665000e+00 2.313264e-03
1.670000e+00 -2.989005e-03
1.675000e+00 -8.169289e-03
1.680000e+00 -1.314496e-02
1.685000e+00 -1.760900e-02
1.690000e+00 -2.124875e-02
1.695000e+00 -2.405909e-02
1.700000e+00 -2.599910e-02
1.705000e+00 -2.681891e-02
1.710000e+00 -2.662714e-02
1.715000e+00 -2.545822e-02
1.720000e+00 -2.307066e-02
1.725000e+00 -1.974209e-02
1.730000e+00 -1.584628e-02
1.735000e+00 -1.128822e-02
1.740000e+00 -6.102696e-03
1.745000e+00 -7.311583e-04
1.750000e+00 4.554660e-03
1.755000e+00 9.713791e-03
1.760000e+00 1.454601e-02
1.765000e+00 1.879507e-02
1.770000e+00 2.226080e-02
1.775000e+00 2.482498e-02
1.780000e+00 2.639259e-02
1.785000e+00 2.695115e-02
1.790000e+00 2.646102e-02
1.795000e+00 2.478600e-02
1.800000e+00 2.217927e-02
1.805000e+00 1.885282e-02
1.810000e+00 1.460664e-02
1.815000e+00 9.693651e-03
1.820000e+00 4.597022e-03
1.825000e+00 -7.502759e-04
1.830000e+00 -6.199178e-03
1.835000e+00 -1.126240e-02
1.840000e+00 -1.587266e-02
1.845000e+00 -1.995056e-02
1.850000e+00 -2.317507e-02
1.855000e+00 -2.542078e-02
1.860000e+00 -2.671823e-02
1.865000e+00 -2.698360e-02
1.870000e+00 -2.611279e-02
1.875000e+00 -2.417847e-02
1.880000e+00 -2.129868e-02
1.885000e+00 -1.759801e-02
1.890000e+00 -1.320133e-02
1.895000e+00 -8.215356e-03
1.900000e+00 -2.939457e-03
1.905000e+00 2.365356e-03
1.910000e+00 7.685937e-03
1.915000e+00 1.273127e-02
1.920000e+00 1.713311e-02
1.925000e+00 2.096661e-02
1.930000e+00 2.399918e-02
1.935000e+00 2.592048e-02
1.940000e+00 2.691488e-02
1.945000e+00 2.685870e-02
1.950000e+00 2.560374e-02
1.955000e+00 2.343243e-02
1.960000e+00 2.038286e-02
1.965000e+00 1.637997e-02
1.970000e+00 1.177745e-02
1.975000e+00 6.779580e-03
1.980000e+00 1.399231e-03
1.985000e+00 -4.027808e-03
1.990000e+00 -9.215979e-03
1.995000e+00 -1.407984e-02
2 -1.839683e-02
2.005000e+00 -2.193469e-02
2.010000e+00 -2.463103e-02
2.015000e+00 -2.634614e-02
2.020000e+00 -2.702888e-02
2.025000e+00 -2.663798e-02
2.030000e+00 -2.511649e-02
2.035000e+00 -2.267260e-02
2.040000e+00 -1.930241e-02
2.045000e+00 -1.507214e-02
2.050000e+00 -1.037144e-02
2.055000e+00 -5.235468e-03
2.060000e+00 1.902610e-04
2.065000e+00 5.517857e-03
2.070000e+00 1.067030e-02
2.075000e+00 1.542323e-02
2.080000e+00 1.949407e-02
2.085000e+00 2.286591e-02
2.090000e+00 2.530966e-02
2.095000e+00 2.665030e-02
2.100000e+00 2.702243e-02
2.105000e+00 2.630831e-02
2.110000e+00 2.448818e-02
2.115000e+00 2.179024e-02
2.120000e+00 1.817637e-02
2.125000e+00 1.377877e-02
2.130000e+00 8.933028e-03
2.135000e+00 3.689406e-03
2.140000e+00 -1.766010e-03
2.145000e+00 -7.069403e-03
2.150000e+00 -1.210706e-02
2.155000e+00 -1.668187e-02
2.160000e+00 -2.056156e-02
2.165000e+00 -2.363429e-02
2.170000e+00 -2.576918e-02
2.175000e+00 -2.692062e-02
2.180000e+00 -2.694545e-02
2.185000e+00 -2.587293e-02
2.190000e+00 -2.386080e-02
2.195000e+00 -2.081159e-02
2.200000e+00 -1.693225e-02
2.205000e+00 -1.244923e-02
2.210000e+00 -7.397641e-03
2.215000e+00 -2.104853e-03
2.220000e+00 3.267168e-03
2.225000e+00 8.568771e-03
2.230000e+00 1.347415e-02
2.235000e+00 1.787568e-02
2.240000e+00 2.157601e-02
2.245000e+00 2.435685e-02
2.250000e+00 2.621883e-02
2.255000e+00 2.704231e-02
2.260000e+00 2.671410e-02
2.265000e+00 2.537339e-02
2.270000e+00 2.305204e-02
2.275000e+00 1.976724e-02
2.280000e+00 1.572294e-02
2.285000e+00 1.103256e-02
2.290000e+00 5.888581e-03
2.295000e+00 5.415330e-04
2.300000e+00 -4.856573e-03
2.305000e+00 -1.004784e-02
2.310000e+00 -1.483159e-02
2.315000e+00 -1.904087e-02
2.320000e+00 -2.245643e-02
2.325000e+00 -2.502146e-02
2.330000e+00 -2.662608e-02
2.335000e+00 -2.713952e-02
2.340000e+00 -2.657616e-02
2.345000e+00 -2.496206e-02
2.350000e+00 -2.236799e-02
2.355000e+00 -1.883239e-02
2.360000e+00 -1.452440e-02
2.365000e+00 -9.674321e-03
2.370000e+00 -4.357575e-03
2.375000e+00 1.119228e-03
2.380000e+00 6.492454e-03
2.385000e+00 1.165931e-02
2.390000e+00 1.628350e-02
2.395000e+00 2.015238e-02
2.400000e+00 2.309962e-02
2.405000e+00 2.487312e-02
2.410000e+00 2.542672e-02
2.415000e+00 2.464820e-02
2.420000e+00 2.244743e-02
2.425000e+00 1.901144e-02
2.430000e+00 1.444662e-02
2.435000e+00 9.003481e-03
2.440000e+00 3.154021e-03
2.445000e+00 -2.817595e-03
2.450000e+00 -8.534190e-03
2.455000e+00 -1.361934e-02
2.460000e+00 -1.793277e-02
2.465000e+00 -2.141819e-02
2.470000e+00 -2.402931e-02
2.475000e+00 -2.571539e-02
2.480000e+00 -2.639836e-02
2.485000e+00 -2.593087e-02
2.490000e+00 -2.415213e-02
2.495000e+00 -2.096780e-02
2.500000e+00 -1.643315e-02
2.505000e+00 -1.072690e-02
2.510000e+00 -4.250017e-03
2.515000e+00 2.505220e-03
2.520000e+00 9.098182e-03
2.525000e+00 1.517121e-02
2.530000e+00 2.045803e-02
2.535000e+00 2.474573e-02
2.540000e+00 2.802674e-02
2.545000e+00 3.020094e-02
2.550000e+00 3.118065e-02
2.555000e+00 3.100250e-02
2.560000e+00 2.961406e-02
2.565000e+00 2.720255e-02
2.570000e+00 2.381904e-02
2.575000e+00 1.949165e-02
2.580000e+00 1.441539e-02
2.585000e+00 8.517624e-03
2.590000e+00 2.108093e-03
2.595000e+00 -4.436394e-03
2.600000e+00 -1.083199e-02
2.605000e+00 -1.656520e-02
2.610000e+00 -2.154420e-02
2.615000e+00 -2.568405e-02
2.620000e+00 -2.889694e-02
2.625000e+00 -3.117261e-02
2.630000e+00 -3.222388e-02
2.635000e+00 -3.185231e-02
2.640000e+00 -2.998512e-02
2.645000e+00 -2.680407e-02
2.650000e+00 -2.264089e-02
2.655000e+00 -1.781972e-02
2.660000e+00 -1.254125e-02
2.665000e+00 -6.713037e-03
2.670000e+00 -4.030145e-04
2.675000e+00 6.103592e-03
2.680000e+00 1.248427e-02
2.685000e+00 1.824348e-02
2.690000e+00 2.304494e-02
2.695000e+00 2.686655e-02
2.700000e+00 2.968581e-02
2.705000e+00 3.146575e-02
2.710000e+00 3.210452e-02
2.715000e+00 3.145240e-02
2.720000e+00 2.941569e-02
2.725000e+00 2.609665e-02
2.730000e+00 2.173758e-02
2.735000e+00 1.658533e-02
2.740000e+00 1.086161e-02
2.745000e+00 4.676171e-03
2.750000e+00 -1.707041e-03
2.755000e+00 -8.019417e-03
2.760000e+00 -1.408156e-02
2.765000e+00 -1.957001e-02
2.770000e+00 -2.428180e-02
2.775000e+00 -2.803688e-02
2.780000e+00 -3.062563e-02
2.785000e+00 -3.198757e-02
2.790000e+00 -3.206598e-02
2.795000e+00 -3.089500e-02
2.800000e+00 -2.853668e-02
2.805000e+00 -2.501301e-02
2.810000e+00 -2.050148e-02
2.815000e+00 -1.515706e-02
2.820000e+00 -9.153806e-03
2.825000e+00 -2.815812e-03
2.830000e+00 3.625238e-03
2.835000e+00 9.917349e-03
2.840000e+00 1.581735e-02
2.845000e+00 2.110486e-02
2.850000e+00 2.549650e-02
2.855000e+00 2.890938e-02
2.860000e+00 3.123673e-02
2.865000e+00 3.228239e-02
2.870000e+00 3.201779e-02
2.875000e+00 3.047774e-02
2.880000e+00 2.771726e-02
2.885000e+00 2.383429e-02
2.890000e+00 1.900293e-02
2.895000e+00 1.347388e-02
2.900000e+00 7.438137e-03
2.905000e+00 1.007394e-03
2.910000e+00 -5.555258e-03
2.915000e+00 -1.181264e-02
2.920000e+00 -1.747944e-02
2.925000e+00 -2.247848e-02
2.930000e+00 -2.671363e-02
2.935000e+00 -2.994132e-02
2.940000e+00 -3.189013e-02
2.945000e+00 -3.244111e-02
2.950000e+00 -3.168333e-02
2.955000e+00 -2.979542e-02
2.960000e+00 -2.681609e-02
2.965000e+00 -2.270986e-02
2.970000e+00 -1.756436e-02
2.975000e+00 -1.166423e-02
2.980000e+00 -5.374134e-03
2.985000e+00 9.986532e-04
2.990000e+00 7.289533e-03
2.995000e+00 1.347130e-02
3 1.928610e-02
