T X
0 0
5.000000e-03 1.854962e-07
1.000000e-02 8.379260e-07
1.500000e-02 2.019950e-06
2.000000e-02 3.691978e-06
2.500000e-02 5.793198e-06
3.000000e-02 8.228993e-06
3.500000e-02 1.087760e-05
4.000000e-02 1.360208e-05
4.500000e-02 1.627562e-05
5.000000e-02 1.877711e-05
5.500000e-02 2.101089e-05
6.000000e-02 2.287560e-05
6.500000e-02 2.427639e-05
7.000000e-02 2.512037e-05
7.500000e-02 2.532218e-05
8.000000e-02 2.481379e-05
8.500000e-02 2.352762e-05
9.000000e-02 2.139448e-05
9.500000e-02 1.834664e-05
1.000000e-01 1.438935e-05
1.050000e-01 9.645072e-06
1.100000e-01 4.368943e-06
1.150000e-01 -1.098091e-06
1.200000e-01 -6.473499e-06
1.250000e-01 -1.157122e-05
1.300000e-01 -1.624549e-05
1.350000e-01 -2.029514e-05
1.400000e-01 -2.348255e-05
1.450000e-01 -2.567126e-05
1.500000e-01 -2.682466e-05
1.550000e-01 -2.690603e-05
1.600000e-01 -2.585728e-05
1.650000e-01 -2.370205e-05
1.700000e-01 -2.056745e-05
1.750000e-01 -1.660450e-05
1.800000e-01 -1.195924e-05
1.850000e-01 -6.811834e-06
1.900000e-01 -1.383092e-06
1.950000e-01 4.135999e-06
2.000000e-01 9.544358e-06
2.050000e-01 1.458608e-05
2.100000e-01 1.900978e-05
2.150000e-01 2.263726e-05
2.200000e-01 2.534697e-05
2.250000e-01 2.703288e-05
2.300000e-01 2.765151e-05
2.350000e-01 2.716774e-05
2.400000e-01 2.555274e-05
2.450000e-01 2.287356e-05
2.500000e-01 1.925316e-05
2.550000e-01 1.484286e-05
2.600000e-01 9.839487e-06
2.650000e-01 4.455453e-06
2.700000e-01 -1.116326e-06
2.750000e-01 -6.658493e-06
2.800000e-01 -1.194418e-05
2.850000e-01 -1.677548e-05
2.900000e-01 -2.092726e-05
2.950000e-01 -2.420705e-05
3.000000e-01 -2.650918e-05
3.050000e-01 -2.775749e-05
3.100000e-01 -2.790345e-05
3.150000e-01 -2.694640e-05
3.200000e-01 -2.490950e-05
3.250000e-01 -2.184956e-05
3.300000e-01 -1.789999e-05
3.350000e-01 -1.322402e-05
3.400000e-01 -8.019733e-06
3.450000e-01 -2.515789e-06
3.500000e-01 3.091907e-06
3.550000e-01 8.585757e-06
3.600000e-01 1.374814e-05
3.650000e-01 1.837857e-05
3.700000e-01 2.226622e-05
3.750000e-01 2.525545e-05
3.800000e-01 2.723189e-05
3.850000e-01 2.811285e-05
3.900000e-01 2.788136e-05
3.950000e-01 2.654951e-05
4.000000e-01 2.415601e-05
4.050000e-01 2.080214e-05
4.100000e-01 1.661422e-05
4.150000e-01 1.174675e-05
4.200000e-01 6.404516e-06
4.250000e-01 8.080726e-07
4.300000e-01 -4.804451e-06
4.350000e-01 -1.022084e-05
4.400000e-01 -1.524049e-05
4.450000e-01 -1.965871e-05
4.500000e-01 -2.330942e-05
4.550000e-01 -2.603286e-05
4.600000e-01 -2.771212e-05
4.650000e-01 -2.827481e-05
4.700000e-01 -2.769373e-05
4.750000e-01 -2.601985e-05
4.800000e-01 -2.333078e-05
4.850000e-01 -1.972588e-05
4.900000e-01 -1.533060e-05
4.950000e-01 -1.030424e-05
5.000000e-01 -4.850994e-06
5.050000e-01 7.937403e-07
5.100000e-01 6.387089e-06
5.150000e-01 1.171139e-05
5.200000e-01 1.656820e-05
5.250000e-01 2.077723e-05
5.300000e-01 2.418033e-05
5.350000e-01 2.663429e-05
5.400000e-01 2.801776e-05
5.450000e-01 2.826004e-05
5.500000e-01 2.736433e-05
5.550000e-01 2.538754e-05
5.600000e-01 2.242233e-05
5.650000e-01 1.858078e-05
5.700000e-01 1.399136e-05
5.750000e-01 8.828511e-06
5.800000e-01 3.303350e-06
5.850000e-01 -2.355411e-06
5.900000e-01 -7.906594e-06
5.950000e-01 -1.312502e-05
6.000000e-01 -1.781605e-05
6.050000e-01 -2.180417e-05
6.100000e-01 -2.494110e-05
6.150000e-01 -2.709800e-05
6.200000e-01 -2.816644e-05
6.250000e-01 -2.810169e-05
6.300000e-01 -2.691077e-05
6.350000e-01 -2.464807e-05
6.400000e-01 -2.141182e-05
6.450000e-01 -1.733345e-05
6.500000e-01 -1.257288e-05
6.550000e-01 -7.301748e-06
6.600000e-01 -1.733330e-06
6.650000e-01 3.906951e-06
6.700000e-01 9.392252e-06
6.750000e-01 1.449523e-05
6.800000e-01 1.901381e-05
6.850000e-01 2.276301e-05
6.900000e-01 2.560731e-05
6.950000e-01 2.744553e-05
7.000000e-01 2.819995e-05
7.050000e-01 2.783058e-05
7.100000e-01 2.634240e-05
7.150000e-01 2.379514e-05
7.200000e-01 2.029456e-05
7.250000e-01 1.599516e-05
7.300000e-01 1.107158e-05
7.350000e-01 5.716839e-06
7.400000e-01 1.366597e-07
7.450000e-01 -5.466847e-06
7.500000e-01 -1.086894e-05
7.550000e-01 -1.583732e-05
7.600000e-01 -2.015309e-05
7.650000e-01 -2.364438e-05
7.700000e-01 -2.619298e-05
7.750000e-01 -2.770954e-05
7.800000e-01 -2.814253e-05
7.850000e-01 -2.745942e-05
7.900000e-01 -2.566915e-05
7.950000e-01 -2.283896e-05
8.000000e-01 -1.908622e-05
8.050000e-01 -1.458214e-05
8.100000e-01 -9.515869e-06
8.150000e-01 -4.087910e-06
8.200000e-01 1.501465e-06
8.250000e-01 7.052340e-06
8.300000e-01 1.234290e-05
8.350000e-01 1.713730e-05
8.400000e-01 2.122761e-05
8.450000e-01 2.445852e-05
8.500000e-01 2.670872e-05
8.550000e-01 2.790445e-05
8.600000e-01 2.800293e-05
8.650000e-01 2.699049e-05
8.700000e-01 2.489677e-05
8.750000e-01 2.179327e-05
8.800000e-01 1.781182e-05
8.850000e-01 1.312308e-05
8.900000e-01 7.925061e-06
8.950000e-01 2.422496e-06
9.000000e-01 -3.176137e-06
9.050000e-01 -8.652400e-06
9.100000e-01 -1.379404e-05
9.150000e-01 -1.839006e-05
9.200000e-01 -2.224922e-05
9.250000e-01 -2.521104e-05
9.300000e-01 -2.716096e-05
9.350000e-01 -2.802764e-05
9.400000e-01 -2.777936e-05
9.450000e-01 -2.643143e-05
9.500000e-01 -2.403215e-05
9.550000e-01 -2.067767e-05
9.600000e-01 -1.649017e-05
9.650000e-01 -1.162855e-05
9.700000e-01 -6.302715e-06
9.750000e-01 -7.330120e-07
9.800000e-01 4.849028e-06
9.850000e-01 1.023224e-05
9.900000e-01 1.521525e-05
9.950000e-01 1.959874e-05
1 2.321380e-05
1.005000e+00 2.590254e-05
1.010000e+00 2.754516e-05
1.015000e+00 2.807165e-05
1.020000e+00 2.747365e-05
1.025000e+00 2.579483e-05
1.030000e+00 2.310643e-05
1.035000e+00 1.950596e-05
1.040000e+00 1.511112e-05
1.045000e+00 1.009321e-05
1.050000e+00 4.661177e-06
1.055000e+00 -9.475162e-07
1.060000e+00 -6.496895e-06
1.065000e+00 -1.177794e-05
1.070000e+00 -1.659105e-05
1.075000e+00 -2.076114e-05
1.080000e+00 -2.411780e-05
1.085000e+00 -2.651542e-05
1.090000e+00 -2.783990e-05
1.095000e+00 -2.802956e-05
1.100000e+00 -2.710075e-05
1.105000e+00 -2.510470e-05
1.110000e+00 -2.212701e-05
1.115000e+00 -1.827348e-05
1.120000e+00 -1.367824e-05
1.125000e+00 -8.522075e-06
1.130000e+00 -3.017786e-06
1.135000e+00 2.603265e-06
1.140000e+00 8.109505e-06
1.145000e+00 1.327977e-05
1.150000e+00 1.792333e-05
1.155000e+00 2.186379e-05
1.160000e+00 2.494226e-05
1.165000e+00 2.702925e-05
1.170000e+00 2.802832e-05
1.175000e+00 2.790114e-05
1.180000e+00 2.665301e-05
1.185000e+00 2.434520e-05
1.190000e+00 2.108545e-05
1.195000e+00 1.701221e-05
1.200000e+00 1.229215e-05
1.205000e+00 7.095531e-06
1.210000e+00 1.608863e-06
1.215000e+00 -4.005469e-06
1.220000e+00 -9.613033e-06
1.225000e+00 -1.508343e-05
1.230000e+00 -2.029284e-05
1.235000e+00 -2.509544e-05
1.240000e+00 -2.933330e-05
1.245000e+00 -3.282217e-05
1.250000e+00 -3.538060e-05
1.255000e+00 -3.688472e-05
1.260000e+00 -3.729096e-05
1.265000e+00 -3.664600e-05
1.270000e+00 -3.503347e-05
1.275000e+00 -3.254227e-05
1.280000e+00 -2.923973e-05
1.285000e+00 -2.518544e-05
1.290000e+00 -2.045870e-05
1.295000e+00 -1.516142e-05
1.300000e+00 -9.423602e-06
1.305000e+00 -3.347852e-06
1.310000e+00 3.000793e-06
1.315000e+00 9.563968e-06
1.320000e+00 1.622558e-05
1.325000e+00 2.274348e-05
1.330000e+00 2.879075e-05
1.335000e+00 3.404572e-05
1.340000e+00 3.827516e-05
1.345000e+00 4.134489e-05
1.350000e+00 4.320332e-05
1.355000e+00 4.384473e-05
1.360000e+00 4.322920e-05
1.365000e+00 4.129377e-05
1.370000e+00 3.804356e-05
1.375000e+00 3.357698e-05
1.380000e+00 2.804045e-05
1.385000e+00 2.164235e-05
1.390000e+00 1.464288e-05
1.395000e+00 7.272119e-06
1.400000e+00 -2.866715e-07
1.405000e+00 -7.847608e-06
1.410000e+00 -1.516887e-05
1.415000e+00 -2.194281e-05
1.420000e+00 -2.782142e-05
1.425000e+00 -3.252863e-05
1.430000e+00 -3.593464e-05
1.435000e+00 -3.796388e-05
1.440000e+00 -3.856417e-05
1.445000e+00 -3.771206e-05
1.450000e+00 -3.539967e-05
1.455000e+00 -3.169065e-05
1.460000e+00 -2.674950e-05
1.465000e+00 -2.078606e-05
1.470000e+00 -1.402562e-05
1.475000e+00 -6.734512e-06
1.480000e+00 8.213498e-07
1.485000e+00 8.371505e-06
1.490000e+00 1.563116e-05
1.495000e+00 2.233918e-05
1.500000e+00 2.823523e-05
1.505000e+00 3.309736e-05
1.510000e+00 3.673997e-05
1.515000e+00 3.895415e-05
1.520000e+00 3.958090e-05
1.525000e+00 3.861649e-05
1.530000e+00 3.614809e-05
1.535000e+00 3.223525e-05
1.540000e+00 2.694885e-05
1.545000e+00 2.046782e-05
1.550000e+00 1.308500e-05
1.555000e+00 5.118739e-06
1.560000e+00 -3.111353e-06
1.565000e+00 -1.126114e-05
1.570000e+00 -1.901740e-05
1.575000e+00 -2.607625e-05
1.580000e+00 -3.210077e-05
1.585000e+00 -3.680014e-05
1.590000e+00 -3.996797e-05
1.595000e+00 -4.146012e-05
1.600000e+00 -4.121682e-05
1.605000e+00 -3.926658e-05
1.610000e+00 -3.568332e-05
1.615000e+00 -3.058002e-05
1.620000e+00 -2.415528e-05
1.625000e+00 -1.671273e-05
1.630000e+00 -8.598743e-06
1.635000e+00 -1.614336e-07
1.640000e+00 8.253227e-06
1.645000e+00 1.632121e-05
1.650000e+00 2.367890e-05
1.655000e+00 2.998155e-05
1.660000e+00 3.502192e-05
1.665000e+00 3.861820e-05
1.670000e+00 4.057953e-05
1.675000e+00 4.081036e-05
1.680000e+00 3.934900e-05
1.685000e+00 3.630189e-05
1.690000e+00 3.179045e-05
1.695000e+00 2.599921e-05
1.700000e+00 1.918172e-05
1.705000e+00 1.164336e-05
1.710000e+00 3.697322e-06
1.715000e+00 -4.340215e-06
1.720000e+00 -1.211200e-05
1.725000e+00 -1.929218e-05
1.730000e+00 -2.562011e-05
1.735000e+00 -3.084985e-05
1.740000e+00 -3.477878e-05
1.745000e+00 -3.728339e-05
1.750000e+00 -3.826703e-05
1.755000e+00 -3.769180e-05
1.760000e+00 -3.562940e-05
1.765000e+00 -3.219044e-05
1.770000e+00 -2.751349e-05
1.775000e+00 -2.179996e-05
1.780000e+00 -1.529812e-05
1.785000e+00 -8.276935e-06
1.790000e+00 -1.007036e-06
1.795000e+00 6.241183e-06
1.800000e+00 1.317724e-05
1.805000e+00 1.951122e-05
1.810000e+00 2.500482e-05
1.815000e+00 2.945910e-05
1.820000e+00 3.273888e-05
1.825000e+00 3.474638e-05
1.830000e+00 3.538504e-05
1.835000e+00 3.465859e-05
1.840000e+00 3.261488e-05
1.845000e+00 2.931202e-05
1.850000e+00 2.491290e-05
1.855000e+00 1.962937e-05
1.860000e+00 1.366094e-05
1.865000e+00 7.217374e-06
1.870000e+00 5.386772e-07
1.875000e+00 -6.131368e-06
1.880000e+00 -1.253515e-05
1.885000e+00 -1.840936e-05
1.890000e+00 -2.354067e-05
1.895000e+00 -2.775001e-05
1.900000e+00 -3.089581e-05
1.905000e+00 -3.287257e-05
1.910000e+00 -3.361147e-05
1.915000e+00 -3.306936e-05
1.920000e+00 -3.125588e-05
1.925000e+00 -2.827488e-05
1.930000e+00 -2.423239e-05
1.935000e+00 -1.927907e-05
1.940000e+00 -1.364284e-05
1.945000e+00 -7.508473e-06
1.950000e+00 -1.070581e-06
1.955000e+00 5.401404e-06
1.960000e+00 1.165695e-05
1.965000e+00 1.747581e-05
1.970000e+00 2.262306e-05
1.975000e+00 2.691375e-05
1.980000e+00 3.019781e-05
1.985000e+00 3.233493e-05
1.990000e+00 3.325562e-05
1.995000e+00 3.292176e-05
2 3.133021e-05
2.005000e+00 2.853918e-05
2.010000e+00 2.464681e-05
2.015000e+00 1.980371e-05
2.020000e+00 1.419909e-05
2.025000e+00 8.044849e-06
2.030000e+00 1.559725e-06
2.035000e+00 -5.005100e-06
2.040000e+00 -1.138963e-05
2.045000e+00 -1.737423e-05
2.050000e+00 -2.272089e-05
2.055000e+00 -2.720609e-05
2.060000e+00 -3.065474e-05
2.065000e+00 -3.292472e-05
2.070000e+00 -3.394881e-05
2.075000e+00 -3.369198e-05
2.080000e+00 -3.213028e-05
2.085000e+00 -2.931795e-05
2.090000e+00 -2.535683e-05
2.095000e+00 -2.037628e-05
2.100000e+00 -1.458552e-05
2.105000e+00 -8.213080e-06
2.110000e+00 -1.499243e-06
2.115000e+00 5.289535e-06
2.120000e+00 1.192471e-05
2.125000e+00 1.815152e-05
2.130000e+00 2.369470e-05
2.135000e+00 2.833016e-05
2.140000e+00 3.187344e-05
2.145000e+00 3.418049e-05
2.150000e+00 3.516669e-05
2.155000e+00 3.481012e-05
2.160000e+00 3.310172e-05
2.165000e+00 3.008083e-05
2.170000e+00 2.585999e-05
2.175000e+00 2.059429e-05
2.180000e+00 1.450134e-05
2.185000e+00 7.822552e-06
2.190000e+00 8.147942e-07
2.195000e+00 -6.259885e-06
2.200000e+00 -1.313847e-05
2.205000e+00 -1.953914e-05
2.210000e+00 -2.520826e-05
2.215000e+00 -2.990933e-05
2.220000e+00 -3.343759e-05
2.225000e+00 -3.566409e-05
2.230000e+00 -3.650166e-05
2.235000e+00 -3.591026e-05
2.240000e+00 -3.391244e-05
2.245000e+00 -3.056362e-05
2.250000e+00 -2.598787e-05
2.255000e+00 -2.037765e-05
2.260000e+00 -1.393636e-05
2.265000e+00 -6.915613e-06
2.270000e+00 3.990272e-07
2.275000e+00 7.729223e-06
2.280000e+00 1.478123e-05
2.285000e+00 2.128171e-05
2.290000e+00 2.698166e-05
2.295000e+00 3.163938e-05
2.300000e+00 3.506093e-05
2.305000e+00 3.711176e-05
2.310000e+00 3.769934e-05
2.315000e+00 3.678998e-05
2.320000e+00 3.442306e-05
2.325000e+00 3.069284e-05
2.330000e+00 2.575116e-05
2.335000e+00 1.977439e-05
2.340000e+00 1.297257e-05
2.345000e+00 5.625046e-06
2.350000e+00 -1.962383e-06
2.355000e+00 -9.480987e-06
2.360000e+00 -1.664690e-05
2.365000e+00 -2.318153e-05
2.370000e+00 -2.882200e-05
2.375000e+00 -3.335793e-05
2.380000e+00 -3.659315e-05
2.385000e+00 -3.838434e-05
2.390000e+00 -3.865122e-05
2.395000e+00 -3.737214e-05
2.400000e+00 -3.461445e-05
2.405000e+00 -3.049711e-05
2.410000e+00 -2.516973e-05
2.415000e+00 -1.882290e-05
2.420000e+00 -1.169607e-05
2.425000e+00 -4.077067e-06
2.430000e+00 3.708185e-06
2.435000e+00 1.134048e-05
2.440000e+00 1.852748e-05
2.445000e+00 2.499275e-05
2.450000e+00 3.049202e-05
2.455000e+00 3.480294e-05
2.460000e+00 3.774579e-05
2.465000e+00 3.919705e-05
2.470000e+00 3.908703e-05
2.475000e+00 3.742329e-05
2.480000e+00 3.427541e-05
2.485000e+00 2.978088e-05
2.490000e+00 2.412268e-05
2.495000e+00 1.751875e-05
2.500000e+00 1.023583e-05
2.505000e+00 2.545872e-06
2.510000e+00 -5.273444e-06
2.515000e+00 -1.295957e-05
2.520000e+00 -2.028910e-05
2.525000e+00 -2.706129e-05
2.530000e+00 -3.309907e-05
2.535000e+00 -3.822883e-05
2.540000e+00 -4.228491e-05
2.545000e+00 -4.512313e-05
2.550000e+00 -4.661626e-05
2.555000e+00 -4.666871e-05
2.560000e+00 -4.524298e-05
2.565000e+00 -4.238693e-05
2.570000e+00 -3.824095e-05
2.575000e+00 -3.300385e-05
2.580000e+00 -2.690940e-05
2.585000e+00 -2.020197e-05
2.590000e+00 -1.308638e-05
2.595000e+00 -5.745019e-06
2.600000e+00 1.663427e-06
2.605000e+00 9.007095e-06
2.610000e+00 1.615412e-05
2.615000e+00 2.300008e-05
2.620000e+00 2.941537e-05
2.625000e+00 3.520833e-05
2.630000e+00 4.015291e-05
2.635000e+00 4.398739e-05
2.640000e+00 4.646614e-05
2.645000e+00 4.740497e-05
2.650000e+00 4.672624e-05
2.655000e+00 4.448996e-05
2.660000e+00 4.086372e-05
2.665000e+00 3.607476e-05
2.670000e+00 3.034721e-05
2.675000e+00 2.388074e-05
2.680000e+00 1.684763e-05
2.685000e+00 9.405659e-06
2.690000e+00 1.727290e-06
2.695000e+00 -5.984143e-06
2.700000e+00 -1.348955e-05
2.705000e+00 -2.052038e-05
2.710000e+00 -2.678801e-05
2.715000e+00 -3.203754e-05
2.720000e+00 -3.605737e-05
2.725000e+00 -3.865448e-05
2.730000e+00 -3.967098e-05
2.735000e+00 -3.901541e-05
2.740000e+00 -3.671461e-05
2.745000e+00 -3.291511e-05
2.750000e+00 -2.784800e-05
2.755000e+00 -2.178654e-05
2.760000e+00 -1.498719e-05
2.765000e+00 -7.668687e-06
2.770000e+00 -4.554454e-08
2.775000e+00 7.638324e-06
2.780000e+00 1.509931e-05
2.785000e+00 2.200771e-05
2.790000e+00 2.804841e-05
2.795000e+00 3.296984e-05
2.800000e+00 3.658123e-05
2.805000e+00 3.876779e-05
2.810000e+00 3.946477e-05
2.815000e+00 3.862893e-05
2.820000e+00 3.624753e-05
2.825000e+00 3.236687e-05
2.830000e+00 2.711778e-05
2.835000e+00 2.073199e-05
2.840000e+00 1.351718e-05
2.845000e+00 5.782657e-06
2.850000e+00 -2.178865e-06
2.855000e+00 -1.007393e-05
2.860000e+00 -1.760307e-05
2.865000e+00 -2.446755e-05
2.870000e+00 -3.036237e-05
2.875000e+00 -3.500900e-05
2.880000e+00 -3.823719e-05
2.885000e+00 -3.995331e-05
2.890000e+00 -4.006559e-05
2.895000e+00 -3.851346e-05
2.900000e+00 -3.537306e-05
2.905000e+00 -3.086812e-05
2.910000e+00 -2.521039e-05
2.915000e+00 -1.855452e-05
2.920000e+00 -1.111503e-05
2.925000e+00 -3.211036e-06
2.930000e+00 4.782659e-06
2.935000e+00 1.250430e-05
2.940000e+00 1.965838e-05
2.945000e+00 2.604122e-05
2.950000e+00 3.144971e-05
2.955000e+00 3.562788e-05
2.960000e+00 3.837606e-05
2.965000e+00 3.959651e-05
2.970000e+00 3.927311e-05
2.975000e+00 3.745940e-05
2.980000e+00 3.424516e-05
2.985000e+00 2.971884e-05
2.990000e+00 2.399884e-05
2.995000e+00 1.730708e-05
3 9.958680e-06
