T X
0 0
5.000000e-03 -2.489740e-11
1.000000e-02 -7.405235e-11
1.500000e-02 -6.959672e-11
2.000000e-02 3.253919e-10
2.500000e-02 3.343042e-09
3.000000e-02 1.916499e-08
3.500000e-02 8.305708e-08
4.000000e-02 2.858833e-07
4.500000e-02 7.929537e-07
5.000000e-02 1.796481e-06
5.500000e-02 3.384359e-06
6.000000e-02 5.439025e-06
6.500000e-02 7.728126e-06
7.000000e-02 1.011585e-05
7.500000e-02 1.258223e-05
8.000000e-02 1.501308e-05
8.500000e-02 1.717747e-05
9.000000e-02 1.897165e-05
9.500000e-02 2.042761e-05
1.000000e-01 2.146999e-05
1.050000e-01 2.195194e-05
1.100000e-01 2.183905e-05
1.150000e-01 2.111527e-05
1.200000e-01 1.972459e-05
1.250000e-01 1.768013e-05
1.300000e-01 1.497520e-05
1.350000e-01 1.155021e-05
1.400000e-01 7.477486e-06
1.450000e-01 2.964778e-06
1.500000e-01 -1.708233e-06
1.550000e-01 -6.195992e-06
1.600000e-01 -1.025133e-05
1.650000e-01 -1.378450e-05
1.700000e-01 -1.672395e-05
1.750000e-01 -1.897676e-05
1.800000e-01 -2.040401e-05
1.850000e-01 -2.087262e-05
1.900000e-01 -2.039880e-05
1.950000e-01 -1.907315e-05
2.000000e-01 -1.697477e-05
2.050000e-01 -1.418782e-05
2.100000e-01 -1.080217e-05
2.150000e-01 -6.974111e-06
2.200000e-01 -2.871712e-06
2.250000e-01 1.359781e-06
2.300000e-01 5.509565e-06
2.350000e-01 9.380602e-06
2.400000e-01 1.284793e-05
2.450000e-01 1.580535e-05
2.500000e-01 1.811359e-05
2.550000e-01 1.960667e-05
2.600000e-01 2.023245e-05
2.650000e-01 2.002929e-05
2.700000e-01 1.901460e-05
2.750000e-01 1.721894e-05
2.800000e-01 1.470607e-05
2.850000e-01 1.157417e-05
2.900000e-01 7.941030e-06
2.950000e-01 3.980149e-06
3.000000e-01 -1.021154e-07
3.050000e-01 -4.166105e-06
3.100000e-01 -8.067625e-06
3.150000e-01 -1.163901e-05
3.200000e-01 -1.473604e-05
3.250000e-01 -1.722986e-05
3.300000e-01 -1.900679e-05
3.350000e-01 -1.998050e-05
3.400000e-01 -2.014121e-05
3.450000e-01 -1.949566e-05
3.500000e-01 -1.805949e-05
3.550000e-01 -1.589776e-05
3.600000e-01 -1.307408e-05
3.650000e-01 -9.693794e-06
3.700000e-01 -5.920624e-06
3.750000e-01 -1.925826e-06
3.800000e-01 2.139168e-06
3.850000e-01 6.122107e-06
3.900000e-01 9.863334e-06
3.950000e-01 1.322722e-05
4.000000e-01 1.606986e-05
4.050000e-01 1.825134e-05
4.100000e-01 1.967723e-05
4.150000e-01 2.030277e-05
4.200000e-01 2.012614e-05
4.250000e-01 1.916352e-05
4.300000e-01 1.743191e-05
4.350000e-01 1.497496e-05
4.400000e-01 1.189944e-05
4.450000e-01 8.341522e-06
4.500000e-01 4.452130e-06
4.550000e-01 4.003945e-07
4.600000e-01 -3.668422e-06
4.650000e-01 -7.614951e-06
4.700000e-01 -1.127599e-05
4.750000e-01 -1.449142e-05
4.800000e-01 -1.711615e-05
4.850000e-01 -1.904438e-05
4.900000e-01 -2.021910e-05
4.950000e-01 -2.059959e-05
5.000000e-01 -2.016600e-05
5.050000e-01 -1.892774e-05
5.100000e-01 -1.691949e-05
5.150000e-01 -1.421903e-05
5.200000e-01 -1.095235e-05
5.250000e-01 -7.258502e-06
5.300000e-01 -3.279031e-06
5.350000e-01 8.363981e-07
5.400000e-01 4.941930e-06
5.450000e-01 8.867575e-06
5.500000e-01 1.243579e-05
5.550000e-01 1.549959e-05
5.600000e-01 1.793816e-05
5.650000e-01 1.967220e-05
5.700000e-01 2.064679e-05
5.750000e-01 2.081141e-05
5.800000e-01 2.013855e-05
5.850000e-01 1.864250e-05
5.900000e-01 1.639507e-05
5.950000e-01 1.350635e-05
6.000000e-01 1.009579e-05
6.050000e-01 6.294418e-06
6.100000e-01 2.227780e-06
6.150000e-01 -1.958574e-06
6.200000e-01 -6.074791e-06
6.250000e-01 -9.941931e-06
6.300000e-01 -1.339704e-05
6.350000e-01 -1.630793e-05
6.400000e-01 -1.858909e-05
6.450000e-01 -2.015820e-05
6.500000e-01 -2.093732e-05
6.550000e-01 -2.087247e-05
6.600000e-01 -1.995548e-05
6.650000e-01 -1.823825e-05
6.700000e-01 -1.580812e-05
6.750000e-01 -1.277209e-05
6.800000e-01 -9.238824e-06
6.850000e-01 -5.322984e-06
6.900000e-01 -1.175992e-06
6.950000e-01 3.028508e-06
7.000000e-01 7.105470e-06
7.050000e-01 1.087734e-05
7.100000e-01 1.421194e-05
7.150000e-01 1.699380e-05
7.200000e-01 1.911782e-05
7.250000e-01 2.049654e-05
7.300000e-01 2.104910e-05
7.350000e-01 2.074807e-05
7.400000e-01 1.961765e-05
7.450000e-01 1.771854e-05
7.500000e-01 1.513541e-05
7.550000e-01 1.195423e-05
7.600000e-01 8.291180e-06
7.650000e-01 4.283743e-06
7.700000e-01 1.001410e-07
7.750000e-01 -4.070699e-06
7.800000e-01 -8.067676e-06
7.850000e-01 -1.174014e-05
7.900000e-01 -1.495768e-05
7.950000e-01 -1.759529e-05
8.000000e-01 -1.952981e-05
8.050000e-01 -2.068052e-05
8.100000e-01 -2.099234e-05
8.150000e-01 -2.047095e-05
8.200000e-01 -1.915689e-05
8.250000e-01 -1.708894e-05
8.300000e-01 -1.434281e-05
8.350000e-01 -1.101146e-05
8.400000e-01 -7.231067e-06
8.450000e-01 -3.172998e-06
8.500000e-01 9.948326e-07
8.550000e-01 5.107709e-06
8.600000e-01 9.021078e-06
8.650000e-01 1.259278e-05
8.700000e-01 1.567298e-05
8.750000e-01 1.812069e-05
8.800000e-01 1.982859e-05
8.850000e-01 2.073488e-05
8.900000e-01 2.082053e-05
8.950000e-01 2.010007e-05
9.000000e-01 1.859239e-05
9.050000e-01 1.633646e-05
9.100000e-01 1.341349e-05
9.150000e-01 9.944390e-06
9.200000e-01 6.090486e-06
9.250000e-01 2.016813e-06
9.300000e-01 -2.123426e-06
9.350000e-01 -6.181967e-06
9.400000e-01 -1.001285e-05
9.450000e-01 -1.345572e-05
9.500000e-01 -1.635111e-05
9.550000e-01 -1.857297e-05
9.600000e-01 -2.004359e-05
9.650000e-01 -2.072139e-05
9.700000e-01 -2.059133e-05
9.750000e-01 -1.965324e-05
9.800000e-01 -1.792189e-05
9.850000e-01 -1.546000e-05
9.900000e-01 -1.237479e-05
9.950000e-01 -8.804736e-06
1 -4.903601e-06
1.005000e+00 -8.163327e-07
1.010000e+00 3.309446e-06
1.015000e+00 7.316161e-06
1.020000e+00 1.103695e-05
1.025000e+00 1.430511e-05
1.030000e+00 1.698420e-05
1.035000e+00 1.897972e-05
1.040000e+00 2.022988e-05
1.045000e+00 2.068482e-05
1.050000e+00 2.031507e-05
1.055000e+00 1.912521e-05
1.060000e+00 1.715699e-05
1.065000e+00 1.450391e-05
1.070000e+00 1.128693e-05
1.075000e+00 7.633128e-06
1.080000e+00 3.675672e-06
1.085000e+00 -4.413623e-07
1.090000e+00 -4.553389e-06
1.095000e+00 -8.481261e-06
1.100000e+00 -1.205170e-05
1.105000e+00 -1.512433e-05
1.110000e+00 -1.759601e-05
1.115000e+00 -1.938278e-05
1.120000e+00 -2.040920e-05
1.125000e+00 -2.061701e-05
1.130000e+00 -1.998486e-05
1.135000e+00 -1.854277e-05
1.140000e+00 -1.636356e-05
1.145000e+00 -1.354087e-05
1.150000e+00 -1.017049e-05
1.155000e+00 -6.352821e-06
1.160000e+00 -2.222753e-06
1.165000e+00 2.023183e-06
1.170000e+00 6.130337e-06
1.175000e+00 9.821077e-06
1.180000e+00 1.283551e-05
1.185000e+00 1.497324e-05
1.190000e+00 1.611345e-05
1.195000e+00 1.620999e-05
1.200000e+00 1.528201e-05
1.205000e+00 1.339085e-05
1.210000e+00 1.061896e-05
1.215000e+00 7.040893e-06
1.220000e+00 2.730276e-06
1.225000e+00 -2.191287e-06
1.230000e+00 -7.543453e-06
1.235000e+00 -1.308377e-05
1.240000e+00 -1.851517e-05
1.245000e+00 -2.354856e-05
1.250000e+00 -2.795737e-05
1.255000e+00 -3.154031e-05
1.260000e+00 -3.405154e-05
1.265000e+00 -3.526932e-05
1.270000e+00 -3.508100e-05
1.275000e+00 -3.343763e-05
1.280000e+00 -3.040334e-05
1.285000e+00 -2.621311e-05
1.290000e+00 -2.110432e-05
1.295000e+00 -1.520917e-05
1.300000e+00 -8.689743e-06
1.305000e+00 -1.800435e-06
1.310000e+00 5.187259e-06
1.315000e+00 1.196986e-05
1.320000e+00 1.823534e-05
1.325000e+00 2.373740e-05
1.330000e+00 2.826043e-05
1.335000e+00 3.168168e-05
1.340000e+00 3.401587e-05
1.345000e+00 3.528535e-05
1.350000e+00 3.551339e-05
1.355000e+00 3.474588e-05
1.360000e+00 3.303762e-05
1.365000e+00 3.051103e-05
1.370000e+00 2.730346e-05
1.375000e+00 2.349304e-05
1.380000e+00 1.916442e-05
1.385000e+00 1.444475e-05
1.390000e+00 9.513411e-06
1.395000e+00 4.608011e-06
1.400000e+00 -8.873891e-08
1.405000e+00 -4.457239e-06
1.410000e+00 -8.382911e-06
1.415000e+00 -1.176793e-05
1.420000e+00 -1.447382e-05
1.425000e+00 -1.636579e-05
1.430000e+00 -1.739238e-05
1.435000e+00 -1.758426e-05
1.440000e+00 -1.705688e-05
1.445000e+00 -1.588390e-05
1.450000e+00 -1.406273e-05
1.455000e+00 -1.163826e-05
1.460000e+00 -8.696749e-06
1.465000e+00 -5.353548e-06
1.470000e+00 -1.751047e-06
1.475000e+00 1.950776e-06
1.480000e+00 5.574011e-06
1.485000e+00 8.974309e-06
1.490000e+00 1.199023e-05
1.495000e+00 1.446263e-05
1.500000e+00 1.629153e-05
1.505000e+00 1.737615e-05
1.510000e+00 1.766390e-05
1.515000e+00 1.717376e-05
1.520000e+00 1.594020e-05
1.525000e+00 1.401389e-05
1.530000e+00 1.150016e-05
1.535000e+00 8.551787e-06
1.540000e+00 5.316404e-06
1.545000e+00 1.950263e-06
1.550000e+00 -1.398725e-06
1.555000e+00 -4.620103e-06
1.560000e+00 -7.613230e-06
1.565000e+00 -1.028871e-05
1.570000e+00 -1.254886e-05
1.575000e+00 -1.425191e-05
1.580000e+00 -1.530806e-05
1.585000e+00 -1.578524e-05
1.590000e+00 -1.573766e-05
1.595000e+00 -1.509635e-05
1.600000e+00 -1.383879e-05
1.605000e+00 -1.203386e-05
1.610000e+00 -9.784833e-06
1.615000e+00 -7.192042e-06
1.620000e+00 -4.339921e-06
1.625000e+00 -1.332654e-06
1.630000e+00 1.726131e-06
1.635000e+00 4.741916e-06
1.640000e+00 7.572627e-06
1.645000e+00 1.006111e-05
1.650000e+00 1.213313e-05
1.655000e+00 1.373629e-05
1.660000e+00 1.480423e-05
1.665000e+00 1.530518e-05
1.670000e+00 1.518004e-05
1.675000e+00 1.439252e-05
1.680000e+00 1.301140e-05
1.685000e+00 1.114753e-05
1.690000e+00 8.878062e-06
1.695000e+00 6.240101e-06
1.700000e+00 3.330665e-06
1.705000e+00 3.075483e-07
1.710000e+00 -2.694830e-06
1.715000e+00 -5.562293e-06
1.720000e+00 -8.180834e-06
1.725000e+00 -1.043890e-05
1.730000e+00 -1.223012e-05
1.735000e+00 -1.349562e-05
1.740000e+00 -1.424822e-05
1.745000e+00 -1.443562e-05
1.750000e+00 -1.397120e-05
1.755000e+00 -1.292166e-05
1.760000e+00 -1.140801e-05
1.765000e+00 -9.476094e-06
1.770000e+00 -7.177099e-06
1.775000e+00 -4.631459e-06
1.780000e+00 -1.953771e-06
1.785000e+00 7.753901e-07
1.790000e+00 3.432532e-06
1.795000e+00 5.878397e-06
1.800000e+00 8.025848e-06
1.805000e+00 9.817802e-06
1.810000e+00 1.119481e-05
1.815000e+00 1.210876e-05
1.820000e+00 1.253987e-05
1.825000e+00 1.248103e-05
1.830000e+00 1.192456e-05
1.835000e+00 1.090297e-05
1.840000e+00 9.516519e-06
1.845000e+00 7.837981e-06
1.850000e+00 5.898124e-06
1.855000e+00 3.773880e-06
1.860000e+00 1.552215e-06
1.865000e+00 -6.731500e-07
1.870000e+00 -2.791012e-06
1.875000e+00 -4.741793e-06
1.880000e+00 -6.489130e-06
1.885000e+00 -7.967071e-06
1.890000e+00 -9.122809e-06
1.895000e+00 -9.942691e-06
1.900000e+00 -1.039075e-05
1.905000e+00 -1.043733e-05
1.910000e+00 -1.013235e-05
1.915000e+00 -9.525991e-06
1.920000e+00 -8.619379e-06
1.925000e+00 -7.418473e-06
1.930000e+00 -5.978603e-06
1.935000e+00 -4.372446e-06
1.940000e+00 -2.652408e-06
1.945000e+00 -8.911623e-07
1.950000e+00 8.581238e-07
1.955000e+00 2.587925e-06
1.960000e+00 4.241337e-06
1.965000e+00 5.729767e-06
1.970000e+00 7.018043e-06
1.975000e+00 8.071242e-06
1.980000e+00 8.846111e-06
1.985000e+00 9.351742e-06
1.990000e+00 9.587780e-06
1.995000e+00 9.524583e-06
2 9.141824e-06
2.005000e+00 8.434547e-06
2.010000e+00 7.442008e-06
2.015000e+00 6.228026e-06
2.020000e+00 4.821562e-06
2.025000e+00 3.230103e-06
2.030000e+00 1.494411e-06
2.035000e+00 -3.295376e-07
2.040000e+00 -2.182397e-06
2.045000e+00 -3.986083e-06
2.050000e+00 -5.673713e-06
2.055000e+00 -7.193206e-06
2.060000e+00 -8.509030e-06
2.065000e+00 -9.587824e-06
2.070000e+00 -1.037213e-05
2.075000e+00 -1.079674e-05
2.080000e+00 -1.081928e-05
2.085000e+00 -1.046153e-05
2.090000e+00 -9.754610e-06
2.095000e+00 -8.684942e-06
2.100000e+00 -7.266714e-06
2.105000e+00 -5.549736e-06
2.110000e+00 -3.573837e-06
2.115000e+00 -1.403820e-06
2.120000e+00 8.609941e-07
2.125000e+00 3.135962e-06
2.130000e+00 5.353607e-06
2.135000e+00 7.449330e-06
2.140000e+00 9.333611e-06
2.145000e+00 1.090255e-05
2.150000e+00 1.209673e-05
2.155000e+00 1.286236e-05
2.160000e+00 1.315144e-05
2.165000e+00 1.296064e-05
2.170000e+00 1.228151e-05
2.175000e+00 1.110966e-05
2.180000e+00 9.471674e-06
2.185000e+00 7.414035e-06
2.190000e+00 5.024984e-06
2.195000e+00 2.410457e-06
2.200000e+00 -3.514511e-07
2.205000e+00 -3.181638e-06
2.210000e+00 -5.967527e-06
2.215000e+00 -8.584751e-06
2.220000e+00 -1.092053e-05
2.225000e+00 -1.286254e-05
2.230000e+00 -1.432529e-05
2.235000e+00 -1.527975e-05
2.240000e+00 -1.568375e-05
2.245000e+00 -1.547138e-05
2.250000e+00 -1.462974e-05
2.255000e+00 -1.318351e-05
2.260000e+00 -1.118160e-05
2.265000e+00 -8.713358e-06
2.270000e+00 -5.869651e-06
2.275000e+00 -2.743043e-06
2.280000e+00 5.603002e-07
2.285000e+00 3.917403e-06
2.290000e+00 7.185850e-06
2.295000e+00 1.023056e-05
2.300000e+00 1.290689e-05
2.305000e+00 1.508600e-05
2.310000e+00 1.671379e-05
2.315000e+00 1.774881e-05
2.320000e+00 1.811437e-05
2.325000e+00 1.773797e-05
2.330000e+00 1.660929e-05
2.335000e+00 1.480945e-05
2.340000e+00 1.242991e-05
2.345000e+00 9.526874e-06
2.350000e+00 6.188841e-06
2.355000e+00 2.547654e-06
2.360000e+00 -1.252626e-06
2.365000e+00 -5.051236e-06
2.370000e+00 -8.700438e-06
2.375000e+00 -1.206147e-05
2.380000e+00 -1.498010e-05
2.385000e+00 -1.734967e-05
2.390000e+00 -1.909518e-05
2.395000e+00 -2.012398e-05
2.400000e+00 -2.036275e-05
2.405000e+00 -1.978148e-05
2.410000e+00 -1.839882e-05
2.415000e+00 -1.628094e-05
2.420000e+00 -1.350843e-05
2.425000e+00 -1.016790e-05
2.430000e+00 -6.377977e-06
2.435000e+00 -2.274189e-06
2.440000e+00 1.975130e-06
2.445000e+00 6.187538e-06
2.450000e+00 1.022455e-05
2.455000e+00 1.395216e-05
2.460000e+00 1.721718e-05
2.465000e+00 1.984053e-05
2.470000e+00 2.161698e-05
2.475000e+00 2.237645e-05
2.480000e+00 2.201451e-05
2.485000e+00 2.047142e-05
2.490000e+00 1.772944e-05
2.495000e+00 1.383582e-05
2.500000e+00 8.915160e-06
2.505000e+00 3.162602e-06
2.510000e+00 -3.158933e-06
2.515000e+00 -9.764176e-06
2.520000e+00 -1.638686e-05
2.525000e+00 -2.277529e-05
2.530000e+00 -2.872003e-05
2.535000e+00 -3.402124e-05
2.540000e+00 -3.845570e-05
2.545000e+00 -4.179225e-05
2.550000e+00 -4.381850e-05
2.555000e+00 -4.439277e-05
2.560000e+00 -4.343580e-05
2.565000e+00 -4.091161e-05
2.570000e+00 -3.681398e-05
2.575000e+00 -3.118863e-05
2.580000e+00 -2.419243e-05
2.585000e+00 -1.610919e-05
2.590000e+00 -7.312950e-06
2.595000e+00 1.781283e-06
2.600000e+00 1.075205e-05
2.605000e+00 1.923030e-05
2.610000e+00 2.691426e-05
2.615000e+00 3.353345e-05
2.620000e+00 3.884154e-05
2.625000e+00 4.264168e-05
2.630000e+00 4.481362e-05
2.635000e+00 4.533414e-05
2.640000e+00 4.426205e-05
2.645000e+00 4.169957e-05
2.650000e+00 3.780737e-05
2.655000e+00 3.280962e-05
2.660000e+00 2.695906e-05
2.665000e+00 2.050995e-05
2.670000e+00 1.368566e-05
2.675000e+00 6.685420e-06
2.680000e+00 -2.484952e-07
2.685000e+00 -6.840008e-06
2.690000e+00 -1.281422e-05
2.695000e+00 -1.789740e-05
2.700000e+00 -2.187301e-05
2.705000e+00 -2.458336e-05
2.710000e+00 -2.591366e-05
2.715000e+00 -2.584889e-05
2.720000e+00 -2.448169e-05
2.725000e+00 -2.196279e-05
2.730000e+00 -1.849326e-05
2.735000e+00 -1.430225e-05
2.740000e+00 -9.586117e-06
2.745000e+00 -4.525750e-06
2.750000e+00 6.923583e-07
2.755000e+00 5.914044e-06
2.760000e+00 1.099542e-05
2.765000e+00 1.575308e-05
2.770000e+00 1.996389e-05
2.775000e+00 2.342228e-05
2.780000e+00 2.600279e-05
2.785000e+00 2.758024e-05
2.790000e+00 2.798460e-05
2.795000e+00 2.712534e-05
2.800000e+00 2.506490e-05
2.805000e+00 2.194107e-05
2.810000e+00 1.790865e-05
2.815000e+00 1.322550e-05
2.820000e+00 8.173248e-06
2.825000e+00 2.879988e-06
2.830000e+00 -2.581256e-06
2.835000e+00 -8.024330e-06
2.840000e+00 -1.314623e-05
2.845000e+00 -1.765664e-05
2.850000e+00 -2.137319e-05
2.855000e+00 -2.421769e-05
2.860000e+00 -2.618397e-05
2.865000e+00 -2.722779e-05
2.870000e+00 -2.724721e-05
2.875000e+00 -2.621067e-05
2.880000e+00 -2.416977e-05
2.885000e+00 -2.120522e-05
2.890000e+00 -1.744411e-05
2.895000e+00 -1.305699e-05
2.900000e+00 -8.208617e-06
2.905000e+00 -3.064316e-06
2.910000e+00 2.199551e-06
2.915000e+00 7.405365e-06
2.920000e+00 1.235645e-05
2.925000e+00 1.687983e-05
2.930000e+00 2.085205e-05
2.935000e+00 2.411801e-05
2.940000e+00 2.646183e-05
2.945000e+00 2.775925e-05
2.950000e+00 2.802990e-05
2.955000e+00 2.726255e-05
2.960000e+00 2.540750e-05
2.965000e+00 2.250770e-05
2.970000e+00 1.868932e-05
2.975000e+00 1.407548e-05
2.980000e+00 8.803414e-06
2.985000e+00 3.109167e-06
2.990000e+00 -2.719836e-06
2.995000e+00 -8.446191e-06
3 -1.388535e-05
