T X
0 0
5.000000e-03 4.604539e-09
1.000000e-02 9.831090e-09
1.500000e-02 2.047803e-07
2.000000e-02 2.152313e-06
2.500000e-02 1.483910e-05
3.000000e-02 7.514087e-05
3.500000e-02 2.910774e-04
4.000000e-02 8.822538e-04
4.500000e-02 2.118164e-03
5.000000e-02 4.061053e-03
5.500000e-02 6.284848e-03
6.000000e-02 8.045158e-03
6.500000e-02 8.993475e-03
7.000000e-02 9.538845e-03
7.500000e-02 1.010265e-02
8.000000e-02 1.035097e-02
8.500000e-02 9.848378e-03
9.000000e-02 8.921904e-03
9.500000e-02 7.929119e-03
1.000000e-01 6.542208e-03
1.050000e-01 4.680447e-03
1.100000e-01 2.817639e-03
1.150000e-01 9.416704e-04
1.200000e-01 -1.151758e-03
1.250000e-01 -3.095251e-03
1.300000e-01 -4.791680e-03
1.350000e-01 -6.490631e-03
1.400000e-01 -7.926709e-03
1.450000e-01 -8.984403e-03
1.500000e-01 -9.872774e-03
1.550000e-01 -1.031510e-02
1.600000e-01 -1.020978e-02
1.650000e-01 -9.777049e-03
1.700000e-01 -8.881227e-03
1.750000e-01 -7.647281e-03
1.800000e-01 -6.255615e-03
1.850000e-01 -4.489081e-03
1.900000e-01 -2.523974e-03
1.950000e-01 -5.209232e-04
2.000000e-01 1.566214e-03
2.050000e-01 3.499223e-03
2.100000e-01 5.354747e-03
2.150000e-01 7.089025e-03
2.200000e-01 8.381190e-03
2.250000e-01 9.371117e-03
2.300000e-01 1.003286e-02
2.350000e-01 1.027616e-02
2.400000e-01 1.014245e-02
2.450000e-01 9.519927e-03
2.500000e-01 8.606878e-03
2.550000e-01 7.378219e-03
2.600000e-01 5.738904e-03
2.650000e-01 3.939137e-03
2.700000e-01 1.958871e-03
2.750000e-01 -8.674528e-05
2.800000e-01 -2.116626e-03
2.850000e-01 -4.111146e-03
2.900000e-01 -5.854459e-03
2.950000e-01 -7.432413e-03
3.000000e-01 -8.714291e-03
3.050000e-01 -9.593753e-03
3.100000e-01 -1.016805e-02
3.150000e-01 -1.029664e-02
3.200000e-01 -1.002327e-02
3.250000e-01 -9.340029e-03
3.300000e-01 -8.281099e-03
3.350000e-01 -6.914595e-03
3.400000e-01 -5.224430e-03
3.450000e-01 -3.384971e-03
3.500000e-01 -1.379589e-03
3.550000e-01 6.867432e-04
3.600000e-01 2.680584e-03
3.650000e-01 4.611035e-03
3.700000e-01 6.358517e-03
3.750000e-01 7.861675e-03
3.800000e-01 9.011513e-03
3.850000e-01 9.818942e-03
3.900000e-01 1.026070e-02
3.950000e-01 1.025081e-02
4.000000e-01 9.853543e-03
4.050000e-01 9.057543e-03
4.100000e-01 7.894868e-03
4.150000e-01 6.441909e-03
4.200000e-01 4.726349e-03
4.250000e-01 2.815552e-03
4.300000e-01 7.972743e-04
4.350000e-01 -1.269436e-03
4.400000e-01 -3.284688e-03
4.450000e-01 -5.157520e-03
4.500000e-01 -6.828485e-03
4.550000e-01 -8.216243e-03
4.600000e-01 -9.285051e-03
4.650000e-01 -9.977537e-03
4.700000e-01 -1.027978e-02
4.750000e-01 -1.017604e-02
4.800000e-01 -9.658733e-03
4.850000e-01 -8.773013e-03
4.900000e-01 -7.525902e-03
4.950000e-01 -5.981794e-03
5.000000e-01 -4.175601e-03
5.050000e-01 -2.210176e-03
5.100000e-01 -1.836137e-04
5.150000e-01 1.880039e-03
5.200000e-01 3.853641e-03
5.250000e-01 5.647986e-03
5.300000e-01 7.247032e-03
5.350000e-01 8.571046e-03
5.400000e-01 9.530593e-03
5.450000e-01 1.012319e-02
5.500000e-01 1.030846e-02
5.550000e-01 1.007632e-02
5.600000e-01 9.443580e-03
5.650000e-01 8.428341e-03
5.700000e-01 7.089718e-03
5.750000e-01 5.450109e-03
5.800000e-01 3.603748e-03
5.850000e-01 1.644260e-03
5.900000e-01 -4.034540e-04
5.950000e-01 -2.454464e-03
6.000000e-01 -4.383097e-03
6.050000e-01 -6.150100e-03
6.100000e-01 -7.700816e-03
6.150000e-01 -8.891822e-03
6.200000e-01 -9.731579e-03
6.250000e-01 -1.022435e-02
6.300000e-01 -1.027175e-02
6.350000e-01 -9.916896e-03
6.400000e-01 -9.183808e-03
6.450000e-01 -8.066909e-03
6.500000e-01 -6.654414e-03
6.550000e-01 -4.966559e-03
6.600000e-01 -3.060777e-03
6.650000e-01 -1.040726e-03
6.700000e-01 1.036942e-03
6.750000e-01 3.070601e-03
6.800000e-01 4.978560e-03
6.850000e-01 6.666546e-03
6.900000e-01 8.094309e-03
6.950000e-01 9.210631e-03
7.000000e-01 9.943529e-03
7.050000e-01 1.028782e-02
7.100000e-01 1.021317e-02
7.150000e-01 9.746085e-03
7.200000e-01 8.884332e-03
7.250000e-01 7.667691e-03
7.300000e-01 6.146740e-03
7.350000e-01 4.367220e-03
7.400000e-01 2.456816e-03
7.450000e-01 4.266039e-04
7.500000e-01 -1.622093e-03
7.550000e-01 -3.578864e-03
7.600000e-01 -5.435746e-03
7.650000e-01 -7.061135e-03
7.700000e-01 -8.416994e-03
7.750000e-01 -9.457906e-03
7.800000e-01 -1.008268e-02
7.850000e-01 -1.030974e-02
7.900000e-01 -1.013874e-02
7.950000e-01 -9.557446e-03
8.000000e-01 -8.578642e-03
8.050000e-01 -7.266331e-03
8.100000e-01 -5.681333e-03
8.150000e-01 -3.855445e-03
8.200000e-01 -1.881136e-03
8.250000e-01 1.618851e-04
8.300000e-01 2.208223e-03
8.350000e-01 4.176537e-03
8.400000e-01 5.975699e-03
8.450000e-01 7.510119e-03
8.500000e-01 8.753170e-03
8.550000e-01 9.655030e-03
8.600000e-01 1.015730e-02
8.650000e-01 1.027607e-02
8.700000e-01 9.976249e-03
8.750000e-01 9.277738e-03
8.800000e-01 8.231036e-03
8.850000e-01 6.838723e-03
8.900000e-01 5.184801e-03
8.950000e-01 3.305968e-03
9.000000e-01 1.292034e-03
9.050000e-01 -7.552978e-04
9.100000e-01 -2.797102e-03
9.150000e-01 -4.696499e-03
9.200000e-01 -6.413808e-03
9.250000e-01 -7.890727e-03
9.300000e-01 -9.050089e-03
9.350000e-01 -9.864216e-03
9.400000e-01 -1.025624e-02
9.450000e-01 -1.026006e-02
9.500000e-01 -9.854023e-03
9.550000e-01 -9.037260e-03
9.600000e-01 -7.865304e-03
9.650000e-01 -6.361858e-03
9.700000e-01 -4.630033e-03
9.750000e-01 -2.708484e-03
9.800000e-01 -6.765962e-04
9.850000e-01 1.367463e-03
9.900000e-01 3.362825e-03
9.950000e-01 5.227712e-03
1 6.897269e-03
1.005000e+00 8.286046e-03
1.010000e+00 9.333085e-03
1.015000e+00 1.000358e-02
1.020000e+00 1.028653e-02
1.025000e+00 1.015502e-02
1.030000e+00 9.609831e-03
1.035000e+00 8.703974e-03
1.040000e+00 7.446998e-03
1.045000e+00 5.883470e-03
1.050000e+00 4.113746e-03
1.055000e+00 2.160183e-03
1.060000e+00 1.021915e-04
1.065000e+00 -1.939701e-03
1.070000e+00 -3.930236e-03
1.075000e+00 -5.745415e-03
1.080000e+00 -7.323273e-03
1.085000e+00 -8.617457e-03
1.090000e+00 -9.553494e-03
1.095000e+00 -1.014609e-02
1.100000e+00 -1.030935e-02
1.105000e+00 -1.005009e-02
1.110000e+00 -9.424120e-03
1.115000e+00 -8.398241e-03
1.120000e+00 -7.037137e-03
1.125000e+00 -5.389940e-03
1.130000e+00 -3.527161e-03
1.135000e+00 -1.531028e-03
1.140000e+00 5.416275e-04
1.145000e+00 2.553370e-03
1.150000e+00 4.472623e-03
1.155000e+00 6.233963e-03
1.160000e+00 7.722598e-03
1.165000e+00 8.932840e-03
1.170000e+00 9.775778e-03
1.175000e+00 1.021093e-02
1.180000e+00 1.026919e-02
1.185000e+00 9.902821e-03
1.190000e+00 9.126015e-03
1.195000e+00 8.007373e-03
1.200000e+00 6.564912e-03
1.205000e+00 4.862021e-03
1.210000e+00 2.972465e-03
1.215000e+00 9.559881e-04
1.220000e+00 -1.094797e-03
1.225000e+00 -3.112721e-03
1.230000e+00 -5.009860e-03
1.235000e+00 -6.694088e-03
1.240000e+00 -8.074127e-03
1.245000e+00 -9.089781e-03
1.250000e+00 -9.717578e-03
1.255000e+00 -9.973080e-03
1.260000e+00 -9.954447e-03
1.265000e+00 -9.746254e-03
1.270000e+00 -9.525190e-03
1.275000e+00 -9.433080e-03
1.280000e+00 -9.449308e-03
1.285000e+00 -9.517625e-03
1.290000e+00 -9.437402e-03
1.295000e+00 -8.973348e-03
1.300000e+00 -7.983072e-03
1.305000e+00 -6.467484e-03
1.310000e+00 -4.605078e-03
1.315000e+00 -2.619516e-03
1.320000e+00 -7.233275e-04
1.325000e+00 1.025006e-03
1.330000e+00 2.675505e-03
1.335000e+00 4.319032e-03
1.340000e+00 6.035625e-03
1.345000e+00 7.724737e-03
1.350000e+00 9.287060e-03
1.355000e+00 1.069609e-02
1.360000e+00 1.199797e-02
1.365000e+00 1.330713e-02
1.370000e+00 1.465234e-02
1.375000e+00 1.579596e-02
1.380000e+00 1.632987e-02
1.385000e+00 1.597002e-02
1.390000e+00 1.461666e-02
1.395000e+00 1.247071e-02
1.400000e+00 9.918416e-03
1.405000e+00 7.208541e-03
1.410000e+00 4.395427e-03
1.415000e+00 1.428673e-03
1.420000e+00 -1.682343e-03
1.425000e+00 -4.784543e-03
1.430000e+00 -7.722696e-03
1.435000e+00 -1.038026e-02
1.440000e+00 -1.255796e-02
1.445000e+00 -1.408712e-02
1.450000e+00 -1.504651e-02
1.455000e+00 -1.554468e-02
1.460000e+00 -1.543172e-02
1.465000e+00 -1.464799e-02
1.470000e+00 -1.352123e-02
1.475000e+00 -1.210662e-02
1.480000e+00 -9.940993e-03
1.485000e+00 -6.901750e-03
1.490000e+00 -3.672158e-03
1.495000e+00 -7.960493e-04
1.500000e+00 2.110512e-03
1.505000e+00 5.241480e-03
1.510000e+00 8.193764e-03
1.515000e+00 1.078073e-02
1.520000e+00 1.286450e-02
1.525000e+00 1.427729e-02
1.530000e+00 1.515682e-02
1.535000e+00 1.566693e-02
1.540000e+00 1.558995e-02
1.545000e+00 1.470298e-02
1.550000e+00 1.317574e-02
1.555000e+00 1.114659e-02
1.560000e+00 8.686434e-03
1.565000e+00 6.003875e-03
1.570000e+00 3.166646e-03
1.575000e+00 7.909885e-05
1.580000e+00 -3.135661e-03
1.585000e+00 -6.202723e-03
1.590000e+00 -8.973437e-03
1.595000e+00 -1.124602e-02
1.600000e+00 -1.296867e-02
1.605000e+00 -1.444495e-02
1.610000e+00 -1.557270e-02
1.615000e+00 -1.582820e-02
1.620000e+00 -1.517781e-02
1.625000e+00 -1.402379e-02
1.630000e+00 -1.262140e-02
1.635000e+00 -1.077318e-02
1.640000e+00 -8.174145e-03
1.645000e+00 -5.147284e-03
1.650000e+00 -2.243213e-03
1.655000e+00 7.305324e-04
1.660000e+00 3.932295e-03
1.665000e+00 6.892559e-03
1.670000e+00 9.460197e-03
1.675000e+00 1.177940e-02
1.680000e+00 1.365379e-02
1.685000e+00 1.487754e-02
1.690000e+00 1.554861e-02
1.695000e+00 1.561979e-02
1.700000e+00 1.501135e-02
1.705000e+00 1.382365e-02
1.710000e+00 1.215845e-02
1.715000e+00 1.005221e-02
1.720000e+00 7.383741e-03
1.725000e+00 4.391290e-03
1.730000e+00 1.423837e-03
1.735000e+00 -1.656348e-03
1.740000e+00 -4.758955e-03
1.745000e+00 -7.620124e-03
1.750000e+00 -1.020922e-02
1.755000e+00 -1.235889e-02
1.760000e+00 -1.391694e-02
1.765000e+00 -1.503298e-02
1.770000e+00 -1.566270e-02
1.775000e+00 -1.552728e-02
1.780000e+00 -1.472289e-02
1.785000e+00 -1.345518e-02
1.790000e+00 -1.166590e-02
1.795000e+00 -9.301593e-03
1.800000e+00 -6.569516e-03
1.805000e+00 -3.692653e-03
1.810000e+00 -6.133287e-04
1.815000e+00 2.538710e-03
1.820000e+00 5.521256e-03
1.825000e+00 8.345835e-03
1.830000e+00 1.080885e-02
1.835000e+00 1.280460e-02
1.840000e+00 1.440006e-02
1.845000e+00 1.534430e-02
1.850000e+00 1.563610e-02
1.855000e+00 1.540536e-02
1.860000e+00 1.449135e-02
1.865000e+00 1.296187e-02
1.870000e+00 1.102078e-02
1.875000e+00 8.623408e-03
1.880000e+00 5.801028e-03
1.885000e+00 2.796313e-03
1.890000e+00 -2.598958e-04
1.895000e+00 -3.378642e-03
1.900000e+00 -6.386674e-03
1.905000e+00 -9.064967e-03
1.910000e+00 -1.141303e-02
1.915000e+00 -1.331224e-02
1.920000e+00 -1.464721e-02
1.925000e+00 -1.544691e-02
1.930000e+00 -1.561987e-02
1.935000e+00 -1.514366e-02
1.940000e+00 -1.409993e-02
1.945000e+00 -1.249972e-02
1.950000e+00 -1.040071e-02
1.955000e+00 -7.873333e-03
1.960000e+00 -4.998561e-03
1.965000e+00 -1.973883e-03
1.970000e+00 1.142921e-03
1.975000e+00 4.252141e-03
1.980000e+00 7.124218e-03
1.985000e+00 9.742759e-03
1.990000e+00 1.203095e-02
1.995000e+00 1.378277e-02
2 1.495874e-02
2.005000e+00 1.560798e-02
2.010000e+00 1.562392e-02
2.015000e+00 1.494640e-02
2.020000e+00 1.372401e-02
2.025000e+00 1.193084e-02
2.030000e+00 9.626216e-03
2.035000e+00 7.024968e-03
2.040000e+00 4.116500e-03
2.045000e+00 1.027324e-03
2.050000e+00 -2.065166e-03
2.055000e+00 -5.095992e-03
2.060000e+00 -7.902823e-03
2.065000e+00 -1.041665e-02
2.070000e+00 -1.253068e-02
2.075000e+00 -1.410517e-02
2.080000e+00 -1.516282e-02
2.085000e+00 -1.558959e-02
2.090000e+00 -1.537499e-02
2.095000e+00 -1.462003e-02
2.100000e+00 -1.322166e-02
2.105000e+00 -1.130151e-02
2.110000e+00 -8.987116e-03
2.115000e+00 -6.245517e-03
2.120000e+00 -3.278252e-03
2.125000e+00 -1.985794e-04
2.130000e+00 2.948716e-03
2.135000e+00 5.943164e-03
2.140000e+00 8.664728e-03
2.145000e+00 1.108035e-02
2.150000e+00 1.306099e-02
2.155000e+00 1.446364e-02
2.160000e+00 1.533039e-02
2.165000e+00 1.560494e-02
2.170000e+00 1.519598e-02
2.175000e+00 1.425159e-02
2.180000e+00 1.270902e-02
2.185000e+00 1.063133e-02
2.190000e+00 8.178313e-03
2.195000e+00 5.332519e-03
2.200000e+00 2.333666e-03
2.205000e+00 -7.425439e-04
2.210000e+00 -3.841136e-03
2.215000e+00 -6.741020e-03
2.220000e+00 -9.389009e-03
2.225000e+00 -1.166783e-02
2.230000e+00 -1.348335e-02
2.235000e+00 -1.476597e-02
2.240000e+00 -1.544557e-02
2.245000e+00 -1.554641e-02
2.250000e+00 -1.498895e-02
2.255000e+00 -1.381436e-02
2.260000e+00 -1.213966e-02
2.265000e+00 -9.949368e-03
2.270000e+00 -7.380910e-03
2.275000e+00 -4.531242e-03
2.280000e+00 -1.452138e-03
2.285000e+00 1.655619e-03
2.290000e+00 4.695892e-03
2.295000e+00 7.575937e-03
2.300000e+00 1.013129e-02
2.305000e+00 1.229271e-02
2.310000e+00 1.397251e-02
2.315000e+00 1.505304e-02
2.320000e+00 1.553081e-02
2.325000e+00 1.543673e-02
2.330000e+00 1.471157e-02
2.335000e+00 1.336953e-02
2.340000e+00 1.152704e-02
2.345000e+00 9.229051e-03
2.350000e+00 6.538715e-03
2.355000e+00 3.599825e-03
2.360000e+00 5.155666e-04
2.365000e+00 -2.593229e-03
2.370000e+00 -5.589126e-03
2.375000e+00 -8.361928e-03
2.380000e+00 -1.078265e-02
2.385000e+00 -1.279307e-02
2.390000e+00 -1.430389e-02
2.395000e+00 -1.524531e-02
2.400000e+00 -1.558069e-02
2.405000e+00 -1.527459e-02
2.410000e+00 -1.439316e-02
2.415000e+00 -1.292864e-02
2.420000e+00 -1.091456e-02
2.425000e+00 -8.485352e-03
2.430000e+00 -5.725802e-03
2.435000e+00 -2.715061e-03
2.440000e+00 3.843414e-04
2.445000e+00 3.446673e-03
2.450000e+00 6.425972e-03
2.455000e+00 9.129747e-03
2.460000e+00 1.145026e-02
2.465000e+00 1.335453e-02
2.470000e+00 1.469658e-02
2.475000e+00 1.545729e-02
2.480000e+00 1.561033e-02
2.485000e+00 1.510178e-02
2.490000e+00 1.399087e-02
2.495000e+00 1.231851e-02
2.500000e+00 1.014229e-02
2.505000e+00 7.566850e-03
2.510000e+00 4.669414e-03
2.515000e+00 1.578077e-03
2.520000e+00 -1.535109e-03
2.525000e+00 -4.566211e-03
2.530000e+00 -7.404483e-03
2.535000e+00 -9.952262e-03
2.540000e+00 -1.207344e-02
2.545000e+00 -1.366539e-02
2.550000e+00 -1.475877e-02
2.555000e+00 -1.523797e-02
2.560000e+00 -1.504669e-02
2.565000e+00 -1.427962e-02
2.570000e+00 -1.296911e-02
2.575000e+00 -1.124470e-02
2.580000e+00 -9.317397e-03
2.585000e+00 -7.394955e-03
2.590000e+00 -5.589824e-03
2.595000e+00 -3.999998e-03
2.600000e+00 -2.664597e-03
2.605000e+00 -1.444152e-03
2.610000e+00 -2.727823e-04
2.615000e+00 9.780608e-04
2.620000e+00 2.350519e-03
2.625000e+00 3.741619e-03
2.630000e+00 5.064745e-03
2.635000e+00 6.092345e-03
2.640000e+00 6.724744e-03
2.645000e+00 6.963581e-03
2.650000e+00 6.824898e-03
2.655000e+00 6.527182e-03
2.660000e+00 6.244897e-03
2.665000e+00 6.080973e-03
2.670000e+00 6.127876e-03
2.675000e+00 6.264061e-03
2.680000e+00 6.437192e-03
2.685000e+00 6.653472e-03
2.690000e+00 6.776921e-03
2.695000e+00 6.799039e-03
2.700000e+00 6.659714e-03
2.705000e+00 6.147469e-03
2.710000e+00 5.189604e-03
2.715000e+00 3.828936e-03
2.720000e+00 2.220997e-03
2.725000e+00 6.016509e-04
2.730000e+00 -8.130802e-04
2.735000e+00 -1.939401e-03
2.740000e+00 -2.901281e-03
2.745000e+00 -3.836984e-03
2.750000e+00 -4.841014e-03
2.755000e+00 -5.800426e-03
2.760000e+00 -6.458685e-03
2.765000e+00 -6.699342e-03
2.770000e+00 -6.502204e-03
2.775000e+00 -6.033949e-03
2.780000e+00 -5.515799e-03
2.785000e+00 -4.998629e-03
2.790000e+00 -4.417692e-03
2.795000e+00 -3.624299e-03
2.800000e+00 -2.513670e-03
2.805000e+00 -1.123636e-03
2.810000e+00 3.668266e-04
2.815000e+00 1.757731e-03
2.820000e+00 2.958551e-03
2.825000e+00 3.981313e-03
2.830000e+00 4.835049e-03
2.835000e+00 5.509408e-03
2.840000e+00 6.074626e-03
2.845000e+00 6.448911e-03
2.850000e+00 6.467886e-03
2.855000e+00 6.171798e-03
2.860000e+00 5.677049e-03
2.865000e+00 4.974966e-03
2.870000e+00 3.987930e-03
2.875000e+00 2.873042e-03
2.880000e+00 1.762515e-03
2.885000e+00 5.899860e-04
2.890000e+00 -6.498979e-04
2.895000e+00 -1.903620e-03
2.900000e+00 -3.044739e-03
2.905000e+00 -4.072303e-03
2.910000e+00 -4.998273e-03
2.915000e+00 -5.658626e-03
2.920000e+00 -6.062943e-03
2.925000e+00 -6.251233e-03
2.930000e+00 -6.202897e-03
2.935000e+00 -5.924595e-03
2.940000e+00 -5.404904e-03
2.945000e+00 -4.676631e-03
2.950000e+00 -3.705559e-03
2.955000e+00 -2.647825e-03
2.960000e+00 -1.594477e-03
2.965000e+00 -3.531017e-04
2.970000e+00 9.912297e-04
2.975000e+00 2.248616e-03
2.980000e+00 3.335274e-03
2.985000e+00 4.218314e-03
2.990000e+00 4.995809e-03
2.995000e+00 5.662735e-03
3 6.095467e-03
