T X
0 0
5.000000e-03 3.735837e-11
1.000000e-02 -3.694784e-11
1.500000e-02 -7.691551e-11
2.000000e-02 -5.792853e-11
2.500000e-02 4.883711e-10
3.000000e-02 1.028210e-08
3.500000e-02 9.963144e-08
4.000000e-02 6.923031e-07
4.500000e-02 3.792247e-06
5.000000e-02 1.706462e-05
5.500000e-02 6.446372e-05
6.000000e-02 2.068255e-04
6.500000e-02 5.666860e-04
7.000000e-02 1.328316e-03
7.500000e-02 2.662946e-03
8.000000e-02 4.562286e-03
8.500000e-02 6.687250e-03
9.000000e-02 8.452490e-03
9.500000e-02 9.430391e-03
1.000000e-01 9.733236e-03
1.050000e-01 9.838701e-03
1.100000e-01 9.927048e-03
1.150000e-01 9.618408e-03
1.200000e-01 8.594632e-03
1.250000e-01 7.155391e-03
1.300000e-01 5.713636e-03
1.350000e-01 4.115890e-03
1.400000e-01 2.106337e-03
1.450000e-01 1.060371e-05
1.500000e-01 -1.816952e-03
1.550000e-01 -3.610496e-03
1.600000e-01 -5.494652e-03
1.650000e-01 -7.062970e-03
1.700000e-01 -8.214506e-03
1.750000e-01 -9.231019e-03
1.800000e-01 -9.924473e-03
1.850000e-01 -1.001115e-02
1.900000e-01 -9.762307e-03
1.950000e-01 -9.268291e-03
2.000000e-01 -8.268960e-03
2.050000e-01 -6.942532e-03
2.100000e-01 -5.469959e-03
2.150000e-01 -3.633264e-03
2.200000e-01 -1.621386e-03
2.250000e-01 2.566979e-04
2.300000e-01 2.211020e-03
2.350000e-01 4.183510e-03
2.400000e-01 5.867650e-03
2.450000e-01 7.361120e-03
2.500000e-01 8.578052e-03
2.550000e-01 9.344064e-03
2.600000e-01 9.878179e-03
2.650000e-01 1.005307e-02
2.700000e-01 9.649256e-03
2.750000e-01 8.948260e-03
2.800000e-01 7.948888e-03
2.850000e-01 6.537786e-03
2.900000e-01 4.932574e-03
2.950000e-01 3.116262e-03
3.000000e-01 1.146968e-03
3.050000e-01 -7.923804e-04
3.100000e-01 -2.803017e-03
3.150000e-01 -4.687444e-03
3.200000e-01 -6.269012e-03
3.250000e-01 -7.721775e-03
3.300000e-01 -8.843318e-03
3.350000e-01 -9.532843e-03
3.400000e-01 -9.944089e-03
3.450000e-01 -9.923441e-03
3.500000e-01 -9.494807e-03
3.550000e-01 -8.723297e-03
3.600000e-01 -7.541319e-03
3.650000e-01 -6.104349e-03
3.700000e-01 -4.407972e-03
3.750000e-01 -2.512307e-03
3.800000e-01 -6.098007e-04
3.850000e-01 1.390203e-03
3.900000e-01 3.353564e-03
3.950000e-01 5.124151e-03
4.000000e-01 6.754375e-03
4.050000e-01 8.075105e-03
4.100000e-01 9.064713e-03
4.150000e-01 9.733257e-03
4.200000e-01 9.953296e-03
4.250000e-01 9.814501e-03
4.300000e-01 9.312520e-03
4.350000e-01 8.401387e-03
4.400000e-01 7.159245e-03
4.450000e-01 5.623555e-03
4.500000e-01 3.888181e-03
4.550000e-01 1.977041e-03
4.600000e-01 -2.777337e-05
4.650000e-01 -1.976403e-03
4.700000e-01 -3.889610e-03
4.750000e-01 -5.643825e-03
4.800000e-01 -7.138556e-03
4.850000e-01 -8.409542e-03
4.900000e-01 -9.310794e-03
4.950000e-01 -9.819178e-03
5.000000e-01 -9.980143e-03
5.050000e-01 -9.716130e-03
5.100000e-01 -9.063461e-03
5.150000e-01 -8.066722e-03
5.200000e-01 -6.738793e-03
5.250000e-01 -5.130177e-03
5.300000e-01 -3.338626e-03
5.350000e-01 -1.415152e-03
5.400000e-01 6.180082e-04
5.450000e-01 2.568526e-03
5.500000e-01 4.431297e-03
5.550000e-01 6.176290e-03
5.600000e-01 7.580243e-03
5.650000e-01 8.727286e-03
5.700000e-01 9.536519e-03
5.750000e-01 9.906407e-03
5.800000e-01 9.949757e-03
5.850000e-01 9.555879e-03
5.900000e-01 8.782291e-03
5.950000e-01 7.704023e-03
6.000000e-01 6.271263e-03
6.050000e-01 4.597891e-03
6.100000e-01 2.771114e-03
6.150000e-01 8.250744e-04
6.200000e-01 -1.170859e-03
6.250000e-01 -3.087092e-03
6.300000e-01 -4.900637e-03
6.350000e-01 -6.534628e-03
6.400000e-01 -7.881856e-03
6.450000e-01 -8.969278e-03
6.500000e-01 -9.651798e-03
6.550000e-01 -9.956645e-03
6.600000e-01 -9.900517e-03
6.650000e-01 -9.384377e-03
6.700000e-01 -8.557139e-03
6.750000e-01 -7.366624e-03
6.800000e-01 -5.858779e-03
6.850000e-01 -4.159965e-03
6.900000e-01 -2.248534e-03
6.950000e-01 -2.627813e-04
7.000000e-01 1.737135e-03
7.050000e-01 3.666197e-03
7.100000e-01 5.442601e-03
7.150000e-01 6.999013e-03
7.200000e-01 8.272236e-03
7.250000e-01 9.252449e-03
7.300000e-01 9.822693e-03
7.350000e-01 1.000957e-02
7.400000e-01 9.806536e-03
7.450000e-01 9.186448e-03
7.500000e-01 8.200727e-03
7.550000e-01 6.889212e-03
7.600000e-01 5.331120e-03
7.650000e-01 3.543693e-03
7.700000e-01 1.627922e-03
7.750000e-01 -3.501433e-04
7.800000e-01 -2.325134e-03
7.850000e-01 -4.204865e-03
7.900000e-01 -5.912009e-03
7.950000e-01 -7.377400e-03
8.000000e-01 -8.556552e-03
8.050000e-01 -9.375440e-03
8.100000e-01 -9.860700e-03
8.150000e-01 -9.932332e-03
8.200000e-01 -9.624135e-03
8.250000e-01 -8.949654e-03
8.300000e-01 -7.872343e-03
8.350000e-01 -6.517860e-03
8.400000e-01 -4.875735e-03
8.450000e-01 -3.046573e-03
8.500000e-01 -1.098231e-03
8.550000e-01 8.942779e-04
8.600000e-01 2.857069e-03
8.650000e-01 4.713204e-03
8.700000e-01 6.374377e-03
8.750000e-01 7.810990e-03
8.800000e-01 8.879711e-03
8.850000e-01 9.631573e-03
8.900000e-01 9.986854e-03
8.950000e-01 9.916047e-03
9.000000e-01 9.477664e-03
9.050000e-01 8.649790e-03
9.100000e-01 7.485312e-03
9.150000e-01 6.010943e-03
9.200000e-01 4.311125e-03
9.250000e-01 2.426105e-03
9.300000e-01 4.731068e-04
9.350000e-01 -1.526334e-03
9.400000e-01 -3.441118e-03
9.450000e-01 -5.212650e-03
9.500000e-01 -6.801469e-03
9.550000e-01 -8.085437e-03
9.600000e-01 -9.093525e-03
9.650000e-01 -9.697948e-03
9.700000e-01 -9.957363e-03
9.750000e-01 -9.804514e-03
9.800000e-01 -9.255417e-03
9.850000e-01 -8.369284e-03
9.900000e-01 -7.102391e-03
9.950000e-01 -5.581609e-03
1 -3.829160e-03
1.005000e+00 -1.925895e-03
1.010000e+00 7.546897e-05
1.015000e+00 2.049271e-03
1.020000e+00 3.961924e-03
1.025000e+00 5.734415e-03
1.030000e+00 7.246665e-03
1.035000e+00 8.504325e-03
1.040000e+00 9.379546e-03
1.045000e+00 9.841069e-03
1.050000e+00 9.859089e-03
1.055000e+00 9.327092e-03
1.060000e+00 8.197316e-03
1.065000e+00 6.420839e-03
1.070000e+00 3.949824e-03
1.075000e+00 8.733782e-04
1.080000e+00 -2.696053e-03
1.085000e+00 -6.448688e-03
1.090000e+00 -9.982085e-03
1.095000e+00 -1.301459e-02
1.100000e+00 -1.522837e-02
1.105000e+00 -1.654174e-02
1.110000e+00 -1.707683e-02
1.115000e+00 -1.700291e-02
1.120000e+00 -1.650400e-02
1.125000e+00 -1.560791e-02
1.130000e+00 -1.415624e-02
1.135000e+00 -1.204528e-02
1.140000e+00 -9.212222e-03
1.145000e+00 -5.823035e-03
1.150000e+00 -2.242398e-03
1.155000e+00 1.267986e-03
1.160000e+00 4.547638e-03
1.165000e+00 7.631883e-03
1.170000e+00 1.056891e-02
1.175000e+00 1.329702e-02
1.180000e+00 1.552631e-02
1.185000e+00 1.700888e-02
1.190000e+00 1.768113e-02
1.195000e+00 1.771088e-02
1.200000e+00 1.737504e-02
1.205000e+00 1.677165e-02
1.210000e+00 1.586831e-02
1.215000e+00 1.452631e-02
1.220000e+00 1.283821e-02
1.225000e+00 1.098999e-02
1.230000e+00 9.127886e-03
1.235000e+00 7.172601e-03
1.240000e+00 4.854350e-03
1.245000e+00 1.976363e-03
1.250000e+00 -1.355631e-03
1.255000e+00 -4.742674e-03
1.260000e+00 -7.915184e-03
1.265000e+00 -1.063722e-02
1.270000e+00 -1.279942e-02
1.275000e+00 -1.433408e-02
1.280000e+00 -1.512405e-02
1.285000e+00 -1.526777e-02
1.290000e+00 -1.498008e-02
1.295000e+00 -1.438232e-02
1.300000e+00 -1.338776e-02
1.305000e+00 -1.168385e-02
1.310000e+00 -9.188635e-03
1.315000e+00 -6.188451e-03
1.320000e+00 -3.096349e-03
1.325000e+00 -1.745471e-04
1.330000e+00 2.623038e-03
1.335000e+00 5.437470e-03
1.340000e+00 8.203770e-03
1.345000e+00 1.072078e-02
1.350000e+00 1.282138e-02
1.355000e+00 1.429153e-02
1.360000e+00 1.516877e-02
1.365000e+00 1.539308e-02
1.370000e+00 1.488949e-02
1.375000e+00 1.387124e-02
1.380000e+00 1.258225e-02
1.385000e+00 1.093205e-02
1.390000e+00 8.436967e-03
1.395000e+00 5.233355e-03
1.400000e+00 2.176435e-03
1.405000e+00 -4.841929e-04
1.410000e+00 -3.358787e-03
1.415000e+00 -6.436963e-03
1.420000e+00 -9.117605e-03
1.425000e+00 -1.130061e-02
1.430000e+00 -1.317949e-02
1.435000e+00 -1.445194e-02
1.440000e+00 -1.498996e-02
1.445000e+00 -1.518278e-02
1.450000e+00 -1.485341e-02
1.455000e+00 -1.372166e-02
1.460000e+00 -1.202578e-02
1.465000e+00 -9.935160e-03
1.470000e+00 -7.372842e-03
1.475000e+00 -4.633736e-03
1.480000e+00 -1.794762e-03
1.485000e+00 1.354220e-03
1.490000e+00 4.468388e-03
1.495000e+00 7.214847e-03
1.500000e+00 9.691793e-03
1.505000e+00 1.185657e-02
1.510000e+00 1.349335e-02
1.515000e+00 1.470403e-02
1.520000e+00 1.529173e-02
1.525000e+00 1.507222e-02
1.530000e+00 1.435534e-02
1.535000e+00 1.318234e-02
1.540000e+00 1.147815e-02
1.545000e+00 9.302460e-03
1.550000e+00 6.611787e-03
1.555000e+00 3.635344e-03
1.560000e+00 7.911536e-04
1.565000e+00 -2.094671e-03
1.570000e+00 -5.102944e-03
1.575000e+00 -7.864479e-03
1.580000e+00 -1.031654e-02
1.585000e+00 -1.230372e-02
1.590000e+00 -1.366962e-02
1.595000e+00 -1.470092e-02
1.600000e+00 -1.522680e-02
1.605000e+00 -1.496614e-02
1.610000e+00 -1.411059e-02
1.615000e+00 -1.269548e-02
1.620000e+00 -1.087137e-02
1.625000e+00 -8.717790e-03
1.630000e+00 -5.969835e-03
1.635000e+00 -2.936998e-03
1.640000e+00 -7.755974e-05
1.645000e+00 2.871709e-03
1.650000e+00 5.844992e-03
1.655000e+00 8.558307e-03
1.660000e+00 1.090484e-02
1.665000e+00 1.266172e-02
1.670000e+00 1.404805e-02
1.675000e+00 1.502453e-02
1.680000e+00 1.519946e-02
1.685000e+00 1.470087e-02
1.690000e+00 1.380303e-02
1.695000e+00 1.240234e-02
1.700000e+00 1.036203e-02
1.705000e+00 7.810018e-03
1.710000e+00 5.104094e-03
1.715000e+00 2.332069e-03
1.720000e+00 -7.595466e-04
1.725000e+00 -3.793363e-03
1.730000e+00 -6.528646e-03
1.735000e+00 -9.151801e-03
1.740000e+00 -1.136765e-02
1.745000e+00 -1.309757e-02
1.750000e+00 -1.435077e-02
1.755000e+00 -1.497219e-02
1.760000e+00 -1.505221e-02
1.765000e+00 -1.449964e-02
1.770000e+00 -1.337811e-02
1.775000e+00 -1.185323e-02
1.780000e+00 -9.700045e-03
1.785000e+00 -7.149793e-03
1.790000e+00 -4.458845e-03
1.795000e+00 -1.483520e-03
1.800000e+00 1.562614e-03
1.805000e+00 4.499932e-03
1.810000e+00 7.211659e-03
1.815000e+00 9.704204e-03
1.820000e+00 1.185854e-02
1.825000e+00 1.346325e-02
1.830000e+00 1.459805e-02
1.835000e+00 1.507936e-02
1.840000e+00 1.494643e-02
1.845000e+00 1.434443e-02
1.850000e+00 1.305375e-02
1.855000e+00 1.118967e-02
1.860000e+00 9.026354e-03
1.865000e+00 6.493172e-03
1.870000e+00 3.645318e-03
1.875000e+00 5.869351e-04
1.880000e+00 -2.384281e-03
1.885000e+00 -5.213104e-03
1.890000e+00 -8.026248e-03
1.895000e+00 -1.035424e-02
1.900000e+00 -1.228094e-02
1.905000e+00 -1.384546e-02
1.910000e+00 -1.471065e-02
1.915000e+00 -1.506075e-02
1.920000e+00 -1.485191e-02
1.925000e+00 -1.398598e-02
1.930000e+00 -1.257984e-02
1.935000e+00 -1.065232e-02
1.940000e+00 -8.351723e-03
1.945000e+00 -5.672939e-03
1.950000e+00 -2.780284e-03
1.955000e+00 1.796294e-04
1.960000e+00 3.233166e-03
1.965000e+00 6.021889e-03
1.970000e+00 8.648636e-03
1.975000e+00 1.097948e-02
1.980000e+00 1.273352e-02
1.985000e+00 1.412728e-02
1.990000e+00 1.487127e-02
1.995000e+00 1.499835e-02
2 1.461973e-02
2.005000e+00 1.360839e-02
2.010000e+00 1.205736e-02
2.015000e+00 9.992908e-03
2.020000e+00 7.625574e-03
2.025000e+00 4.879485e-03
2.030000e+00 1.923031e-03
2.035000e+00 -1.026885e-03
2.040000e+00 -4.050350e-03
2.045000e+00 -6.819439e-03
2.050000e+00 -9.308544e-03
2.055000e+00 -1.149522e-02
2.060000e+00 -1.317882e-02
2.065000e+00 -1.432502e-02
2.070000e+00 -1.494629e-02
2.075000e+00 -1.497404e-02
2.080000e+00 -1.433420e-02
2.085000e+00 -1.319222e-02
2.090000e+00 -1.149283e-02
2.095000e+00 -9.301488e-03
2.100000e+00 -6.835718e-03
2.105000e+00 -4.026896e-03
2.110000e+00 -1.088031e-03
2.115000e+00 1.878444e-03
2.120000e+00 4.814610e-03
2.125000e+00 7.519728e-03
2.130000e+00 9.936165e-03
2.135000e+00 1.188902e-02
2.140000e+00 1.342269e-02
2.145000e+00 1.441370e-02
2.150000e+00 1.480128e-02
2.155000e+00 1.465846e-02
2.160000e+00 1.391573e-02
2.165000e+00 1.269856e-02
2.170000e+00 1.089152e-02
2.175000e+00 8.621492e-03
2.180000e+00 6.010384e-03
2.185000e+00 2.983944e-03
2.190000e+00 -1.878190e-04
2.195000e+00 -3.506222e-03
2.200000e+00 -6.955699e-03
2.205000e+00 -1.038047e-02
2.210000e+00 -1.371754e-02
2.215000e+00 -1.687892e-02
2.220000e+00 -1.971196e-02
2.225000e+00 -2.205624e-02
2.230000e+00 -2.379670e-02
2.235000e+00 -2.456925e-02
2.240000e+00 -2.429381e-02
2.245000e+00 -2.287646e-02
2.250000e+00 -2.014247e-02
2.255000e+00 -1.646893e-02
2.260000e+00 -1.207566e-02
2.265000e+00 -7.191264e-03
2.270000e+00 -2.276050e-03
2.275000e+00 2.474852e-03
2.280000e+00 7.023076e-03
2.285000e+00 1.123642e-02
2.290000e+00 1.515732e-02
2.295000e+00 1.872134e-02
2.300000e+00 2.163146e-02
2.305000e+00 2.381014e-02
2.310000e+00 2.497707e-02
2.315000e+00 2.495517e-02
2.320000e+00 2.381405e-02
2.325000e+00 2.175014e-02
2.330000e+00 1.898520e-02
2.335000e+00 1.568489e-02
2.340000e+00 1.212205e-02
2.345000e+00 8.299864e-03
2.350000e+00 4.335390e-03
2.355000e+00 4.388675e-04
2.360000e+00 -3.232570e-03
2.365000e+00 -6.425663e-03
2.370000e+00 -8.956855e-03
2.375000e+00 -1.084095e-02
2.380000e+00 -1.230264e-02
2.385000e+00 -1.346033e-02
2.390000e+00 -1.441942e-02
2.395000e+00 -1.514142e-02
2.400000e+00 -1.534730e-02
2.405000e+00 -1.485956e-02
2.410000e+00 -1.367374e-02
2.415000e+00 -1.174801e-02
2.420000e+00 -9.303918e-03
2.425000e+00 -6.510013e-03
2.430000e+00 -3.296680e-03
2.435000e+00 1.015381e-04
2.440000e+00 3.557406e-03
2.445000e+00 6.660804e-03
2.450000e+00 9.155137e-03
2.455000e+00 1.117002e-02
2.460000e+00 1.270780e-02
2.465000e+00 1.407646e-02
2.470000e+00 1.516419e-02
2.475000e+00 1.572160e-02
2.480000e+00 1.548236e-02
2.485000e+00 1.426044e-02
2.490000e+00 1.241246e-02
2.495000e+00 1.009477e-02
2.500000e+00 7.622239e-03
2.505000e+00 4.997859e-03
2.510000e+00 2.123341e-03
2.515000e+00 -8.886632e-04
2.520000e+00 -4.026083e-03
2.525000e+00 -6.993198e-03
2.530000e+00 -9.698583e-03
2.535000e+00 -1.201588e-02
2.540000e+00 -1.376099e-02
2.545000e+00 -1.491881e-02
2.550000e+00 -1.544367e-02
2.555000e+00 -1.535274e-02
2.560000e+00 -1.479892e-02
2.565000e+00 -1.379432e-02
2.570000e+00 -1.211589e-02
2.575000e+00 -9.790435e-03
2.580000e+00 -6.974209e-03
2.585000e+00 -3.778725e-03
2.590000e+00 -7.245537e-04
2.595000e+00 2.098792e-03
2.600000e+00 4.973545e-03
2.605000e+00 7.752906e-03
2.610000e+00 1.051661e-02
2.615000e+00 1.286588e-02
2.620000e+00 1.438906e-02
2.625000e+00 1.522606e-02
2.630000e+00 1.537032e-02
2.635000e+00 1.512942e-02
2.640000e+00 1.450764e-02
2.645000e+00 1.322460e-02
2.650000e+00 1.129242e-02
2.655000e+00 8.756294e-03
2.660000e+00 5.844505e-03
2.665000e+00 2.888124e-03
2.670000e+00 -8.239631e-05
2.675000e+00 -3.104095e-03
2.680000e+00 -6.042828e-03
2.685000e+00 -8.837087e-03
2.690000e+00 -1.124457e-02
2.695000e+00 -1.315154e-02
2.700000e+00 -1.455976e-02
2.705000e+00 -1.526708e-02
2.710000e+00 -1.540613e-02
2.715000e+00 -1.500618e-02
2.720000e+00 -1.397492e-02
2.725000e+00 -1.246921e-02
2.730000e+00 -1.041311e-02
2.735000e+00 -7.806823e-03
2.740000e+00 -4.947568e-03
2.745000e+00 -1.956010e-03
2.750000e+00 1.040956e-03
2.755000e+00 4.009995e-03
2.760000e+00 6.975867e-03
2.765000e+00 9.682819e-03
2.770000e+00 1.187278e-02
2.775000e+00 1.345837e-02
2.780000e+00 1.456480e-02
2.785000e+00 1.527003e-02
2.790000e+00 1.542943e-02
2.795000e+00 1.476014e-02
2.800000e+00 1.333948e-02
2.805000e+00 1.157015e-02
2.810000e+00 9.507612e-03
2.815000e+00 7.046100e-03
2.820000e+00 4.153240e-03
2.825000e+00 9.288601e-04
2.830000e+00 -2.103292e-03
2.835000e+00 -4.917466e-03
2.840000e+00 -7.634053e-03
2.845000e+00 -1.012184e-02
2.850000e+00 -1.237921e-02
2.855000e+00 -1.395223e-02
2.860000e+00 -1.476971e-02
2.865000e+00 -1.508233e-02
2.870000e+00 -1.495830e-02
2.875000e+00 -1.435078e-02
2.880000e+00 -1.302770e-02
2.885000e+00 -1.097166e-02
2.890000e+00 -8.560787e-03
2.895000e+00 -5.990569e-03
2.900000e+00 -3.186894e-03
2.905000e+00 -1.191015e-04
2.910000e+00 3.011112e-03
2.915000e+00 5.859470e-03
2.920000e+00 8.420962e-03
2.925000e+00 1.082076e-02
2.930000e+00 1.279312e-02
2.935000e+00 1.404537e-02
2.940000e+00 1.480501e-02
2.945000e+00 1.513805e-02
2.950000e+00 1.480535e-02
2.955000e+00 1.365601e-02
2.960000e+00 1.207196e-02
2.965000e+00 1.030214e-02
2.970000e+00 8.009279e-03
2.975000e+00 5.123135e-03
2.980000e+00 2.074701e-03
2.985000e+00 -7.608677e-04
2.990000e+00 -3.643366e-03
2.995000e+00 -6.511567e-03
3 -9.091285e-03
