T X
0 0
5.000000e-03 2.005343e-12
1.000000e-02 -2.012008e-11
1.500000e-02 -5.792892e-11
2.000000e-02 -1.712150e-10
2.500000e-02 -4.765722e-10
3.000000e-02 -1.162131e-09
3.500000e-02 -3.526436e-10
4.000000e-02 2.014858e-08
4.500000e-02 1.740713e-07
5.000000e-02 1.034012e-06
5.500000e-02 4.977887e-06
6.000000e-02 2.040289e-05
6.500000e-02 7.202107e-05
7.000000e-02 2.196825e-04
7.500000e-02 5.800949e-04
8.000000e-02 1.327531e-03
8.500000e-02 2.632636e-03
9.000000e-02 4.519675e-03
9.500000e-02 6.715901e-03
1.000000e-01 8.674968e-03
1.050000e-01 9.895430e-03
1.100000e-01 1.032602e-02
1.150000e-01 1.037621e-02
1.200000e-01 1.038127e-02
1.250000e-01 1.014509e-02
1.300000e-01 9.257401e-03
1.350000e-01 7.774921e-03
1.400000e-01 6.156514e-03
1.450000e-01 4.518542e-03
1.500000e-01 2.554446e-03
1.550000e-01 2.968085e-04
1.600000e-01 -1.792761e-03
1.650000e-01 -3.627393e-03
1.700000e-01 -5.499258e-03
1.750000e-01 -7.266393e-03
1.800000e-01 -8.551420e-03
1.850000e-01 -9.494441e-03
1.900000e-01 -1.027932e-02
1.950000e-01 -1.057959e-02
2.000000e-01 -1.028945e-02
2.050000e-01 -9.725312e-03
2.100000e-01 -8.827215e-03
2.150000e-01 -7.432475e-03
2.200000e-01 -5.843641e-03
2.250000e-01 -4.131402e-03
2.300000e-01 -2.062318e-03
2.350000e-01 1.032387e-04
2.400000e-01 2.095263e-03
2.450000e-01 4.080839e-03
2.500000e-01 5.940111e-03
2.550000e-01 7.472429e-03
2.600000e-01 8.818698e-03
2.650000e-01 9.804878e-03
2.700000e-01 1.023141e-02
2.750000e-01 1.038429e-02
2.800000e-01 1.021740e-02
2.850000e-01 9.489990e-03
2.900000e-01 8.423723e-03
2.950000e-01 7.068788e-03
3.000000e-01 5.347834e-03
3.050000e-01 3.475552e-03
3.100000e-01 1.453847e-03
3.150000e-01 -6.696075e-04
3.200000e-01 -2.641533e-03
3.250000e-01 -4.572343e-03
3.300000e-01 -6.416016e-03
3.350000e-01 -7.881705e-03
3.400000e-01 -9.060303e-03
3.450000e-01 -9.934925e-03
3.500000e-01 -1.035078e-02
3.550000e-01 -1.037910e-02
3.600000e-01 -9.972244e-03
3.650000e-01 -9.158209e-03
3.700000e-01 -8.042508e-03
3.750000e-01 -6.555439e-03
3.800000e-01 -4.823405e-03
3.850000e-01 -2.939314e-03
3.900000e-01 -8.522498e-04
3.950000e-01 1.243786e-03
4.000000e-01 3.244939e-03
4.050000e-01 5.164945e-03
4.100000e-01 6.858921e-03
4.150000e-01 8.251217e-03
4.200000e-01 9.339246e-03
4.250000e-01 1.007438e-02
4.300000e-01 1.039784e-02
4.350000e-01 1.029637e-02
4.400000e-01 9.800458e-03
4.450000e-01 8.894415e-03
4.500000e-01 7.617099e-03
4.550000e-01 6.072753e-03
4.600000e-01 4.278220e-03
4.650000e-01 2.282718e-03
4.700000e-01 2.404092e-04
4.750000e-01 -1.808762e-03
4.800000e-01 -3.842866e-03
4.850000e-01 -5.679196e-03
4.900000e-01 -7.274357e-03
4.950000e-01 -8.642450e-03
5.000000e-01 -9.618310e-03
5.050000e-01 -1.019714e-02
5.100000e-01 -1.042459e-02
5.150000e-01 -1.018521e-02
5.200000e-01 -9.544163e-03
5.250000e-01 -8.579044e-03
5.300000e-01 -7.207825e-03
5.350000e-01 -5.546023e-03
5.400000e-01 -3.728337e-03
5.450000e-01 -1.708221e-03
5.500000e-01 4.056391e-04
5.550000e-01 2.439702e-03
5.600000e-01 4.423823e-03
5.650000e-01 6.248827e-03
5.700000e-01 7.727539e-03
5.750000e-01 8.965654e-03
5.800000e-01 9.866237e-03
5.850000e-01 1.027915e-02
5.900000e-01 1.036607e-02
5.950000e-01 1.004936e-02
6.000000e-01 9.275947e-03
6.050000e-01 8.181918e-03
6.100000e-01 6.753721e-03
6.150000e-01 5.041964e-03
6.200000e-01 3.140361e-03
6.250000e-01 1.122899e-03
6.300000e-01 -9.451611e-04
6.350000e-01 -2.971029e-03
6.400000e-01 -4.879138e-03
6.450000e-01 -6.621425e-03
6.500000e-01 -8.071394e-03
6.550000e-01 -9.238664e-03
6.600000e-01 -1.003035e-02
6.650000e-01 -1.038777e-02
6.700000e-01 -1.037413e-02
6.750000e-01 -9.892009e-03
6.800000e-01 -9.047272e-03
6.850000e-01 -7.849428e-03
6.900000e-01 -6.295870e-03
6.950000e-01 -4.550405e-03
7.000000e-01 -2.582965e-03
7.050000e-01 -5.140927e-04
7.100000e-01 1.561697e-03
7.150000e-01 3.603321e-03
7.200000e-01 5.459503e-03
7.250000e-01 7.116132e-03
7.300000e-01 8.483831e-03
7.350000e-01 9.503469e-03
7.400000e-01 1.015667e-02
7.450000e-01 1.040400e-02
7.500000e-01 1.025462e-02
7.550000e-01 9.674750e-03
7.600000e-01 8.716614e-03
7.650000e-01 7.389214e-03
7.700000e-01 5.780176e-03
7.750000e-01 3.953525e-03
7.800000e-01 1.942099e-03
7.850000e-01 -1.012667e-04
7.900000e-01 -2.167193e-03
7.950000e-01 -4.136841e-03
8.000000e-01 -5.940896e-03
8.050000e-01 -7.529863e-03
8.100000e-01 -8.814179e-03
8.150000e-01 -9.746287e-03
8.200000e-01 -1.026551e-02
8.250000e-01 -1.039415e-02
8.300000e-01 -1.009746e-02
8.350000e-01 -9.423777e-03
8.400000e-01 -8.344543e-03
8.450000e-01 -6.958032e-03
8.500000e-01 -5.304697e-03
8.550000e-01 -3.393060e-03
8.600000e-01 -1.394945e-03
8.650000e-01 7.158192e-04
8.700000e-01 2.774831e-03
8.750000e-01 4.694412e-03
8.800000e-01 6.456387e-03
8.850000e-01 7.954303e-03
8.900000e-01 9.118717e-03
8.950000e-01 9.936862e-03
9.000000e-01 1.036718e-02
9.050000e-01 1.035724e-02
9.100000e-01 9.969649e-03
9.150000e-01 9.147835e-03
9.200000e-01 7.966535e-03
9.250000e-01 6.490148e-03
9.300000e-01 4.732507e-03
9.350000e-01 2.785481e-03
9.400000e-01 7.597488e-04
9.450000e-01 -1.314168e-03
9.500000e-01 -3.354401e-03
9.550000e-01 -5.214744e-03
9.600000e-01 -6.919151e-03
9.650000e-01 -8.325924e-03
9.700000e-01 -9.384773e-03
9.750000e-01 -1.010341e-02
9.800000e-01 -1.040146e-02
9.850000e-01 -1.027401e-02
9.900000e-01 -9.757846e-03
9.950000e-01 -8.844902e-03
1 -7.559266e-03
1.005000e+00 -6.030275e-03
1.010000e+00 -4.205506e-03
1.015000e+00 -2.215130e-03
1.020000e+00 -1.819006e-04
1.025000e+00 1.916914e-03
1.030000e+00 3.919640e-03
1.035000e+00 5.747202e-03
1.040000e+00 7.388368e-03
1.045000e+00 8.682303e-03
1.050000e+00 9.631184e-03
1.055000e+00 1.025407e-02
1.060000e+00 1.040626e-02
1.065000e+00 1.017797e-02
1.070000e+00 9.539127e-03
1.075000e+00 8.507333e-03
1.080000e+00 7.160865e-03
1.085000e+00 5.487383e-03
1.090000e+00 3.612322e-03
1.095000e+00 1.607245e-03
1.100000e+00 -4.602981e-04
1.105000e+00 -2.513719e-03
1.110000e+00 -4.445958e-03
1.115000e+00 -6.201756e-03
1.120000e+00 -7.724995e-03
1.125000e+00 -8.910237e-03
1.130000e+00 -9.788769e-03
1.135000e+00 -1.033878e-02
1.140000e+00 -1.064220e-02
1.145000e+00 -1.083455e-02
1.150000e+00 -1.096845e-02
1.155000e+00 -1.122729e-02
1.160000e+00 -1.153745e-02
1.165000e+00 -1.177422e-02
1.170000e+00 -1.178415e-02
1.175000e+00 -1.119635e-02
1.180000e+00 -9.946617e-03
1.185000e+00 -8.009916e-03
1.190000e+00 -5.528374e-03
1.195000e+00 -2.930754e-03
1.200000e+00 -4.180676e-04
1.205000e+00 1.854356e-03
1.210000e+00 3.912750e-03
1.215000e+00 5.943174e-03
1.220000e+00 7.950641e-03
1.225000e+00 9.813423e-03
1.230000e+00 1.130933e-02
1.235000e+00 1.214806e-02
1.240000e+00 1.230677e-02
1.245000e+00 1.197954e-02
1.250000e+00 1.133249e-02
1.255000e+00 1.045456e-02
1.260000e+00 9.208063e-03
1.265000e+00 7.443824e-03
1.270000e+00 5.162224e-03
1.275000e+00 2.601477e-03
1.280000e+00 7.935578e-05
1.285000e+00 -2.183292e-03
1.290000e+00 -4.143272e-03
1.295000e+00 -5.874492e-03
1.300000e+00 -7.264340e-03
1.305000e+00 -8.035939e-03
1.310000e+00 -7.977825e-03
1.315000e+00 -7.025575e-03
1.320000e+00 -5.398540e-03
1.325000e+00 -3.448714e-03
1.330000e+00 -1.364831e-03
1.335000e+00 6.876212e-04
1.340000e+00 2.613429e-03
1.345000e+00 4.196690e-03
1.350000e+00 5.308702e-03
1.355000e+00 6.155917e-03
1.360000e+00 6.973078e-03
1.365000e+00 7.854077e-03
1.370000e+00 8.647953e-03
1.375000e+00 9.118694e-03
1.380000e+00 8.947423e-03
1.385000e+00 8.054221e-03
1.390000e+00 6.827658e-03
1.395000e+00 5.694813e-03
1.400000e+00 4.490431e-03
1.405000e+00 2.800406e-03
1.410000e+00 1.079066e-03
1.415000e+00 -3.594546e-04
1.420000e+00 -2.042842e-03
1.425000e+00 -4.144466e-03
1.430000e+00 -5.970653e-03
1.435000e+00 -7.068875e-03
1.440000e+00 -7.860336e-03
1.445000e+00 -8.445793e-03
1.450000e+00 -8.808005e-03
1.455000e+00 -9.110721e-03
1.460000e+00 -8.974624e-03
1.465000e+00 -8.129199e-03
1.470000e+00 -6.945948e-03
1.475000e+00 -5.634701e-03
1.480000e+00 -4.076292e-03
1.485000e+00 -2.467006e-03
1.490000e+00 -8.444717e-04
1.495000e+00 1.056326e-03
1.500000e+00 2.988718e-03
1.505000e+00 4.628310e-03
1.510000e+00 6.094342e-03
1.515000e+00 7.277389e-03
1.520000e+00 8.108024e-03
1.525000e+00 8.848192e-03
1.530000e+00 9.202283e-03
1.535000e+00 9.022702e-03
1.540000e+00 8.582549e-03
1.545000e+00 7.756591e-03
1.550000e+00 6.570793e-03
1.555000e+00 5.338203e-03
1.560000e+00 3.901671e-03
1.565000e+00 2.026309e-03
1.570000e+00 1.415279e-04
1.575000e+00 -1.673061e-03
1.580000e+00 -3.381621e-03
1.585000e+00 -4.814999e-03
1.590000e+00 -6.349026e-03
1.595000e+00 -7.678640e-03
1.600000e+00 -8.498280e-03
1.605000e+00 -9.039488e-03
1.610000e+00 -9.135412e-03
1.615000e+00 -8.889647e-03
1.620000e+00 -8.530781e-03
1.625000e+00 -7.735392e-03
1.630000e+00 -6.452630e-03
1.635000e+00 -4.928751e-03
1.640000e+00 -3.231904e-03
1.645000e+00 -1.624868e-03
1.650000e+00 9.756807e-05
1.655000e+00 2.122603e-03
1.660000e+00 3.974189e-03
1.665000e+00 5.517385e-03
1.670000e+00 6.767315e-03
1.675000e+00 7.854051e-03
1.680000e+00 8.839412e-03
1.685000e+00 9.301342e-03
1.690000e+00 9.183437e-03
1.695000e+00 8.946565e-03
1.700000e+00 8.472723e-03
1.705000e+00 7.452685e-03
1.710000e+00 6.063935e-03
1.715000e+00 4.539083e-03
1.720000e+00 2.943063e-03
1.725000e+00 1.118436e-03
1.730000e+00 -8.385484e-04
1.735000e+00 -2.649481e-03
1.740000e+00 -4.317265e-03
1.745000e+00 -5.897969e-03
1.750000e+00 -7.290360e-03
1.755000e+00 -8.295834e-03
1.760000e+00 -9.005839e-03
1.765000e+00 -9.485413e-03
1.770000e+00 -9.351359e-03
1.775000e+00 -8.834738e-03
1.780000e+00 -8.239396e-03
1.785000e+00 -7.190582e-03
1.790000e+00 -5.758608e-03
1.795000e+00 -4.172903e-03
1.800000e+00 -2.429119e-03
1.805000e+00 -6.157089e-04
1.810000e+00 1.314602e-03
1.815000e+00 3.188329e-03
1.820000e+00 4.840943e-03
1.825000e+00 6.391329e-03
1.830000e+00 7.642498e-03
1.835000e+00 8.612221e-03
1.840000e+00 9.346319e-03
1.845000e+00 9.531621e-03
1.850000e+00 9.390940e-03
1.855000e+00 9.006236e-03
1.860000e+00 8.128317e-03
1.865000e+00 6.882395e-03
1.870000e+00 5.405605e-03
1.875000e+00 3.833761e-03
1.880000e+00 1.999011e-03
1.885000e+00 9.552111e-06
1.890000e+00 -1.825094e-03
1.895000e+00 -3.703011e-03
1.900000e+00 -5.421532e-03
1.905000e+00 -6.839512e-03
1.910000e+00 -8.069113e-03
1.915000e+00 -8.965851e-03
1.920000e+00 -9.501090e-03
1.925000e+00 -9.620042e-03
1.930000e+00 -9.385637e-03
1.935000e+00 -8.818659e-03
1.940000e+00 -7.842740e-03
1.945000e+00 -6.603127e-03
1.950000e+00 -5.034408e-03
1.955000e+00 -3.303864e-03
1.960000e+00 -1.521701e-03
1.965000e+00 4.674242e-04
1.970000e+00 2.372019e-03
1.975000e+00 4.145550e-03
1.980000e+00 5.805801e-03
1.985000e+00 7.259318e-03
1.990000e+00 8.376822e-03
1.995000e+00 9.112289e-03
2 9.625631e-03
2.005000e+00 9.658667e-03
2.010000e+00 9.291375e-03
2.015000e+00 8.662368e-03
2.020000e+00 7.583485e-03
2.025000e+00 6.241817e-03
2.030000e+00 4.668880e-03
2.035000e+00 2.849038e-03
2.040000e+00 9.539788e-04
2.045000e+00 -9.602474e-04
2.050000e+00 -2.829086e-03
2.055000e+00 -4.629187e-03
2.060000e+00 -6.215541e-03
2.065000e+00 -7.549660e-03
2.070000e+00 -8.635665e-03
2.075000e+00 -9.331495e-03
2.080000e+00 -9.668757e-03
2.085000e+00 -9.615674e-03
2.090000e+00 -9.189739e-03
2.095000e+00 -8.412832e-03
2.100000e+00 -7.232803e-03
2.105000e+00 -5.847264e-03
2.110000e+00 -4.243509e-03
2.115000e+00 -2.375671e-03
2.120000e+00 -4.772126e-04
2.125000e+00 1.441010e-03
2.130000e+00 3.367761e-03
2.135000e+00 5.097359e-03
2.140000e+00 6.595792e-03
2.145000e+00 7.876014e-03
2.150000e+00 8.836054e-03
2.155000e+00 9.442511e-03
2.160000e+00 9.649036e-03
2.165000e+00 9.516256e-03
2.170000e+00 9.008106e-03
2.175000e+00 8.109424e-03
2.180000e+00 6.908373e-03
2.185000e+00 5.345097e-03
2.190000e+00 3.695571e-03
2.195000e+00 1.915639e-03
2.200000e+00 -1.000615e-04
2.205000e+00 -1.953147e-03
2.210000e+00 -3.766920e-03
2.215000e+00 -5.514508e-03
2.220000e+00 -6.961560e-03
2.225000e+00 -8.126313e-03
2.230000e+00 -9.030113e-03
2.235000e+00 -9.541294e-03
2.240000e+00 -9.598600e-03
2.245000e+00 -9.397099e-03
2.250000e+00 -8.750674e-03
2.255000e+00 -7.705090e-03
2.260000e+00 -6.508194e-03
2.265000e+00 -4.961188e-03
2.270000e+00 -3.160033e-03
2.275000e+00 -1.324008e-03
2.280000e+00 5.927566e-04
2.285000e+00 2.498722e-03
2.290000e+00 4.235976e-03
2.295000e+00 5.784803e-03
2.300000e+00 7.170918e-03
2.305000e+00 8.225488e-03
2.310000e+00 8.982424e-03
2.315000e+00 9.420027e-03
2.320000e+00 9.433532e-03
2.325000e+00 9.130711e-03
2.330000e+00 8.499476e-03
2.335000e+00 7.470188e-03
2.340000e+00 6.141484e-03
2.345000e+00 4.555776e-03
2.350000e+00 2.718277e-03
2.355000e+00 7.169772e-04
2.360000e+00 -1.430259e-03
2.365000e+00 -3.680305e-03
2.370000e+00 -6.083792e-03
2.375000e+00 -8.544094e-03
2.380000e+00 -1.115198e-02
2.385000e+00 -1.379027e-02
2.390000e+00 -1.617110e-02
2.395000e+00 -1.826079e-02
2.400000e+00 -1.959901e-02
2.405000e+00 -2.004967e-02
2.410000e+00 -1.951329e-02
2.415000e+00 -1.787876e-02
2.420000e+00 -1.539055e-02
2.425000e+00 -1.221969e-02
2.430000e+00 -8.695432e-03
2.435000e+00 -5.029101e-03
2.440000e+00 -1.379784e-03
2.445000e+00 2.261057e-03
2.450000e+00 5.826241e-03
2.455000e+00 9.250575e-03
2.460000e+00 1.259833e-02
2.465000e+00 1.550690e-02
2.470000e+00 1.781103e-02
2.475000e+00 1.938200e-02
2.480000e+00 1.991406e-02
2.485000e+00 1.958514e-02
2.490000e+00 1.853495e-02
2.495000e+00 1.678744e-02
2.500000e+00 1.459133e-02
2.505000e+00 1.193579e-02
2.510000e+00 8.764067e-03
2.515000e+00 5.301447e-03
2.520000e+00 1.698272e-03
2.525000e+00 -1.706902e-03
2.530000e+00 -4.482621e-03
2.535000e+00 -6.566217e-03
2.540000e+00 -7.900323e-03
2.545000e+00 -8.724178e-03
2.550000e+00 -9.223292e-03
2.555000e+00 -9.321776e-03
2.560000e+00 -9.084497e-03
2.565000e+00 -8.476345e-03
2.570000e+00 -7.594386e-03
2.575000e+00 -6.658601e-03
2.580000e+00 -5.748974e-03
2.585000e+00 -4.733868e-03
2.590000e+00 -3.369464e-03
2.595000e+00 -1.543013e-03
2.600000e+00 7.189260e-04
2.605000e+00 3.144696e-03
2.610000e+00 5.229116e-03
2.615000e+00 6.819218e-03
2.620000e+00 7.900925e-03
2.625000e+00 8.560395e-03
2.630000e+00 9.070088e-03
2.635000e+00 9.333185e-03
2.640000e+00 9.310021e-03
2.645000e+00 8.950749e-03
2.650000e+00 8.169565e-03
2.655000e+00 6.996034e-03
2.660000e+00 5.472862e-03
2.665000e+00 3.675422e-03
2.670000e+00 1.661617e-03
2.675000e+00 -3.293688e-04
2.680000e+00 -2.176620e-03
2.685000e+00 -3.801804e-03
2.690000e+00 -5.293652e-03
2.695000e+00 -6.791746e-03
2.700000e+00 -8.206938e-03
2.705000e+00 -9.327767e-03
2.710000e+00 -9.833286e-03
2.715000e+00 -9.752073e-03
2.720000e+00 -9.192515e-03
2.725000e+00 -8.385596e-03
2.730000e+00 -7.572079e-03
2.735000e+00 -6.576701e-03
2.740000e+00 -5.267621e-03
2.745000e+00 -3.470949e-03
2.750000e+00 -1.305523e-03
2.755000e+00 8.047218e-04
2.760000e+00 2.735571e-03
2.765000e+00 4.396100e-03
2.770000e+00 5.882212e-03
2.775000e+00 7.323704e-03
2.780000e+00 8.529673e-03
2.785000e+00 9.426826e-03
2.790000e+00 9.929054e-03
2.795000e+00 9.916658e-03
2.800000e+00 9.505902e-03
2.805000e+00 8.710280e-03
2.810000e+00 7.558220e-03
2.815000e+00 6.145324e-03
2.820000e+00 4.507771e-03
2.825000e+00 2.771835e-03
2.830000e+00 8.615151e-04
2.835000e+00 -1.260661e-03
2.840000e+00 -3.344560e-03
2.845000e+00 -5.123448e-03
2.850000e+00 -6.596658e-03
2.855000e+00 -7.893080e-03
2.860000e+00 -8.985511e-03
2.865000e+00 -9.807725e-03
2.870000e+00 -1.016849e-02
2.875000e+00 -9.887047e-03
2.880000e+00 -9.217359e-03
2.885000e+00 -8.414884e-03
2.890000e+00 -7.333331e-03
2.895000e+00 -5.899536e-03
2.900000e+00 -4.068125e-03
2.905000e+00 -1.990038e-03
2.910000e+00 7.341477e-05
2.915000e+00 1.986250e-03
2.920000e+00 3.687395e-03
2.925000e+00 5.512945e-03
2.930000e+00 7.341520e-03
2.935000e+00 8.710993e-03
2.940000e+00 9.444221e-03
2.945000e+00 9.714228e-03
2.950000e+00 1.005164e-02
2.955000e+00 1.011716e-02
2.960000e+00 9.386259e-03
2.965000e+00 8.116204e-03
2.970000e+00 6.773475e-03
2.975000e+00 5.302666e-03
2.980000e+00 3.385853e-03
2.985000e+00 1.412247e-03
2.990000e+00 -5.142535e-04
2.995000e+00 -2.563238e-03
3 -4.579458e-03
