T X
0 0
5.000000e-03 1.010623e-08
1.000000e-02 2.191234e-09
1.500000e-02 -1.337926e-08
2.000000e-02 -7.284952e-09
2.500000e-02 -2.940751e-08
3.000000e-02 -2.155542e-08
3.500000e-02 -2.272728e-08
4.000000e-02 -2.309820e-07
4.500000e-02 -9.376298e-07
5.000000e-02 -2.012800e-06
5.500000e-02 2.140193e-07
6.000000e-02 2.520911e-05
6.500000e-02 1.372513e-04
7.000000e-02 4.854407e-04
7.500000e-02 1.306174e-03
8.000000e-02 2.799127e-03
8.500000e-02 4.873084e-03
9.000000e-02 6.999073e-03
9.500000e-02 8.521712e-03
1.000000e-01 9.287382e-03
1.050000e-01 9.750292e-03
1.100000e-01 1.018498e-02
1.150000e-01 1.018659e-02
1.200000e-01 9.456267e-03
1.250000e-01 8.412782e-03
1.300000e-01 7.312721e-03
1.350000e-01 5.786114e-03
1.400000e-01 3.869475e-03
1.450000e-01 2.029954e-03
1.500000e-01 1.409352e-04
1.550000e-01 -1.945044e-03
1.600000e-01 -3.821588e-03
1.650000e-01 -5.496790e-03
1.700000e-01 -7.165175e-03
1.750000e-01 -8.497461e-03
1.800000e-01 -9.450612e-03
1.850000e-01 -1.011144e-02
1.900000e-01 -1.019361e-02
1.950000e-01 -9.864057e-03
2.000000e-01 -9.325612e-03
2.050000e-01 -8.338016e-03
2.100000e-01 -7.020510e-03
2.150000e-01 -5.446128e-03
2.200000e-01 -3.569953e-03
2.250000e-01 -1.654666e-03
2.300000e-01 3.820462e-04
2.350000e-01 2.494952e-03
2.400000e-01 4.364368e-03
2.450000e-01 6.096300e-03
2.500000e-01 7.612845e-03
2.550000e-01 8.776502e-03
2.600000e-01 9.630242e-03
2.650000e-01 1.006333e-02
2.700000e-01 1.015465e-02
2.750000e-01 9.844901e-03
2.800000e-01 9.076363e-03
2.850000e-01 8.009686e-03
2.900000e-01 6.587015e-03
2.950000e-01 4.895885e-03
3.000000e-01 3.028176e-03
3.050000e-01 1.017560e-03
3.100000e-01 -1.019084e-03
3.150000e-01 -3.028897e-03
3.200000e-01 -4.865058e-03
3.250000e-01 -6.547480e-03
3.300000e-01 -7.989807e-03
3.350000e-01 -9.044692e-03
3.400000e-01 -9.807629e-03
3.450000e-01 -1.016236e-02
3.500000e-01 -1.010490e-02
3.550000e-01 -9.664499e-03
3.600000e-01 -8.801243e-03
3.650000e-01 -7.616015e-03
3.700000e-01 -6.116805e-03
3.750000e-01 -4.363678e-03
3.800000e-01 -2.427694e-03
3.850000e-01 -4.300364e-04
3.900000e-01 1.594529e-03
3.950000e-01 3.580254e-03
4.000000e-01 5.377198e-03
4.050000e-01 7.001609e-03
4.100000e-01 8.316160e-03
4.150000e-01 9.324783e-03
4.200000e-01 9.968028e-03
4.250000e-01 1.017905e-02
4.300000e-01 1.003370e-02
4.350000e-01 9.435632e-03
4.400000e-01 8.496399e-03
4.450000e-01 7.200955e-03
4.500000e-01 5.607447e-03
4.550000e-01 3.817150e-03
4.600000e-01 1.853617e-03
4.650000e-01 -1.578424e-04
4.700000e-01 -2.190809e-03
4.750000e-01 -4.104433e-03
4.800000e-01 -5.878775e-03
4.850000e-01 -7.415475e-03
4.900000e-01 -8.647674e-03
4.950000e-01 -9.564601e-03
5.000000e-01 -1.006633e-02
5.050000e-01 -1.018748e-02
5.100000e-01 -9.887596e-03
5.150000e-01 -9.207964e-03
5.200000e-01 -8.144935e-03
5.250000e-01 -6.749577e-03
5.300000e-01 -5.114996e-03
5.350000e-01 -3.251285e-03
5.400000e-01 -1.274912e-03
5.450000e-01 7.579450e-04
5.500000e-01 2.748806e-03
5.550000e-01 4.640439e-03
5.600000e-01 6.345674e-03
5.650000e-01 7.809568e-03
5.700000e-01 8.963724e-03
5.750000e-01 9.745748e-03
5.800000e-01 1.017271e-02
5.850000e-01 1.015872e-02
5.900000e-01 9.765134e-03
5.950000e-01 8.955963e-03
6.000000e-01 7.797768e-03
6.050000e-01 6.344507e-03
6.100000e-01 4.598996e-03
6.150000e-01 2.710303e-03
6.200000e-01 6.798689e-04
6.250000e-01 -1.349820e-03
6.300000e-01 -3.340166e-03
6.350000e-01 -5.204753e-03
6.400000e-01 -6.836593e-03
6.450000e-01 -8.212843e-03
6.500000e-01 -9.239924e-03
6.550000e-01 -9.917232e-03
6.600000e-01 -1.017226e-02
6.650000e-01 -1.003594e-02
6.700000e-01 -9.494451e-03
6.750000e-01 -8.586110e-03
6.800000e-01 -7.334371e-03
6.850000e-01 -5.794659e-03
6.900000e-01 -4.032004e-03
6.950000e-01 -2.111199e-03
7.000000e-01 -1.081936e-04
7.050000e-01 1.926812e-03
7.100000e-01 3.852845e-03
7.150000e-01 5.662871e-03
7.200000e-01 7.223439e-03
7.250000e-01 8.511817e-03
7.300000e-01 9.453554e-03
7.350000e-01 1.001017e-02
7.400000e-01 1.017466e-02
7.450000e-01 9.934452e-03
7.500000e-01 9.296665e-03
7.550000e-01 8.282295e-03
7.600000e-01 6.955352e-03
7.650000e-01 5.331891e-03
7.700000e-01 3.515513e-03
7.750000e-01 1.535058e-03
7.800000e-01 -4.934580e-04
7.850000e-01 -2.509039e-03
7.900000e-01 -4.421818e-03
7.950000e-01 -6.168200e-03
8.000000e-01 -7.661073e-03
8.050000e-01 -8.839001e-03
8.100000e-01 -9.680756e-03
8.150000e-01 -1.011748e-02
8.200000e-01 -1.016424e-02
8.250000e-01 -9.801067e-03
8.300000e-01 -9.034491e-03
8.350000e-01 -7.937373e-03
8.400000e-01 -6.502312e-03
8.450000e-01 -4.803705e-03
8.500000e-01 -2.940011e-03
8.550000e-01 -9.220872e-04
8.600000e-01 1.092372e-03
8.650000e-01 3.096659e-03
8.700000e-01 4.965815e-03
8.750000e-01 6.616444e-03
8.800000e-01 8.037017e-03
8.850000e-01 9.102458e-03
8.900000e-01 9.837488e-03
8.950000e-01 1.015687e-02
9.000000e-01 1.007985e-02
9.050000e-01 9.616882e-03
9.100000e-01 8.751848e-03
9.150000e-01 7.550709e-03
9.200000e-01 6.042010e-03
9.250000e-01 4.288387e-03
9.300000e-01 2.377347e-03
9.350000e-01 3.496327e-04
9.400000e-01 -1.686582e-03
9.450000e-01 -3.641391e-03
9.500000e-01 -5.472686e-03
9.550000e-01 -7.064812e-03
9.600000e-01 -8.393799e-03
9.650000e-01 -9.370733e-03
9.700000e-01 -9.980284e-03
9.750000e-01 -1.019756e-02
9.800000e-01 -1.000170e-02
9.850000e-01 -9.398659e-03
9.900000e-01 -8.444087e-03
9.950000e-01 -7.144909e-03
1 -5.518973e-03
1.005000e+00 -3.716798e-03
1.010000e+00 -1.815400e-03
1.015000e+00 2.517261e-04
1.020000e+00 2.363384e-03
1.025000e+00 4.186957e-03
1.030000e+00 5.832525e-03
1.035000e+00 7.524910e-03
1.040000e+00 8.880722e-03
1.045000e+00 9.471290e-03
1.050000e+00 9.864030e-03
1.055000e+00 1.029110e-02
1.060000e+00 1.009545e-02
1.065000e+00 9.089789e-03
1.070000e+00 7.839822e-03
1.075000e+00 6.552568e-03
1.080000e+00 5.190641e-03
1.085000e+00 3.644117e-03
1.090000e+00 1.486911e-03
1.095000e+00 -1.094484e-03
1.100000e+00 -3.477061e-03
1.105000e+00 -5.391960e-03
1.110000e+00 -6.699924e-03
1.115000e+00 -7.387993e-03
1.120000e+00 -7.884490e-03
1.125000e+00 -8.310481e-03
1.130000e+00 -8.684235e-03
1.135000e+00 -9.213567e-03
1.140000e+00 -9.802398e-03
1.145000e+00 -1.022909e-02
1.150000e+00 -1.059762e-02
1.155000e+00 -1.073770e-02
1.160000e+00 -1.056721e-02
1.165000e+00 -1.013774e-02
1.170000e+00 -9.254968e-03
1.175000e+00 -8.088940e-03
1.180000e+00 -6.693409e-03
1.185000e+00 -4.969050e-03
1.190000e+00 -3.146130e-03
1.195000e+00 -1.240059e-03
1.200000e+00 8.856052e-04
1.205000e+00 2.948048e-03
1.210000e+00 4.839111e-03
1.215000e+00 6.561848e-03
1.220000e+00 8.001618e-03
1.225000e+00 9.125111e-03
1.230000e+00 9.843272e-03
1.235000e+00 1.017044e-02
1.240000e+00 1.019780e-02
1.245000e+00 9.659176e-03
1.250000e+00 8.742231e-03
1.255000e+00 7.739151e-03
1.260000e+00 6.587894e-03
1.265000e+00 5.060100e-03
1.270000e+00 2.586588e-03
1.275000e+00 -4.313114e-04
1.280000e+00 -2.977042e-03
1.285000e+00 -4.885225e-03
1.290000e+00 -6.257289e-03
1.295000e+00 -6.874296e-03
1.300000e+00 -6.755045e-03
1.305000e+00 -6.171755e-03
1.310000e+00 -5.321072e-03
1.315000e+00 -3.987802e-03
1.320000e+00 -2.292945e-03
1.325000e+00 -6.778086e-04
1.330000e+00 1.061321e-03
1.335000e+00 2.915906e-03
1.340000e+00 4.533629e-03
1.345000e+00 5.924419e-03
1.350000e+00 7.119270e-03
1.355000e+00 8.062669e-03
1.360000e+00 8.701950e-03
1.365000e+00 9.224416e-03
1.370000e+00 9.361696e-03
1.375000e+00 8.798999e-03
1.380000e+00 8.041641e-03
1.385000e+00 7.024173e-03
1.390000e+00 5.621928e-03
1.395000e+00 4.077822e-03
1.400000e+00 2.276314e-03
1.405000e+00 3.791539e-04
1.410000e+00 -1.444969e-03
1.415000e+00 -3.301831e-03
1.420000e+00 -5.028510e-03
1.425000e+00 -6.549806e-03
1.430000e+00 -7.788805e-03
1.435000e+00 -8.752531e-03
1.440000e+00 -9.311966e-03
1.445000e+00 -9.429675e-03
1.450000e+00 -9.333432e-03
1.455000e+00 -8.776958e-03
1.460000e+00 -7.851461e-03
1.465000e+00 -6.758315e-03
1.470000e+00 -5.248478e-03
1.475000e+00 -3.543336e-03
1.480000e+00 -1.789795e-03
1.485000e+00 1.586563e-04
1.490000e+00 2.048789e-03
1.495000e+00 3.803318e-03
1.500000e+00 5.488351e-03
1.505000e+00 6.944405e-03
1.510000e+00 8.075497e-03
1.515000e+00 8.923525e-03
1.520000e+00 9.371198e-03
1.525000e+00 9.426222e-03
1.530000e+00 9.194526e-03
1.535000e+00 8.558930e-03
1.540000e+00 7.596977e-03
1.545000e+00 6.355567e-03
1.550000e+00 4.790588e-03
1.555000e+00 3.065657e-03
1.560000e+00 1.204241e-03
1.565000e+00 -6.869781e-04
1.570000e+00 -2.578977e-03
1.575000e+00 -4.338718e-03
1.580000e+00 -5.931471e-03
1.585000e+00 -7.281564e-03
1.590000e+00 -8.344762e-03
1.595000e+00 -9.118141e-03
1.600000e+00 -9.408206e-03
1.605000e+00 -9.450585e-03
1.610000e+00 -9.087780e-03
1.615000e+00 -8.294449e-03
1.620000e+00 -7.278060e-03
1.625000e+00 -5.901230e-03
1.630000e+00 -4.279800e-03
1.635000e+00 -2.535065e-03
1.640000e+00 -6.037975e-04
1.645000e+00 1.262160e-03
1.650000e+00 3.100740e-03
1.655000e+00 4.826983e-03
1.660000e+00 6.344357e-03
1.665000e+00 7.606865e-03
1.670000e+00 8.584130e-03
1.675000e+00 9.227584e-03
1.680000e+00 9.460839e-03
1.685000e+00 9.397931e-03
1.690000e+00 8.846923e-03
1.695000e+00 8.050046e-03
1.700000e+00 6.905410e-03
1.705000e+00 5.427128e-03
1.710000e+00 3.829415e-03
1.715000e+00 1.975532e-03
1.720000e+00 9.812058e-05
1.725000e+00 -1.792226e-03
1.730000e+00 -3.650436e-03
1.735000e+00 -5.276061e-03
1.740000e+00 -6.756737e-03
1.745000e+00 -7.921186e-03
1.750000e+00 -8.805111e-03
1.755000e+00 -9.344490e-03
1.760000e+00 -9.478002e-03
1.765000e+00 -9.305994e-03
1.770000e+00 -8.697682e-03
1.775000e+00 -7.758451e-03
1.780000e+00 -6.504693e-03
1.785000e+00 -4.975971e-03
1.790000e+00 -3.261373e-03
1.795000e+00 -1.409801e-03
1.800000e+00 4.982857e-04
1.805000e+00 2.365741e-03
1.810000e+00 4.138829e-03
1.815000e+00 5.769977e-03
1.820000e+00 7.137029e-03
1.825000e+00 8.260072e-03
1.830000e+00 9.029015e-03
1.835000e+00 9.438687e-03
1.840000e+00 9.509212e-03
1.845000e+00 9.119354e-03
1.850000e+00 8.429379e-03
1.855000e+00 7.379136e-03
1.860000e+00 6.014558e-03
1.865000e+00 4.473243e-03
1.870000e+00 2.711011e-03
1.875000e+00 8.704703e-04
1.880000e+00 -9.757686e-04
1.885000e+00 -2.855685e-03
1.890000e+00 -4.555193e-03
1.895000e+00 -6.141062e-03
1.900000e+00 -7.463359e-03
1.905000e+00 -8.465169e-03
1.910000e+00 -9.192986e-03
1.915000e+00 -9.450463e-03
1.920000e+00 -9.417667e-03
1.925000e+00 -8.969250e-03
1.930000e+00 -8.149480e-03
1.935000e+00 -7.069872e-03
1.940000e+00 -5.640146e-03
1.945000e+00 -4.022089e-03
1.950000e+00 -2.232859e-03
1.955000e+00 -3.281051e-04
1.960000e+00 1.557715e-03
1.965000e+00 3.401869e-03
1.970000e+00 5.093419e-03
1.975000e+00 6.568112e-03
1.980000e+00 7.791340e-03
1.985000e+00 8.714007e-03
1.990000e+00 9.270159e-03
1.995000e+00 9.517599e-03
2 9.313242e-03
2.005000e+00 8.790664e-03
2.010000e+00 7.901805e-03
2.015000e+00 6.640883e-03
2.020000e+00 5.181703e-03
2.025000e+00 3.451498e-03
2.030000e+00 1.661903e-03
2.035000e+00 -2.370314e-04
2.040000e+00 -2.106610e-03
2.045000e+00 -3.876584e-03
2.050000e+00 -5.542887e-03
2.055000e+00 -6.948151e-03
2.060000e+00 -8.108308e-03
2.065000e+00 -8.960172e-03
2.070000e+00 -9.440310e-03
2.075000e+00 -9.493338e-03
2.080000e+00 -9.176307e-03
2.085000e+00 -8.532859e-03
2.090000e+00 -7.537123e-03
2.095000e+00 -6.198299e-03
2.100000e+00 -4.669652e-03
2.105000e+00 -3.004036e-03
2.110000e+00 -1.134391e-03
2.115000e+00 7.371093e-04
2.120000e+00 2.648967e-03
2.125000e+00 4.402443e-03
2.130000e+00 5.987686e-03
2.135000e+00 7.371588e-03
2.140000e+00 8.383615e-03
2.145000e+00 9.131207e-03
2.150000e+00 9.472453e-03
2.155000e+00 9.437874e-03
2.160000e+00 8.964939e-03
2.165000e+00 8.221539e-03
2.170000e+00 7.301268e-03
2.175000e+00 5.921581e-03
2.180000e+00 4.139332e-03
2.185000e+00 2.357107e-03
2.190000e+00 6.623704e-04
2.195000e+00 -1.321497e-03
2.200000e+00 -3.344173e-03
2.205000e+00 -4.919403e-03
2.210000e+00 -6.176636e-03
2.215000e+00 -7.599242e-03
2.220000e+00 -8.825217e-03
2.225000e+00 -9.381062e-03
2.230000e+00 -9.452192e-03
2.235000e+00 -9.218047e-03
2.240000e+00 -8.871136e-03
2.245000e+00 -8.148935e-03
2.250000e+00 -6.975979e-03
2.255000e+00 -5.181490e-03
2.260000e+00 -3.194152e-03
2.265000e+00 -1.593413e-03
2.270000e+00 -6.249107e-05
2.275000e+00 1.496829e-03
2.280000e+00 3.235132e-03
2.285000e+00 5.222303e-03
2.290000e+00 7.095250e-03
2.295000e+00 8.437733e-03
2.300000e+00 9.161191e-03
2.305000e+00 9.312613e-03
2.310000e+00 8.893316e-03
2.315000e+00 8.235095e-03
2.320000e+00 7.595453e-03
2.325000e+00 6.864562e-03
2.330000e+00 6.129790e-03
2.335000e+00 5.439120e-03
2.340000e+00 4.367715e-03
2.345000e+00 3.039024e-03
2.350000e+00 1.486032e-03
2.355000e+00 -4.906054e-04
2.360000e+00 -2.875650e-03
2.365000e+00 -5.455290e-03
2.370000e+00 -7.969459e-03
2.375000e+00 -1.046418e-02
2.380000e+00 -1.267687e-02
2.385000e+00 -1.471640e-02
2.390000e+00 -1.618824e-02
2.395000e+00 -1.704953e-02
2.400000e+00 -1.751856e-02
2.405000e+00 -1.727735e-02
2.410000e+00 -1.626907e-02
2.415000e+00 -1.462208e-02
2.420000e+00 -1.256632e-02
2.425000e+00 -1.002846e-02
2.430000e+00 -6.911970e-03
2.435000e+00 -3.190339e-03
2.440000e+00 4.121118e-04
2.445000e+00 3.363671e-03
2.450000e+00 6.241190e-03
2.455000e+00 9.218588e-03
2.460000e+00 1.199417e-02
2.465000e+00 1.466214e-02
2.470000e+00 1.689743e-02
2.475000e+00 1.803703e-02
2.480000e+00 1.805199e-02
2.485000e+00 1.708488e-02
2.490000e+00 1.535121e-02
2.495000e+00 1.297737e-02
2.500000e+00 1.012259e-02
2.505000e+00 7.106053e-03
2.510000e+00 4.179160e-03
2.515000e+00 1.442836e-03
2.520000e+00 -1.012755e-03
2.525000e+00 -3.258336e-03
2.530000e+00 -5.210391e-03
2.535000e+00 -6.391068e-03
2.540000e+00 -7.166951e-03
2.545000e+00 -7.781905e-03
2.550000e+00 -8.048707e-03
2.555000e+00 -7.926093e-03
2.560000e+00 -7.422665e-03
2.565000e+00 -6.577777e-03
2.570000e+00 -5.393440e-03
2.575000e+00 -3.916442e-03
2.580000e+00 -2.248695e-03
2.585000e+00 -4.829522e-04
2.590000e+00 1.323423e-03
2.595000e+00 3.015266e-03
2.600000e+00 4.603522e-03
2.605000e+00 6.025164e-03
2.610000e+00 7.217472e-03
2.615000e+00 8.173068e-03
2.620000e+00 8.738355e-03
2.625000e+00 8.782372e-03
2.630000e+00 8.598426e-03
2.635000e+00 8.095822e-03
2.640000e+00 7.108949e-03
2.645000e+00 6.092967e-03
2.650000e+00 4.692341e-03
2.655000e+00 3.016205e-03
2.660000e+00 1.431589e-03
2.665000e+00 -3.478844e-04
2.670000e+00 -2.173930e-03
2.675000e+00 -3.772534e-03
2.680000e+00 -5.239220e-03
2.685000e+00 -6.632657e-03
2.690000e+00 -7.670658e-03
2.695000e+00 -8.464886e-03
2.700000e+00 -8.852480e-03
2.705000e+00 -8.803982e-03
2.710000e+00 -8.524697e-03
2.715000e+00 -7.886951e-03
2.720000e+00 -6.905219e-03
2.725000e+00 -5.689087e-03
2.730000e+00 -4.267486e-03
2.735000e+00 -2.610554e-03
2.740000e+00 -8.520451e-04
2.745000e+00 8.664233e-04
2.750000e+00 2.618276e-03
2.755000e+00 4.294252e-03
2.760000e+00 5.691923e-03
2.765000e+00 6.973652e-03
2.770000e+00 7.941901e-03
2.775000e+00 8.561034e-03
2.780000e+00 8.862650e-03
2.785000e+00 8.789125e-03
2.790000e+00 8.378148e-03
2.795000e+00 7.639713e-03
2.800000e+00 6.615213e-03
2.805000e+00 5.271243e-03
2.810000e+00 3.800946e-03
2.815000e+00 2.126837e-03
2.820000e+00 3.500551e-04
2.825000e+00 -1.375797e-03
2.830000e+00 -3.120273e-03
2.835000e+00 -4.752352e-03
2.840000e+00 -6.145381e-03
2.845000e+00 -7.297058e-03
2.850000e+00 -8.129937e-03
2.855000e+00 -8.638469e-03
2.860000e+00 -8.875269e-03
2.865000e+00 -8.702355e-03
2.870000e+00 -8.194126e-03
2.875000e+00 -7.407571e-03
2.880000e+00 -6.239381e-03
2.885000e+00 -4.862241e-03
2.890000e+00 -3.321804e-03
2.895000e+00 -1.574911e-03
2.900000e+00 1.330540e-04
2.905000e+00 1.898665e-03
2.910000e+00 3.644770e-03
2.915000e+00 5.128989e-03
2.920000e+00 6.489529e-03
2.925000e+00 7.573414e-03
2.930000e+00 8.309624e-03
2.935000e+00 8.774817e-03
2.940000e+00 8.833736e-03
2.945000e+00 8.594093e-03
2.950000e+00 8.048276e-03
2.955000e+00 7.055896e-03
2.960000e+00 5.889517e-03
2.965000e+00 4.447885e-03
2.970000e+00 2.802604e-03
2.975000e+00 1.109342e-03
2.980000e+00 -6.892191e-04
2.985000e+00 -2.416547e-03
2.990000e+00 -4.079634e-03
2.995000e+00 -5.574242e-03
3 -6.874786e-03
