T X
0 0
5.000000e-03 1.597889e-08
1.000000e-02 2.349213e-08
1.500000e-02 1.349892e-07
2.000000e-02 1.902714e-06
2.500000e-02 1.744801e-05
3.000000e-02 1.061863e-04
3.500000e-02 4.516886e-04
4.000000e-02 1.389412e-03
4.500000e-02 3.149589e-03
5.000000e-02 5.369815e-03
5.500000e-02 7.191782e-03
6.000000e-02 8.290657e-03
6.500000e-02 9.186828e-03
7.000000e-02 9.994291e-03
7.500000e-02 1.019418e-02
8.000000e-02 9.906475e-03
8.500000e-02 9.448607e-03
9.000000e-02 8.495758e-03
9.500000e-02 7.131441e-03
1.000000e-01 5.647136e-03
1.050000e-01 3.832562e-03
1.100000e-01 1.882614e-03
1.150000e-01 -3.421656e-05
1.200000e-01 -2.046988e-03
1.250000e-01 -3.903840e-03
1.300000e-01 -5.643952e-03
1.350000e-01 -7.264236e-03
1.400000e-01 -8.528494e-03
1.450000e-01 -9.495818e-03
1.500000e-01 -1.002514e-02
1.550000e-01 -1.015031e-02
1.600000e-01 -9.933680e-03
1.650000e-01 -9.281584e-03
1.700000e-01 -8.282821e-03
1.750000e-01 -6.893955e-03
1.800000e-01 -5.286021e-03
1.850000e-01 -3.475149e-03
1.900000e-01 -1.458087e-03
1.950000e-01 5.414881e-04
2.000000e-01 2.556948e-03
2.050000e-01 4.459598e-03
2.100000e-01 6.190938e-03
2.150000e-01 7.669572e-03
2.200000e-01 8.831984e-03
2.250000e-01 9.682631e-03
2.300000e-01 1.010388e-02
2.350000e-01 1.014993e-02
2.400000e-01 9.771127e-03
2.450000e-01 9.009980e-03
2.500000e-01 7.898140e-03
2.550000e-01 6.460146e-03
2.600000e-01 4.773975e-03
2.650000e-01 2.882924e-03
2.700000e-01 9.002410e-04
2.750000e-01 -1.138263e-03
2.800000e-01 -3.121538e-03
2.850000e-01 -4.987967e-03
2.900000e-01 -6.644904e-03
2.950000e-01 -8.045615e-03
3.000000e-01 -9.129243e-03
3.050000e-01 -9.833097e-03
3.100000e-01 -1.016286e-02
3.150000e-01 -1.007492e-02
3.200000e-01 -9.594205e-03
3.250000e-01 -8.718114e-03
3.300000e-01 -7.511631e-03
3.350000e-01 -5.991795e-03
3.400000e-01 -4.235881e-03
3.450000e-01 -2.320108e-03
3.500000e-01 -3.005449e-04
3.550000e-01 1.724150e-03
3.600000e-01 3.684851e-03
3.650000e-01 5.493720e-03
3.700000e-01 7.089771e-03
3.750000e-01 8.395645e-03
3.800000e-01 9.376315e-03
3.850000e-01 9.975058e-03
3.900000e-01 1.017595e-02
3.950000e-01 9.975634e-03
4.000000e-01 9.376462e-03
4.050000e-01 8.398967e-03
4.100000e-01 7.093738e-03
4.150000e-01 5.500181e-03
4.200000e-01 3.690841e-03
4.250000e-01 1.737337e-03
4.300000e-01 -2.959193e-04
4.350000e-01 -2.305538e-03
4.400000e-01 -4.231340e-03
4.450000e-01 -5.984485e-03
4.500000e-01 -7.502428e-03
4.550000e-01 -8.718107e-03
4.600000e-01 -9.588585e-03
4.650000e-01 -1.007355e-02
4.700000e-01 -1.015995e-02
4.750000e-01 -9.839978e-03
4.800000e-01 -9.129281e-03
4.850000e-01 -8.051166e-03
4.900000e-01 -6.655555e-03
4.950000e-01 -4.995444e-03
5.000000e-01 -3.132270e-03
5.050000e-01 -1.146231e-03
5.100000e-01 8.860150e-04
5.150000e-01 2.882071e-03
5.200000e-01 4.767527e-03
5.250000e-01 6.452557e-03
5.300000e-01 7.897446e-03
5.350000e-01 9.008627e-03
5.400000e-01 9.768685e-03
5.450000e-01 1.014665e-02
5.500000e-01 1.010595e-02
5.550000e-01 9.670811e-03
5.600000e-01 8.851808e-03
5.650000e-01 7.669144e-03
5.700000e-01 6.196362e-03
5.750000e-01 4.472512e-03
5.800000e-01 2.558119e-03
5.850000e-01 5.577629e-04
5.900000e-01 -1.476412e-03
5.950000e-01 -3.453734e-03
6.000000e-01 -5.287924e-03
6.050000e-01 -6.909428e-03
6.100000e-01 -8.260136e-03
6.150000e-01 -9.263475e-03
6.200000e-01 -9.907388e-03
6.250000e-01 -1.015878e-02
6.300000e-01 -9.987498e-03
6.350000e-01 -9.436100e-03
6.400000e-01 -8.508177e-03
6.450000e-01 -7.235163e-03
6.500000e-01 -5.690415e-03
6.550000e-01 -3.911166e-03
6.600000e-01 -1.979734e-03
6.650000e-01 3.077854e-05
6.700000e-01 2.042193e-03
6.750000e-01 3.985648e-03
6.800000e-01 5.761133e-03
6.850000e-01 7.305438e-03
6.900000e-01 8.576899e-03
6.950000e-01 9.482819e-03
7.000000e-01 1.002752e-02
7.050000e-01 1.016657e-02
7.100000e-01 9.891224e-03
7.150000e-01 9.236538e-03
7.200000e-01 8.205695e-03
7.250000e-01 6.841549e-03
7.300000e-01 5.211806e-03
7.350000e-01 3.376332e-03
7.400000e-01 1.395507e-03
7.450000e-01 -6.313937e-04
7.500000e-01 -2.637246e-03
7.550000e-01 -4.543422e-03
7.600000e-01 -6.254166e-03
7.650000e-01 -7.731337e-03
7.700000e-01 -8.893986e-03
7.750000e-01 -9.700348e-03
7.800000e-01 -1.011685e-02
7.850000e-01 -1.014140e-02
7.900000e-01 -9.748249e-03
7.950000e-01 -8.972290e-03
8.000000e-01 -7.841415e-03
8.050000e-01 -6.386156e-03
8.100000e-01 -4.691986e-03
8.150000e-01 -2.802192e-03
8.200000e-01 -7.983566e-04
8.250000e-01 1.230768e-03
8.300000e-01 3.208275e-03
8.350000e-01 5.068179e-03
8.400000e-01 6.713896e-03
8.450000e-01 8.101034e-03
8.500000e-01 9.161325e-03
8.550000e-01 9.856572e-03
8.600000e-01 1.015887e-02
8.650000e-01 1.006465e-02
8.700000e-01 9.555875e-03
8.750000e-01 8.675299e-03
8.800000e-01 7.449389e-03
8.850000e-01 5.921083e-03
8.900000e-01 4.160507e-03
8.950000e-01 2.232617e-03
9.000000e-01 2.140558e-04
9.050000e-01 -1.813152e-03
9.100000e-01 -3.760678e-03
9.150000e-01 -5.576213e-03
9.200000e-01 -7.150054e-03
9.250000e-01 -8.449954e-03
9.300000e-01 -9.411134e-03
9.350000e-01 -9.993511e-03
9.400000e-01 -1.018147e-02
9.450000e-01 -9.959978e-03
9.500000e-01 -9.341050e-03
9.550000e-01 -8.349800e-03
9.600000e-01 -7.029668e-03
9.650000e-01 -5.422483e-03
9.700000e-01 -3.603079e-03
9.750000e-01 -1.642189e-03
9.800000e-01 3.870041e-04
9.850000e-01 2.397444e-03
9.900000e-01 4.315052e-03
9.950000e-01 6.058675e-03
1 7.560090e-03
1.005000e+00 8.761790e-03
1.010000e+00 9.613692e-03
1.015000e+00 1.008603e-02
1.020000e+00 1.014948e-02
1.025000e+00 9.813456e-03
1.030000e+00 9.092098e-03
1.035000e+00 7.993891e-03
1.040000e+00 6.586221e-03
1.045000e+00 4.922244e-03
1.050000e+00 3.054200e-03
1.055000e+00 1.048855e-03
1.060000e+00 -9.795973e-04
1.065000e+00 -2.945109e-03
1.070000e+00 -4.830073e-03
1.075000e+00 -6.572803e-03
1.080000e+00 -7.965196e-03
1.085000e+00 -8.962130e-03
1.090000e+00 -9.798143e-03
1.095000e+00 -1.028688e-02
1.100000e+00 -1.008559e-02
1.105000e+00 -9.460654e-03
1.110000e+00 -8.828670e-03
1.115000e+00 -7.873177e-03
1.120000e+00 -6.175809e-03
1.125000e+00 -4.113171e-03
1.130000e+00 -2.165978e-03
1.135000e+00 -4.085108e-04
1.140000e+00 1.185876e-03
1.145000e+00 2.838086e-03
1.150000e+00 4.864429e-03
1.155000e+00 7.081178e-03
1.160000e+00 9.038603e-03
1.165000e+00 1.054308e-02
1.170000e+00 1.131363e-02
1.175000e+00 1.115501e-02
1.180000e+00 1.024494e-02
1.185000e+00 8.557004e-03
1.190000e+00 6.071644e-03
1.195000e+00 3.250788e-03
1.200000e+00 2.752152e-04
1.205000e+00 -3.086522e-03
1.210000e+00 -6.557972e-03
1.215000e+00 -9.522719e-03
1.220000e+00 -1.170375e-02
1.225000e+00 -1.349570e-02
1.230000e+00 -1.542280e-02
1.235000e+00 -1.715507e-02
1.240000e+00 -1.810221e-02
1.245000e+00 -1.820546e-02
1.250000e+00 -1.725187e-02
1.255000e+00 -1.497072e-02
1.260000e+00 -1.176508e-02
1.265000e+00 -7.856014e-03
1.270000e+00 -3.232872e-03
1.275000e+00 1.686275e-03
1.280000e+00 6.612438e-03
1.285000e+00 1.144283e-02
1.290000e+00 1.587222e-02
1.295000e+00 1.967246e-02
1.300000e+00 2.273902e-02
1.305000e+00 2.490119e-02
1.310000e+00 2.596532e-02
1.315000e+00 2.598281e-02
1.320000e+00 2.514498e-02
1.325000e+00 2.335952e-02
1.330000e+00 2.062097e-02
1.335000e+00 1.708235e-02
1.340000e+00 1.278999e-02
1.345000e+00 7.994981e-03
1.350000e+00 2.932739e-03
1.355000e+00 -2.374716e-03
1.360000e+00 -7.523711e-03
1.365000e+00 -1.234335e-02
1.370000e+00 -1.681727e-02
1.375000e+00 -2.051257e-02
1.380000e+00 -2.336081e-02
1.385000e+00 -2.540800e-02
1.390000e+00 -2.634426e-02
1.395000e+00 -2.621320e-02
1.400000e+00 -2.511740e-02
1.405000e+00 -2.294625e-02
1.410000e+00 -1.988938e-02
1.415000e+00 -1.606940e-02
1.420000e+00 -1.158094e-02
1.425000e+00 -6.627261e-03
1.430000e+00 -1.422398e-03
1.435000e+00 3.850384e-03
1.440000e+00 8.964273e-03
1.445000e+00 1.371025e-02
1.450000e+00 1.794078e-02
1.455000e+00 2.143117e-02
1.460000e+00 2.405958e-02
1.465000e+00 2.575917e-02
1.470000e+00 2.638830e-02
1.475000e+00 2.598908e-02
1.480000e+00 2.459464e-02
1.485000e+00 2.213770e-02
1.490000e+00 1.886079e-02
1.495000e+00 1.483552e-02
1.500000e+00 1.014747e-02
1.505000e+00 5.140172e-03
1.510000e+00 -1.094592e-04
1.515000e+00 -5.377148e-03
1.520000e+00 -1.037729e-02
1.525000e+00 -1.501284e-02
1.530000e+00 -1.902716e-02
1.535000e+00 -2.227980e-02
1.540000e+00 -2.466597e-02
1.545000e+00 -2.604078e-02
1.550000e+00 -2.639549e-02
1.555000e+00 -2.569332e-02
1.560000e+00 -2.396554e-02
1.565000e+00 -2.129399e-02
1.570000e+00 -1.774827e-02
1.575000e+00 -1.351992e-02
1.580000e+00 -8.744064e-03
1.585000e+00 -3.595932e-03
1.590000e+00 1.658347e-03
1.595000e+00 6.864218e-03
1.600000e+00 1.180770e-02
1.605000e+00 1.624865e-02
1.610000e+00 2.006605e-02
1.615000e+00 2.309223e-02
1.620000e+00 2.515165e-02
1.625000e+00 2.626139e-02
1.630000e+00 2.630611e-02
1.635000e+00 2.527064e-02
1.640000e+00 2.328607e-02
1.645000e+00 2.032683e-02
1.650000e+00 1.657210e-02
1.655000e+00 1.217887e-02
1.660000e+00 7.248878e-03
1.665000e+00 2.084583e-03
1.670000e+00 -3.194251e-03
1.675000e+00 -8.345661e-03
1.680000e+00 -1.313996e-02
1.685000e+00 -1.744982e-02
1.690000e+00 -2.101643e-02
1.695000e+00 -2.378875e-02
1.700000e+00 -2.559660e-02
1.705000e+00 -2.636632e-02
1.710000e+00 -2.613165e-02
1.715000e+00 -2.479405e-02
1.720000e+00 -2.251735e-02
1.725000e+00 -1.932844e-02
1.730000e+00 -1.533505e-02
1.735000e+00 -1.079270e-02
1.740000e+00 -5.766643e-03
1.745000e+00 -5.297651e-04
1.750000e+00 4.717174e-03
1.755000e+00 9.801202e-03
1.760000e+00 1.447155e-02
1.765000e+00 1.856893e-02
1.770000e+00 2.193404e-02
1.775000e+00 2.441677e-02
1.780000e+00 2.592618e-02
1.785000e+00 2.640896e-02
1.790000e+00 2.583848e-02
1.795000e+00 2.423307e-02
1.800000e+00 2.166149e-02
1.805000e+00 1.823150e-02
1.810000e+00 1.406172e-02
1.815000e+00 9.338880e-03
1.820000e+00 4.254540e-03
1.825000e+00 -1.027922e-03
1.830000e+00 -6.231540e-03
1.835000e+00 -1.120355e-02
1.840000e+00 -1.573403e-02
1.845000e+00 -1.960370e-02
1.850000e+00 -2.272888e-02
1.855000e+00 -2.492335e-02
1.860000e+00 -2.613991e-02
1.865000e+00 -2.631697e-02
1.870000e+00 -2.544253e-02
1.875000e+00 -2.357053e-02
1.880000e+00 -2.072639e-02
1.885000e+00 -1.709739e-02
1.890000e+00 -1.274670e-02
1.895000e+00 -7.895309e-03
1.900000e+00 -2.759618e-03
1.905000e+00 2.553609e-03
1.910000e+00 7.692726e-03
1.915000e+00 1.256909e-02
1.920000e+00 1.694349e-02
1.925000e+00 2.061241e-02
1.930000e+00 2.349697e-02
1.935000e+00 2.541377e-02
1.940000e+00 2.633507e-02
1.945000e+00 2.619881e-02
1.950000e+00 2.501772e-02
1.955000e+00 2.284355e-02
1.960000e+00 1.974491e-02
1.965000e+00 1.588397e-02
1.970000e+00 1.136719e-02
1.975000e+00 6.401566e-03
1.980000e+00 1.201105e-03
1.985000e+00 -4.081021e-03
1.990000e+00 -9.172716e-03
1.995000e+00 -1.391243e-02
2 -1.810233e-02
2.005000e+00 -2.155905e-02
2.010000e+00 -2.416019e-02
2.015000e+00 -2.580020e-02
2.020000e+00 -2.641158e-02
2.025000e+00 -2.596057e-02
2.030000e+00 -2.448297e-02
2.035000e+00 -2.203154e-02
2.040000e+00 -1.869625e-02
2.045000e+00 -1.461960e-02
2.050000e+00 -9.959578e-03
2.055000e+00 -4.895888e-03
2.060000e+00 3.462693e-04
2.065000e+00 5.593933e-03
2.070000e+00 1.061929e-02
2.075000e+00 1.519265e-02
2.080000e+00 1.919070e-02
2.085000e+00 2.241733e-02
2.090000e+00 2.473501e-02
2.095000e+00 2.607906e-02
2.100000e+00 2.638632e-02
2.105000e+00 2.563498e-02
2.110000e+00 2.387397e-02
2.115000e+00 2.114324e-02
2.120000e+00 1.756436e-02
2.125000e+00 1.333217e-02
2.130000e+00 8.516518e-03
2.135000e+00 3.356463e-03
2.140000e+00 -1.890983e-03
2.145000e+00 -7.069953e-03
2.150000e+00 -1.200810e-02
2.155000e+00 -1.644713e-02
2.160000e+00 -2.020890e-02
2.165000e+00 -2.318217e-02
2.170000e+00 -2.523062e-02
2.175000e+00 -2.630358e-02
2.180000e+00 -2.628913e-02
2.185000e+00 -2.521498e-02
2.190000e+00 -2.316929e-02
2.195000e+00 -2.016708e-02
2.200000e+00 -1.639444e-02
2.205000e+00 -1.198902e-02
2.210000e+00 -7.051105e-03
2.215000e+00 -1.794606e-03
2.220000e+00 3.476382e-03
2.225000e+00 8.526374e-03
2.230000e+00 1.328116e-02
2.235000e+00 1.761555e-02
2.240000e+00 2.124927e-02
2.245000e+00 2.385584e-02
2.250000e+00 2.559303e-02
2.255000e+00 2.652492e-02
2.260000e+00 2.619145e-02
2.265000e+00 2.458186e-02
2.270000e+00 2.219514e-02
2.275000e+00 1.919702e-02
2.280000e+00 1.528865e-02
2.285000e+00 1.053811e-02
2.290000e+00 5.426400e-03
2.295000e+00 2.597627e-04
2.300000e+00 -4.800514e-03
2.305000e+00 -9.721900e-03
2.310000e+00 -1.448965e-02
2.315000e+00 -1.893593e-02
2.320000e+00 -2.255090e-02
2.325000e+00 -2.488108e-02
2.330000e+00 -2.600896e-02
2.335000e+00 -2.610387e-02
2.340000e+00 -2.540134e-02
2.345000e+00 -2.406206e-02
2.350000e+00 -2.186392e-02
2.355000e+00 -1.869596e-02
2.360000e+00 -1.482142e-02
2.365000e+00 -1.019802e-02
2.370000e+00 -4.489594e-03
2.375000e+00 1.641518e-03
2.380000e+00 7.343025e-03
2.385000e+00 1.266625e-02
2.390000e+00 1.763765e-02
2.395000e+00 2.186144e-02
2.400000e+00 2.481539e-02
2.405000e+00 2.621852e-02
2.410000e+00 2.599940e-02
2.415000e+00 2.442105e-02
2.420000e+00 2.189343e-02
2.425000e+00 1.868792e-02
2.430000e+00 1.485697e-02
2.435000e+00 1.018047e-02
2.440000e+00 4.788944e-03
2.445000e+00 -1.090980e-03
2.450000e+00 -7.307806e-03
2.455000e+00 -1.341463e-02
2.460000e+00 -1.895734e-02
2.465000e+00 -2.374974e-02
2.470000e+00 -2.739505e-02
2.475000e+00 -2.946804e-02
2.480000e+00 -3.018105e-02
2.485000e+00 -2.956134e-02
2.490000e+00 -2.730725e-02
2.495000e+00 -2.360558e-02
2.500000e+00 -1.877045e-02
2.505000e+00 -1.296892e-02
2.510000e+00 -6.603493e-03
2.515000e+00 -4.957280e-05
2.520000e+00 6.616308e-03
2.525000e+00 1.307781e-02
2.530000e+00 1.904872e-02
2.535000e+00 2.439442e-02
2.540000e+00 2.874998e-02
2.545000e+00 3.199774e-02
2.550000e+00 3.409553e-02
2.555000e+00 3.479646e-02
2.560000e+00 3.405221e-02
2.565000e+00 3.202288e-02
2.570000e+00 2.867950e-02
2.575000e+00 2.413914e-02
2.580000e+00 1.869823e-02
2.585000e+00 1.246230e-02
2.590000e+00 5.651826e-03
2.595000e+00 -1.328925e-03
2.600000e+00 -8.237928e-03
2.605000e+00 -1.486076e-02
2.610000e+00 -2.088407e-02
2.615000e+00 -2.603881e-02
2.620000e+00 -3.020934e-02
2.625000e+00 -3.316585e-02
2.630000e+00 -3.475049e-02
2.635000e+00 -3.502914e-02
2.640000e+00 -3.389791e-02
2.645000e+00 -3.136732e-02
2.650000e+00 -2.762325e-02
2.655000e+00 -2.278403e-02
2.660000e+00 -1.699108e-02
2.665000e+00 -1.057928e-02
2.670000e+00 -3.724947e-03
2.675000e+00 3.305212e-03
2.680000e+00 1.016205e-02
2.685000e+00 1.665308e-02
2.690000e+00 2.245990e-02
2.695000e+00 2.736231e-02
2.700000e+00 3.120008e-02
2.705000e+00 3.377816e-02
2.710000e+00 3.499106e-02
2.715000e+00 3.484008e-02
2.720000e+00 3.328833e-02
2.725000e+00 3.040940e-02
2.730000e+00 2.633784e-02
2.735000e+00 2.116102e-02
2.740000e+00 1.520335e-02
2.745000e+00 8.617501e-03
2.750000e+00 1.647682e-03
2.755000e+00 -5.317863e-03
2.760000e+00 -1.210468e-02
2.765000e+00 -1.843040e-02
2.770000e+00 -2.397732e-02
2.775000e+00 -2.860038e-02
2.780000e+00 -3.210320e-02
2.785000e+00 -3.425150e-02
2.790000e+00 -3.510902e-02
2.795000e+00 -3.454694e-02
2.800000e+00 -3.255781e-02
2.805000e+00 -2.934335e-02
2.810000e+00 -2.493290e-02
2.815000e+00 -1.950352e-02
2.820000e+00 -1.332586e-02
2.825000e+00 -6.608078e-03
2.830000e+00 3.959209e-04
2.835000e+00 7.341029e-03
2.840000e+00 1.401348e-02
2.845000e+00 2.014139e-02
2.850000e+00 2.544024e-02
2.855000e+00 2.973188e-02
2.860000e+00 3.287332e-02
2.865000e+00 3.465739e-02
2.870000e+00 3.506703e-02
2.875000e+00 3.412503e-02
2.880000e+00 3.174235e-02
2.885000e+00 2.815765e-02
2.890000e+00 2.345034e-02
2.895000e+00 1.775216e-02
2.900000e+00 1.141531e-02
2.905000e+00 4.588404e-03
2.910000e+00 -2.445226e-03
2.915000e+00 -9.321988e-03
2.920000e+00 -1.586860e-02
2.925000e+00 -2.178804e-02
2.930000e+00 -2.679516e-02
2.935000e+00 -3.078779e-02
2.940000e+00 -3.352770e-02
2.945000e+00 -3.492473e-02
2.950000e+00 -3.495350e-02
2.955000e+00 -3.355346e-02
2.960000e+00 -3.083686e-02
2.965000e+00 -2.688134e-02
2.970000e+00 -2.186868e-02
2.975000e+00 -1.597422e-02
2.980000e+00 -9.436475e-03
2.985000e+00 -2.555889e-03
2.990000e+00 4.468336e-03
2.995000e+00 1.130205e-02
3 1.766970e-02
