T X
0 0
5.000000e-03 2.528979e-09
1.000000e-02 -6.436700e-10
1.500000e-02 -1.230475e-09
2.000000e-02 2.743046e-09
2.500000e-02 -5.607747e-09
3.000000e-02 -4.223095e-09
3.500000e-02 1.807167e-09
4.000000e-02 3.490144e-08
4.500000e-02 2.311703e-07
5.000000e-02 1.186830e-06
5.500000e-02 4.596492e-06
6.000000e-02 1.437346e-05
6.500000e-02 3.744689e-05
7.000000e-02 8.056734e-05
7.500000e-02 1.379229e-04
8.000000e-02 1.706668e-04
8.500000e-02 1.013413e-04
9.000000e-02 -1.388927e-04
9.500000e-02 -5.108488e-04
1.000000e-01 -8.208842e-04
1.050000e-01 -8.619394e-04
1.100000e-01 -6.686556e-04
1.150000e-01 -5.425322e-04
1.200000e-01 -6.815454e-04
1.250000e-01 -8.765156e-04
1.300000e-01 -8.157691e-04
1.350000e-01 -5.984570e-04
1.400000e-01 -5.641156e-04
1.450000e-01 -6.969997e-04
1.500000e-01 -7.208287e-04
1.550000e-01 -6.830811e-04
1.600000e-01 -8.041122e-04
1.650000e-01 -9.298880e-04
1.700000e-01 -8.142393e-04
1.750000e-01 -5.912796e-04
1.800000e-01 -4.225160e-04
1.850000e-01 -2.487997e-04
1.900000e-01 -8.929017e-05
1.950000e-01 8.515518e-05
2.000000e-01 4.371723e-04
2.050000e-01 8.035876e-04
2.100000e-01 9.638915e-04
2.150000e-01 1.137103e-03
2.200000e-01 1.363401e-03
2.250000e-01 1.359780e-03
2.300000e-01 1.275081e-03
2.350000e-01 1.364798e-03
2.400000e-01 1.471848e-03
2.450000e-01 1.535305e-03
2.500000e-01 1.647021e-03
2.550000e-01 1.726885e-03
2.600000e-01 1.722629e-03
2.650000e-01 1.698178e-03
2.700000e-01 1.781437e-03
2.750000e-01 1.971993e-03
2.800000e-01 2.000878e-03
2.850000e-01 1.882498e-03
2.900000e-01 1.845312e-03
2.950000e-01 1.726335e-03
3.000000e-01 1.490916e-03
3.050000e-01 1.377300e-03
3.100000e-01 1.294866e-03
3.150000e-01 1.142148e-03
3.200000e-01 1.003904e-03
3.250000e-01 8.169498e-04
3.300000e-01 4.964110e-04
3.350000e-01 1.216127e-04
3.400000e-01 -1.427688e-04
3.450000e-01 -2.792646e-04
3.500000e-01 -4.497697e-04
3.550000e-01 -7.016942e-04
3.600000e-01 -9.017829e-04
3.650000e-01 -9.764547e-04
3.700000e-01 -1.007540e-03
3.750000e-01 -1.009329e-03
3.800000e-01 -9.937705e-04
3.850000e-01 -1.022097e-03
3.900000e-01 -9.592842e-04
3.950000e-01 -9.020376e-04
4.000000e-01 -1.018535e-03
4.050000e-01 -1.058646e-03
4.100000e-01 -1.065548e-03
4.150000e-01 -1.191128e-03
4.200000e-01 -1.300513e-03
4.250000e-01 -1.389504e-03
4.300000e-01 -1.399297e-03
4.350000e-01 -1.352010e-03
4.400000e-01 -1.377519e-03
4.450000e-01 -1.393516e-03
4.500000e-01 -1.221019e-03
4.550000e-01 -8.140921e-04
4.600000e-01 -4.220515e-04
4.650000e-01 -1.006709e-04
4.700000e-01 2.275991e-04
4.750000e-01 4.727404e-04
4.800000e-01 7.703165e-04
4.850000e-01 1.115444e-03
4.900000e-01 1.285134e-03
4.950000e-01 1.273644e-03
5.000000e-01 1.268130e-03
5.050000e-01 1.329790e-03
5.100000e-01 1.329206e-03
5.150000e-01 1.405951e-03
5.200000e-01 1.562006e-03
5.250000e-01 1.601611e-03
5.300000e-01 1.606638e-03
5.350000e-01 1.635519e-03
5.400000e-01 1.643640e-03
5.450000e-01 1.603250e-03
5.500000e-01 1.661646e-03
5.550000e-01 1.780268e-03
5.600000e-01 1.741128e-03
5.650000e-01 1.656714e-03
5.700000e-01 1.681099e-03
5.750000e-01 1.739337e-03
5.800000e-01 1.599747e-03
5.850000e-01 1.372568e-03
5.900000e-01 1.278551e-03
5.950000e-01 1.190211e-03
6.000000e-01 1.013797e-03
6.050000e-01 8.165585e-04
6.100000e-01 6.639614e-04
6.150000e-01 4.045632e-04
6.200000e-01 6.184343e-05
6.250000e-01 -2.376188e-04
6.300000e-01 -4.973635e-04
6.350000e-01 -7.249013e-04
6.400000e-01 -1.005619e-03
6.450000e-01 -1.114504e-03
6.500000e-01 -1.060669e-03
6.550000e-01 -1.011122e-03
6.600000e-01 -9.009065e-04
6.650000e-01 -8.655528e-04
6.700000e-01 -8.113759e-04
6.750000e-01 -6.687836e-04
6.800000e-01 -6.135537e-04
6.850000e-01 -6.712015e-04
6.900000e-01 -6.078334e-04
6.950000e-01 -3.618533e-04
7.000000e-01 -2.677012e-04
7.050000e-01 -2.874159e-04
7.100000e-01 -1.868435e-04
7.150000e-01 2.328061e-05
7.200000e-01 1.037468e-04
7.250000e-01 -3.815933e-05
7.300000e-01 -6.902526e-05
7.350000e-01 8.070691e-05
7.400000e-01 2.675903e-04
7.450000e-01 4.689538e-04
7.500000e-01 6.384878e-04
7.550000e-01 6.952471e-04
7.600000e-01 6.579005e-04
7.650000e-01 6.616034e-04
7.700000e-01 7.179486e-04
7.750000e-01 7.538944e-04
7.800000e-01 7.869044e-04
7.850000e-01 9.824128e-04
7.900000e-01 1.258070e-03
7.950000e-01 1.408064e-03
8.000000e-01 1.619068e-03
8.050000e-01 1.875785e-03
8.100000e-01 2.021548e-03
8.150000e-01 2.151455e-03
8.200000e-01 2.207046e-03
8.250000e-01 2.152050e-03
8.300000e-01 2.075934e-03
8.350000e-01 2.022845e-03
8.400000e-01 1.880150e-03
8.450000e-01 1.515552e-03
8.500000e-01 1.243796e-03
8.550000e-01 1.205483e-03
8.600000e-01 1.087792e-03
8.650000e-01 9.187288e-04
8.700000e-01 8.842240e-04
8.750000e-01 8.299099e-04
8.800000e-01 6.162666e-04
8.850000e-01 4.029203e-04
8.900000e-01 2.629382e-04
8.950000e-01 1.123038e-04
9.000000e-01 -2.315246e-05
9.050000e-01 -1.048913e-04
9.100000e-01 -1.339011e-04
9.150000e-01 -2.033254e-04
9.200000e-01 -3.820662e-04
9.250000e-01 -5.070104e-04
9.300000e-01 -5.986348e-04
9.350000e-01 -7.295274e-04
9.400000e-01 -7.636221e-04
9.450000e-01 -8.016021e-04
9.500000e-01 -9.315743e-04
9.550000e-01 -9.841754e-04
9.600000e-01 -9.251186e-04
9.650000e-01 -8.393446e-04
9.700000e-01 -7.277072e-04
9.750000e-01 -6.486228e-04
9.800000e-01 -6.011141e-04
9.850000e-01 -4.537036e-04
9.900000e-01 -2.538949e-04
9.950000e-01 -1.076512e-04
1 -1.327849e-05
1.005000e+00 7.740358e-05
1.010000e+00 2.034865e-04
1.015000e+00 2.825830e-04
1.020000e+00 3.459799e-04
1.025000e+00 5.638501e-04
1.030000e+00 8.007731e-04
1.035000e+00 9.310446e-04
1.040000e+00 1.083239e-03
1.045000e+00 1.257354e-03
1.050000e+00 1.462644e-03
1.055000e+00 1.588530e-03
1.060000e+00 1.561392e-03
1.065000e+00 1.581235e-03
1.070000e+00 1.633594e-03
1.075000e+00 1.620922e-03
1.080000e+00 1.584207e-03
1.085000e+00 1.597329e-03
1.090000e+00 1.522718e-03
1.095000e+00 1.328170e-03
1.100000e+00 1.154220e-03
1.105000e+00 1.019932e-03
1.110000e+00 9.543739e-04
1.115000e+00 8.764247e-04
1.120000e+00 8.007897e-04
1.125000e+00 7.245880e-04
1.130000e+00 5.926134e-04
1.135000e+00 4.701237e-04
1.140000e+00 3.658853e-04
1.145000e+00 2.902860e-04
1.150000e+00 2.296245e-04
1.155000e+00 6.842954e-05
1.160000e+00 -9.793146e-05
1.165000e+00 -6.793848e-05
1.170000e+00 -6.057479e-05
1.175000e+00 -2.308182e-04
1.180000e+00 -2.898818e-04
1.185000e+00 -2.298472e-04
1.190000e+00 -2.595871e-04
1.195000e+00 -3.497070e-04
1.200000e+00 -4.302055e-04
1.205000e+00 -4.059394e-04
1.210000e+00 -3.530658e-04
1.215000e+00 -3.421323e-04
1.220000e+00 -2.603482e-04
1.225000e+00 -4.475915e-05
1.230000e+00 2.349631e-04
1.235000e+00 5.050180e-04
1.240000e+00 7.152663e-04
1.245000e+00 8.081814e-04
1.250000e+00 8.272630e-04
1.255000e+00 7.628924e-04
1.260000e+00 7.844162e-04
1.265000e+00 9.897265e-04
1.270000e+00 1.168507e-03
1.275000e+00 1.223017e-03
1.280000e+00 1.030055e-03
1.285000e+00 7.068901e-04
1.290000e+00 7.147050e-04
1.295000e+00 8.483515e-04
1.300000e+00 7.490043e-04
1.305000e+00 7.493741e-04
1.310000e+00 9.923426e-04
1.315000e+00 1.158327e-03
1.320000e+00 1.136108e-03
1.325000e+00 1.069603e-03
1.330000e+00 9.813157e-04
1.335000e+00 9.245965e-04
1.340000e+00 9.302603e-04
1.345000e+00 8.065773e-04
1.350000e+00 5.531431e-04
1.355000e+00 4.323298e-04
1.360000e+00 5.127545e-04
1.365000e+00 6.442536e-04
1.370000e+00 6.707671e-04
1.375000e+00 5.381876e-04
1.380000e+00 3.456972e-04
1.385000e+00 2.215873e-04
1.390000e+00 -9.614919e-06
1.395000e+00 -2.947732e-04
1.400000e+00 -4.407432e-04
1.405000e+00 -6.626436e-04
1.410000e+00 -9.550469e-04
1.415000e+00 -1.342114e-03
1.420000e+00 -1.723045e-03
1.425000e+00 -1.723942e-03
1.430000e+00 -1.508379e-03
1.435000e+00 -1.510314e-03
1.440000e+00 -1.561417e-03
1.445000e+00 -1.379598e-03
1.450000e+00 -1.259883e-03
1.455000e+00 -1.279591e-03
1.460000e+00 -1.253169e-03
1.465000e+00 -1.127284e-03
1.470000e+00 -8.488748e-04
1.475000e+00 -5.875765e-04
1.480000e+00 -4.573927e-04
1.485000e+00 -3.411878e-04
1.490000e+00 -2.190275e-04
1.495000e+00 1.692672e-05
1.500000e+00 4.218023e-04
1.505000e+00 7.229337e-04
1.510000e+00 8.018208e-04
1.515000e+00 9.439746e-04
1.520000e+00 1.257969e-03
1.525000e+00 1.651104e-03
1.530000e+00 1.983348e-03
1.535000e+00 2.007406e-03
1.540000e+00 1.918523e-03
1.545000e+00 2.115839e-03
1.550000e+00 2.492263e-03
1.555000e+00 2.526294e-03
1.560000e+00 2.392708e-03
1.565000e+00 2.687813e-03
1.570000e+00 3.184956e-03
1.575000e+00 3.485399e-03
1.580000e+00 3.555204e-03
1.585000e+00 3.514356e-03
1.590000e+00 3.483482e-03
1.595000e+00 3.452292e-03
1.600000e+00 3.239954e-03
1.605000e+00 2.942085e-03
1.610000e+00 2.709450e-03
1.615000e+00 2.381758e-03
1.620000e+00 2.037721e-03
1.625000e+00 1.729478e-03
1.630000e+00 1.348397e-03
1.635000e+00 1.041168e-03
1.640000e+00 9.049217e-04
1.645000e+00 4.935323e-04
1.650000e+00 -1.604617e-04
1.655000e+00 -5.387633e-04
1.660000e+00 -7.446363e-04
1.665000e+00 -9.445312e-04
1.670000e+00 -1.120075e-03
1.675000e+00 -1.213669e-03
1.680000e+00 -1.432107e-03
1.685000e+00 -1.919860e-03
1.690000e+00 -2.396166e-03
1.695000e+00 -2.695577e-03
1.700000e+00 -2.895994e-03
1.705000e+00 -3.123516e-03
1.710000e+00 -3.228485e-03
1.715000e+00 -3.260500e-03
1.720000e+00 -3.338512e-03
1.725000e+00 -3.287447e-03
1.730000e+00 -3.166614e-03
1.735000e+00 -3.079439e-03
1.740000e+00 -2.980652e-03
1.745000e+00 -2.823643e-03
1.750000e+00 -2.623887e-03
1.755000e+00 -2.295980e-03
1.760000e+00 -1.745286e-03
1.765000e+00 -1.308285e-03
1.770000e+00 -1.147572e-03
1.775000e+00 -9.601526e-04
1.780000e+00 -5.912738e-04
1.785000e+00 -1.955834e-04
1.790000e+00 7.258473e-05
1.795000e+00 2.689588e-04
1.800000e+00 5.482074e-04
1.805000e+00 8.836319e-04
1.810000e+00 9.938237e-04
1.815000e+00 1.029810e-03
1.820000e+00 1.174781e-03
1.825000e+00 1.328934e-03
1.830000e+00 1.598264e-03
1.835000e+00 1.898902e-03
1.840000e+00 2.098526e-03
1.845000e+00 2.327952e-03
1.850000e+00 2.548090e-03
1.855000e+00 2.608882e-03
1.860000e+00 2.628104e-03
1.865000e+00 2.593645e-03
1.870000e+00 2.473992e-03
1.875000e+00 2.437416e-03
1.880000e+00 2.440316e-03
1.885000e+00 2.351126e-03
1.890000e+00 2.365160e-03
1.895000e+00 2.471575e-03
1.900000e+00 2.446725e-03
1.905000e+00 2.354545e-03
1.910000e+00 2.028609e-03
1.915000e+00 1.492395e-03
1.920000e+00 9.328067e-04
1.925000e+00 2.332198e-04
1.930000e+00 -4.479035e-04
1.935000e+00 -9.078924e-04
1.940000e+00 -1.355403e-03
1.945000e+00 -1.807695e-03
1.950000e+00 -2.113396e-03
1.955000e+00 -2.403822e-03
1.960000e+00 -2.477286e-03
1.965000e+00 -2.289996e-03
1.970000e+00 -2.309460e-03
1.975000e+00 -2.397670e-03
1.980000e+00 -2.329350e-03
1.985000e+00 -2.300906e-03
1.990000e+00 -2.215782e-03
1.995000e+00 -1.968704e-03
2 -1.776464e-03
2.005000e+00 -1.692925e-03
2.010000e+00 -1.631987e-03
2.015000e+00 -1.625594e-03
2.020000e+00 -1.566643e-03
2.025000e+00 -1.550911e-03
2.030000e+00 -1.679264e-03
2.035000e+00 -1.677180e-03
2.040000e+00 -1.331677e-03
2.045000e+00 -9.215778e-04
2.050000e+00 -7.965369e-04
2.055000e+00 -7.404339e-04
2.060000e+00 -4.351681e-04
2.065000e+00 1.467854e-04
2.070000e+00 6.876091e-04
2.075000e+00 1.017821e-03
2.080000e+00 1.146467e-03
2.085000e+00 1.117392e-03
2.090000e+00 1.087930e-03
2.095000e+00 1.166863e-03
2.100000e+00 1.396412e-03
2.105000e+00 1.708363e-03
2.110000e+00 1.990464e-03
2.115000e+00 2.170546e-03
2.120000e+00 2.299490e-03
2.125000e+00 2.413388e-03
2.130000e+00 2.401735e-03
2.135000e+00 2.302771e-03
2.140000e+00 2.256607e-03
2.145000e+00 2.150461e-03
2.150000e+00 1.897340e-03
2.155000e+00 1.691285e-03
2.160000e+00 1.550338e-03
2.165000e+00 1.135733e-03
2.170000e+00 6.103731e-04
2.175000e+00 3.089076e-04
2.180000e+00 5.996893e-05
2.185000e+00 -3.502254e-04
2.190000e+00 -9.424276e-04
2.195000e+00 -1.372826e-03
2.200000e+00 -1.453374e-03
2.205000e+00 -1.589899e-03
2.210000e+00 -1.825032e-03
2.215000e+00 -1.684915e-03
2.220000e+00 -1.457679e-03
2.225000e+00 -1.586178e-03
2.230000e+00 -1.612365e-03
2.235000e+00 -1.414312e-03
2.240000e+00 -1.247660e-03
2.245000e+00 -1.147776e-03
2.250000e+00 -1.212528e-03
2.255000e+00 -1.378438e-03
2.260000e+00 -1.461224e-03
2.265000e+00 -1.459282e-03
2.270000e+00 -1.422014e-03
2.275000e+00 -1.249331e-03
2.280000e+00 -9.933221e-04
2.285000e+00 -7.618113e-04
2.290000e+00 -6.606277e-04
2.295000e+00 -6.563628e-04
2.300000e+00 -4.280420e-04
2.305000e+00 -1.149702e-04
2.310000e+00 -4.228964e-05
2.315000e+00 4.664742e-05
2.320000e+00 3.981269e-04
2.325000e+00 6.905761e-04
2.330000e+00 7.441917e-04
2.335000e+00 8.551471e-04
2.340000e+00 1.114300e-03
2.345000e+00 1.368387e-03
2.350000e+00 1.556339e-03
2.355000e+00 1.814049e-03
2.360000e+00 2.037796e-03
2.365000e+00 1.961282e-03
2.370000e+00 1.876725e-03
2.375000e+00 1.938834e-03
2.380000e+00 1.947728e-03
2.385000e+00 1.846191e-03
2.390000e+00 1.840164e-03
2.395000e+00 2.064859e-03
2.400000e+00 2.292337e-03
2.405000e+00 2.364991e-03
2.410000e+00 2.317090e-03
2.415000e+00 2.245568e-03
2.420000e+00 2.124989e-03
2.425000e+00 1.892120e-03
2.430000e+00 1.507065e-03
2.435000e+00 1.095038e-03
2.440000e+00 8.677323e-04
2.445000e+00 6.859204e-04
2.450000e+00 3.643372e-04
2.455000e+00 -2.037686e-05
2.460000e+00 -3.137461e-04
2.465000e+00 -6.205937e-04
2.470000e+00 -1.041211e-03
2.475000e+00 -1.213623e-03
2.480000e+00 -1.164798e-03
2.485000e+00 -1.223408e-03
2.490000e+00 -1.414495e-03
2.495000e+00 -1.432983e-03
2.500000e+00 -1.291685e-03
2.505000e+00 -1.368670e-03
2.510000e+00 -1.344677e-03
2.515000e+00 -1.059203e-03
2.520000e+00 -7.003077e-04
2.525000e+00 -5.016950e-04
2.530000e+00 -5.563296e-04
2.535000e+00 -4.532114e-04
2.540000e+00 -1.725700e-04
2.545000e+00 5.032139e-05
2.550000e+00 3.248214e-04
2.555000e+00 7.021399e-04
2.560000e+00 1.002097e-03
2.565000e+00 1.015941e-03
2.570000e+00 9.300645e-04
2.575000e+00 8.626114e-04
2.580000e+00 7.853917e-04
2.585000e+00 6.482836e-04
2.590000e+00 4.547313e-04
2.595000e+00 5.265629e-04
2.600000e+00 6.670078e-04
2.605000e+00 6.844137e-04
2.610000e+00 6.453024e-04
2.615000e+00 7.321090e-04
2.620000e+00 1.084354e-03
2.625000e+00 1.466147e-03
2.630000e+00 1.726261e-03
2.635000e+00 1.991087e-03
2.640000e+00 2.016922e-03
2.645000e+00 1.601051e-03
2.650000e+00 1.318583e-03
2.655000e+00 1.352592e-03
2.660000e+00 1.357039e-03
2.665000e+00 1.260776e-03
2.670000e+00 1.175740e-03
2.675000e+00 1.115673e-03
2.680000e+00 1.078010e-03
2.685000e+00 9.238872e-04
2.690000e+00 6.261004e-04
2.695000e+00 1.431169e-04
2.700000e+00 -4.977529e-04
2.705000e+00 -1.153857e-03
2.710000e+00 -1.864033e-03
2.715000e+00 -2.561874e-03
2.720000e+00 -3.023610e-03
2.725000e+00 -3.162604e-03
2.730000e+00 -3.094172e-03
2.735000e+00 -2.942649e-03
2.740000e+00 -3.148213e-03
2.745000e+00 -3.601804e-03
2.750000e+00 -3.639408e-03
2.755000e+00 -3.229493e-03
2.760000e+00 -2.910711e-03
2.765000e+00 -2.821536e-03
2.770000e+00 -2.494947e-03
2.775000e+00 -2.024276e-03
2.780000e+00 -1.832805e-03
2.785000e+00 -1.797405e-03
2.790000e+00 -1.683626e-03
2.795000e+00 -1.309386e-03
2.800000e+00 -8.603484e-04
2.805000e+00 -7.268932e-04
2.810000e+00 -5.659378e-04
2.815000e+00 -1.661775e-04
2.820000e+00 3.183195e-04
2.825000e+00 5.480004e-04
2.830000e+00 7.117512e-04
2.835000e+00 1.282831e-03
2.840000e+00 1.989923e-03
2.845000e+00 2.557844e-03
2.850000e+00 2.692179e-03
2.855000e+00 2.705768e-03
2.860000e+00 3.031316e-03
2.865000e+00 3.252349e-03
2.870000e+00 3.183000e-03
2.875000e+00 3.115026e-03
2.880000e+00 3.245436e-03
2.885000e+00 3.522192e-03
2.890000e+00 3.810866e-03
2.895000e+00 3.989306e-03
2.900000e+00 3.815991e-03
2.905000e+00 3.566888e-03
2.910000e+00 3.504165e-03
2.915000e+00 3.452868e-03
2.920000e+00 3.266031e-03
2.925000e+00 2.818979e-03
2.930000e+00 2.424100e-03
2.935000e+00 2.296407e-03
2.940000e+00 2.223819e-03
2.945000e+00 1.795449e-03
2.950000e+00 1.159155e-03
2.955000e+00 6.281777e-04
2.960000e+00 1.736651e-05
2.965000e+00 -5.615218e-04
2.970000e+00 -1.193191e-03
2.975000e+00 -2.085221e-03
2.980000e+00 -2.827366e-03
2.985000e+00 -3.251356e-03
2.990000e+00 -3.658637e-03
2.995000e+00 -4.075662e-03
3 -4.337470e-03
3.005000e+00 -4.453048e-03
3.010000e+00 -4.603609e-03
3.015000e+00 -4.808149e-03
3.020000e+00 -5.109207e-03
3.025000e+00 -5.417760e-03
3.030000e+00 -5.483417e-03
3.035000e+00 -5.185758e-03
3.040000e+00 -4.779726e-03
3.045000e+00 -4.621769e-03
3.050000e+00 -4.204656e-03
3.055000e+00 -3.420002e-03
3.060000e+00 -2.960099e-03
3.065000e+00 -2.738556e-03
3.070000e+00 -2.331829e-03
3.075000e+00 -1.959898e-03
3.080000e+00 -1.825709e-03
3.085000e+00 -1.594145e-03
3.090000e+00 -1.044092e-03
3.095000e+00 -4.259885e-04
3.100000e+00 5.218317e-05
3.105000e+00 1.228414e-04
3.110000e+00 9.702977e-06
3.115000e+00 3.898781e-04
3.120000e+00 1.090946e-03
3.125000e+00 1.483933e-03
3.130000e+00 1.539590e-03
3.135000e+00 1.673144e-03
3.140000e+00 1.839393e-03
3.145000e+00 2.005706e-03
3.150000e+00 2.407518e-03
3.155000e+00 2.765456e-03
3.160000e+00 2.776657e-03
3.165000e+00 2.750326e-03
3.170000e+00 2.796089e-03
3.175000e+00 2.808528e-03
3.180000e+00 2.692770e-03
3.185000e+00 2.569518e-03
3.190000e+00 2.746923e-03
3.195000e+00 3.109551e-03
3.200000e+00 3.327772e-03
3.205000e+00 3.182053e-03
3.210000e+00 2.856565e-03
3.215000e+00 2.405915e-03
3.220000e+00 1.808057e-03
3.225000e+00 1.136102e-03
3.230000e+00 3.605677e-04
3.235000e+00 -5.513510e-04
3.240000e+00 -1.598713e-03
3.245000e+00 -2.476077e-03
3.250000e+00 -3.003992e-03
3.255000e+00 -3.240093e-03
3.260000e+00 -3.197653e-03
3.265000e+00 -2.998400e-03
3.270000e+00 -2.910052e-03
3.275000e+00 -2.992355e-03
3.280000e+00 -3.039300e-03
3.285000e+00 -3.028551e-03
3.290000e+00 -3.060237e-03
3.295000e+00 -2.896117e-03
3.300000e+00 -2.702413e-03
3.305000e+00 -2.799490e-03
3.310000e+00 -2.858735e-03
3.315000e+00 -2.732926e-03
3.320000e+00 -2.530004e-03
3.325000e+00 -2.336557e-03
3.330000e+00 -2.147673e-03
3.335000e+00 -2.001886e-03
3.340000e+00 -2.107163e-03
3.345000e+00 -2.253748e-03
3.350000e+00 -1.992123e-03
3.355000e+00 -1.421155e-03
3.360000e+00 -9.065229e-04
3.365000e+00 -4.986423e-04
3.370000e+00 2.114990e-05
3.375000e+00 5.135245e-04
3.380000e+00 7.743791e-04
3.385000e+00 1.037775e-03
3.390000e+00 1.232119e-03
3.395000e+00 1.345242e-03
3.400000e+00 1.728061e-03
3.405000e+00 2.114176e-03
3.410000e+00 2.135520e-03
3.415000e+00 2.063353e-03
3.420000e+00 2.002299e-03
3.425000e+00 1.954534e-03
3.430000e+00 2.088372e-03
3.435000e+00 2.266125e-03
3.440000e+00 2.274610e-03
3.445000e+00 2.225288e-03
3.450000e+00 2.065997e-03
3.455000e+00 1.715147e-03
3.460000e+00 1.388182e-03
3.465000e+00 1.114675e-03
3.470000e+00 7.573599e-04
3.475000e+00 3.281722e-04
3.480000e+00 -4.661840e-05
3.485000e+00 -5.516662e-04
3.490000e+00 -1.127531e-03
3.495000e+00 -1.705744e-03
3.500000e+00 -2.437150e-03
3.505000e+00 -2.849366e-03
3.510000e+00 -2.950512e-03
3.515000e+00 -3.263420e-03
3.520000e+00 -3.467863e-03
3.525000e+00 -3.350376e-03
3.530000e+00 -3.226286e-03
3.535000e+00 -3.197052e-03
3.540000e+00 -3.201929e-03
3.545000e+00 -3.110635e-03
3.550000e+00 -2.981381e-03
3.555000e+00 -3.033364e-03
3.560000e+00 -3.138091e-03
3.565000e+00 -3.025129e-03
3.570000e+00 -2.730766e-03
3.575000e+00 -2.541026e-03
3.580000e+00 -2.634050e-03
3.585000e+00 -2.620875e-03
3.590000e+00 -2.297471e-03
3.595000e+00 -1.831422e-03
3.600000e+00 -1.310335e-03
3.605000e+00 -9.470274e-04
3.610000e+00 -7.330623e-04
3.615000e+00 -6.758743e-04
3.620000e+00 -8.711604e-04
3.625000e+00 -1.051392e-03
3.630000e+00 -9.531386e-04
3.635000e+00 -6.852914e-04
3.640000e+00 -4.590145e-04
3.645000e+00 -2.004142e-04
3.650000e+00 2.249535e-04
3.655000e+00 5.929229e-04
3.660000e+00 9.347725e-04
3.665000e+00 1.392577e-03
3.670000e+00 1.550261e-03
3.675000e+00 1.538126e-03
3.680000e+00 1.794696e-03
3.685000e+00 1.961784e-03
3.690000e+00 1.911697e-03
3.695000e+00 1.937977e-03
3.700000e+00 2.085740e-03
3.705000e+00 2.210411e-03
3.710000e+00 2.239698e-03
3.715000e+00 2.206846e-03
3.720000e+00 2.148224e-03
3.725000e+00 2.060989e-03
3.730000e+00 1.864569e-03
3.735000e+00 1.602992e-03
3.740000e+00 1.273140e-03
3.745000e+00 1.049651e-03
3.750000e+00 8.183049e-04
3.755000e+00 4.352511e-04
3.760000e+00 2.117226e-04
3.765000e+00 2.635832e-05
3.770000e+00 -3.059574e-04
3.775000e+00 -8.305196e-04
3.780000e+00 -1.353448e-03
3.785000e+00 -1.415495e-03
3.790000e+00 -1.602612e-03
3.795000e+00 -2.440003e-03
3.800000e+00 -2.947497e-03
3.805000e+00 -2.663288e-03
3.810000e+00 -2.351234e-03
3.815000e+00 -2.250336e-03
3.820000e+00 -2.013135e-03
3.825000e+00 -1.709799e-03
3.830000e+00 -1.391921e-03
3.835000e+00 -9.886824e-04
3.840000e+00 -5.025060e-04
3.845000e+00 -1.882547e-04
3.850000e+00 5.328970e-05
3.855000e+00 4.409653e-04
3.860000e+00 5.424510e-04
3.865000e+00 2.930396e-04
3.870000e+00 1.833026e-04
3.875000e+00 3.456324e-04
3.880000e+00 4.656630e-04
3.885000e+00 4.664658e-04
3.890000e+00 3.600162e-04
3.895000e+00 1.828936e-04
3.900000e+00 -2.524376e-05
3.905000e+00 2.468242e-05
3.910000e+00 3.881298e-04
3.915000e+00 6.869076e-04
3.920000e+00 1.004190e-03
3.925000e+00 1.529285e-03
3.930000e+00 1.937408e-03
3.935000e+00 1.878397e-03
3.940000e+00 1.716502e-03
3.945000e+00 1.796565e-03
3.950000e+00 1.768934e-03
3.955000e+00 1.561479e-03
3.960000e+00 1.581874e-03
3.965000e+00 1.754488e-03
3.970000e+00 1.739736e-03
3.975000e+00 1.538879e-03
3.980000e+00 1.432413e-03
3.985000e+00 1.459220e-03
3.990000e+00 1.467304e-03
3.995000e+00 1.394959e-03
4 1.059521e-03
4.005000e+00 4.751927e-04
4.010000e+00 2.132452e-05
4.015000e+00 -5.104826e-04
4.020000e+00 -1.290070e-03
4.025000e+00 -1.789030e-03
4.030000e+00 -2.207164e-03
4.035000e+00 -2.792077e-03
4.040000e+00 -3.160282e-03
4.045000e+00 -3.109273e-03
4.050000e+00 -3.059672e-03
4.055000e+00 -3.378351e-03
4.060000e+00 -3.660123e-03
4.065000e+00 -3.617547e-03
4.070000e+00 -3.528240e-03
4.075000e+00 -3.500208e-03
4.080000e+00 -3.266972e-03
4.085000e+00 -2.622553e-03
4.090000e+00 -1.860135e-03
4.095000e+00 -1.449320e-03
4.100000e+00 -1.158530e-03
4.105000e+00 -9.595457e-04
4.110000e+00 -1.101975e-03
4.115000e+00 -1.257284e-03
4.120000e+00 -1.082264e-03
4.125000e+00 -6.240087e-04
4.130000e+00 -1.344136e-04
4.135000e+00 2.265439e-04
4.140000e+00 4.868096e-04
4.145000e+00 8.376243e-04
4.150000e+00 1.377710e-03
4.155000e+00 1.761280e-03
4.160000e+00 2.118731e-03
4.165000e+00 2.691767e-03
4.170000e+00 2.925893e-03
4.175000e+00 2.855888e-03
4.180000e+00 2.733912e-03
4.185000e+00 2.940293e-03
4.190000e+00 3.532280e-03
4.195000e+00 3.882267e-03
4.200000e+00 4.113426e-03
4.205000e+00 4.316299e-03
4.210000e+00 4.335886e-03
4.215000e+00 4.022812e-03
4.220000e+00 3.572504e-03
4.225000e+00 3.403137e-03
4.230000e+00 3.335665e-03
4.235000e+00 3.165830e-03
4.240000e+00 2.986690e-03
4.245000e+00 2.758666e-03
4.250000e+00 2.507333e-03
4.255000e+00 2.514817e-03
4.260000e+00 2.337361e-03
4.265000e+00 1.510410e-03
4.270000e+00 6.234793e-04
4.275000e+00 -9.619216e-05
4.280000e+00 -8.041204e-04
4.285000e+00 -1.558058e-03
4.290000e+00 -2.503612e-03
4.295000e+00 -3.342054e-03
4.300000e+00 -3.614301e-03
4.305000e+00 -3.442111e-03
4.310000e+00 -3.632644e-03
4.315000e+00 -4.283630e-03
4.320000e+00 -4.802498e-03
4.325000e+00 -4.841287e-03
4.330000e+00 -4.705935e-03
4.335000e+00 -4.879993e-03
4.340000e+00 -5.076766e-03
4.345000e+00 -5.130734e-03
4.350000e+00 -5.066291e-03
4.355000e+00 -4.777206e-03
4.360000e+00 -4.357975e-03
4.365000e+00 -3.713339e-03
4.370000e+00 -2.887867e-03
4.375000e+00 -2.393024e-03
4.380000e+00 -2.054605e-03
4.385000e+00 -1.674149e-03
4.390000e+00 -1.294065e-03
4.395000e+00 -8.732776e-04
4.400000e+00 -4.464630e-04
4.405000e+00 1.147609e-04
4.410000e+00 7.921608e-04
4.415000e+00 1.158074e-03
4.420000e+00 1.064371e-03
4.425000e+00 1.111627e-03
4.430000e+00 1.323241e-03
4.435000e+00 1.380742e-03
4.440000e+00 1.496954e-03
4.445000e+00 2.073754e-03
4.450000e+00 2.746975e-03
4.455000e+00 3.075973e-03
4.460000e+00 3.281957e-03
4.465000e+00 3.554418e-03
4.470000e+00 3.672091e-03
4.475000e+00 3.592172e-03
4.480000e+00 3.709474e-03
4.485000e+00 3.933735e-03
4.490000e+00 3.943610e-03
4.495000e+00 3.753929e-03
4.500000e+00 3.404560e-03
4.505000e+00 3.028359e-03
4.510000e+00 3.140364e-03
4.515000e+00 3.407951e-03
4.520000e+00 3.279070e-03
4.525000e+00 2.717087e-03
4.530000e+00 1.774699e-03
4.535000e+00 1.019369e-03
4.540000e+00 5.381381e-04
4.545000e+00 -6.374704e-05
4.550000e+00 -6.362661e-04
4.555000e+00 -1.085872e-03
4.560000e+00 -1.539900e-03
4.565000e+00 -2.117074e-03
4.570000e+00 -2.935789e-03
4.575000e+00 -3.611200e-03
4.580000e+00 -3.752722e-03
4.585000e+00 -3.471739e-03
4.590000e+00 -3.147163e-03
4.595000e+00 -3.150720e-03
4.600000e+00 -3.459174e-03
4.605000e+00 -3.569454e-03
4.610000e+00 -3.371468e-03
4.615000e+00 -3.316221e-03
4.620000e+00 -3.267439e-03
4.625000e+00 -2.732656e-03
4.630000e+00 -2.269069e-03
4.635000e+00 -2.348819e-03
4.640000e+00 -2.395795e-03
4.645000e+00 -2.348806e-03
4.650000e+00 -2.251242e-03
4.655000e+00 -2.002957e-03
4.660000e+00 -1.722777e-03
4.665000e+00 -1.364764e-03
4.670000e+00 -1.080988e-03
4.675000e+00 -8.906214e-04
4.680000e+00 -5.532336e-04
4.685000e+00 -8.692923e-05
4.690000e+00 4.541128e-04
4.695000e+00 9.040876e-04
4.700000e+00 1.017845e-03
4.705000e+00 1.134528e-03
4.710000e+00 1.390611e-03
4.715000e+00 1.639474e-03
4.720000e+00 1.996319e-03
4.725000e+00 2.548942e-03
4.730000e+00 3.125909e-03
4.735000e+00 3.349805e-03
4.740000e+00 3.213525e-03
4.745000e+00 2.907908e-03
4.750000e+00 2.525155e-03
4.755000e+00 2.172300e-03
4.760000e+00 2.071879e-03
4.765000e+00 2.066885e-03
4.770000e+00 1.737060e-03
4.775000e+00 1.079381e-03
4.780000e+00 1.972335e-04
4.785000e+00 -6.181220e-04
4.790000e+00 -1.120022e-03
4.795000e+00 -1.126147e-03
4.800000e+00 -8.504481e-04
4.805000e+00 -7.895741e-04
4.810000e+00 -1.060111e-03
4.815000e+00 -1.596869e-03
4.820000e+00 -2.083502e-03
4.825000e+00 -2.469789e-03
4.830000e+00 -2.617034e-03
4.835000e+00 -2.577803e-03
4.840000e+00 -2.693174e-03
4.845000e+00 -2.636014e-03
4.850000e+00 -2.508492e-03
4.855000e+00 -2.757490e-03
4.860000e+00 -3.178696e-03
4.865000e+00 -3.382784e-03
4.870000e+00 -3.397607e-03
4.875000e+00 -3.336177e-03
4.880000e+00 -3.075835e-03
4.885000e+00 -2.813936e-03
4.890000e+00 -2.497279e-03
4.895000e+00 -2.057748e-03
4.900000e+00 -1.785883e-03
4.905000e+00 -1.427766e-03
4.910000e+00 -9.360759e-04
4.915000e+00 -8.860268e-04
4.920000e+00 -8.970884e-04
4.925000e+00 -5.886130e-04
4.930000e+00 -4.678294e-04
4.935000e+00 -5.308726e-04
4.940000e+00 -3.432079e-04
4.945000e+00 5.518617e-05
4.950000e+00 1.733968e-04
4.955000e+00 3.893933e-04
4.960000e+00 1.003579e-03
4.965000e+00 1.475027e-03
4.970000e+00 1.905425e-03
4.975000e+00 2.324809e-03
4.980000e+00 2.396053e-03
4.985000e+00 2.527076e-03
4.990000e+00 2.950230e-03
4.995000e+00 3.374325e-03
5 3.548423e-03
5.005000e+00 3.653096e-03
5.010000e+00 4.023073e-03
5.015000e+00 4.277701e-03
5.020000e+00 4.153277e-03
5.025000e+00 4.026848e-03
5.030000e+00 4.141672e-03
5.035000e+00 4.044268e-03
5.040000e+00 3.636345e-03
5.045000e+00 3.368567e-03
5.050000e+00 3.084592e-03
5.055000e+00 2.650912e-03
5.060000e+00 2.390960e-03
5.065000e+00 2.046145e-03
5.070000e+00 1.416574e-03
5.075000e+00 9.069813e-04
5.080000e+00 3.110665e-04
5.085000e+00 -3.869601e-04
5.090000e+00 -9.229116e-04
5.095000e+00 -1.317671e-03
5.100000e+00 -1.506411e-03
5.105000e+00 -1.722001e-03
5.110000e+00 -1.924438e-03
5.115000e+00 -1.743409e-03
5.120000e+00 -1.498156e-03
5.125000e+00 -1.418022e-03
5.130000e+00 -1.097809e-03
5.135000e+00 -6.862584e-04
5.140000e+00 -3.592675e-04
5.145000e+00 -1.211082e-04
5.150000e+00 -6.531051e-05
5.155000e+00 2.074252e-05
5.160000e+00 1.506997e-04
5.165000e+00 2.486163e-04
5.170000e+00 4.883128e-04
5.175000e+00 7.923418e-04
5.180000e+00 7.635451e-04
5.185000e+00 7.194426e-04
5.190000e+00 8.362726e-04
5.195000e+00 6.935753e-04
5.200000e+00 8.118767e-04
5.205000e+00 1.237395e-03
5.210000e+00 1.260471e-03
5.215000e+00 1.301188e-03
5.220000e+00 1.699261e-03
5.225000e+00 2.074710e-03
5.230000e+00 2.084179e-03
5.235000e+00 1.987373e-03
5.240000e+00 2.320625e-03
5.245000e+00 2.802566e-03
5.250000e+00 3.063952e-03
5.255000e+00 2.973877e-03
5.260000e+00 2.693948e-03
5.265000e+00 2.648212e-03
5.270000e+00 2.898589e-03
5.275000e+00 3.237990e-03
5.280000e+00 3.356502e-03
5.285000e+00 3.402219e-03
5.290000e+00 3.712300e-03
5.295000e+00 4.008578e-03
5.300000e+00 3.790734e-03
5.305000e+00 3.139906e-03
5.310000e+00 2.692416e-03
5.315000e+00 2.249876e-03
5.320000e+00 1.645473e-03
5.325000e+00 1.064780e-03
5.330000e+00 4.055233e-04
5.335000e+00 -1.569299e-05
5.340000e+00 -3.261289e-04
5.345000e+00 -8.660927e-04
5.350000e+00 -1.467717e-03
5.355000e+00 -1.805404e-03
5.360000e+00 -1.976397e-03
5.365000e+00 -2.222567e-03
5.370000e+00 -2.677245e-03
5.375000e+00 -2.871775e-03
5.380000e+00 -2.577379e-03
5.385000e+00 -2.529259e-03
5.390000e+00 -2.372553e-03
5.395000e+00 -1.757314e-03
5.400000e+00 -1.346498e-03
5.405000e+00 -9.757221e-04
5.410000e+00 -4.144570e-04
5.415000e+00 -2.119580e-04
5.420000e+00 -1.741502e-04
5.425000e+00 2.156710e-04
5.430000e+00 6.757380e-04
5.435000e+00 7.862583e-04
5.440000e+00 8.971516e-04
5.445000e+00 1.273609e-03
5.450000e+00 1.707147e-03
5.455000e+00 2.177510e-03
5.460000e+00 2.564857e-03
5.465000e+00 3.063685e-03
5.470000e+00 3.362975e-03
5.475000e+00 3.152680e-03
5.480000e+00 3.224621e-03
5.485000e+00 3.876315e-03
5.490000e+00 4.636255e-03
5.495000e+00 4.806636e-03
5.500000e+00 4.595681e-03
5.505000e+00 4.846266e-03
5.510000e+00 5.178602e-03
5.515000e+00 5.473954e-03
5.520000e+00 5.748660e-03
5.525000e+00 5.416208e-03
5.530000e+00 4.867179e-03
5.535000e+00 4.655179e-03
5.540000e+00 4.524231e-03
5.545000e+00 4.209661e-03
5.550000e+00 4.236777e-03
5.555000e+00 4.412475e-03
5.560000e+00 4.096570e-03
5.565000e+00 3.748369e-03
5.570000e+00 3.431122e-03
5.575000e+00 2.725526e-03
5.580000e+00 1.656193e-03
5.585000e+00 6.694090e-04
5.590000e+00 -3.903889e-05
5.595000e+00 -8.723123e-04
5.600000e+00 -1.716268e-03
5.605000e+00 -2.188891e-03
5.610000e+00 -2.621338e-03
5.615000e+00 -3.109040e-03
5.620000e+00 -3.582551e-03
5.625000e+00 -3.952448e-03
5.630000e+00 -4.266043e-03
5.635000e+00 -4.733950e-03
5.640000e+00 -5.109583e-03
5.645000e+00 -5.243211e-03
5.650000e+00 -5.406396e-03
5.655000e+00 -5.590866e-03
5.660000e+00 -5.411131e-03
5.665000e+00 -5.108595e-03
5.670000e+00 -4.395201e-03
5.675000e+00 -3.560673e-03
5.680000e+00 -3.368239e-03
5.685000e+00 -3.165586e-03
5.690000e+00 -2.347762e-03
5.695000e+00 -1.239514e-03
5.700000e+00 -6.901050e-04
5.705000e+00 -5.932845e-04
5.710000e+00 -4.601259e-04
5.715000e+00 -1.703232e-04
5.720000e+00 5.634967e-04
5.725000e+00 1.272810e-03
5.730000e+00 1.536807e-03
5.735000e+00 1.938498e-03
5.740000e+00 2.698778e-03
5.745000e+00 3.357984e-03
5.750000e+00 3.599779e-03
5.755000e+00 3.515788e-03
5.760000e+00 3.507091e-03
5.765000e+00 3.881229e-03
5.770000e+00 4.319860e-03
5.775000e+00 4.682332e-03
5.780000e+00 5.135793e-03
5.785000e+00 5.384090e-03
5.790000e+00 5.288091e-03
5.795000e+00 5.018822e-03
5.800000e+00 4.779125e-03
5.805000e+00 4.599616e-03
5.810000e+00 4.509069e-03
5.815000e+00 4.535160e-03
5.820000e+00 4.412093e-03
5.825000e+00 4.191131e-03
5.830000e+00 4.067009e-03
5.835000e+00 3.785480e-03
5.840000e+00 3.414291e-03
5.845000e+00 3.388704e-03
5.850000e+00 3.333600e-03
5.855000e+00 2.726440e-03
5.860000e+00 1.699685e-03
5.865000e+00 6.702730e-04
5.870000e+00 7.514116e-05
5.875000e+00 -3.683436e-04
5.880000e+00 -8.994744e-04
5.885000e+00 -1.172826e-03
5.890000e+00 -1.634369e-03
5.895000e+00 -2.231097e-03
5.900000e+00 -2.554905e-03
5.905000e+00 -2.635310e-03
5.910000e+00 -2.543973e-03
5.915000e+00 -2.778663e-03
5.920000e+00 -3.068004e-03
5.925000e+00 -3.118532e-03
5.930000e+00 -3.081390e-03
5.935000e+00 -3.072930e-03
5.940000e+00 -3.186482e-03
5.945000e+00 -3.052651e-03
5.950000e+00 -2.377006e-03
5.955000e+00 -1.642760e-03
5.960000e+00 -1.730221e-03
5.965000e+00 -2.368741e-03
5.970000e+00 -2.648805e-03
5.975000e+00 -2.508304e-03
5.980000e+00 -2.193578e-03
5.985000e+00 -1.630104e-03
5.990000e+00 -9.119023e-04
5.995000e+00 -4.188458e-04
6 2.610160e-04
6.005000e+00 1.009721e-03
6.010000e+00 1.043237e-03
6.015000e+00 1.179480e-03
6.020000e+00 1.990843e-03
6.025000e+00 2.493761e-03
6.030000e+00 2.558021e-03
6.035000e+00 2.965676e-03
6.040000e+00 3.420883e-03
6.045000e+00 3.733432e-03
6.050000e+00 4.084988e-03
6.055000e+00 4.135060e-03
6.060000e+00 3.994123e-03
6.065000e+00 3.645006e-03
6.070000e+00 2.909000e-03
6.075000e+00 1.998908e-03
6.080000e+00 1.385900e-03
6.085000e+00 1.145493e-03
6.090000e+00 1.090635e-03
6.095000e+00 1.067748e-03
6.100000e+00 6.638267e-04
6.105000e+00 1.471097e-04
6.110000e+00 -6.156964e-05
6.115000e+00 -4.388470e-04
6.120000e+00 -9.506417e-04
6.125000e+00 -1.128728e-03
6.130000e+00 -1.546174e-03
6.135000e+00 -2.223721e-03
6.140000e+00 -2.719066e-03
6.145000e+00 -3.242700e-03
6.150000e+00 -3.592004e-03
6.155000e+00 -3.586365e-03
6.160000e+00 -3.586135e-03
6.165000e+00 -3.808450e-03
6.170000e+00 -4.056301e-03
6.175000e+00 -4.083179e-03
6.180000e+00 -4.200160e-03
6.185000e+00 -4.294447e-03
6.190000e+00 -3.946669e-03
6.195000e+00 -3.400966e-03
6.200000e+00 -2.871883e-03
6.205000e+00 -2.423690e-03
6.210000e+00 -1.782715e-03
6.215000e+00 -1.200038e-03
6.220000e+00 -1.151321e-03
6.225000e+00 -1.309646e-03
6.230000e+00 -1.367586e-03
6.235000e+00 -1.472656e-03
6.240000e+00 -1.609141e-03
6.245000e+00 -1.670465e-03
6.250000e+00 -1.668416e-03
6.255000e+00 -1.331252e-03
6.260000e+00 -7.636373e-04
6.265000e+00 5.937732e-05
6.270000e+00 9.263905e-04
6.275000e+00 1.368765e-03
6.280000e+00 1.679802e-03
6.285000e+00 2.321251e-03
6.290000e+00 3.024561e-03
6.295000e+00 3.476999e-03
6.300000e+00 3.894096e-03
6.305000e+00 4.110382e-03
6.310000e+00 4.066323e-03
6.315000e+00 4.075501e-03
6.320000e+00 4.186638e-03
6.325000e+00 4.400230e-03
6.330000e+00 4.514220e-03
6.335000e+00 4.302718e-03
6.340000e+00 3.980538e-03
6.345000e+00 3.695186e-03
6.350000e+00 3.706041e-03
6.355000e+00 3.803185e-03
6.360000e+00 3.671263e-03
6.365000e+00 3.477087e-03
6.370000e+00 3.222215e-03
6.375000e+00 2.557359e-03
6.380000e+00 1.549531e-03
6.385000e+00 8.937298e-04
6.390000e+00 3.055701e-04
6.395000e+00 -5.832905e-04
6.400000e+00 -1.224195e-03
6.405000e+00 -1.563352e-03
6.410000e+00 -2.123204e-03
6.415000e+00 -2.601841e-03
6.420000e+00 -2.613344e-03
6.425000e+00 -2.654481e-03
6.430000e+00 -2.897036e-03
6.435000e+00 -2.810777e-03
6.440000e+00 -2.632396e-03
6.445000e+00 -2.693834e-03
6.450000e+00 -2.674933e-03
6.455000e+00 -2.566863e-03
6.460000e+00 -2.372964e-03
6.465000e+00 -1.893293e-03
6.470000e+00 -1.415608e-03
6.475000e+00 -1.155954e-03
6.480000e+00 -8.526555e-04
6.485000e+00 -9.642758e-04
6.490000e+00 -1.105526e-03
6.495000e+00 -6.667738e-04
6.500000e+00 -4.134598e-04
6.505000e+00 -4.867097e-04
6.510000e+00 -3.057485e-04
6.515000e+00 -8.281894e-06
6.520000e+00 5.244227e-05
6.525000e+00 2.283688e-05
6.530000e+00 4.223536e-04
6.535000e+00 1.187690e-03
6.540000e+00 1.776176e-03
6.545000e+00 2.134621e-03
6.550000e+00 2.346335e-03
6.555000e+00 2.705669e-03
6.560000e+00 2.958893e-03
6.565000e+00 3.111888e-03
6.570000e+00 3.444651e-03
6.575000e+00 3.497159e-03
6.580000e+00 3.330067e-03
6.585000e+00 3.113637e-03
6.590000e+00 2.712546e-03
6.595000e+00 2.205597e-03
6.600000e+00 1.965589e-03
6.605000e+00 1.962620e-03
6.610000e+00 1.991183e-03
6.615000e+00 2.055197e-03
6.620000e+00 1.837157e-03
6.625000e+00 1.343857e-03
6.630000e+00 9.420656e-04
6.635000e+00 4.487800e-04
6.640000e+00 -1.661611e-04
6.645000e+00 -7.737101e-04
6.650000e+00 -1.423585e-03
6.655000e+00 -1.867561e-03
6.660000e+00 -2.188486e-03
6.665000e+00 -2.564568e-03
6.670000e+00 -2.915890e-03
6.675000e+00 -3.328310e-03
6.680000e+00 -3.807362e-03
6.685000e+00 -3.777294e-03
6.690000e+00 -3.593882e-03
6.695000e+00 -3.811434e-03
6.700000e+00 -3.578122e-03
6.705000e+00 -2.778877e-03
6.710000e+00 -2.356572e-03
6.715000e+00 -2.166646e-03
6.720000e+00 -1.841359e-03
6.725000e+00 -1.787103e-03
6.730000e+00 -1.861415e-03
6.735000e+00 -1.791918e-03
6.740000e+00 -1.462050e-03
6.745000e+00 -9.497706e-04
6.750000e+00 -3.500165e-04
6.755000e+00 2.165327e-04
6.760000e+00 6.192814e-04
6.765000e+00 1.062447e-03
6.770000e+00 1.829553e-03
6.775000e+00 2.771322e-03
6.780000e+00 3.291141e-03
6.785000e+00 3.503348e-03
6.790000e+00 3.663075e-03
6.795000e+00 3.679308e-03
6.800000e+00 3.419906e-03
6.805000e+00 3.195683e-03
6.810000e+00 3.413196e-03
6.815000e+00 4.010885e-03
6.820000e+00 4.773544e-03
6.825000e+00 5.150291e-03
6.830000e+00 4.941655e-03
6.835000e+00 4.693652e-03
6.840000e+00 4.603997e-03
6.845000e+00 4.492604e-03
6.850000e+00 4.283998e-03
6.855000e+00 4.044848e-03
6.860000e+00 3.991327e-03
6.865000e+00 3.994968e-03
6.870000e+00 3.906476e-03
6.875000e+00 3.675458e-03
6.880000e+00 3.453829e-03
6.885000e+00 2.950630e-03
6.890000e+00 1.751611e-03
6.895000e+00 4.265780e-04
6.900000e+00 -5.200541e-04
6.905000e+00 -1.339171e-03
6.910000e+00 -2.165001e-03
6.915000e+00 -2.976882e-03
6.920000e+00 -3.424703e-03
6.925000e+00 -3.437834e-03
6.930000e+00 -3.633826e-03
6.935000e+00 -4.202707e-03
6.940000e+00 -5.110786e-03
6.945000e+00 -5.688712e-03
6.950000e+00 -5.643574e-03
6.955000e+00 -5.910018e-03
6.960000e+00 -6.572876e-03
6.965000e+00 -6.720744e-03
6.970000e+00 -6.594784e-03
6.975000e+00 -6.409310e-03
6.980000e+00 -6.017569e-03
6.985000e+00 -5.688735e-03
6.990000e+00 -5.264817e-03
6.995000e+00 -4.608516e-03
7 -4.055138e-03
7.005000e+00 -3.943955e-03
7.010000e+00 -3.827308e-03
7.015000e+00 -3.377674e-03
7.020000e+00 -2.771646e-03
7.025000e+00 -2.012368e-03
7.030000e+00 -9.608501e-04
7.035000e+00 1.860345e-04
7.040000e+00 1.037469e-03
7.045000e+00 1.472392e-03
7.050000e+00 1.660498e-03
7.055000e+00 1.840902e-03
7.060000e+00 2.124577e-03
7.065000e+00 2.140288e-03
7.070000e+00 1.906135e-03
7.075000e+00 1.911924e-03
7.080000e+00 2.126341e-03
7.085000e+00 2.832754e-03
7.090000e+00 3.817008e-03
7.095000e+00 4.240187e-03
7.100000e+00 4.356606e-03
7.105000e+00 4.732595e-03
7.110000e+00 4.850536e-03
7.115000e+00 4.244069e-03
7.120000e+00 3.201576e-03
7.125000e+00 2.444029e-03
7.130000e+00 2.453088e-03
7.135000e+00 3.209737e-03
7.140000e+00 3.853468e-03
7.145000e+00 3.900913e-03
7.150000e+00 4.018521e-03
7.155000e+00 3.873049e-03
7.160000e+00 3.101256e-03
7.165000e+00 2.124395e-03
7.170000e+00 1.291212e-03
7.175000e+00 7.002227e-04
7.180000e+00 8.484146e-06
7.185000e+00 -7.512397e-04
7.190000e+00 -1.299021e-03
7.195000e+00 -1.722816e-03
7.200000e+00 -1.895544e-03
7.205000e+00 -2.030171e-03
7.210000e+00 -2.331547e-03
7.215000e+00 -2.772949e-03
7.220000e+00 -3.691199e-03
7.225000e+00 -4.788048e-03
7.230000e+00 -5.478964e-03
7.235000e+00 -5.840359e-03
7.240000e+00 -5.846765e-03
7.245000e+00 -5.177324e-03
7.250000e+00 -4.446841e-03
7.255000e+00 -4.395253e-03
7.260000e+00 -4.445967e-03
7.265000e+00 -4.231294e-03
7.270000e+00 -4.031935e-03
7.275000e+00 -3.938944e-03
7.280000e+00 -3.765893e-03
7.285000e+00 -3.358559e-03
7.290000e+00 -2.855825e-03
7.295000e+00 -2.267368e-03
7.300000e+00 -1.806928e-03
7.305000e+00 -1.307834e-03
7.310000e+00 -4.488670e-04
7.315000e+00 4.812735e-04
7.320000e+00 1.113047e-03
7.325000e+00 1.220835e-03
7.330000e+00 1.077117e-03
7.335000e+00 1.012822e-03
7.340000e+00 1.342009e-03
7.345000e+00 2.271956e-03
7.350000e+00 3.336456e-03
7.355000e+00 3.765423e-03
7.360000e+00 3.698896e-03
7.365000e+00 3.811641e-03
7.370000e+00 3.765198e-03
7.375000e+00 3.417844e-03
7.380000e+00 3.026871e-03
7.385000e+00 2.799855e-03
7.390000e+00 2.821052e-03
7.395000e+00 2.285411e-03
7.400000e+00 1.431678e-03
7.405000e+00 9.228621e-04
7.410000e+00 6.395633e-04
7.415000e+00 7.060894e-04
7.420000e+00 8.620386e-04
7.425000e+00 6.718325e-04
7.430000e+00 -2.224273e-05
7.435000e+00 -1.000166e-03
7.440000e+00 -2.112727e-03
7.445000e+00 -3.205944e-03
7.450000e+00 -3.627712e-03
7.455000e+00 -3.288753e-03
7.460000e+00 -2.984147e-03
7.465000e+00 -3.079283e-03
7.470000e+00 -3.277798e-03
7.475000e+00 -3.364494e-03
7.480000e+00 -3.436828e-03
7.485000e+00 -3.706524e-03
7.490000e+00 -3.781687e-03
7.495000e+00 -3.519063e-03
7.500000e+00 -3.366021e-03
7.505000e+00 -3.190318e-03
7.510000e+00 -2.893508e-03
7.515000e+00 -2.812885e-03
7.520000e+00 -2.816804e-03
7.525000e+00 -2.234124e-03
7.530000e+00 -1.711829e-03
7.535000e+00 -1.956953e-03
7.540000e+00 -1.956454e-03
7.545000e+00 -1.697673e-03
7.550000e+00 -1.774750e-03
7.555000e+00 -1.442904e-03
7.560000e+00 -7.750928e-04
7.565000e+00 -6.402815e-04
7.570000e+00 -2.416337e-04
7.575000e+00 6.229310e-04
7.580000e+00 1.038983e-03
7.585000e+00 1.292736e-03
7.590000e+00 2.057367e-03
7.595000e+00 2.713323e-03
7.600000e+00 2.887257e-03
7.605000e+00 3.233811e-03
7.610000e+00 3.618665e-03
7.615000e+00 4.054881e-03
7.620000e+00 4.680194e-03
7.625000e+00 5.422647e-03
7.630000e+00 6.025327e-03
7.635000e+00 5.879767e-03
7.640000e+00 5.220024e-03
7.645000e+00 4.722782e-03
7.650000e+00 4.344892e-03
7.655000e+00 4.017015e-03
7.660000e+00 4.097908e-03
7.665000e+00 3.959931e-03
7.670000e+00 3.249436e-03
7.675000e+00 2.687004e-03
7.680000e+00 2.557949e-03
7.685000e+00 2.128348e-03
7.690000e+00 1.271407e-03
7.695000e+00 6.634381e-04
7.700000e+00 -4.917572e-05
7.705000e+00 -1.001740e-03
7.710000e+00 -1.763678e-03
7.715000e+00 -2.032531e-03
7.720000e+00 -1.967881e-03
7.725000e+00 -1.956455e-03
7.730000e+00 -2.071133e-03
7.735000e+00 -2.334086e-03
7.740000e+00 -2.772195e-03
7.745000e+00 -3.208873e-03
7.750000e+00 -3.376219e-03
7.755000e+00 -3.432112e-03
7.760000e+00 -3.230025e-03
7.765000e+00 -2.747586e-03
7.770000e+00 -2.612744e-03
7.775000e+00 -2.716845e-03
7.780000e+00 -2.384750e-03
7.785000e+00 -1.813750e-03
7.790000e+00 -1.442779e-03
7.795000e+00 -1.069509e-03
7.800000e+00 -5.944300e-04
7.805000e+00 -2.008175e-04
7.810000e+00 -1.327428e-04
7.815000e+00 -2.658942e-04
7.820000e+00 4.885704e-05
7.825000e+00 6.613012e-04
7.830000e+00 8.693137e-04
7.835000e+00 1.184204e-03
7.840000e+00 1.549968e-03
7.845000e+00 1.320317e-03
7.850000e+00 1.324790e-03
7.855000e+00 2.335995e-03
7.860000e+00 3.429726e-03
7.865000e+00 3.807597e-03
7.870000e+00 4.342446e-03
7.875000e+00 5.018740e-03
7.880000e+00 4.786339e-03
7.885000e+00 4.206045e-03
7.890000e+00 3.935373e-03
7.895000e+00 3.813841e-03
7.900000e+00 3.638994e-03
7.905000e+00 3.234650e-03
7.910000e+00 3.016982e-03
7.915000e+00 2.810598e-03
7.920000e+00 2.417585e-03
7.925000e+00 2.310204e-03
7.930000e+00 2.175214e-03
7.935000e+00 2.028309e-03
7.940000e+00 2.074919e-03
7.945000e+00 1.606339e-03
7.950000e+00 5.162702e-04
7.955000e+00 -4.128712e-04
7.960000e+00 -1.112596e-03
7.965000e+00 -1.763416e-03
7.970000e+00 -1.987518e-03
7.975000e+00 -2.090186e-03
7.980000e+00 -2.570896e-03
7.985000e+00 -3.477828e-03
7.990000e+00 -4.378337e-03
7.995000e+00 -4.821780e-03
8 -4.932086e-03
8.005000e+00 -4.978847e-03
8.010000e+00 -4.708455e-03
8.015000e+00 -4.027028e-03
8.020000e+00 -3.617120e-03
8.025000e+00 -3.269923e-03
8.030000e+00 -2.652245e-03
8.035000e+00 -2.537489e-03
8.040000e+00 -2.703008e-03
8.045000e+00 -2.237134e-03
8.050000e+00 -1.704628e-03
8.055000e+00 -1.502744e-03
8.060000e+00 -9.375779e-04
8.065000e+00 -9.488899e-05
8.070000e+00 7.781157e-04
8.075000e+00 1.692802e-03
8.080000e+00 2.456976e-03
8.085000e+00 3.071733e-03
8.090000e+00 3.036385e-03
8.095000e+00 2.574218e-03
8.100000e+00 2.629107e-03
8.105000e+00 2.896212e-03
8.110000e+00 2.674718e-03
8.115000e+00 2.646191e-03
8.120000e+00 3.271571e-03
8.125000e+00 3.758649e-03
8.130000e+00 4.120674e-03
8.135000e+00 4.904654e-03
8.140000e+00 5.778251e-03
8.145000e+00 5.873263e-03
8.150000e+00 5.887316e-03
8.155000e+00 6.207525e-03
8.160000e+00 5.864547e-03
8.165000e+00 5.323882e-03
8.170000e+00 5.014540e-03
8.175000e+00 4.842721e-03
8.180000e+00 5.001407e-03
8.185000e+00 4.840458e-03
8.190000e+00 4.037923e-03
8.195000e+00 2.895212e-03
8.200000e+00 1.667831e-03
8.205000e+00 7.006947e-04
8.210000e+00 -5.559355e-05
8.215000e+00 -4.744725e-04
8.220000e+00 -7.542801e-04
8.225000e+00 -1.100029e-03
8.230000e+00 -1.327257e-03
8.235000e+00 -1.607642e-03
8.240000e+00 -1.977035e-03
8.245000e+00 -2.405491e-03
8.250000e+00 -3.068632e-03
8.255000e+00 -3.788419e-03
8.260000e+00 -4.573552e-03
8.265000e+00 -5.806315e-03
8.270000e+00 -6.918644e-03
8.275000e+00 -7.003021e-03
8.280000e+00 -6.925165e-03
8.285000e+00 -7.058442e-03
8.290000e+00 -6.562325e-03
8.295000e+00 -5.946046e-03
8.300000e+00 -5.643452e-03
8.305000e+00 -5.448221e-03
8.310000e+00 -5.148984e-03
8.315000e+00 -4.968819e-03
8.320000e+00 -4.668358e-03
8.325000e+00 -3.934356e-03
8.330000e+00 -3.026022e-03
8.335000e+00 -1.970986e-03
8.340000e+00 -6.534381e-04
8.345000e+00 7.496453e-04
8.350000e+00 1.399177e-03
8.355000e+00 1.561257e-03
8.360000e+00 1.934699e-03
8.365000e+00 2.226580e-03
8.370000e+00 2.052888e-03
8.375000e+00 1.692385e-03
8.380000e+00 1.901900e-03
8.385000e+00 2.777151e-03
8.390000e+00 3.865111e-03
8.395000e+00 4.775936e-03
8.400000e+00 5.174188e-03
8.405000e+00 5.139358e-03
8.410000e+00 4.964612e-03
8.415000e+00 4.747096e-03
8.420000e+00 4.308730e-03
8.425000e+00 3.753583e-03
8.430000e+00 3.713650e-03
8.435000e+00 3.583174e-03
8.440000e+00 3.053298e-03
8.445000e+00 3.182071e-03
8.450000e+00 3.853064e-03
8.455000e+00 4.197152e-03
8.460000e+00 4.098634e-03
8.465000e+00 3.878056e-03
8.470000e+00 3.533801e-03
8.475000e+00 2.912652e-03
8.480000e+00 2.223897e-03
8.485000e+00 1.390619e-03
8.490000e+00 4.204704e-04
8.495000e+00 -3.195943e-05
8.500000e+00 -6.687169e-05
8.505000e+00 -5.251029e-04
8.510000e+00 -1.662446e-03
8.515000e+00 -2.758645e-03
8.520000e+00 -3.472901e-03
8.525000e+00 -4.286940e-03
8.530000e+00 -5.146403e-03
8.535000e+00 -5.827710e-03
8.540000e+00 -6.194063e-03
8.545000e+00 -6.285340e-03
8.550000e+00 -6.340110e-03
8.555000e+00 -6.019645e-03
8.560000e+00 -5.447278e-03
8.565000e+00 -4.628628e-03
8.570000e+00 -3.751812e-03
8.575000e+00 -3.429215e-03
8.580000e+00 -3.177093e-03
8.585000e+00 -3.151893e-03
8.590000e+00 -3.678329e-03
8.595000e+00 -3.956402e-03
8.600000e+00 -3.386366e-03
8.605000e+00 -2.338438e-03
8.610000e+00 -1.381457e-03
8.615000e+00 -6.857854e-04
8.620000e+00 -4.822932e-04
8.625000e+00 -5.571769e-04
8.630000e+00 -2.932442e-04
8.635000e+00 4.827247e-04
8.640000e+00 1.160867e-03
8.645000e+00 1.529780e-03
8.650000e+00 1.780070e-03
8.655000e+00 2.368740e-03
8.660000e+00 3.312991e-03
8.665000e+00 3.717131e-03
8.670000e+00 3.678465e-03
8.675000e+00 3.928423e-03
8.680000e+00 4.436777e-03
8.685000e+00 4.271404e-03
8.690000e+00 3.533875e-03
8.695000e+00 3.266575e-03
8.700000e+00 3.263021e-03
8.705000e+00 3.204156e-03
8.710000e+00 3.313641e-03
8.715000e+00 2.751984e-03
8.720000e+00 1.844625e-03
8.725000e+00 1.576434e-03
8.730000e+00 1.235847e-03
8.735000e+00 6.406633e-04
8.740000e+00 2.214941e-04
8.745000e+00 -5.630039e-04
8.750000e+00 -2.100784e-03
8.755000e+00 -3.312091e-03
8.760000e+00 -3.703354e-03
8.765000e+00 -4.097922e-03
8.770000e+00 -4.317423e-03
8.775000e+00 -3.600810e-03
8.780000e+00 -2.515952e-03
8.785000e+00 -1.970896e-03
8.790000e+00 -2.096519e-03
8.795000e+00 -2.371147e-03
8.800000e+00 -2.675205e-03
8.805000e+00 -3.164492e-03
8.810000e+00 -3.366655e-03
8.815000e+00 -3.094941e-03
8.820000e+00 -2.689269e-03
8.825000e+00 -2.700178e-03
8.830000e+00 -2.892858e-03
8.835000e+00 -2.664566e-03
8.840000e+00 -2.438222e-03
8.845000e+00 -2.429321e-03
8.850000e+00 -1.982588e-03
8.855000e+00 -1.505001e-03
8.860000e+00 -1.595091e-03
8.865000e+00 -1.631932e-03
8.870000e+00 -9.956204e-04
8.875000e+00 9.472437e-05
8.880000e+00 9.172423e-04
8.885000e+00 1.645725e-03
8.890000e+00 2.432068e-03
8.895000e+00 2.803349e-03
8.900000e+00 2.867543e-03
8.905000e+00 3.131566e-03
8.910000e+00 3.533426e-03
8.915000e+00 4.035326e-03
8.920000e+00 4.428157e-03
8.925000e+00 4.453174e-03
8.930000e+00 4.470497e-03
8.935000e+00 4.789349e-03
8.940000e+00 5.321448e-03
8.945000e+00 5.670791e-03
8.950000e+00 5.518022e-03
8.955000e+00 4.919275e-03
8.960000e+00 4.567363e-03
8.965000e+00 4.133377e-03
8.970000e+00 3.160968e-03
8.975000e+00 2.472575e-03
8.980000e+00 2.166623e-03
8.985000e+00 1.929663e-03
8.990000e+00 1.978047e-03
8.995000e+00 1.867976e-03
9 1.101396e-03
9.005000e+00 5.530205e-04
9.010000e+00 3.987571e-04
9.015000e+00 1.823326e-04
9.020000e+00 1.807976e-04
9.025000e+00 -1.001768e-04
9.030000e+00 -5.439914e-04
9.035000e+00 -6.572941e-04
9.040000e+00 -9.786782e-04
9.045000e+00 -1.168611e-03
9.050000e+00 -9.275238e-04
9.055000e+00 -9.726955e-04
9.060000e+00 -1.718010e-03
9.065000e+00 -2.536508e-03
9.070000e+00 -3.124449e-03
9.075000e+00 -3.392733e-03
9.080000e+00 -3.086280e-03
9.085000e+00 -2.691705e-03
9.090000e+00 -2.396429e-03
9.095000e+00 -1.945687e-03
9.100000e+00 -1.539462e-03
9.105000e+00 -1.539835e-03
9.110000e+00 -1.188400e-03
9.115000e+00 -3.088820e-04
9.120000e+00 2.550990e-04
9.125000e+00 8.331401e-04
9.130000e+00 1.528815e-03
9.135000e+00 1.608917e-03
9.140000e+00 1.534304e-03
9.145000e+00 1.853184e-03
9.150000e+00 2.590646e-03
9.155000e+00 3.467032e-03
9.160000e+00 3.960318e-03
9.165000e+00 4.122881e-03
9.170000e+00 4.531587e-03
9.175000e+00 4.787753e-03
9.180000e+00 4.274372e-03
9.185000e+00 4.131425e-03
9.190000e+00 4.146723e-03
9.195000e+00 3.675630e-03
9.200000e+00 3.413781e-03
9.205000e+00 3.271686e-03
9.210000e+00 3.098835e-03
9.215000e+00 3.221483e-03
9.220000e+00 3.511107e-03
9.225000e+00 3.704375e-03
9.230000e+00 3.836086e-03
9.235000e+00 3.850417e-03
9.240000e+00 3.696181e-03
9.245000e+00 3.406361e-03
9.250000e+00 2.996070e-03
9.255000e+00 2.336698e-03
9.260000e+00 1.475948e-03
9.265000e+00 4.689386e-04
9.270000e+00 -3.821991e-04
9.275000e+00 -1.171072e-03
9.280000e+00 -2.449790e-03
9.285000e+00 -3.316845e-03
9.290000e+00 -3.291180e-03
9.295000e+00 -3.570997e-03
9.300000e+00 -4.342004e-03
9.305000e+00 -4.726610e-03
9.310000e+00 -4.873283e-03
9.315000e+00 -4.967496e-03
9.320000e+00 -4.842425e-03
9.325000e+00 -4.310042e-03
9.330000e+00 -3.585559e-03
9.335000e+00 -2.976207e-03
9.340000e+00 -2.512198e-03
9.345000e+00 -2.619294e-03
9.350000e+00 -2.855135e-03
9.355000e+00 -2.741856e-03
9.360000e+00 -2.450759e-03
9.365000e+00 -1.964320e-03
9.370000e+00 -1.369475e-03
9.375000e+00 -6.145641e-04
9.380000e+00 8.301549e-05
9.385000e+00 3.923113e-04
9.390000e+00 7.639980e-04
9.395000e+00 1.422823e-03
9.400000e+00 1.668459e-03
9.405000e+00 1.529080e-03
9.410000e+00 1.773240e-03
9.415000e+00 2.190476e-03
9.420000e+00 2.310830e-03
9.425000e+00 2.538446e-03
9.430000e+00 3.180530e-03
9.435000e+00 4.009601e-03
9.440000e+00 4.858319e-03
9.445000e+00 5.705056e-03
9.450000e+00 6.177030e-03
9.455000e+00 6.122880e-03
9.460000e+00 5.974740e-03
9.465000e+00 6.037181e-03
9.470000e+00 5.954298e-03
9.475000e+00 5.522556e-03
9.480000e+00 5.451869e-03
9.485000e+00 5.463330e-03
9.490000e+00 4.954185e-03
9.495000e+00 4.192781e-03
9.500000e+00 3.650634e-03
9.505000e+00 2.630650e-03
9.510000e+00 1.165424e-03
9.515000e+00 4.825852e-04
9.520000e+00 -4.290012e-05
9.525000e+00 -1.044823e-03
9.530000e+00 -1.723576e-03
9.535000e+00 -1.679809e-03
9.540000e+00 -1.463052e-03
9.545000e+00 -1.477745e-03
9.550000e+00 -1.564518e-03
9.555000e+00 -1.541877e-03
9.560000e+00 -2.263666e-03
9.565000e+00 -3.418165e-03
9.570000e+00 -3.786836e-03
9.575000e+00 -4.183760e-03
9.580000e+00 -4.951352e-03
9.585000e+00 -5.628701e-03
9.590000e+00 -6.403857e-03
9.595000e+00 -6.951283e-03
9.600000e+00 -6.892491e-03
9.605000e+00 -6.679500e-03
9.610000e+00 -6.960393e-03
9.615000e+00 -7.268713e-03
9.620000e+00 -6.796798e-03
9.625000e+00 -5.865248e-03
9.630000e+00 -5.055875e-03
9.635000e+00 -4.313332e-03
9.640000e+00 -3.090356e-03
9.645000e+00 -1.607553e-03
9.650000e+00 -4.345171e-04
9.655000e+00 6.842788e-04
9.660000e+00 1.722105e-03
9.665000e+00 2.147376e-03
9.670000e+00 2.522992e-03
9.675000e+00 3.034982e-03
9.680000e+00 2.910643e-03
9.685000e+00 2.920390e-03
9.690000e+00 3.530418e-03
9.695000e+00 4.109537e-03
9.700000e+00 4.077359e-03
9.705000e+00 3.738258e-03
9.710000e+00 3.732188e-03
9.715000e+00 3.601960e-03
9.720000e+00 3.452772e-03
9.725000e+00 3.808440e-03
9.730000e+00 3.770360e-03
9.735000e+00 3.178904e-03
9.740000e+00 3.050729e-03
9.745000e+00 3.312325e-03
9.750000e+00 3.769758e-03
9.755000e+00 4.251228e-03
9.760000e+00 4.646177e-03
9.765000e+00 4.980551e-03
9.770000e+00 4.646285e-03
9.775000e+00 3.661407e-03
9.780000e+00 3.317765e-03
9.785000e+00 3.153535e-03
9.790000e+00 2.118997e-03
9.795000e+00 1.230264e-03
9.800000e+00 5.880316e-04
9.805000e+00 -3.282956e-04
9.810000e+00 -1.135160e-03
9.815000e+00 -2.033623e-03
9.820000e+00 -3.038644e-03
9.825000e+00 -3.655097e-03
9.830000e+00 -4.176742e-03
9.835000e+00 -4.719008e-03
9.840000e+00 -5.209643e-03
9.845000e+00 -5.676626e-03
9.850000e+00 -6.295207e-03
9.855000e+00 -7.150693e-03
9.860000e+00 -7.206484e-03
9.865000e+00 -6.104991e-03
9.870000e+00 -5.192443e-03
9.875000e+00 -4.757748e-03
9.880000e+00 -4.050915e-03
9.885000e+00 -3.360493e-03
9.890000e+00 -2.828422e-03
9.895000e+00 -2.431388e-03
9.900000e+00 -2.191928e-03
9.905000e+00 -2.073797e-03
9.910000e+00 -2.020823e-03
9.915000e+00 -2.013898e-03
9.920000e+00 -2.101701e-03
9.925000e+00 -1.686999e-03
9.930000e+00 -7.622210e-04
9.935000e+00 9.728184e-05
9.940000e+00 5.941912e-04
9.945000e+00 4.760697e-04
9.950000e+00 2.466436e-04
9.955000e+00 4.372587e-04
9.960000e+00 7.858954e-04
9.965000e+00 1.409757e-03
9.970000e+00 2.594626e-03
9.975000e+00 3.921839e-03
9.980000e+00 4.272556e-03
9.985000e+00 4.127812e-03
9.990000e+00 4.663636e-03
9.995000e+00 4.726401e-03
10 4.461706e-03
