T X
0 0
5.000000e-03 1.733971e-12
1.000000e-02 5.672694e-11
1.500000e-02 1.921742e-10
2.000000e-02 2.858405e-10
2.500000e-02 -2.004642e-10
3.000000e-02 -2.278482e-09
3.500000e-02 -5.118324e-09
4.000000e-02 3.154604e-09
4.500000e-02 6.412788e-08
5.000000e-02 2.617987e-07
5.500000e-02 7.034591e-07
6.000000e-02 1.467994e-06
6.500000e-02 2.567770e-06
7.000000e-02 3.972755e-06
7.500000e-02 5.659857e-06
8.000000e-02 7.616321e-06
8.500000e-02 9.807586e-06
9.000000e-02 1.215952e-05
9.500000e-02 1.456077e-05
1.000000e-01 1.689109e-05
1.050000e-01 1.907233e-05
1.100000e-01 2.104199e-05
1.150000e-01 2.267358e-05
1.200000e-01 2.381242e-05
1.250000e-01 2.434470e-05
1.300000e-01 2.415287e-05
1.350000e-01 2.307368e-05
1.400000e-01 2.094480e-05
1.450000e-01 1.767984e-05
1.500000e-01 1.336797e-05
1.550000e-01 8.291335e-06
1.600000e-01 2.775554e-06
1.650000e-01 -2.925556e-06
1.700000e-01 -8.620681e-06
1.750000e-01 -1.410314e-05
1.800000e-01 -1.907921e-05
1.850000e-01 -2.324156e-05
1.900000e-01 -2.638933e-05
1.950000e-01 -2.843608e-05
2.000000e-01 -2.931998e-05
2.050000e-01 -2.893874e-05
2.100000e-01 -2.725542e-05
2.150000e-01 -2.438764e-05
2.200000e-01 -2.050473e-05
2.250000e-01 -1.573944e-05
2.300000e-01 -1.024313e-05
2.350000e-01 -4.265418e-06
2.400000e-01 1.904446e-06
2.450000e-01 8.022021e-06
2.500000e-01 1.382610e-05
2.550000e-01 1.902568e-05
2.600000e-01 2.340412e-05
2.650000e-01 2.682131e-05
2.700000e-01 2.911219e-05
2.750000e-01 3.013188e-05
2.800000e-01 2.988773e-05
2.850000e-01 2.843484e-05
2.900000e-01 2.577571e-05
2.950000e-01 2.200376e-05
3.000000e-01 1.733220e-05
3.050000e-01 1.196159e-05
3.100000e-01 6.097243e-06
3.150000e-01 5.636112e-09
3.200000e-01 -6.068125e-06
3.250000e-01 -1.189221e-05
3.300000e-01 -1.718807e-05
3.350000e-01 -2.172907e-05
3.400000e-01 -2.537653e-05
3.450000e-01 -2.798131e-05
3.500000e-01 -2.941893e-05
3.550000e-01 -2.965231e-05
3.600000e-01 -2.866378e-05
3.650000e-01 -2.649576e-05
3.700000e-01 -2.328835e-05
3.750000e-01 -1.916509e-05
3.800000e-01 -1.425173e-05
3.850000e-01 -8.764301e-06
3.900000e-01 -2.952582e-06
3.950000e-01 2.945598e-06
4.000000e-01 8.692347e-06
4.050000e-01 1.408204e-05
4.100000e-01 1.889979e-05
4.150000e-01 2.291599e-05
4.200000e-01 2.598938e-05
4.250000e-01 2.802045e-05
4.300000e-01 2.891293e-05
4.350000e-01 2.864677e-05
4.400000e-01 2.724478e-05
4.450000e-01 2.474681e-05
4.500000e-01 2.125574e-05
4.550000e-01 1.691970e-05
4.600000e-01 1.192084e-05
4.650000e-01 6.464928e-06
4.700000e-01 7.582281e-07
4.750000e-01 -4.971239e-06
4.800000e-01 -1.048699e-05
4.850000e-01 -1.556999e-05
4.900000e-01 -2.000607e-05
4.950000e-01 -2.362451e-05
5.000000e-01 -2.631173e-05
5.050000e-01 -2.795157e-05
5.100000e-01 -2.846555e-05
5.150000e-01 -2.783163e-05
5.200000e-01 -2.607893e-05
5.250000e-01 -2.330540e-05
5.300000e-01 -1.961469e-05
5.350000e-01 -1.513062e-05
5.400000e-01 -1.003443e-05
5.450000e-01 -4.541426e-06
5.500000e-01 1.105529e-06
5.550000e-01 6.684003e-06
5.600000e-01 1.200470e-05
5.650000e-01 1.685018e-05
5.700000e-01 2.101163e-05
5.750000e-01 2.431783e-05
5.800000e-01 2.663741e-05
5.850000e-01 2.790903e-05
5.900000e-01 2.808142e-05
5.950000e-01 2.712160e-05
6.000000e-01 2.506454e-05
6.050000e-01 2.200203e-05
6.100000e-01 1.807554e-05
6.150000e-01 1.344067e-05
6.200000e-01 8.268753e-06
6.250000e-01 2.760497e-06
6.300000e-01 -2.856718e-06
6.350000e-01 -8.335034e-06
6.400000e-01 -1.346272e-05
6.450000e-01 -1.805579e-05
6.500000e-01 -2.193620e-05
6.550000e-01 -2.494487e-05
6.600000e-01 -2.693972e-05
6.650000e-01 -2.784386e-05
6.700000e-01 -2.764718e-05
6.750000e-01 -2.635953e-05
6.800000e-01 -2.401888e-05
6.850000e-01 -2.070674e-05
6.900000e-01 -1.655806e-05
6.950000e-01 -1.176121e-05
7.000000e-01 -6.518301e-06
7.050000e-01 -1.025465e-06
7.100000e-01 4.516529e-06
7.150000e-01 9.884686e-06
7.200000e-01 1.484120e-05
7.250000e-01 1.918425e-05
7.300000e-01 2.276039e-05
7.350000e-01 2.544024e-05
7.400000e-01 2.711452e-05
7.450000e-01 2.769787e-05
7.500000e-01 2.715589e-05
7.550000e-01 2.552753e-05
7.600000e-01 2.289792e-05
7.650000e-01 1.936654e-05
7.700000e-01 1.505725e-05
7.750000e-01 1.013975e-05
7.800000e-01 4.822438e-06
7.850000e-01 -6.647524e-07
7.900000e-01 -6.106468e-06
7.950000e-01 -1.131163e-05
8.000000e-01 -1.607572e-05
8.050000e-01 -2.019181e-05
8.100000e-01 -2.349169e-05
8.150000e-01 -2.584585e-05
8.200000e-01 -2.717387e-05
8.250000e-01 -2.742887e-05
8.300000e-01 -2.658417e-05
8.350000e-01 -2.467258e-05
8.400000e-01 -2.177413e-05
8.450000e-01 -1.801280e-05
8.500000e-01 -1.355181e-05
8.550000e-01 -8.555553e-06
8.600000e-01 -3.214771e-06
8.650000e-01 2.247989e-06
8.700000e-01 7.614219e-06
8.750000e-01 1.266788e-05
8.800000e-01 1.721240e-05
8.850000e-01 2.107741e-05
8.900000e-01 2.410456e-05
8.950000e-01 2.616457e-05
9.000000e-01 2.717488e-05
9.050000e-01 2.709964e-05
9.100000e-01 2.594742e-05
9.150000e-01 2.376762e-05
9.200000e-01 2.064355e-05
9.250000e-01 1.669517e-05
9.300000e-01 1.208224e-05
9.350000e-01 7.000641e-06
9.400000e-01 1.653275e-06
9.450000e-01 -3.758183e-06
9.500000e-01 -9.022982e-06
9.550000e-01 -1.393526e-05
9.600000e-01 -1.828629e-05
9.650000e-01 -2.189326e-05
9.700000e-01 -2.462924e-05
9.750000e-01 -2.639168e-05
9.800000e-01 -2.710702e-05
9.850000e-01 -2.673816e-05
9.900000e-01 -2.528947e-05
9.950000e-01 -2.283452e-05
1 -1.948907e-05
1.005000e+00 -1.538044e-05
1.010000e+00 -1.065910e-05
1.015000e+00 -5.501953e-06
1.020000e+00 -1.259478e-07
1.025000e+00 5.238550e-06
1.030000e+00 1.038297e-05
1.035000e+00 1.511775e-05
1.040000e+00 1.926863e-05
1.045000e+00 2.265290e-05
1.050000e+00 2.511739e-05
1.055000e+00 2.656690e-05
1.060000e+00 2.696314e-05
1.065000e+00 2.630553e-05
1.070000e+00 2.460405e-05
1.075000e+00 2.191328e-05
1.080000e+00 1.834021e-05
1.085000e+00 1.404819e-05
1.090000e+00 9.219195e-06
1.095000e+00 4.026344e-06
1.100000e+00 -1.336277e-06
1.105000e+00 -6.659944e-06
1.110000e+00 -1.171343e-05
1.115000e+00 -1.627929e-05
1.120000e+00 -2.019421e-05
1.125000e+00 -2.331938e-05
1.130000e+00 -2.553047e-05
1.135000e+00 -2.672217e-05
1.140000e+00 -2.683060e-05
1.145000e+00 -2.585900e-05
1.150000e+00 -2.384605e-05
1.155000e+00 -2.085101e-05
1.160000e+00 -1.698072e-05
1.165000e+00 -1.240868e-05
1.170000e+00 -7.397843e-06
1.175000e+00 -2.264504e-06
1.180000e+00 2.687761e-06
1.185000e+00 7.189083e-06
1.190000e+00 1.102586e-05
1.195000e+00 1.403453e-05
1.200000e+00 1.607149e-05
1.205000e+00 1.704865e-05
1.210000e+00 1.693898e-05
1.215000e+00 1.570996e-05
1.220000e+00 1.336753e-05
1.225000e+00 1.006435e-05
1.230000e+00 6.014217e-06
1.235000e+00 1.372992e-06
1.240000e+00 -3.685261e-06
1.245000e+00 -8.963737e-06
1.250000e+00 -1.431575e-05
1.255000e+00 -1.950628e-05
1.260000e+00 -2.416022e-05
1.265000e+00 -2.797472e-05
1.270000e+00 -3.073580e-05
1.275000e+00 -3.225668e-05
1.280000e+00 -3.245683e-05
1.285000e+00 -3.129470e-05
1.290000e+00 -2.877916e-05
1.295000e+00 -2.507290e-05
1.300000e+00 -2.037258e-05
1.305000e+00 -1.488130e-05
1.310000e+00 -8.844874e-06
1.315000e+00 -2.490110e-06
1.320000e+00 3.932115e-06
1.325000e+00 1.015295e-05
1.330000e+00 1.596473e-05
1.335000e+00 2.121731e-05
1.340000e+00 2.579233e-05
1.345000e+00 2.960146e-05
1.350000e+00 3.255412e-05
1.355000e+00 3.458663e-05
1.360000e+00 3.569400e-05
1.365000e+00 3.585576e-05
1.370000e+00 3.503377e-05
1.375000e+00 3.322700e-05
1.380000e+00 3.049152e-05
1.385000e+00 2.689961e-05
1.390000e+00 2.257374e-05
1.395000e+00 1.777966e-05
1.400000e+00 1.282913e-05
1.405000e+00 7.906256e-06
1.410000e+00 3.096064e-06
1.415000e+00 -1.494748e-06
1.420000e+00 -5.763287e-06
1.425000e+00 -9.654986e-06
1.430000e+00 -1.313722e-05
1.435000e+00 -1.615491e-05
1.440000e+00 -1.862587e-05
1.445000e+00 -2.046057e-05
1.450000e+00 -2.155332e-05
1.455000e+00 -2.178636e-05
1.460000e+00 -2.103876e-05
1.465000e+00 -1.922927e-05
1.470000e+00 -1.642064e-05
1.475000e+00 -1.284208e-05
1.480000e+00 -8.781476e-06
1.485000e+00 -4.495051e-06
1.490000e+00 -1.563712e-07
1.495000e+00 4.112516e-06
1.500000e+00 8.155410e-06
1.505000e+00 1.180280e-05
1.510000e+00 1.491629e-05
1.515000e+00 1.738882e-05
1.520000e+00 1.911935e-05
1.525000e+00 2.000876e-05
1.530000e+00 2.002060e-05
1.535000e+00 1.923645e-05
1.540000e+00 1.782149e-05
1.545000e+00 1.584036e-05
1.550000e+00 1.325354e-05
1.555000e+00 1.014226e-05
1.560000e+00 6.730620e-06
1.565000e+00 3.209249e-06
1.570000e+00 -3.457013e-07
1.575000e+00 -3.863307e-06
1.580000e+00 -7.246029e-06
1.585000e+00 -1.040583e-05
1.590000e+00 -1.324278e-05
1.595000e+00 -1.564128e-05
1.600000e+00 -1.751889e-05
1.605000e+00 -1.885006e-05
1.610000e+00 -1.956111e-05
1.615000e+00 -1.953460e-05
1.620000e+00 -1.871524e-05
1.625000e+00 -1.711776e-05
1.630000e+00 -1.479670e-05
1.635000e+00 -1.184882e-05
1.640000e+00 -8.369489e-06
1.645000e+00 -4.423997e-06
1.650000e+00 -1.620322e-07
1.655000e+00 4.165023e-06
1.660000e+00 8.340499e-06
1.665000e+00 1.221911e-05
1.670000e+00 1.564012e-05
1.675000e+00 1.841832e-05
1.680000e+00 2.038626e-05
1.685000e+00 2.144914e-05
1.690000e+00 2.161905e-05
1.695000e+00 2.089099e-05
1.700000e+00 1.924188e-05
1.705000e+00 1.675447e-05
1.710000e+00 1.360008e-05
1.715000e+00 9.933671e-06
1.720000e+00 5.859318e-06
1.725000e+00 1.542982e-06
1.730000e+00 -2.790730e-06
1.735000e+00 -6.958726e-06
1.740000e+00 -1.081279e-05
1.745000e+00 -1.421326e-05
1.750000e+00 -1.702631e-05
1.755000e+00 -1.914747e-05
1.760000e+00 -2.049457e-05
1.765000e+00 -2.100017e-05
1.770000e+00 -2.066320e-05
1.775000e+00 -1.953040e-05
1.780000e+00 -1.763515e-05
1.785000e+00 -1.503356e-05
1.790000e+00 -1.184139e-05
1.795000e+00 -8.195524e-06
1.800000e+00 -4.230635e-06
1.805000e+00 -1.074119e-07
1.810000e+00 4.009532e-06
1.815000e+00 7.979820e-06
1.820000e+00 1.164011e-05
1.825000e+00 1.482085e-05
1.830000e+00 1.740288e-05
1.835000e+00 1.928593e-05
1.840000e+00 2.037498e-05
1.845000e+00 2.064757e-05
1.850000e+00 2.010849e-05
1.855000e+00 1.874760e-05
1.860000e+00 1.661495e-05
1.865000e+00 1.382225e-05
1.870000e+00 1.050275e-05
1.875000e+00 6.771477e-06
1.880000e+00 2.774079e-06
1.885000e+00 -1.302327e-06
1.890000e+00 -5.311005e-06
1.895000e+00 -9.085337e-06
1.900000e+00 -1.245634e-05
1.905000e+00 -1.531204e-05
1.910000e+00 -1.753746e-05
1.915000e+00 -1.903866e-05
1.920000e+00 -1.977353e-05
1.925000e+00 -1.972148e-05
1.930000e+00 -1.889727e-05
1.935000e+00 -1.735619e-05
1.940000e+00 -1.516593e-05
1.945000e+00 -1.240383e-05
1.950000e+00 -9.195373e-06
1.955000e+00 -5.679860e-06
1.960000e+00 -1.968803e-06
1.965000e+00 1.785511e-06
1.970000e+00 5.439527e-06
1.975000e+00 8.878145e-06
1.980000e+00 1.195602e-05
1.985000e+00 1.456464e-05
1.990000e+00 1.663664e-05
1.995000e+00 1.809695e-05
2 1.888909e-05
2.005000e+00 1.899037e-05
2.010000e+00 1.839190e-05
2.015000e+00 1.712119e-05
2.020000e+00 1.523662e-05
2.025000e+00 1.278632e-05
2.030000e+00 9.833514e-06
2.035000e+00 6.483765e-06
2.040000e+00 2.861525e-06
2.045000e+00 -9.037078e-07
2.050000e+00 -4.684985e-06
2.055000e+00 -8.351663e-06
2.060000e+00 -1.176609e-05
2.065000e+00 -1.478803e-05
2.070000e+00 -1.728068e-05
2.075000e+00 -1.914518e-05
2.080000e+00 -2.031056e-05
2.085000e+00 -2.071435e-05
2.090000e+00 -2.029984e-05
2.095000e+00 -1.905782e-05
2.100000e+00 -1.703840e-05
2.105000e+00 -1.428755e-05
2.110000e+00 -1.089592e-05
2.115000e+00 -7.001352e-06
2.120000e+00 -2.721277e-06
2.125000e+00 1.765882e-06
2.130000e+00 6.239702e-06
2.135000e+00 1.053607e-05
2.140000e+00 1.447422e-05
2.145000e+00 1.785431e-05
2.150000e+00 2.053111e-05
2.155000e+00 2.237715e-05
2.160000e+00 2.328695e-05
2.165000e+00 2.321903e-05
2.170000e+00 2.215005e-05
2.175000e+00 2.009951e-05
2.180000e+00 1.715453e-05
2.185000e+00 1.342854e-05
2.190000e+00 9.086190e-06
2.195000e+00 4.315308e-06
2.200000e+00 -6.857792e-07
2.205000e+00 -5.693753e-06
2.210000e+00 -1.047007e-05
2.215000e+00 -1.479424e-05
2.220000e+00 -1.848696e-05
2.225000e+00 -2.138060e-05
2.230000e+00 -2.334470e-05
2.235000e+00 -2.428150e-05
2.240000e+00 -2.414345e-05
2.245000e+00 -2.294824e-05
2.250000e+00 -2.075977e-05
2.255000e+00 -1.768313e-05
2.260000e+00 -1.384742e-05
2.265000e+00 -9.421880e-06
2.270000e+00 -4.614653e-06
2.275000e+00 3.492367e-07
2.280000e+00 5.246213e-06
2.285000e+00 9.853878e-06
2.290000e+00 1.399377e-05
2.295000e+00 1.749433e-05
2.300000e+00 2.017917e-05
2.305000e+00 2.195812e-05
2.310000e+00 2.278220e-05
2.315000e+00 2.263245e-05
2.320000e+00 2.153752e-05
2.325000e+00 1.955919e-05
2.330000e+00 1.679435e-05
2.335000e+00 1.336788e-05
2.340000e+00 9.454416e-06
2.345000e+00 5.242104e-06
2.350000e+00 9.059393e-07
2.355000e+00 -3.376808e-06
2.360000e+00 -7.430235e-06
2.365000e+00 -1.108807e-05
2.370000e+00 -1.420482e-05
2.375000e+00 -1.667614e-05
2.380000e+00 -1.845186e-05
2.385000e+00 -1.947926e-05
2.390000e+00 -1.972566e-05
2.395000e+00 -1.921768e-05
2.400000e+00 -1.799316e-05
2.405000e+00 -1.610666e-05
2.410000e+00 -1.366178e-05
2.415000e+00 -1.077731e-05
2.420000e+00 -7.552317e-06
2.425000e+00 -4.115096e-06
2.430000e+00 -6.099990e-07
2.435000e+00 2.834193e-06
2.440000e+00 6.112141e-06
2.445000e+00 9.156750e-06
2.450000e+00 1.188167e-05
2.455000e+00 1.417830e-05
2.460000e+00 1.597136e-05
2.465000e+00 1.718891e-05
2.470000e+00 1.771356e-05
2.475000e+00 1.744208e-05
2.480000e+00 1.632097e-05
2.485000e+00 1.429335e-05
2.490000e+00 1.135824e-05
2.495000e+00 7.618369e-06
2.500000e+00 3.218920e-06
2.505000e+00 -1.669229e-06
2.510000e+00 -6.856132e-06
2.515000e+00 -1.213636e-05
2.520000e+00 -1.733787e-05
2.525000e+00 -2.232301e-05
2.530000e+00 -2.693372e-05
2.535000e+00 -3.101980e-05
2.540000e+00 -3.440467e-05
2.545000e+00 -3.690145e-05
2.550000e+00 -3.837548e-05
2.555000e+00 -3.870392e-05
2.560000e+00 -3.776243e-05
2.565000e+00 -3.543247e-05
2.570000e+00 -3.166939e-05
2.575000e+00 -2.656278e-05
2.580000e+00 -2.029271e-05
2.585000e+00 -1.315257e-05
2.590000e+00 -5.509450e-06
2.595000e+00 2.311991e-06
2.600000e+00 1.001239e-05
2.605000e+00 1.731501e-05
2.610000e+00 2.400119e-05
2.615000e+00 2.986513e-05
2.620000e+00 3.469348e-05
2.625000e+00 3.828125e-05
2.630000e+00 4.044278e-05
2.635000e+00 4.108131e-05
2.640000e+00 4.021004e-05
2.645000e+00 3.792797e-05
2.650000e+00 3.439637e-05
2.655000e+00 2.982560e-05
2.660000e+00 2.444724e-05
2.665000e+00 1.847632e-05
2.670000e+00 1.215648e-05
2.675000e+00 5.725568e-06
2.680000e+00 -6.055605e-07
2.685000e+00 -6.600637e-06
2.690000e+00 -1.198298e-05
2.695000e+00 -1.648751e-05
2.700000e+00 -1.992439e-05
2.705000e+00 -2.214379e-05
2.710000e+00 -2.303919e-05
2.715000e+00 -2.262376e-05
2.720000e+00 -2.103338e-05
2.725000e+00 -1.841721e-05
2.730000e+00 -1.489815e-05
2.735000e+00 -1.063587e-05
2.740000e+00 -5.859779e-06
2.745000e+00 -7.960087e-07
2.750000e+00 4.373645e-06
2.755000e+00 9.443469e-06
2.760000e+00 1.417264e-05
2.765000e+00 1.829817e-05
2.770000e+00 2.161936e-05
2.775000e+00 2.406288e-05
2.780000e+00 2.557212e-05
2.785000e+00 2.603150e-05
2.790000e+00 2.532739e-05
2.795000e+00 2.346784e-05
2.800000e+00 2.059589e-05
2.805000e+00 1.690834e-05
2.810000e+00 1.257128e-05
2.815000e+00 7.661782e-06
2.820000e+00 2.280889e-06
2.825000e+00 -3.372033e-06
2.830000e+00 -9.029835e-06
2.835000e+00 -1.433084e-05
2.840000e+00 -1.889336e-05
2.845000e+00 -2.249998e-05
2.850000e+00 -2.509756e-05
2.855000e+00 -2.661648e-05
2.860000e+00 -2.697745e-05
2.865000e+00 -2.620914e-05
2.870000e+00 -2.443634e-05
2.875000e+00 -2.174474e-05
2.880000e+00 -1.814777e-05
2.885000e+00 -1.377372e-05
2.890000e+00 -8.885083e-06
2.895000e+00 -3.703206e-06
2.900000e+00 1.637431e-06
2.905000e+00 6.962847e-06
2.910000e+00 1.203381e-05
2.915000e+00 1.665522e-05
2.920000e+00 2.063754e-05
2.925000e+00 2.377486e-05
2.930000e+00 2.589982e-05
2.935000e+00 2.690878e-05
2.940000e+00 2.676785e-05
2.945000e+00 2.549817e-05
2.950000e+00 2.316965e-05
2.955000e+00 1.986172e-05
2.960000e+00 1.569483e-05
2.965000e+00 1.084472e-05
2.970000e+00 5.519333e-06
2.975000e+00 -1.675259e-08
2.980000e+00 -5.501382e-06
2.985000e+00 -1.072409e-05
2.990000e+00 -1.549426e-05
2.995000e+00 -1.956516e-05
3 -2.267510e-05
