T X
0 0
5.000000e-03 1.940866e-07
1.000000e-02 8.588109e-07
1.500000e-02 2.035697e-06
2.000000e-02 3.696427e-06
2.500000e-02 5.788504e-06
3.000000e-02 8.225997e-06
3.500000e-02 1.091688e-05
4.000000e-02 1.372804e-05
4.500000e-02 1.653171e-05
5.000000e-02 1.917918e-05
5.500000e-02 2.154880e-05
6.000000e-02 2.354810e-05
6.500000e-02 2.508717e-05
7.000000e-02 2.610016e-05
7.500000e-02 2.651400e-05
8.000000e-02 2.625666e-05
8.500000e-02 2.522701e-05
9.000000e-02 2.329529e-05
9.500000e-02 2.037901e-05
1.000000e-01 1.645107e-05
1.050000e-01 1.162635e-05
1.100000e-01 6.179202e-06
1.150000e-01 4.386702e-07
1.200000e-01 -5.290262e-06
1.250000e-01 -1.081981e-05
1.300000e-01 -1.600202e-05
1.350000e-01 -2.062331e-05
1.400000e-01 -2.444403e-05
1.450000e-01 -2.728364e-05
1.500000e-01 -2.906924e-05
1.550000e-01 -2.972323e-05
1.600000e-01 -2.915338e-05
1.650000e-01 -2.737042e-05
1.700000e-01 -2.449532e-05
1.750000e-01 -2.067796e-05
1.800000e-01 -1.602696e-05
1.850000e-01 -1.071161e-05
1.900000e-01 -4.966726e-06
1.950000e-01 1.022168e-06
2.000000e-01 7.052472e-06
2.050000e-01 1.286388e-05
2.100000e-01 1.818325e-05
2.150000e-01 2.277976e-05
2.200000e-01 2.646739e-05
2.250000e-01 2.908344e-05
2.300000e-01 3.054938e-05
2.350000e-01 3.082622e-05
2.400000e-01 2.988982e-05
2.450000e-01 2.778026e-05
2.500000e-01 2.457029e-05
2.550000e-01 2.037074e-05
2.600000e-01 1.533652e-05
2.650000e-01 9.665102e-06
2.700000e-01 3.584210e-06
2.750000e-01 -2.651343e-06
2.800000e-01 -8.750388e-06
2.850000e-01 -1.448100e-05
2.900000e-01 -1.964908e-05
2.950000e-01 -2.403618e-05
3.000000e-01 -2.748034e-05
3.050000e-01 -2.985756e-05
3.100000e-01 -3.106263e-05
3.150000e-01 -3.103479e-05
3.200000e-01 -2.975306e-05
3.250000e-01 -2.727073e-05
3.300000e-01 -2.369835e-05
3.350000e-01 -1.918507e-05
3.400000e-01 -1.391159e-05
3.450000e-01 -8.096463e-06
3.500000e-01 -1.986940e-06
3.550000e-01 4.194653e-06
3.600000e-01 1.021705e-05
3.650000e-01 1.585024e-05
3.700000e-01 2.087661e-05
3.750000e-01 2.507537e-05
3.800000e-01 2.827066e-05
3.850000e-01 3.031588e-05
3.900000e-01 3.112655e-05
3.950000e-01 3.069285e-05
4.000000e-01 2.903347e-05
4.050000e-01 2.623202e-05
4.100000e-01 2.240837e-05
4.150000e-01 1.769820e-05
4.200000e-01 1.228309e-05
4.250000e-01 6.365368e-06
4.300000e-01 1.716014e-07
4.350000e-01 -6.047688e-06
4.400000e-01 -1.202491e-05
4.450000e-01 -1.749694e-05
4.500000e-01 -2.224874e-05
4.550000e-01 -2.609507e-05
4.600000e-01 -2.889236e-05
4.650000e-01 -3.055400e-05
4.700000e-01 -3.102631e-05
4.750000e-01 -3.027789e-05
4.800000e-01 -2.831246e-05
4.850000e-01 -2.520342e-05
4.900000e-01 -2.106858e-05
4.950000e-01 -1.607481e-05
5.000000e-01 -1.043948e-05
5.050000e-01 -4.386795e-06
5.100000e-01 1.820973e-06
5.150000e-01 7.927365e-06
5.200000e-01 1.371825e-05
5.250000e-01 1.897834e-05
5.300000e-01 2.350419e-05
5.350000e-01 2.710886e-05
5.400000e-01 2.964203e-05
5.450000e-01 3.098880e-05
5.500000e-01 3.107293e-05
5.550000e-01 2.989518e-05
5.600000e-01 2.751723e-05
5.650000e-01 2.405460e-05
5.700000e-01 1.964776e-05
5.750000e-01 1.446432e-05
5.800000e-01 8.718741e-06
5.850000e-01 2.625519e-06
5.900000e-01 -3.591313e-06
5.950000e-01 -9.689507e-06
6.000000e-01 -1.541630e-05
6.050000e-01 -2.052568e-05
6.100000e-01 -2.480806e-05
6.150000e-01 -2.807816e-05
6.200000e-01 -3.021423e-05
6.250000e-01 -3.114981e-05
6.300000e-01 -3.085597e-05
6.350000e-01 -2.936158e-05
6.400000e-01 -2.670948e-05
6.450000e-01 -2.298980e-05
6.500000e-01 -1.834912e-05
6.550000e-01 -1.295855e-05
6.600000e-01 -7.036062e-06
6.650000e-01 -8.228543e-07
6.700000e-01 5.416725e-06
6.750000e-01 1.141710e-05
6.800000e-01 1.694533e-05
6.850000e-01 2.178940e-05
6.900000e-01 2.577447e-05
6.950000e-01 2.875200e-05
7.000000e-01 3.060495e-05
7.050000e-01 3.125342e-05
7.100000e-01 3.064357e-05
7.150000e-01 2.879080e-05
7.200000e-01 2.577658e-05
7.250000e-01 2.172918e-05
7.300000e-01 1.682036e-05
7.350000e-01 1.124924e-05
7.400000e-01 5.253578e-06
7.450000e-01 -9.278322e-07
7.500000e-01 -7.076080e-06
7.550000e-01 -1.296000e-05
7.600000e-01 -1.834688e-05
7.650000e-01 -2.301257e-05
7.700000e-01 -2.676244e-05
7.750000e-01 -2.943524e-05
7.800000e-01 -3.090730e-05
7.850000e-01 -3.112904e-05
7.900000e-01 -3.010864e-05
7.950000e-01 -2.790707e-05
8.000000e-01 -2.461560e-05
8.050000e-01 -2.034814e-05
8.100000e-01 -1.527783e-05
8.150000e-01 -9.595256e-06
8.200000e-01 -3.509347e-06
8.250000e-01 2.737219e-06
8.300000e-01 8.885463e-06
8.350000e-01 1.466370e-05
8.400000e-01 1.983706e-05
8.450000e-01 2.420199e-05
8.500000e-01 2.758859e-05
8.550000e-01 2.988084e-05
8.600000e-01 3.100017e-05
8.650000e-01 3.091070e-05
8.700000e-01 2.959366e-05
8.750000e-01 2.708355e-05
8.800000e-01 2.348081e-05
8.850000e-01 1.891949e-05
8.900000e-01 1.359421e-05
8.950000e-01 7.727299e-06
9.000000e-01 1.564132e-06
9.050000e-01 -4.635058e-06
9.100000e-01 -1.063701e-05
9.150000e-01 -1.621473e-05
9.200000e-01 -2.116022e-05
9.250000e-01 -2.528728e-05
9.300000e-01 -2.842299e-05
9.350000e-01 -3.042720e-05
9.400000e-01 -3.119847e-05
9.450000e-01 -3.070079e-05
9.500000e-01 -2.896663e-05
9.550000e-01 -2.607921e-05
9.600000e-01 -2.216291e-05
9.650000e-01 -1.737615e-05
9.700000e-01 -1.191600e-05
9.750000e-01 -5.987973e-06
9.800000e-01 1.923795e-07
9.850000e-01 6.384467e-06
9.900000e-01 1.234638e-05
9.950000e-01 1.782201e-05
1 2.257427e-05
1.005000e+00 2.641320e-05
1.010000e+00 2.917915e-05
1.015000e+00 3.076922e-05
1.020000e+00 3.114010e-05
1.025000e+00 3.029849e-05
1.030000e+00 2.826866e-05
1.035000e+00 2.510840e-05
1.040000e+00 2.094784e-05
1.045000e+00 1.594029e-05
1.050000e+00 1.027670e-05
1.055000e+00 4.190407e-06
1.060000e+00 -2.065639e-06
1.065000e+00 -8.217864e-06
1.070000e+00 -1.402302e-05
1.075000e+00 -1.925923e-05
1.080000e+00 -2.372489e-05
1.085000e+00 -2.726115e-05
1.090000e+00 -2.973173e-05
1.095000e+00 -3.103526e-05
1.100000e+00 -3.110299e-05
1.105000e+00 -2.991444e-05
1.110000e+00 -2.751415e-05
1.115000e+00 -2.400396e-05
1.120000e+00 -1.953917e-05
1.125000e+00 -1.430124e-05
1.130000e+00 -8.509647e-06
1.135000e+00 -2.401131e-06
1.140000e+00 3.798498e-06
1.145000e+00 9.851979e-06
1.150000e+00 1.553153e-05
1.155000e+00 2.061290e-05
1.160000e+00 2.487887e-05
1.165000e+00 2.814855e-05
1.170000e+00 3.027277e-05
1.175000e+00 3.116680e-05
1.180000e+00 3.081264e-05
1.185000e+00 2.924137e-05
1.190000e+00 2.652834e-05
1.195000e+00 2.278446e-05
1.200000e+00 1.816334e-05
1.205000e+00 1.283140e-05
1.210000e+00 6.971123e-06
1.215000e+00 7.717690e-07
1.220000e+00 -5.590831e-06
1.225000e+00 -1.193188e-05
1.230000e+00 -1.809794e-05
1.235000e+00 -2.394181e-05
1.240000e+00 -2.928751e-05
1.245000e+00 -3.396216e-05
1.250000e+00 -3.776782e-05
1.255000e+00 -4.050713e-05
1.260000e+00 -4.202120e-05
1.265000e+00 -4.221046e-05
1.270000e+00 -4.107715e-05
1.275000e+00 -3.869390e-05
1.280000e+00 -3.517752e-05
1.285000e+00 -3.066645e-05
1.290000e+00 -2.530605e-05
1.295000e+00 -1.926191e-05
1.300000e+00 -1.268358e-05
1.305000e+00 -5.693285e-06
1.310000e+00 1.610819e-06
1.315000e+00 9.148503e-06
1.320000e+00 1.680790e-05
1.325000e+00 2.439920e-05
1.330000e+00 3.159929e-05
1.335000e+00 3.798673e-05
1.340000e+00 4.316489e-05
1.345000e+00 4.684031e-05
1.350000e+00 4.887817e-05
1.355000e+00 4.928736e-05
1.360000e+00 4.814583e-05
1.365000e+00 4.555854e-05
1.370000e+00 4.163691e-05
1.375000e+00 3.647963e-05
1.380000e+00 3.020319e-05
1.385000e+00 2.302836e-05
1.390000e+00 1.524906e-05
1.395000e+00 7.111258e-06
1.400000e+00 -1.173716e-06
1.405000e+00 -9.356390e-06
1.410000e+00 -1.717826e-05
1.415000e+00 -2.443786e-05
1.420000e+00 -3.089427e-05
1.425000e+00 -3.614670e-05
1.430000e+00 -3.983175e-05
1.435000e+00 -4.182661e-05
1.440000e+00 -4.216985e-05
1.445000e+00 -4.096131e-05
1.450000e+00 -3.831099e-05
1.455000e+00 -3.429411e-05
1.460000e+00 -2.900441e-05
1.465000e+00 -2.265253e-05
1.470000e+00 -1.551157e-05
1.475000e+00 -7.827890e-06
1.480000e+00 1.348612e-07
1.485000e+00 8.103540e-06
1.490000e+00 1.580658e-05
1.495000e+00 2.293443e-05
1.500000e+00 2.921795e-05
1.505000e+00 3.445852e-05
1.510000e+00 3.847342e-05
1.515000e+00 4.110574e-05
1.520000e+00 4.223235e-05
1.525000e+00 4.174874e-05
1.530000e+00 3.962270e-05
1.535000e+00 3.598281e-05
1.540000e+00 3.103727e-05
1.545000e+00 2.492028e-05
1.550000e+00 1.770865e-05
1.555000e+00 9.627102e-06
1.560000e+00 1.152978e-06
1.565000e+00 -7.293364e-06
1.570000e+00 -1.553882e-05
1.575000e+00 -2.337062e-05
1.580000e+00 -3.041216e-05
1.585000e+00 -3.631903e-05
1.590000e+00 -4.087336e-05
1.595000e+00 -4.391006e-05
1.600000e+00 -4.528010e-05
1.605000e+00 -4.491558e-05
1.610000e+00 -4.280926e-05
1.615000e+00 -3.897321e-05
1.620000e+00 -3.354185e-05
1.625000e+00 -2.677787e-05
1.630000e+00 -1.894058e-05
1.635000e+00 -1.029478e-05
1.640000e+00 -1.172574e-06
1.645000e+00 8.112787e-06
1.650000e+00 1.724924e-05
1.655000e+00 2.580944e-05
1.660000e+00 3.338351e-05
1.665000e+00 3.970183e-05
1.670000e+00 4.454435e-05
1.675000e+00 4.769589e-05
1.680000e+00 4.899139e-05
1.685000e+00 4.835025e-05
1.690000e+00 4.579120e-05
1.695000e+00 4.145310e-05
1.700000e+00 3.549370e-05
1.705000e+00 2.803296e-05
1.710000e+00 1.934149e-05
1.715000e+00 9.828029e-06
1.720000e+00 -1.413378e-07
1.725000e+00 -1.020045e-05
1.730000e+00 -1.992878e-05
1.735000e+00 -2.892161e-05
1.740000e+00 -3.683780e-05
1.745000e+00 -4.338110e-05
1.750000e+00 -4.829131e-05
1.755000e+00 -5.134810e-05
1.760000e+00 -5.239347e-05
1.765000e+00 -5.138100e-05
1.770000e+00 -4.833056e-05
1.775000e+00 -4.332560e-05
1.780000e+00 -3.657741e-05
1.785000e+00 -2.834542e-05
1.790000e+00 -1.892955e-05
1.795000e+00 -8.741901e-06
1.800000e+00 1.812078e-06
1.805000e+00 1.238738e-05
1.810000e+00 2.257990e-05
1.815000e+00 3.194996e-05
1.820000e+00 4.011490e-05
1.825000e+00 4.674309e-05
1.830000e+00 5.156383e-05
1.835000e+00 5.437949e-05
1.840000e+00 5.505312e-05
1.845000e+00 5.354874e-05
1.850000e+00 4.994854e-05
1.855000e+00 4.439746e-05
1.860000e+00 3.709299e-05
1.865000e+00 2.829083e-05
1.870000e+00 1.831390e-05
1.875000e+00 7.574420e-06
1.880000e+00 -3.516121e-06
1.885000e+00 -1.454104e-05
1.890000e+00 -2.501290e-05
1.895000e+00 -3.450887e-05
1.900000e+00 -4.268722e-05
1.905000e+00 -4.920998e-05
1.910000e+00 -5.382612e-05
1.915000e+00 -5.637248e-05
1.920000e+00 -5.672187e-05
1.925000e+00 -5.484777e-05
1.930000e+00 -5.082975e-05
1.935000e+00 -4.480051e-05
1.940000e+00 -3.697767e-05
1.945000e+00 -2.767293e-05
1.950000e+00 -1.726255e-05
1.955000e+00 -6.182514e-06
1.960000e+00 5.130880e-06
1.965000e+00 1.626659e-05
1.970000e+00 2.679917e-05
1.975000e+00 3.630696e-05
1.980000e+00 4.440638e-05
1.985000e+00 5.078150e-05
1.990000e+00 5.518181e-05
1.995000e+00 5.741165e-05
2 5.737902e-05
2.005000e+00 5.508093e-05
2.010000e+00 5.060524e-05
2.015000e+00 4.416577e-05
2.020000e+00 3.601452e-05
2.025000e+00 2.645145e-05
2.030000e+00 1.587169e-05
2.035000e+00 4.665595e-06
2.040000e+00 -6.760716e-06
2.045000e+00 -1.793112e-05
2.050000e+00 -2.838388e-05
2.055000e+00 -3.770435e-05
2.060000e+00 -4.552560e-05
2.065000e+00 -5.154997e-05
2.070000e+00 -5.554042e-05
2.075000e+00 -5.733612e-05
2.080000e+00 -5.687746e-05
2.085000e+00 -5.419963e-05
2.090000e+00 -4.940877e-05
2.095000e+00 -4.267891e-05
2.100000e+00 -3.425749e-05
2.105000e+00 -2.446468e-05
2.110000e+00 -1.371051e-05
2.115000e+00 -2.449839e-06
2.120000e+00 8.871515e-06
2.125000e+00 1.980725e-05
2.130000e+00 2.993397e-05
2.135000e+00 3.887074e-05
2.140000e+00 4.626036e-05
2.145000e+00 5.180934e-05
2.150000e+00 5.531929e-05
2.155000e+00 5.664142e-05
2.160000e+00 5.570182e-05
2.165000e+00 5.254171e-05
2.170000e+00 4.728344e-05
2.175000e+00 4.015017e-05
2.180000e+00 3.145453e-05
2.185000e+00 2.153979e-05
2.190000e+00 1.080400e-05
2.195000e+00 -3.314052e-07
2.200000e+00 -1.145434e-05
2.205000e+00 -2.211664e-05
2.210000e+00 -3.188291e-05
2.215000e+00 -4.036574e-05
2.220000e+00 -4.721572e-05
2.225000e+00 -5.215473e-05
2.230000e+00 -5.498784e-05
2.235000e+00 -5.561433e-05
2.240000e+00 -5.402112e-05
2.245000e+00 -5.028607e-05
2.250000e+00 -4.457150e-05
2.255000e+00 -3.709190e-05
2.260000e+00 -2.813493e-05
2.265000e+00 -1.805218e-05
2.270000e+00 -7.241909e-06
2.275000e+00 3.858020e-06
2.280000e+00 1.478809e-05
2.285000e+00 2.508934e-05
2.290000e+00 3.436175e-05
2.295000e+00 4.224654e-05
2.300000e+00 4.842565e-05
2.305000e+00 5.266831e-05
2.310000e+00 5.480732e-05
2.315000e+00 5.476434e-05
2.320000e+00 5.253075e-05
2.325000e+00 4.816137e-05
2.330000e+00 4.184616e-05
2.335000e+00 3.384671e-05
2.340000e+00 2.448715e-05
2.345000e+00 1.416302e-05
2.350000e+00 3.282722e-06
2.355000e+00 -7.715602e-06
2.360000e+00 -1.839907e-05
2.365000e+00 -2.835473e-05
2.370000e+00 -3.718173e-05
2.375000e+00 -4.453041e-05
2.380000e+00 -5.010597e-05
2.385000e+00 -5.367408e-05
2.390000e+00 -5.507202e-05
2.395000e+00 -5.423837e-05
2.400000e+00 -5.122366e-05
2.405000e+00 -4.615960e-05
2.410000e+00 -3.925827e-05
2.415000e+00 -3.079420e-05
2.420000e+00 -2.109367e-05
2.425000e+00 -1.054084e-05
2.430000e+00 4.553572e-07
2.435000e+00 1.145023e-05
2.440000e+00 2.198951e-05
2.445000e+00 3.164884e-05
2.450000e+00 4.002525e-05
2.455000e+00 4.679370e-05
2.460000e+00 5.168521e-05
2.465000e+00 5.449844e-05
2.470000e+00 5.515816e-05
2.475000e+00 5.364251e-05
2.480000e+00 4.999738e-05
2.485000e+00 4.436770e-05
2.490000e+00 3.696822e-05
2.495000e+00 2.809085e-05
2.500000e+00 1.808907e-05
2.505000e+00 7.362564e-06
2.510000e+00 -3.676251e-06
2.515000e+00 -1.463450e-05
2.520000e+00 -2.514365e-05
2.525000e+00 -3.487451e-05
2.530000e+00 -4.352808e-05
2.535000e+00 -5.083456e-05
2.540000e+00 -5.656428e-05
2.545000e+00 -6.051309e-05
2.550000e+00 -6.250891e-05
2.555000e+00 -6.243599e-05
2.560000e+00 -6.027289e-05
2.565000e+00 -5.611263e-05
2.570000e+00 -5.013851e-05
2.575000e+00 -4.259829e-05
2.580000e+00 -3.378429e-05
2.585000e+00 -2.402734e-05
2.590000e+00 -1.365827e-05
2.595000e+00 -2.999118e-06
2.600000e+00 7.616429e-06
2.605000e+00 1.789062e-05
2.610000e+00 2.756521e-05
2.615000e+00 3.639421e-05
2.620000e+00 4.414032e-05
2.625000e+00 5.058500e-05
2.630000e+00 5.553815e-05
2.635000e+00 5.881573e-05
2.640000e+00 6.024678e-05
2.645000e+00 5.970856e-05
2.650000e+00 5.716233e-05
2.655000e+00 5.267427e-05
2.660000e+00 4.642874e-05
2.665000e+00 3.871828e-05
2.670000e+00 2.988618e-05
2.675000e+00 2.029189e-05
2.680000e+00 1.028297e-05
2.685000e+00 1.815487e-07
2.690000e+00 -9.694498e-06
2.695000e+00 -1.904205e-05
2.700000e+00 -2.757770e-05
2.705000e+00 -3.503078e-05
2.710000e+00 -4.115418e-05
2.715000e+00 -4.573370e-05
2.720000e+00 -4.860298e-05
2.725000e+00 -4.963424e-05
2.730000e+00 -4.874119e-05
2.735000e+00 -4.591369e-05
2.740000e+00 -4.122792e-05
2.745000e+00 -3.485724e-05
2.750000e+00 -2.706581e-05
2.755000e+00 -1.818381e-05
2.760000e+00 -8.596700e-06
2.765000e+00 1.297608e-06
2.770000e+00 1.112551e-05
2.775000e+00 2.052962e-05
2.780000e+00 2.914389e-05
2.785000e+00 3.659874e-05
2.790000e+00 4.258238e-05
2.795000e+00 4.686381e-05
2.800000e+00 4.927997e-05
2.805000e+00 4.973824e-05
2.810000e+00 4.822610e-05
2.815000e+00 4.480368e-05
2.820000e+00 3.956129e-05
2.825000e+00 3.265126e-05
2.830000e+00 2.433932e-05
2.835000e+00 1.497665e-05
2.840000e+00 4.966412e-06
2.845000e+00 -5.257215e-06
2.850000e+00 -1.524095e-05
2.855000e+00 -2.455988e-05
2.860000e+00 -3.284867e-05
2.865000e+00 -3.978593e-05
2.870000e+00 -4.510248e-05
2.875000e+00 -4.856191e-05
2.880000e+00 -4.998202e-05
2.885000e+00 -4.929549e-05
2.890000e+00 -4.655387e-05
2.895000e+00 -4.190636e-05
2.900000e+00 -3.556838e-05
2.905000e+00 -2.781199e-05
2.910000e+00 -1.896065e-05
2.915000e+00 -9.390628e-06
2.920000e+00 4.964186e-07
2.925000e+00 1.031826e-05
2.930000e+00 1.967272e-05
2.935000e+00 2.816024e-05
2.940000e+00 3.544697e-05
2.945000e+00 4.123095e-05
2.950000e+00 4.525232e-05
2.955000e+00 4.736394e-05
2.960000e+00 4.756333e-05
2.965000e+00 4.591203e-05
2.970000e+00 4.243351e-05
2.975000e+00 3.722045e-05
2.980000e+00 3.054651e-05
2.985000e+00 2.275772e-05
2.990000e+00 1.415436e-05
2.995000e+00 5.027034e-06
3 -4.262617e-06
