T X
0 0
5.000000e-03 1.941772e-07
1.000000e-02 8.400270e-07
1.500000e-02 1.912079e-06
2.000000e-02 3.304334e-06
2.500000e-02 4.927780e-06
3.000000e-02 6.687689e-06
3.500000e-02 8.513661e-06
4.000000e-02 1.034501e-05
4.500000e-02 1.216566e-05
5.000000e-02 1.393095e-05
5.500000e-02 1.557284e-05
6.000000e-02 1.701450e-05
6.500000e-02 1.816634e-05
7.000000e-02 1.896785e-05
7.500000e-02 1.935615e-05
8.000000e-02 1.928950e-05
8.500000e-02 1.875799e-05
9.000000e-02 1.772375e-05
9.500000e-02 1.612579e-05
1.000000e-01 1.390187e-05
1.050000e-01 1.106994e-05
1.100000e-01 7.747590e-06
1.150000e-01 4.107736e-06
1.200000e-01 3.408476e-07
1.250000e-01 -3.422352e-06
1.300000e-01 -7.067098e-06
1.350000e-01 -1.045112e-05
1.400000e-01 -1.339285e-05
1.450000e-01 -1.571419e-05
1.500000e-01 -1.737465e-05
1.550000e-01 -1.839951e-05
1.600000e-01 -1.876628e-05
1.650000e-01 -1.842226e-05
1.700000e-01 -1.734924e-05
1.750000e-01 -1.559428e-05
1.800000e-01 -1.319081e-05
1.850000e-01 -1.020524e-05
1.900000e-01 -6.806542e-06
1.950000e-01 -3.180462e-06
2.000000e-01 5.188694e-07
2.050000e-01 4.161471e-06
2.100000e-01 7.615684e-06
2.150000e-01 1.077530e-05
2.200000e-01 1.355563e-05
2.250000e-01 1.583140e-05
2.300000e-01 1.749952e-05
2.350000e-01 1.846733e-05
2.400000e-01 1.863752e-05
2.450000e-01 1.800691e-05
2.500000e-01 1.664346e-05
2.550000e-01 1.463948e-05
2.600000e-01 1.210066e-05
2.650000e-01 9.137175e-06
2.700000e-01 5.833371e-06
2.750000e-01 2.267641e-06
2.800000e-01 -1.423944e-06
2.850000e-01 -5.100264e-06
2.900000e-01 -8.597921e-06
2.950000e-01 -1.173206e-05
3.000000e-01 -1.437533e-05
3.050000e-01 -1.640897e-05
3.100000e-01 -1.774657e-05
3.150000e-01 -1.838155e-05
3.200000e-01 -1.831870e-05
3.250000e-01 -1.756038e-05
3.300000e-01 -1.612730e-05
3.350000e-01 -1.406206e-05
3.400000e-01 -1.141710e-05
3.450000e-01 -8.270607e-06
3.500000e-01 -4.753794e-06
3.550000e-01 -1.031020e-06
3.600000e-01 2.702549e-06
3.650000e-01 6.282972e-06
3.700000e-01 9.583597e-06
3.750000e-01 1.247778e-05
3.800000e-01 1.488985e-05
3.850000e-01 1.674548e-05
3.900000e-01 1.797685e-05
3.950000e-01 1.853010e-05
4.000000e-01 1.832400e-05
4.050000e-01 1.734642e-05
4.100000e-01 1.564007e-05
4.150000e-01 1.327446e-05
4.200000e-01 1.038327e-05
4.250000e-01 7.118977e-06
4.300000e-01 3.630204e-06
4.350000e-01 3.118311e-08
4.400000e-01 -3.585883e-06
4.450000e-01 -7.101615e-06
4.500000e-01 -1.038151e-05
4.550000e-01 -1.328056e-05
4.600000e-01 -1.565177e-05
4.650000e-01 -1.736485e-05
4.700000e-01 -1.833215e-05
4.750000e-01 -1.852877e-05
4.800000e-01 -1.798471e-05
4.850000e-01 -1.676309e-05
4.900000e-01 -1.492005e-05
4.950000e-01 -1.251819e-05
5.000000e-01 -9.632685e-06
5.050000e-01 -6.329177e-06
5.100000e-01 -2.715527e-06
5.150000e-01 1.042782e-06
5.200000e-01 4.758633e-06
5.250000e-01 8.257986e-06
5.300000e-01 1.139022e-05
5.350000e-01 1.402409e-05
5.400000e-01 1.608351e-05
5.450000e-01 1.752423e-05
5.500000e-01 1.830919e-05
5.550000e-01 1.841037e-05
5.600000e-01 1.779184e-05
5.650000e-01 1.644902e-05
5.700000e-01 1.441621e-05
5.750000e-01 1.176156e-05
5.800000e-01 8.613116e-06
5.850000e-01 5.132589e-06
5.900000e-01 1.490695e-06
5.950000e-01 -2.165047e-06
6.000000e-01 -5.717234e-06
6.050000e-01 -9.046993e-06
6.100000e-01 -1.204468e-05
6.150000e-01 -1.460298e-05
6.200000e-01 -1.661364e-05
6.250000e-01 -1.796496e-05
6.300000e-01 -1.856527e-05
6.350000e-01 -1.838172e-05
6.400000e-01 -1.742779e-05
6.450000e-01 -1.577636e-05
6.500000e-01 -1.352308e-05
6.550000e-01 -1.076703e-05
6.600000e-01 -7.629176e-06
6.650000e-01 -4.200428e-06
6.700000e-01 -5.716233e-07
6.750000e-01 3.123889e-06
6.800000e-01 6.731094e-06
6.850000e-01 1.007907e-05
6.900000e-01 1.300984e-05
6.950000e-01 1.538390e-05
7.000000e-01 1.709867e-05
7.050000e-01 1.811180e-05
7.100000e-01 1.841621e-05
7.150000e-01 1.803077e-05
7.200000e-01 1.696921e-05
7.250000e-01 1.525268e-05
7.300000e-01 1.292330e-05
7.350000e-01 1.003440e-05
7.400000e-01 6.700028e-06
7.450000e-01 3.071062e-06
7.500000e-01 -6.765964e-07
7.550000e-01 -4.353021e-06
7.600000e-01 -7.815501e-06
7.650000e-01 -1.094034e-05
7.700000e-01 -1.362708e-05
7.750000e-01 -1.580276e-05
7.800000e-01 -1.739156e-05
7.850000e-01 -1.832628e-05
7.900000e-01 -1.853227e-05
7.950000e-01 -1.796643e-05
8.000000e-01 -1.664491e-05
8.050000e-01 -1.462019e-05
8.100000e-01 -1.199903e-05
8.150000e-01 -8.924082e-06
8.200000e-01 -5.547252e-06
8.250000e-01 -1.991862e-06
8.300000e-01 1.640292e-06
8.350000e-01 5.227346e-06
8.400000e-01 8.648668e-06
8.450000e-01 1.176597e-05
8.500000e-01 1.442929e-05
8.550000e-01 1.650662e-05
8.600000e-01 1.788269e-05
8.650000e-01 1.849713e-05
8.700000e-01 1.835364e-05
8.750000e-01 1.749478e-05
8.800000e-01 1.597812e-05
8.850000e-01 1.386795e-05
8.900000e-01 1.123670e-05
8.950000e-01 8.149612e-06
9.000000e-01 4.692161e-06
9.050000e-01 9.973676e-07
9.100000e-01 -2.763436e-06
9.150000e-01 -6.401612e-06
9.200000e-01 -9.750262e-06
9.250000e-01 -1.266882e-05
9.300000e-01 -1.504930e-05
9.350000e-01 -1.682842e-05
9.400000e-01 -1.796552e-05
9.450000e-01 -1.843850e-05
9.500000e-01 -1.821631e-05
9.550000e-01 -1.726409e-05
9.600000e-01 -1.559481e-05
9.650000e-01 -1.325993e-05
9.700000e-01 -1.035728e-05
9.750000e-01 -7.031354e-06
9.800000e-01 -3.453858e-06
9.850000e-01 2.081940e-07
9.900000e-01 3.828734e-06
9.950000e-01 7.287751e-06
1 1.047641e-05
1.005000e+00 1.329002e-05
1.010000e+00 1.561118e-05
1.015000e+00 1.733191e-05
1.020000e+00 1.834170e-05
1.025000e+00 1.857560e-05
1.030000e+00 1.803191e-05
1.035000e+00 1.674647e-05
1.040000e+00 1.480581e-05
1.045000e+00 1.231365e-05
1.050000e+00 9.374404e-06
1.055000e+00 6.089102e-06
1.060000e+00 2.550472e-06
1.065000e+00 -1.130077e-06
1.070000e+00 -4.810888e-06
1.075000e+00 -8.319343e-06
1.080000e+00 -1.149079e-05
1.085000e+00 -1.418027e-05
1.090000e+00 -1.625807e-05
1.095000e+00 -1.765344e-05
1.100000e+00 -1.834449e-05
1.105000e+00 -1.833522e-05
1.110000e+00 -1.763746e-05
1.115000e+00 -1.626486e-05
1.120000e+00 -1.425765e-05
1.125000e+00 -1.165993e-05
1.130000e+00 -8.546166e-06
1.135000e+00 -5.054285e-06
1.140000e+00 -1.349679e-06
1.145000e+00 2.381202e-06
1.150000e+00 5.972479e-06
1.155000e+00 9.297129e-06
1.160000e+00 1.223527e-05
1.165000e+00 1.469575e-05
1.170000e+00 1.660764e-05
1.175000e+00 1.790182e-05
1.180000e+00 1.850544e-05
1.185000e+00 1.835746e-05
1.190000e+00 1.745011e-05
1.195000e+00 1.582261e-05
1.200000e+00 1.356115e-05
1.205000e+00 1.078580e-05
1.210000e+00 7.614942e-06
1.215000e+00 4.136246e-06
1.220000e+00 3.864734e-07
1.225000e+00 -3.622720e-06
1.230000e+00 -7.864057e-06
1.235000e+00 -1.225148e-05
1.240000e+00 -1.663371e-05
1.245000e+00 -2.080478e-05
1.250000e+00 -2.452128e-05
1.255000e+00 -2.757715e-05
1.260000e+00 -2.985264e-05
1.265000e+00 -3.132016e-05
1.270000e+00 -3.200826e-05
1.275000e+00 -3.193987e-05
1.280000e+00 -3.112100e-05
1.285000e+00 -2.952287e-05
1.290000e+00 -2.709665e-05
1.295000e+00 -2.383740e-05
1.300000e+00 -1.978129e-05
1.305000e+00 -1.498255e-05
1.310000e+00 -9.483232e-06
1.315000e+00 -3.316336e-06
1.320000e+00 3.428344e-06
1.325000e+00 1.057349e-05
1.330000e+00 1.783307e-05
1.335000e+00 2.484002e-05
1.340000e+00 3.122418e-05
1.345000e+00 3.668841e-05
1.350000e+00 4.105175e-05
1.355000e+00 4.419921e-05
1.360000e+00 4.603786e-05
1.365000e+00 4.650000e-05
1.370000e+00 4.554877e-05
1.375000e+00 4.317251e-05
1.380000e+00 3.938109e-05
1.385000e+00 3.425556e-05
1.390000e+00 2.795519e-05
1.395000e+00 2.063665e-05
1.400000e+00 1.247327e-05
1.405000e+00 3.743282e-06
1.410000e+00 -5.206971e-06
1.415000e+00 -1.403228e-05
1.420000e+00 -2.233403e-05
1.425000e+00 -2.966008e-05
1.430000e+00 -3.566843e-05
1.435000e+00 -4.019321e-05
1.440000e+00 -4.316895e-05
1.445000e+00 -4.453749e-05
1.450000e+00 -4.419110e-05
1.455000e+00 -4.202626e-05
1.460000e+00 -3.807126e-05
1.465000e+00 -3.253437e-05
1.470000e+00 -2.570347e-05
1.475000e+00 -1.788084e-05
1.480000e+00 -9.405911e-06
1.485000e+00 -6.155622e-07
1.490000e+00 8.168938e-06
1.495000e+00 1.661193e-05
1.500000e+00 2.441110e-05
1.505000e+00 3.128311e-05
1.510000e+00 3.692948e-05
1.515000e+00 4.108430e-05
1.520000e+00 4.353329e-05
1.525000e+00 4.414054e-05
1.530000e+00 4.290639e-05
1.535000e+00 3.998148e-05
1.540000e+00 3.556225e-05
1.545000e+00 2.979401e-05
1.550000e+00 2.280844e-05
1.555000e+00 1.484532e-05
1.560000e+00 6.312408e-06
1.565000e+00 -2.404955e-06
1.570000e+00 -1.104993e-05
1.575000e+00 -1.930699e-05
1.580000e+00 -2.675421e-05
1.585000e+00 -3.303190e-05
1.590000e+00 -3.792194e-05
1.595000e+00 -4.127670e-05
1.600000e+00 -4.299787e-05
1.605000e+00 -4.306190e-05
1.610000e+00 -4.145272e-05
1.615000e+00 -3.816729e-05
1.620000e+00 -3.332310e-05
1.625000e+00 -2.714439e-05
1.630000e+00 -1.987137e-05
1.635000e+00 -1.179424e-05
1.640000e+00 -3.285631e-06
1.645000e+00 5.304951e-06
1.650000e+00 1.365425e-05
1.655000e+00 2.140926e-05
1.660000e+00 2.826392e-05
1.665000e+00 3.399711e-05
1.670000e+00 3.842371e-05
1.675000e+00 4.135844e-05
1.680000e+00 4.262785e-05
1.685000e+00 4.213095e-05
1.690000e+00 3.989140e-05
1.695000e+00 3.606266e-05
1.700000e+00 3.083006e-05
1.705000e+00 2.437965e-05
1.710000e+00 1.699572e-05
1.715000e+00 9.002085e-06
1.720000e+00 6.753929e-07
1.725000e+00 -7.700214e-06
1.730000e+00 -1.580094e-05
1.735000e+00 -2.328268e-05
1.740000e+00 -2.982037e-05
1.745000e+00 -3.513886e-05
1.750000e+00 -3.900910e-05
1.755000e+00 -4.126478e-05
1.760000e+00 -4.184492e-05
1.765000e+00 -4.079495e-05
1.770000e+00 -3.817037e-05
1.775000e+00 -3.403675e-05
1.780000e+00 -2.857238e-05
1.785000e+00 -2.197363e-05
1.790000e+00 -1.444343e-05
1.795000e+00 -6.311307e-06
1.800000e+00 2.054062e-06
1.805000e+00 1.031936e-05
1.810000e+00 1.813886e-05
1.815000e+00 2.516943e-05
1.820000e+00 3.114972e-05
1.825000e+00 3.590073e-05
1.830000e+00 3.925439e-05
1.835000e+00 4.106029e-05
1.840000e+00 4.123832e-05
1.845000e+00 3.977092e-05
1.850000e+00 3.668761e-05
1.855000e+00 3.209351e-05
1.860000e+00 2.619362e-05
1.865000e+00 1.925766e-05
1.870000e+00 1.158815e-05
1.875000e+00 3.510127e-06
1.880000e+00 -4.676158e-06
1.885000e+00 -1.266704e-05
1.890000e+00 -2.015344e-05
1.895000e+00 -2.687997e-05
1.900000e+00 -3.257257e-05
1.905000e+00 -3.694189e-05
1.910000e+00 -3.979667e-05
1.915000e+00 -4.103370e-05
1.920000e+00 -4.059977e-05
1.925000e+00 -3.852881e-05
1.930000e+00 -3.492932e-05
1.935000e+00 -2.995385e-05
1.940000e+00 -2.382449e-05
1.945000e+00 -1.677996e-05
1.950000e+00 -9.050113e-06
1.955000e+00 -9.148273e-07
1.960000e+00 7.301048e-06
1.965000e+00 1.523730e-05
1.970000e+00 2.253004e-05
1.975000e+00 2.887273e-05
1.980000e+00 3.402983e-05
1.985000e+00 3.782626e-05
1.990000e+00 4.011389e-05
1.995000e+00 4.079554e-05
2 3.988297e-05
2.005000e+00 3.742232e-05
2.010000e+00 3.345707e-05
2.015000e+00 2.812061e-05
2.020000e+00 2.162505e-05
2.025000e+00 1.422672e-05
2.030000e+00 6.251929e-06
2.035000e+00 -1.947901e-06
2.040000e+00 -1.002663e-05
2.045000e+00 -1.765841e-05
2.050000e+00 -2.458506e-05
2.055000e+00 -3.057428e-05
2.060000e+00 -3.537678e-05
2.065000e+00 -3.877743e-05
2.070000e+00 -4.063082e-05
2.075000e+00 -4.084921e-05
2.080000e+00 -3.940456e-05
2.085000e+00 -3.635460e-05
2.090000e+00 -3.183572e-05
2.095000e+00 -2.604558e-05
2.100000e+00 -1.923799e-05
2.105000e+00 -1.170771e-05
2.110000e+00 -3.747083e-06
2.115000e+00 4.384863e-06
2.120000e+00 1.240489e-05
2.125000e+00 1.997402e-05
2.130000e+00 2.675928e-05
2.135000e+00 3.246617e-05
2.140000e+00 3.683858e-05
2.145000e+00 3.970761e-05
2.150000e+00 4.098375e-05
2.155000e+00 4.061757e-05
2.160000e+00 3.865180e-05
2.165000e+00 3.519003e-05
2.170000e+00 3.034260e-05
2.175000e+00 2.428217e-05
2.180000e+00 1.723486e-05
2.185000e+00 9.455636e-06
2.190000e+00 1.258131e-06
2.195000e+00 -7.004953e-06
2.200000e+00 -1.496319e-05
2.205000e+00 -2.226858e-05
2.210000e+00 -2.865800e-05
2.215000e+00 -3.391795e-05
2.220000e+00 -3.785748e-05
2.225000e+00 -4.032664e-05
2.230000e+00 -4.121859e-05
2.235000e+00 -4.047696e-05
2.240000e+00 -3.809568e-05
2.245000e+00 -3.416186e-05
2.250000e+00 -2.884600e-05
2.255000e+00 -2.235815e-05
2.260000e+00 -1.497928e-05
2.265000e+00 -7.035838e-06
2.270000e+00 1.144503e-06
2.275000e+00 9.256848e-06
2.280000e+00 1.701761e-05
2.285000e+00 2.413736e-05
2.290000e+00 3.034439e-05
2.295000e+00 3.536922e-05
2.300000e+00 3.896357e-05
2.305000e+00 4.097369e-05
2.310000e+00 4.131279e-05
2.315000e+00 3.998207e-05
2.320000e+00 3.708681e-05
2.325000e+00 3.275033e-05
2.330000e+00 2.713343e-05
2.335000e+00 2.045013e-05
2.340000e+00 1.295131e-05
2.345000e+00 4.927402e-06
2.350000e+00 -3.327771e-06
2.355000e+00 -1.148965e-05
2.360000e+00 -1.919877e-05
2.365000e+00 -2.611955e-05
2.370000e+00 -3.196686e-05
2.375000e+00 -3.650726e-05
2.380000e+00 -3.957773e-05
2.385000e+00 -4.109871e-05
2.390000e+00 -4.102624e-05
2.395000e+00 -3.934954e-05
2.400000e+00 -3.611236e-05
2.405000e+00 -3.141267e-05
2.410000e+00 -2.543428e-05
2.415000e+00 -1.841688e-05
2.420000e+00 -1.064590e-05
2.425000e+00 -2.467045e-06
2.430000e+00 5.765820e-06
2.435000e+00 1.371608e-05
2.440000e+00 2.109017e-05
2.445000e+00 2.762636e-05
2.450000e+00 3.308081e-05
2.455000e+00 3.725018e-05
2.460000e+00 3.995099e-05
2.465000e+00 4.105120e-05
2.470000e+00 4.049116e-05
2.475000e+00 3.828193e-05
2.480000e+00 3.454020e-05
2.485000e+00 2.943957e-05
2.490000e+00 2.319225e-05
2.495000e+00 1.606974e-05
2.500000e+00 8.354871e-06
2.505000e+00 3.332070e-07
2.510000e+00 -7.719670e-06
2.515000e+00 -1.555706e-05
2.520000e+00 -2.293748e-05
2.525000e+00 -2.963567e-05
2.530000e+00 -3.544898e-05
2.535000e+00 -4.020073e-05
2.540000e+00 -4.375102e-05
2.545000e+00 -4.599769e-05
2.550000e+00 -4.687775e-05
2.555000e+00 -4.634361e-05
2.560000e+00 -4.437559e-05
2.565000e+00 -4.101698e-05
2.570000e+00 -3.639511e-05
2.575000e+00 -3.071869e-05
2.580000e+00 -2.424401e-05
2.585000e+00 -1.726461e-05
2.590000e+00 -1.005100e-05
2.595000e+00 -2.796430e-06
2.600000e+00 4.369796e-06
2.605000e+00 1.136641e-05
2.610000e+00 1.811033e-05
2.615000e+00 2.448794e-05
2.620000e+00 3.035020e-05
2.625000e+00 3.550660e-05
2.630000e+00 3.973988e-05
2.635000e+00 4.283512e-05
2.640000e+00 4.461397e-05
2.645000e+00 4.494312e-05
2.650000e+00 4.377829e-05
2.655000e+00 4.120227e-05
2.660000e+00 3.739857e-05
2.665000e+00 3.261010e-05
2.670000e+00 2.705032e-05
2.675000e+00 2.086738e-05
2.680000e+00 1.418217e-05
2.685000e+00 7.107439e-06
2.690000e+00 -1.809939e-07
2.695000e+00 -7.415397e-06
2.700000e+00 -1.429023e-05
2.705000e+00 -2.051224e-05
2.710000e+00 -2.587284e-05
2.715000e+00 -3.024155e-05
2.720000e+00 -3.349355e-05
2.725000e+00 -3.549769e-05
2.730000e+00 -3.610771e-05
2.735000e+00 -3.519874e-05
2.740000e+00 -3.275383e-05
2.745000e+00 -2.889741e-05
2.750000e+00 -2.388605e-05
2.755000e+00 -1.802762e-05
2.760000e+00 -1.159973e-05
2.765000e+00 -4.822564e-06
2.770000e+00 2.125730e-06
2.775000e+00 9.048329e-06
2.780000e+00 1.568655e-05
2.785000e+00 2.171694e-05
2.790000e+00 2.682719e-05
2.795000e+00 3.078961e-05
2.800000e+00 3.346974e-05
2.805000e+00 3.481133e-05
2.810000e+00 3.480978e-05
2.815000e+00 3.348531e-05
2.820000e+00 3.086483e-05
2.825000e+00 2.702198e-05
2.830000e+00 2.209674e-05
2.835000e+00 1.627623e-05
2.840000e+00 9.806326e-06
2.845000e+00 2.961487e-06
2.850000e+00 -3.993319e-06
2.855000e+00 -1.079260e-05
2.860000e+00 -1.716682e-05
2.865000e+00 -2.285995e-05
2.870000e+00 -2.764353e-05
2.875000e+00 -3.132347e-05
2.880000e+00 -3.376163e-05
2.885000e+00 -3.488145e-05
2.890000e+00 -3.466352e-05
2.895000e+00 -3.311554e-05
2.900000e+00 -3.024048e-05
2.905000e+00 -2.611110e-05
2.910000e+00 -2.090975e-05
2.915000e+00 -1.487654e-05
2.920000e+00 -8.268877e-06
2.925000e+00 -1.336046e-06
2.930000e+00 5.652180e-06
2.935000e+00 1.241084e-05
2.940000e+00 1.869296e-05
2.945000e+00 2.426158e-05
2.950000e+00 2.888268e-05
2.955000e+00 3.238158e-05
2.960000e+00 3.463534e-05
2.965000e+00 3.552332e-05
2.970000e+00 3.494017e-05
2.975000e+00 3.288382e-05
2.980000e+00 2.950697e-05
2.985000e+00 2.501957e-05
2.990000e+00 1.957119e-05
2.995000e+00 1.331678e-05
3 6.505230e-06
