T X
0 0
5.000000e-03 -1.944919e-09
1.000000e-02 3.492768e-08
1.500000e-02 4.982299e-07
2.000000e-02 4.457649e-06
2.500000e-02 2.835401e-05
3.000000e-02 1.332141e-04
3.500000e-02 4.771831e-04
4.000000e-02 1.328368e-03
4.500000e-02 2.910057e-03
5.000000e-02 5.072168e-03
5.500000e-02 7.159208e-03
6.000000e-02 8.516045e-03
6.500000e-02 9.207613e-03
7.000000e-02 9.793583e-03
7.500000e-02 1.029466e-02
8.000000e-02 1.017014e-02
8.500000e-02 9.422952e-03
9.000000e-02 8.534944e-03
9.500000e-02 7.391162e-03
1.000000e-01 5.709084e-03
1.050000e-01 3.877277e-03
1.100000e-01 2.087581e-03
1.150000e-01 5.201138e-05
1.200000e-01 -1.993869e-03
1.250000e-01 -3.777160e-03
1.300000e-01 -5.562334e-03
1.350000e-01 -7.218289e-03
1.400000e-01 -8.493842e-03
1.450000e-01 -9.566457e-03
1.500000e-01 -1.022343e-02
1.550000e-01 -1.028638e-02
1.600000e-01 -1.004608e-02
1.650000e-01 -9.418237e-03
1.700000e-01 -8.392788e-03
1.750000e-01 -7.153186e-03
1.800000e-01 -5.494909e-03
1.850000e-01 -3.569960e-03
1.900000e-01 -1.641853e-03
1.950000e-01 4.167315e-04
2.000000e-01 2.464611e-03
2.050000e-01 4.416376e-03
2.100000e-01 6.227528e-03
2.150000e-01 7.671617e-03
2.200000e-01 8.869928e-03
2.250000e-01 9.779374e-03
2.300000e-01 1.023162e-02
2.350000e-01 1.030931e-02
2.400000e-01 9.953966e-03
2.450000e-01 9.229852e-03
2.500000e-01 8.127785e-03
2.550000e-01 6.613719e-03
2.600000e-01 4.945532e-03
2.650000e-01 3.084345e-03
2.700000e-01 1.023370e-03
2.750000e-01 -1.038024e-03
2.800000e-01 -3.039062e-03
2.850000e-01 -4.913865e-03
2.900000e-01 -6.661520e-03
2.950000e-01 -8.109899e-03
3.000000e-01 -9.180356e-03
3.050000e-01 -9.987627e-03
3.100000e-01 -1.033619e-02
3.150000e-01 -1.021913e-02
3.200000e-01 -9.766652e-03
3.250000e-01 -8.933433e-03
3.300000e-01 -7.719271e-03
3.350000e-01 -6.182664e-03
3.400000e-01 -4.446560e-03
3.450000e-01 -2.492602e-03
3.500000e-01 -4.272280e-04
3.550000e-01 1.599368e-03
3.600000e-01 3.630248e-03
3.650000e-01 5.492611e-03
3.700000e-01 7.097006e-03
3.750000e-01 8.453603e-03
3.800000e-01 9.462863e-03
3.850000e-01 1.009561e-02
3.900000e-01 1.032419e-02
3.950000e-01 1.017163e-02
4.000000e-01 9.596246e-03
4.050000e-01 8.602240e-03
4.100000e-01 7.304814e-03
4.150000e-01 5.699568e-03
4.200000e-01 3.864760e-03
4.250000e-01 1.885543e-03
4.300000e-01 -1.789732e-04
4.350000e-01 -2.207053e-03
4.400000e-01 -4.160764e-03
4.450000e-01 -5.967484e-03
4.500000e-01 -7.519382e-03
4.550000e-01 -8.786882e-03
4.600000e-01 -9.711629e-03
4.650000e-01 -1.022499e-02
4.700000e-01 -1.032383e-02
4.750000e-01 -1.001777e-02
4.800000e-01 -9.324621e-03
4.850000e-01 -8.251085e-03
4.900000e-01 -6.861975e-03
4.950000e-01 -5.192329e-03
5.000000e-01 -3.313234e-03
5.050000e-01 -1.319787e-03
5.100000e-01 7.800747e-04
5.150000e-01 2.806590e-03
5.200000e-01 4.721245e-03
5.250000e-01 6.482055e-03
5.300000e-01 7.929037e-03
5.350000e-01 9.081432e-03
5.400000e-01 9.874397e-03
5.450000e-01 1.028002e-02
5.500000e-01 1.028718e-02
5.550000e-01 9.876926e-03
5.600000e-01 9.066064e-03
5.650000e-01 7.878923e-03
5.700000e-01 6.395484e-03
5.750000e-01 4.653199e-03
5.800000e-01 2.720130e-03
5.850000e-01 6.775572e-04
5.900000e-01 -1.370709e-03
5.950000e-01 -3.360418e-03
6.000000e-01 -5.247112e-03
6.050000e-01 -6.906997e-03
6.100000e-01 -8.300444e-03
6.150000e-01 -9.380582e-03
6.200000e-01 -1.005966e-02
6.250000e-01 -1.032600e-02
6.300000e-01 -1.017610e-02
6.350000e-01 -9.645115e-03
6.400000e-01 -8.713225e-03
6.450000e-01 -7.425578e-03
6.500000e-01 -5.891380e-03
6.550000e-01 -4.087299e-03
6.600000e-01 -2.124088e-03
6.650000e-01 -1.027469e-04
6.700000e-01 1.965218e-03
6.750000e-01 3.943081e-03
6.800000e-01 5.750365e-03
6.850000e-01 7.333939e-03
6.900000e-01 8.621288e-03
6.950000e-01 9.570286e-03
7.000000e-01 1.014431e-02
7.050000e-01 1.033606e-02
7.100000e-01 1.008845e-02
7.150000e-01 9.440812e-03
7.200000e-01 8.428749e-03
7.250000e-01 7.049135e-03
7.300000e-01 5.402819e-03
7.350000e-01 3.538571e-03
7.400000e-01 1.537683e-03
7.450000e-01 -5.120691e-04
7.500000e-01 -2.550323e-03
7.550000e-01 -4.484785e-03
7.600000e-01 -6.239735e-03
7.650000e-01 -7.759549e-03
7.700000e-01 -8.971958e-03
7.750000e-01 -9.824958e-03
7.800000e-01 -1.028032e-02
7.850000e-01 -1.029702e-02
7.900000e-01 -9.934011e-03
7.950000e-01 -9.182400e-03
8.000000e-01 -8.033993e-03
8.050000e-01 -6.594450e-03
8.100000e-01 -4.890218e-03
8.150000e-01 -2.979373e-03
8.200000e-01 -9.583008e-04
8.250000e-01 1.110546e-03
8.300000e-01 3.139028e-03
8.350000e-01 5.048106e-03
8.400000e-01 6.739050e-03
8.450000e-01 8.141587e-03
8.500000e-01 9.243494e-03
8.550000e-01 9.975761e-03
8.600000e-01 1.030392e-02
8.650000e-01 1.024298e-02
8.700000e-01 9.763406e-03
8.750000e-01 8.884367e-03
8.800000e-01 7.658063e-03
8.850000e-01 6.132148e-03
8.900000e-01 4.338752e-03
8.950000e-01 2.376150e-03
9.000000e-01 3.464254e-04
9.050000e-01 -1.715561e-03
9.100000e-01 -3.694877e-03
9.150000e-01 -5.528891e-03
9.200000e-01 -7.161841e-03
9.250000e-01 -8.512115e-03
9.300000e-01 -9.517614e-03
9.350000e-01 -1.012932e-02
9.400000e-01 -1.034832e-02
9.450000e-01 -1.014462e-02
9.500000e-01 -9.532365e-03
9.550000e-01 -8.548126e-03
9.600000e-01 -7.229748e-03
9.650000e-01 -5.622383e-03
9.700000e-01 -3.795185e-03
9.750000e-01 -1.810914e-03
9.800000e-01 2.530905e-04
9.850000e-01 2.303313e-03
9.900000e-01 4.278488e-03
9.950000e-01 6.058904e-03
1 7.604976e-03
1.005000e+00 8.828681e-03
1.010000e+00 9.704365e-03
1.015000e+00 1.023296e-02
1.020000e+00 1.030695e-02
1.025000e+00 1.000950e-02
1.030000e+00 9.306632e-03
1.035000e+00 8.199984e-03
1.040000e+00 6.803418e-03
1.045000e+00 5.107708e-03
1.050000e+00 3.212855e-03
1.055000e+00 1.189197e-03
1.060000e+00 -8.639664e-04
1.065000e+00 -2.874999e-03
1.070000e+00 -4.804072e-03
1.075000e+00 -6.503702e-03
1.080000e+00 -7.987075e-03
1.085000e+00 -9.153094e-03
1.090000e+00 -9.918149e-03
1.095000e+00 -1.031196e-02
1.100000e+00 -1.027156e-02
1.105000e+00 -9.841992e-03
1.110000e+00 -9.005426e-03
1.115000e+00 -7.809093e-03
1.120000e+00 -6.327072e-03
1.125000e+00 -4.573621e-03
1.130000e+00 -2.649369e-03
1.135000e+00 -6.157910e-04
1.140000e+00 1.454345e-03
1.145000e+00 3.480031e-03
1.150000e+00 5.345406e-03
1.155000e+00 6.992223e-03
1.160000e+00 8.393018e-03
1.165000e+00 9.439556e-03
1.170000e+00 1.012417e-02
1.175000e+00 1.040694e-02
1.180000e+00 1.019509e-02
1.185000e+00 9.453796e-03
1.190000e+00 8.085394e-03
1.195000e+00 6.038998e-03
1.200000e+00 3.314490e-03
1.205000e+00 -3.529009e-05
1.210000e+00 -3.772696e-03
1.215000e+00 -7.621303e-03
1.220000e+00 -1.120096e-02
1.225000e+00 -1.416236e-02
1.230000e+00 -1.634969e-02
1.235000e+00 -1.768260e-02
1.240000e+00 -1.826964e-02
1.245000e+00 -1.824697e-02
1.250000e+00 -1.767319e-02
1.255000e+00 -1.650163e-02
1.260000e+00 -1.456382e-02
1.265000e+00 -1.174258e-02
1.270000e+00 -8.011570e-03
1.275000e+00 -3.558327e-03
1.280000e+00 1.338596e-03
1.285000e+00 6.477243e-03
1.290000e+00 1.163748e-02
1.295000e+00 1.662784e-02
1.300000e+00 2.118631e-02
1.305000e+00 2.486884e-02
1.310000e+00 2.727221e-02
1.315000e+00 2.822205e-02
1.320000e+00 2.782312e-02
1.325000e+00 2.641397e-02
1.330000e+00 2.427825e-02
1.335000e+00 2.147961e-02
1.340000e+00 1.789702e-02
1.345000e+00 1.340304e-02
1.350000e+00 8.143716e-03
1.355000e+00 2.477453e-03
1.360000e+00 -3.193477e-03
1.365000e+00 -8.558757e-03
1.370000e+00 -1.349279e-02
1.375000e+00 -1.798905e-02
1.380000e+00 -2.192452e-02
1.385000e+00 -2.505814e-02
1.390000e+00 -2.722720e-02
1.395000e+00 -2.826967e-02
1.400000e+00 -2.810836e-02
1.405000e+00 -2.674906e-02
1.410000e+00 -2.424973e-02
1.415000e+00 -2.081868e-02
1.420000e+00 -1.666605e-02
1.425000e+00 -1.194032e-02
1.430000e+00 -6.752654e-03
1.435000e+00 -1.215342e-03
1.440000e+00 4.496087e-03
1.445000e+00 1.007081e-02
1.450000e+00 1.511040e-02
1.455000e+00 1.935586e-02
1.460000e+00 2.289922e-02
1.465000e+00 2.587362e-02
1.470000e+00 2.782885e-02
1.475000e+00 2.826623e-02
1.480000e+00 2.748612e-02
1.485000e+00 2.599451e-02
1.490000e+00 2.363669e-02
1.495000e+00 2.005253e-02
1.500000e+00 1.549457e-02
1.505000e+00 1.045824e-02
1.510000e+00 5.073998e-03
1.515000e+00 -5.170747e-04
1.520000e+00 -6.011330e-03
1.525000e+00 -1.134757e-02
1.530000e+00 -1.640999e-02
1.535000e+00 -2.073752e-02
1.540000e+00 -2.406824e-02
1.545000e+00 -2.647480e-02
1.550000e+00 -2.788158e-02
1.555000e+00 -2.821304e-02
1.560000e+00 -2.753279e-02
1.565000e+00 -2.566701e-02
1.570000e+00 -2.257036e-02
1.575000e+00 -1.863103e-02
1.580000e+00 -1.414533e-02
1.585000e+00 -9.138072e-03
1.590000e+00 -3.614824e-03
1.595000e+00 2.194360e-03
1.600000e+00 7.851739e-03
1.605000e+00 1.296221e-02
1.610000e+00 1.755617e-02
1.615000e+00 2.179077e-02
1.620000e+00 2.512050e-02
1.625000e+00 2.712767e-02
1.630000e+00 2.815446e-02
1.635000e+00 2.824722e-02
1.640000e+00 2.710504e-02
1.645000e+00 2.477170e-02
1.650000e+00 2.155113e-02
1.655000e+00 1.758354e-02
1.660000e+00 1.280884e-02
1.665000e+00 7.406250e-03
1.670000e+00 1.793178e-03
1.675000e+00 -3.782515e-03
1.680000e+00 -9.298838e-03
1.685000e+00 -1.452930e-02
1.690000e+00 -1.904606e-02
1.695000e+00 -2.283875e-02
1.700000e+00 -2.580178e-02
1.705000e+00 -2.757899e-02
1.710000e+00 -2.832975e-02
1.715000e+00 -2.812998e-02
1.720000e+00 -2.664562e-02
1.725000e+00 -2.396398e-02
1.730000e+00 -2.048070e-02
1.735000e+00 -1.624871e-02
1.740000e+00 -1.125267e-02
1.745000e+00 -5.781341e-03
1.750000e+00 -1.515848e-04
1.755000e+00 5.465409e-03
1.760000e+00 1.090404e-02
1.765000e+00 1.591373e-02
1.770000e+00 2.031452e-02
1.775000e+00 2.391662e-02
1.780000e+00 2.644364e-02
1.785000e+00 2.799033e-02
1.790000e+00 2.854908e-02
1.795000e+00 2.775656e-02
1.800000e+00 2.584950e-02
1.805000e+00 2.314886e-02
1.810000e+00 1.939849e-02
1.815000e+00 1.476133e-02
1.820000e+00 9.698207e-03
1.825000e+00 4.216039e-03
1.830000e+00 -1.539568e-03
1.835000e+00 -7.157334e-03
1.840000e+00 -1.244714e-02
1.845000e+00 -1.731349e-02
1.850000e+00 -2.149103e-02
1.855000e+00 -2.474381e-02
1.860000e+00 -2.703380e-02
1.865000e+00 -2.827785e-02
1.870000e+00 -2.839555e-02
1.875000e+00 -2.738912e-02
1.880000e+00 -2.522210e-02
1.885000e+00 -2.207147e-02
1.890000e+00 -1.813140e-02
1.895000e+00 -1.334953e-02
1.900000e+00 -8.036391e-03
1.905000e+00 -2.555317e-03
1.910000e+00 3.153755e-03
1.915000e+00 8.759559e-03
1.920000e+00 1.388325e-02
1.925000e+00 1.859691e-02
1.930000e+00 2.257385e-02
1.935000e+00 2.553018e-02
1.940000e+00 2.757465e-02
1.945000e+00 2.852673e-02
1.950000e+00 2.822319e-02
1.955000e+00 2.685600e-02
1.960000e+00 2.448505e-02
1.965000e+00 2.105022e-02
1.970000e+00 1.679601e-02
1.975000e+00 1.192318e-02
1.980000e+00 6.522956e-03
1.985000e+00 8.494731e-04
1.990000e+00 -4.830703e-03
1.995000e+00 -1.033433e-02
2 -1.540032e-02
2.005000e+00 -1.987007e-02
2.010000e+00 -2.356463e-02
2.015000e+00 -2.623767e-02
2.020000e+00 -2.796622e-02
2.025000e+00 -2.857592e-02
2.030000e+00 -2.795280e-02
2.035000e+00 -2.633587e-02
2.040000e+00 -2.362306e-02
2.045000e+00 -1.988819e-02
2.050000e+00 -1.545816e-02
2.055000e+00 -1.036984e-02
2.060000e+00 -4.855799e-03
2.065000e+00 7.738186e-04
2.070000e+00 6.459188e-03
2.075000e+00 1.186894e-02
2.080000e+00 1.673402e-02
2.085000e+00 2.103482e-02
2.090000e+00 2.448016e-02
2.095000e+00 2.688665e-02
2.100000e+00 2.828985e-02
2.105000e+00 2.852305e-02
2.110000e+00 2.757390e-02
2.115000e+00 2.562201e-02
2.120000e+00 2.263011e-02
2.125000e+00 1.867613e-02
2.130000e+00 1.404508e-02
2.135000e+00 8.849630e-03
2.140000e+00 3.256968e-03
2.145000e+00 -2.455537e-03
2.150000e+00 -8.061418e-03
2.155000e+00 -1.333691e-02
2.160000e+00 -1.811615e-02
2.165000e+00 -2.211969e-02
2.170000e+00 -2.522255e-02
2.175000e+00 -2.742475e-02
2.180000e+00 -2.845775e-02
2.185000e+00 -2.834809e-02
2.190000e+00 -2.718896e-02
2.195000e+00 -2.485834e-02
2.200000e+00 -2.156909e-02
2.205000e+00 -1.743340e-02
2.210000e+00 -1.253417e-02
2.215000e+00 -7.217715e-03
2.220000e+00 -1.602105e-03
2.225000e+00 4.115755e-03
2.230000e+00 9.609159e-03
2.235000e+00 1.476551e-02
2.240000e+00 1.935668e-02
2.245000e+00 2.311248e-02
2.250000e+00 2.598586e-02
2.255000e+00 2.785091e-02
2.260000e+00 2.854581e-02
2.265000e+00 2.811906e-02
2.270000e+00 2.657459e-02
2.275000e+00 2.396551e-02
2.280000e+00 2.044174e-02
2.285000e+00 1.607035e-02
2.290000e+00 1.107167e-02
2.295000e+00 5.623346e-03
2.300000e+00 -7.444440e-05
2.305000e+00 -5.719059e-03
2.310000e+00 -1.118249e-02
2.315000e+00 -1.619246e-02
2.320000e+00 -2.052485e-02
2.325000e+00 -2.405421e-02
2.330000e+00 -2.659913e-02
2.335000e+00 -2.816290e-02
2.340000e+00 -2.857102e-02
2.345000e+00 -2.780820e-02
2.350000e+00 -2.605228e-02
2.355000e+00 -2.317620e-02
2.360000e+00 -1.937387e-02
2.365000e+00 -1.487179e-02
2.370000e+00 -9.678464e-03
2.375000e+00 -4.123171e-03
2.380000e+00 1.598176e-03
2.385000e+00 7.318750e-03
2.390000e+00 1.270414e-02
2.395000e+00 1.764922e-02
2.400000e+00 2.189139e-02
2.405000e+00 2.516143e-02
2.410000e+00 2.742971e-02
2.415000e+00 2.848490e-02
2.420000e+00 2.821173e-02
2.425000e+00 2.665292e-02
2.430000e+00 2.370358e-02
2.435000e+00 1.943205e-02
2.440000e+00 1.402904e-02
2.445000e+00 7.667395e-03
2.450000e+00 7.030463e-04
2.455000e+00 -6.466111e-03
2.460000e+00 -1.336855e-02
2.465000e+00 -1.956434e-02
2.470000e+00 -2.478935e-02
2.475000e+00 -2.883531e-02
2.480000e+00 -3.161733e-02
2.485000e+00 -3.315675e-02
2.490000e+00 -3.343945e-02
2.495000e+00 -3.242732e-02
2.500000e+00 -3.007493e-02
2.505000e+00 -2.629206e-02
2.510000e+00 -2.102374e-02
2.515000e+00 -1.439498e-02
2.520000e+00 -6.755288e-03
2.525000e+00 1.524977e-03
2.530000e+00 9.918534e-03
2.535000e+00 1.790222e-02
2.540000e+00 2.509672e-02
2.545000e+00 3.110344e-02
2.550000e+00 3.582374e-02
2.555000e+00 3.905734e-02
2.560000e+00 4.062914e-02
2.565000e+00 4.064213e-02
2.570000e+00 3.898521e-02
2.575000e+00 3.585498e-02
2.580000e+00 3.149547e-02
2.585000e+00 2.596061e-02
2.590000e+00 1.951519e-02
2.595000e+00 1.219214e-02
2.600000e+00 4.181786e-03
2.605000e+00 -4.137862e-03
2.610000e+00 -1.240028e-02
2.615000e+00 -2.004387e-02
2.620000e+00 -2.673248e-02
2.625000e+00 -3.225104e-02
2.630000e+00 -3.655395e-02
2.635000e+00 -3.960894e-02
2.640000e+00 -4.120896e-02
2.645000e+00 -4.119372e-02
2.650000e+00 -3.930334e-02
2.655000e+00 -3.560525e-02
2.660000e+00 -3.047655e-02
2.665000e+00 -2.425528e-02
2.670000e+00 -1.730708e-02
2.675000e+00 -9.823266e-03
2.680000e+00 -1.878477e-03
2.685000e+00 6.344385e-03
2.690000e+00 1.448386e-02
2.695000e+00 2.202997e-02
2.700000e+00 2.858713e-02
2.705000e+00 3.386358e-02
2.710000e+00 3.774050e-02
2.715000e+00 4.022962e-02
2.720000e+00 4.121098e-02
2.725000e+00 4.063853e-02
2.730000e+00 3.836995e-02
2.735000e+00 3.444583e-02
2.740000e+00 2.918005e-02
2.745000e+00 2.272337e-02
2.750000e+00 1.539857e-02
2.755000e+00 7.509779e-03
2.760000e+00 -7.021917e-04
2.765000e+00 -8.860856e-03
2.770000e+00 -1.670029e-02
2.775000e+00 -2.388970e-02
2.780000e+00 -3.013746e-02
2.785000e+00 -3.522195e-02
2.790000e+00 -3.885480e-02
2.795000e+00 -4.091517e-02
2.800000e+00 -4.136003e-02
2.805000e+00 -4.014450e-02
2.810000e+00 -3.733987e-02
2.815000e+00 -3.308822e-02
2.820000e+00 -2.751625e-02
2.825000e+00 -2.081448e-02
2.830000e+00 -1.325988e-02
2.835000e+00 -5.197466e-03
2.840000e+00 3.061059e-03
2.845000e+00 1.123721e-02
2.850000e+00 1.896580e-02
2.855000e+00 2.589066e-02
2.860000e+00 3.177430e-02
2.865000e+00 3.643523e-02
2.870000e+00 3.964976e-02
2.875000e+00 4.127216e-02
2.880000e+00 4.127084e-02
2.885000e+00 3.966064e-02
2.890000e+00 3.641339e-02
2.895000e+00 3.162001e-02
2.900000e+00 2.562032e-02
2.905000e+00 1.873136e-02
2.910000e+00 1.110511e-02
2.915000e+00 2.893271e-03
2.920000e+00 -5.506186e-03
2.925000e+00 -1.361937e-02
2.930000e+00 -2.107833e-02
2.935000e+00 -2.766522e-02
2.940000e+00 -3.327890e-02
2.945000e+00 -3.767589e-02
2.950000e+00 -4.052327e-02
2.955000e+00 -4.160708e-02
2.960000e+00 -4.098177e-02
2.965000e+00 -3.882896e-02
2.970000e+00 -3.522457e-02
2.975000e+00 -3.025062e-02
2.980000e+00 -2.396945e-02
2.985000e+00 -1.655573e-02
2.990000e+00 -8.506276e-03
2.995000e+00 -3.635046e-04
3 7.701756e-03
