T X
0 0
5.000000e-03 4.180024e-11
1.000000e-02 -3.098585e-11
1.500000e-02 -8.011479e-11
2.000000e-02 -7.382114e-11
2.500000e-02 -2.489021e-10
3.000000e-02 3.554390e-10
3.500000e-02 1.349184e-08
4.000000e-02 1.291584e-07
4.500000e-02 8.485947e-07
5.000000e-02 4.385311e-06
5.500000e-02 1.874416e-05
6.000000e-02 6.791540e-05
6.500000e-02 2.110568e-04
7.000000e-02 5.651988e-04
7.500000e-02 1.305553e-03
8.000000e-02 2.598865e-03
8.500000e-02 4.452213e-03
9.000000e-02 6.565595e-03
9.500000e-02 8.383836e-03
1.000000e-01 9.448567e-03
1.050000e-01 9.787745e-03
1.100000e-01 9.845234e-03
1.150000e-01 9.890428e-03
1.200000e-01 9.639423e-03
1.250000e-01 8.707741e-03
1.300000e-01 7.259190e-03
1.350000e-01 5.751323e-03
1.400000e-01 4.180577e-03
1.450000e-01 2.233324e-03
1.500000e-01 7.194387e-05
1.550000e-01 -1.850048e-03
1.600000e-01 -3.589535e-03
1.650000e-01 -5.407451e-03
1.700000e-01 -7.034152e-03
1.750000e-01 -8.182771e-03
1.800000e-01 -9.098920e-03
1.850000e-01 -9.833238e-03
1.900000e-01 -1.002800e-02
1.950000e-01 -9.742965e-03
2.000000e-01 -9.232750e-03
2.050000e-01 -8.299460e-03
2.100000e-01 -6.927695e-03
2.150000e-01 -5.452268e-03
2.200000e-01 -3.764248e-03
2.250000e-01 -1.736020e-03
2.300000e-01 2.663524e-04
2.350000e-01 2.166703e-03
2.400000e-01 4.087918e-03
2.450000e-01 5.779365e-03
2.500000e-01 7.224581e-03
2.550000e-01 8.531241e-03
2.600000e-01 9.378507e-03
2.650000e-01 9.752404e-03
2.700000e-01 9.899852e-03
2.750000e-01 9.636410e-03
2.800000e-01 8.930980e-03
2.850000e-01 7.932006e-03
2.900000e-01 6.544432e-03
2.950000e-01 4.920614e-03
3.000000e-01 3.175193e-03
3.050000e-01 1.177006e-03
3.100000e-01 -8.145636e-04
3.150000e-01 -2.672420e-03
3.200000e-01 -4.554767e-03
3.250000e-01 -6.232643e-03
3.300000e-01 -7.605878e-03
3.350000e-01 -8.746022e-03
3.400000e-01 -9.490767e-03
3.450000e-01 -9.868377e-03
3.500000e-01 -9.869924e-03
3.550000e-01 -9.410143e-03
3.600000e-01 -8.650382e-03
3.650000e-01 -7.538274e-03
3.700000e-01 -6.067346e-03
3.750000e-01 -4.446026e-03
3.800000e-01 -2.605705e-03
3.850000e-01 -6.123393e-04
3.900000e-01 1.351629e-03
3.950000e-01 3.298130e-03
4.000000e-01 5.086021e-03
4.050000e-01 6.640536e-03
4.100000e-01 7.979679e-03
4.150000e-01 8.979785e-03
4.200000e-01 9.621223e-03
4.250000e-01 9.889503e-03
4.300000e-01 9.766962e-03
4.350000e-01 9.273728e-03
4.400000e-01 8.350531e-03
4.450000e-01 7.108887e-03
4.500000e-01 5.637047e-03
4.550000e-01 3.884056e-03
4.600000e-01 1.998477e-03
4.650000e-01 6.155968e-05
4.700000e-01 -1.927848e-03
4.750000e-01 -3.816312e-03
4.800000e-01 -5.543651e-03
4.850000e-01 -7.080307e-03
4.900000e-01 -8.327821e-03
4.950000e-01 -9.220529e-03
5.000000e-01 -9.744863e-03
5.050000e-01 -9.913329e-03
5.100000e-01 -9.647192e-03
5.150000e-01 -9.010059e-03
5.200000e-01 -8.063494e-03
5.250000e-01 -6.706766e-03
5.300000e-01 -5.130790e-03
5.350000e-01 -3.390292e-03
5.400000e-01 -1.420635e-03
5.450000e-01 5.403192e-04
5.500000e-01 2.477652e-03
5.550000e-01 4.361352e-03
5.600000e-01 6.023207e-03
5.650000e-01 7.466715e-03
5.700000e-01 8.619273e-03
5.750000e-01 9.406331e-03
5.800000e-01 9.830271e-03
5.850000e-01 9.894997e-03
5.900000e-01 9.539030e-03
5.950000e-01 8.786206e-03
6.000000e-01 7.741514e-03
6.050000e-01 6.331449e-03
6.100000e-01 4.668952e-03
6.150000e-01 2.849957e-03
6.200000e-01 8.611366e-04
6.250000e-01 -1.098763e-03
6.300000e-01 -3.043898e-03
6.350000e-01 -4.892474e-03
6.400000e-01 -6.482115e-03
6.450000e-01 -7.865679e-03
6.500000e-01 -8.915882e-03
6.550000e-01 -9.594251e-03
6.600000e-01 -9.905112e-03
6.650000e-01 -9.803162e-03
6.700000e-01 -9.314885e-03
6.750000e-01 -8.446757e-03
6.800000e-01 -7.273561e-03
6.850000e-01 -5.794929e-03
6.900000e-01 -4.092496e-03
6.950000e-01 -2.248888e-03
7.000000e-01 -2.833860e-04
7.050000e-01 1.676029e-03
7.100000e-01 3.571119e-03
7.150000e-01 5.326616e-03
7.200000e-01 6.882991e-03
7.250000e-01 8.148990e-03
7.300000e-01 9.079908e-03
7.350000e-01 9.681060e-03
7.400000e-01 9.892842e-03
7.450000e-01 9.709423e-03
7.500000e-01 9.121620e-03
7.550000e-01 8.194759e-03
7.600000e-01 6.910522e-03
7.650000e-01 5.346742e-03
7.700000e-01 3.595935e-03
7.750000e-01 1.666232e-03
7.800000e-01 -2.789289e-04
7.850000e-01 -2.238045e-03
7.900000e-01 -4.111786e-03
7.950000e-01 -5.809507e-03
8.000000e-01 -7.298715e-03
8.050000e-01 -8.490578e-03
8.100000e-01 -9.348187e-03
8.150000e-01 -9.803064e-03
8.200000e-01 -9.900844e-03
8.250000e-01 -9.568603e-03
8.300000e-01 -8.869264e-03
8.350000e-01 -7.840735e-03
8.400000e-01 -6.465427e-03
8.450000e-01 -4.868141e-03
8.500000e-01 -3.055270e-03
8.550000e-01 -1.113291e-03
8.600000e-01 8.769250e-04
8.650000e-01 2.806331e-03
8.700000e-01 4.655753e-03
8.750000e-01 6.296984e-03
8.800000e-01 7.668894e-03
8.850000e-01 8.770687e-03
8.900000e-01 9.485431e-03
8.950000e-01 9.879094e-03
9.000000e-01 9.832582e-03
9.050000e-01 9.409863e-03
9.100000e-01 8.621657e-03
9.150000e-01 7.458753e-03
9.200000e-01 6.033814e-03
9.250000e-01 4.328252e-03
9.300000e-01 2.490095e-03
9.350000e-01 5.418771e-04
9.400000e-01 -1.435390e-03
9.450000e-01 -3.352146e-03
9.500000e-01 -5.135543e-03
9.550000e-01 -6.716406e-03
9.600000e-01 -8.046263e-03
9.650000e-01 -9.018715e-03
9.700000e-01 -9.663857e-03
9.750000e-01 -9.916221e-03
9.800000e-01 -9.744943e-03
9.850000e-01 -9.218747e-03
9.900000e-01 -8.322948e-03
9.950000e-01 -7.068833e-03
1 -5.562803e-03
1.005000e+00 -3.820308e-03
1.010000e+00 -1.918491e-03
1.015000e+00 3.383648e-05
1.020000e+00 2.018420e-03
1.025000e+00 3.902232e-03
1.030000e+00 5.629517e-03
1.035000e+00 7.146040e-03
1.040000e+00 8.354714e-03
1.045000e+00 9.242594e-03
1.050000e+00 9.776975e-03
1.055000e+00 9.884125e-03
1.060000e+00 9.626357e-03
1.065000e+00 9.001600e-03
1.070000e+00 7.981920e-03
1.075000e+00 6.666639e-03
1.080000e+00 5.069441e-03
1.085000e+00 3.281182e-03
1.090000e+00 1.360066e-03
1.095000e+00 -6.230434e-04
1.100000e+00 -2.579192e-03
1.105000e+00 -4.415463e-03
1.110000e+00 -6.076973e-03
1.115000e+00 -7.517511e-03
1.120000e+00 -8.617206e-03
1.125000e+00 -9.374075e-03
1.130000e+00 -9.732226e-03
1.135000e+00 -9.717983e-03
1.140000e+00 -9.387313e-03
1.145000e+00 -8.867056e-03
1.150000e+00 -8.318356e-03
1.155000e+00 -7.871592e-03
1.160000e+00 -7.650893e-03
1.165000e+00 -7.608341e-03
1.170000e+00 -7.608401e-03
1.175000e+00 -7.379121e-03
1.180000e+00 -6.718938e-03
1.185000e+00 -5.519091e-03
1.190000e+00 -3.831639e-03
1.195000e+00 -1.956523e-03
1.200000e+00 -1.461317e-04
1.205000e+00 1.436602e-03
1.210000e+00 2.740549e-03
1.215000e+00 3.969423e-03
1.220000e+00 5.241548e-03
1.225000e+00 6.491911e-03
1.230000e+00 7.548626e-03
1.235000e+00 8.169307e-03
1.240000e+00 8.268721e-03
1.245000e+00 7.959084e-03
1.250000e+00 7.455758e-03
1.255000e+00 6.856814e-03
1.260000e+00 6.123993e-03
1.265000e+00 5.009548e-03
1.270000e+00 3.488525e-03
1.275000e+00 1.720066e-03
1.280000e+00 -8.326023e-05
1.285000e+00 -1.639209e-03
1.290000e+00 -2.992530e-03
1.295000e+00 -4.205923e-03
1.300000e+00 -5.221662e-03
1.305000e+00 -5.851239e-03
1.310000e+00 -5.833314e-03
1.315000e+00 -5.010970e-03
1.320000e+00 -3.544950e-03
1.325000e+00 -1.672440e-03
1.330000e+00 4.228816e-04
1.335000e+00 2.595879e-03
1.340000e+00 4.685864e-03
1.345000e+00 6.329632e-03
1.350000e+00 7.379954e-03
1.355000e+00 7.932735e-03
1.360000e+00 8.223333e-03
1.365000e+00 8.416235e-03
1.370000e+00 8.636413e-03
1.375000e+00 8.749930e-03
1.380000e+00 8.239213e-03
1.385000e+00 6.974882e-03
1.390000e+00 5.512091e-03
1.395000e+00 4.169673e-03
1.400000e+00 2.449184e-03
1.405000e+00 4.329278e-04
1.410000e+00 -1.155894e-03
1.415000e+00 -2.426076e-03
1.420000e+00 -4.048675e-03
1.425000e+00 -5.905882e-03
1.430000e+00 -7.397190e-03
1.435000e+00 -8.436084e-03
1.440000e+00 -8.956594e-03
1.445000e+00 -8.960830e-03
1.450000e+00 -8.857936e-03
1.455000e+00 -8.673811e-03
1.460000e+00 -8.022654e-03
1.465000e+00 -6.946977e-03
1.470000e+00 -5.578887e-03
1.475000e+00 -3.836328e-03
1.480000e+00 -1.999553e-03
1.485000e+00 -3.135687e-04
1.490000e+00 1.430872e-03
1.495000e+00 3.184316e-03
1.500000e+00 4.822313e-03
1.505000e+00 6.412198e-03
1.510000e+00 7.610304e-03
1.515000e+00 8.347479e-03
1.520000e+00 8.909636e-03
1.525000e+00 9.151772e-03
1.530000e+00 8.989514e-03
1.535000e+00 8.594446e-03
1.540000e+00 7.734129e-03
1.545000e+00 6.399716e-03
1.550000e+00 5.005422e-03
1.555000e+00 3.439738e-03
1.560000e+00 1.742133e-03
1.565000e+00 -1.777353e-05
1.570000e+00 -1.988929e-03
1.575000e+00 -3.806242e-03
1.580000e+00 -5.261977e-03
1.585000e+00 -6.583875e-03
1.590000e+00 -7.731543e-03
1.595000e+00 -8.589065e-03
1.600000e+00 -9.195254e-03
1.605000e+00 -9.291579e-03
1.610000e+00 -8.863996e-03
1.615000e+00 -8.224359e-03
1.620000e+00 -7.361750e-03
1.625000e+00 -6.269495e-03
1.630000e+00 -4.801254e-03
1.635000e+00 -2.941885e-03
1.640000e+00 -1.136861e-03
1.645000e+00 5.739511e-04
1.650000e+00 2.323549e-03
1.655000e+00 4.049975e-03
1.660000e+00 5.769745e-03
1.665000e+00 7.104766e-03
1.670000e+00 7.915214e-03
1.675000e+00 8.720351e-03
1.680000e+00 9.289672e-03
1.685000e+00 9.274573e-03
1.690000e+00 8.829118e-03
1.695000e+00 8.101180e-03
1.700000e+00 7.228904e-03
1.705000e+00 5.948315e-03
1.710000e+00 4.273528e-03
1.715000e+00 2.560678e-03
1.720000e+00 8.336033e-04
1.725000e+00 -1.003683e-03
1.730000e+00 -2.879200e-03
1.735000e+00 -4.598676e-03
1.740000e+00 -6.048799e-03
1.745000e+00 -7.352612e-03
1.750000e+00 -8.357932e-03
1.755000e+00 -8.938104e-03
1.760000e+00 -9.352165e-03
1.765000e+00 -9.301561e-03
1.770000e+00 -8.755339e-03
1.775000e+00 -7.994470e-03
1.780000e+00 -6.901700e-03
1.785000e+00 -5.557914e-03
1.790000e+00 -3.954260e-03
1.795000e+00 -2.157414e-03
1.800000e+00 -3.833715e-04
1.805000e+00 1.518770e-03
1.810000e+00 3.355257e-03
1.815000e+00 4.971981e-03
1.820000e+00 6.545628e-03
1.825000e+00 7.722087e-03
1.830000e+00 8.544003e-03
1.835000e+00 9.194054e-03
1.840000e+00 9.440845e-03
1.845000e+00 9.261339e-03
1.850000e+00 8.649957e-03
1.855000e+00 7.865035e-03
1.860000e+00 6.739044e-03
1.865000e+00 5.112525e-03
1.870000e+00 3.482071e-03
1.875000e+00 1.702762e-03
1.880000e+00 -1.743717e-04
1.885000e+00 -1.969346e-03
1.890000e+00 -3.796545e-03
1.895000e+00 -5.420472e-03
1.900000e+00 -6.822818e-03
1.905000e+00 -7.953184e-03
1.910000e+00 -8.800829e-03
1.915000e+00 -9.299055e-03
1.920000e+00 -9.359624e-03
1.925000e+00 -9.129478e-03
1.930000e+00 -8.487024e-03
1.935000e+00 -7.511728e-03
1.940000e+00 -6.338111e-03
1.945000e+00 -4.839652e-03
1.950000e+00 -3.107922e-03
1.955000e+00 -1.291762e-03
1.960000e+00 5.529901e-04
1.965000e+00 2.455836e-03
1.970000e+00 4.225701e-03
1.975000e+00 5.759218e-03
1.980000e+00 7.198290e-03
1.985000e+00 8.244353e-03
1.990000e+00 8.947250e-03
1.995000e+00 9.395619e-03
2 9.388635e-03
2.005000e+00 9.045721e-03
2.010000e+00 8.323939e-03
2.015000e+00 7.267200e-03
2.020000e+00 5.923141e-03
2.025000e+00 4.351528e-03
2.030000e+00 2.655777e-03
2.035000e+00 7.561256e-04
2.040000e+00 -1.109120e-03
2.045000e+00 -2.906763e-03
2.050000e+00 -4.650155e-03
2.055000e+00 -6.158002e-03
2.060000e+00 -7.476846e-03
2.065000e+00 -8.474165e-03
2.070000e+00 -9.109422e-03
2.075000e+00 -9.404171e-03
2.080000e+00 -9.315096e-03
2.085000e+00 -8.863749e-03
2.090000e+00 -8.052233e-03
2.095000e+00 -6.930317e-03
2.100000e+00 -5.494727e-03
2.105000e+00 -3.905085e-03
2.110000e+00 -2.145163e-03
2.115000e+00 -2.294143e-04
2.120000e+00 1.590619e-03
2.125000e+00 3.384068e-03
2.130000e+00 5.107092e-03
2.135000e+00 6.548240e-03
2.140000e+00 7.716136e-03
2.145000e+00 8.652947e-03
2.150000e+00 9.173866e-03
2.155000e+00 9.353667e-03
2.160000e+00 9.212782e-03
2.165000e+00 8.604794e-03
2.170000e+00 7.752281e-03
2.175000e+00 6.581431e-03
2.180000e+00 5.063817e-03
2.185000e+00 3.396167e-03
2.190000e+00 1.604082e-03
2.195000e+00 -2.761312e-04
2.200000e+00 -2.136019e-03
2.205000e+00 -3.857713e-03
2.210000e+00 -5.483671e-03
2.215000e+00 -6.909808e-03
2.220000e+00 -8.014441e-03
2.225000e+00 -8.809440e-03
2.230000e+00 -9.265288e-03
2.235000e+00 -9.333625e-03
2.240000e+00 -9.040835e-03
2.245000e+00 -8.384687e-03
2.250000e+00 -7.354179e-03
2.255000e+00 -6.082009e-03
2.260000e+00 -4.572574e-03
2.265000e+00 -2.882912e-03
2.270000e+00 -1.048678e-03
2.275000e+00 8.084803e-04
2.280000e+00 2.615302e-03
2.285000e+00 4.442247e-03
2.290000e+00 5.941793e-03
2.295000e+00 7.189154e-03
2.300000e+00 8.229612e-03
2.305000e+00 8.825109e-03
2.310000e+00 9.164437e-03
2.315000e+00 9.088866e-03
2.320000e+00 8.658508e-03
2.325000e+00 7.927840e-03
2.330000e+00 6.852376e-03
2.335000e+00 5.575905e-03
2.340000e+00 4.014537e-03
2.345000e+00 2.354062e-03
2.350000e+00 5.968959e-04
2.355000e+00 -1.230827e-03
2.360000e+00 -2.985650e-03
2.365000e+00 -4.683084e-03
2.370000e+00 -6.200605e-03
2.375000e+00 -7.557105e-03
2.380000e+00 -8.806106e-03
2.385000e+00 -9.941243e-03
2.390000e+00 -1.108575e-02
2.395000e+00 -1.223274e-02
2.400000e+00 -1.331109e-02
2.405000e+00 -1.424606e-02
2.410000e+00 -1.482931e-02
2.415000e+00 -1.484326e-02
2.420000e+00 -1.407045e-02
2.425000e+00 -1.253757e-02
2.430000e+00 -1.026675e-02
2.435000e+00 -7.452101e-03
2.440000e+00 -4.403908e-03
2.445000e+00 -1.234983e-03
2.450000e+00 1.651458e-03
2.455000e+00 4.337157e-03
2.460000e+00 6.925286e-03
2.465000e+00 9.176709e-03
2.470000e+00 1.132675e-02
2.475000e+00 1.321672e-02
2.480000e+00 1.452905e-02
2.485000e+00 1.529483e-02
2.490000e+00 1.530439e-02
2.495000e+00 1.447888e-02
2.500000e+00 1.311603e-02
2.505000e+00 1.133767e-02
2.510000e+00 9.210830e-03
2.515000e+00 6.871363e-03
2.520000e+00 4.190968e-03
2.525000e+00 1.241062e-03
2.530000e+00 -1.768924e-03
2.535000e+00 -4.599638e-03
2.540000e+00 -6.771933e-03
2.545000e+00 -8.144206e-03
2.550000e+00 -8.792824e-03
2.555000e+00 -8.720206e-03
2.560000e+00 -8.180519e-03
2.565000e+00 -7.250997e-03
2.570000e+00 -5.815087e-03
2.575000e+00 -4.080898e-03
2.580000e+00 -2.191716e-03
2.585000e+00 -4.268977e-04
2.590000e+00 9.515504e-04
2.595000e+00 2.100097e-03
2.600000e+00 3.187384e-03
2.605000e+00 4.372836e-03
2.610000e+00 5.785252e-03
2.615000e+00 7.169472e-03
2.620000e+00 8.229300e-03
2.625000e+00 8.809932e-03
2.630000e+00 8.870216e-03
2.635000e+00 8.430739e-03
2.640000e+00 7.644289e-03
2.645000e+00 6.673850e-03
2.650000e+00 5.385489e-03
2.655000e+00 4.005869e-03
2.660000e+00 2.543701e-03
2.665000e+00 9.407092e-04
2.670000e+00 -7.098615e-04
2.675000e+00 -2.571153e-03
2.680000e+00 -4.428286e-03
2.685000e+00 -6.013448e-03
2.690000e+00 -7.262751e-03
2.695000e+00 -7.975079e-03
2.700000e+00 -8.303583e-03
2.705000e+00 -8.555763e-03
2.710000e+00 -8.651847e-03
2.715000e+00 -8.521491e-03
2.720000e+00 -7.929482e-03
2.725000e+00 -6.721898e-03
2.730000e+00 -5.108657e-03
2.735000e+00 -3.422058e-03
2.740000e+00 -1.821480e-03
2.745000e+00 -3.510657e-04
2.750000e+00 1.161818e-03
2.755000e+00 2.876308e-03
2.760000e+00 4.581378e-03
2.765000e+00 6.165210e-03
2.770000e+00 7.382436e-03
2.775000e+00 8.164889e-03
2.780000e+00 8.599684e-03
2.785000e+00 8.743166e-03
2.790000e+00 8.661093e-03
2.795000e+00 8.249522e-03
2.800000e+00 7.501426e-03
2.805000e+00 6.443870e-03
2.810000e+00 5.110063e-03
2.815000e+00 3.497745e-03
2.820000e+00 1.651809e-03
2.825000e+00 -1.532551e-04
2.830000e+00 -1.762062e-03
2.835000e+00 -3.337442e-03
2.840000e+00 -4.877180e-03
2.845000e+00 -6.430607e-03
2.850000e+00 -7.741926e-03
2.855000e+00 -8.450039e-03
2.860000e+00 -8.791940e-03
2.865000e+00 -8.852562e-03
2.870000e+00 -8.740384e-03
2.875000e+00 -8.369744e-03
2.880000e+00 -7.420535e-03
2.885000e+00 -6.106943e-03
2.890000e+00 -4.610374e-03
2.895000e+00 -3.002608e-03
2.900000e+00 -1.420158e-03
2.905000e+00 2.701684e-04
2.910000e+00 2.191439e-03
2.915000e+00 4.115444e-03
2.920000e+00 5.658824e-03
2.925000e+00 6.761691e-03
2.930000e+00 7.635675e-03
2.935000e+00 8.614644e-03
2.940000e+00 9.320633e-03
2.945000e+00 9.177088e-03
2.950000e+00 8.609987e-03
2.955000e+00 8.044605e-03
2.960000e+00 7.242357e-03
2.965000e+00 5.916728e-03
2.970000e+00 4.331326e-03
2.975000e+00 2.737187e-03
2.980000e+00 9.419853e-04
2.985000e+00 -1.030474e-03
2.990000e+00 -2.790406e-03
2.995000e+00 -4.361346e-03
3 -5.855492e-03
