T X
0 0
5.000000e-03 2.933670e-10
1.000000e-02 3.168806e-10
1.500000e-02 -2.976930e-10
2.000000e-02 -7.636708e-10
2.500000e-02 -3.302479e-10
3.000000e-02 5.396290e-10
3.500000e-02 -8.909377e-10
4.000000e-02 -4.753842e-09
4.500000e-02 -4.424172e-09
5.000000e-02 3.259324e-09
5.500000e-02 5.323235e-09
6.000000e-02 -7.998027e-09
6.500000e-02 -4.677144e-08
7.000000e-02 -1.172812e-07
7.500000e-02 -2.017692e-07
8.000000e-02 -1.946963e-07
8.500000e-02 2.787131e-07
9.000000e-02 2.215236e-06
9.500000e-02 8.481469e-06
1.000000e-01 2.741784e-05
1.050000e-01 8.132001e-05
1.100000e-01 2.207474e-04
1.150000e-01 5.397167e-04
1.200000e-01 1.176917e-03
1.250000e-01 2.279045e-03
1.300000e-01 3.910516e-03
1.350000e-01 5.935540e-03
1.400000e-01 7.967537e-03
1.450000e-01 9.503372e-03
1.500000e-01 1.023710e-02
1.550000e-01 1.030580e-02
1.600000e-01 1.013572e-02
1.650000e-01 9.931528e-03
1.700000e-01 9.401930e-03
1.750000e-01 8.181038e-03
1.800000e-01 6.425712e-03
1.850000e-01 4.643852e-03
1.900000e-01 2.951241e-03
1.950000e-01 9.982541e-04
2.000000e-01 -1.266101e-03
2.050000e-01 -3.383085e-03
2.100000e-01 -5.144201e-03
2.150000e-01 -6.817333e-03
2.200000e-01 -8.386254e-03
2.250000e-01 -9.457299e-03
2.300000e-01 -1.004013e-02
2.350000e-01 -1.041786e-02
2.400000e-01 -1.042997e-02
2.450000e-01 -9.856798e-03
2.500000e-01 -8.914379e-03
2.550000e-01 -7.692572e-03
2.600000e-01 -6.027828e-03
2.650000e-01 -4.064070e-03
2.700000e-01 -2.011391e-03
2.750000e-01 1.658328e-04
2.800000e-01 2.311906e-03
2.850000e-01 4.190292e-03
2.900000e-01 5.871860e-03
2.950000e-01 7.361431e-03
3.000000e-01 8.548892e-03
3.050000e-01 9.505468e-03
3.100000e-01 1.013553e-02
3.150000e-01 1.022755e-02
3.200000e-01 9.875797e-03
3.250000e-01 9.135742e-03
3.300000e-01 8.019106e-03
3.350000e-01 6.729332e-03
3.400000e-01 5.188135e-03
3.450000e-01 3.268174e-03
3.500000e-01 1.222051e-03
3.550000e-01 -7.874662e-04
3.600000e-01 -2.708276e-03
3.650000e-01 -4.514868e-03
3.700000e-01 -6.285188e-03
3.750000e-01 -7.818426e-03
3.800000e-01 -8.894215e-03
3.850000e-01 -9.598110e-03
3.900000e-01 -9.986984e-03
3.950000e-01 -1.004122e-02
4.000000e-01 -9.647148e-03
4.050000e-01 -8.782607e-03
4.100000e-01 -7.658236e-03
4.150000e-01 -6.258352e-03
4.200000e-01 -4.516486e-03
4.250000e-01 -2.597650e-03
4.300000e-01 -6.158613e-04
4.350000e-01 1.341541e-03
4.400000e-01 3.289141e-03
4.450000e-01 5.189395e-03
4.500000e-01 6.784214e-03
4.550000e-01 8.083449e-03
4.600000e-01 9.158207e-03
4.650000e-01 9.823912e-03
4.700000e-01 1.002383e-02
4.750000e-01 9.888200e-03
4.800000e-01 9.421703e-03
4.850000e-01 8.489426e-03
4.900000e-01 7.193975e-03
4.950000e-01 5.700191e-03
5.000000e-01 3.972747e-03
5.050000e-01 2.012707e-03
5.100000e-01 -4.124334e-05
5.150000e-01 -1.999574e-03
5.200000e-01 -3.905849e-03
5.250000e-01 -5.710211e-03
5.300000e-01 -7.191133e-03
5.350000e-01 -8.436252e-03
5.400000e-01 -9.389599e-03
5.450000e-01 -9.943522e-03
5.500000e-01 -1.011864e-02
5.550000e-01 -9.834078e-03
5.600000e-01 -9.164350e-03
5.650000e-01 -8.142628e-03
5.700000e-01 -6.826917e-03
5.750000e-01 -5.222782e-03
5.800000e-01 -3.350213e-03
5.850000e-01 -1.426427e-03
5.900000e-01 5.796135e-04
5.950000e-01 2.596425e-03
6.000000e-01 4.486934e-03
6.050000e-01 6.207693e-03
6.100000e-01 7.680748e-03
6.150000e-01 8.838424e-03
6.200000e-01 9.617766e-03
6.250000e-01 1.007764e-02
6.300000e-01 1.007115e-02
6.350000e-01 9.664816e-03
6.400000e-01 8.958435e-03
6.450000e-01 7.792231e-03
6.500000e-01 6.356983e-03
6.550000e-01 4.706021e-03
6.600000e-01 2.830138e-03
6.650000e-01 8.504107e-04
6.700000e-01 -1.201897e-03
6.750000e-01 -3.165471e-03
6.800000e-01 -4.974061e-03
6.850000e-01 -6.658329e-03
6.900000e-01 -8.047255e-03
6.950000e-01 -9.070996e-03
7.000000e-01 -9.793818e-03
7.050000e-01 -1.011820e-02
7.100000e-01 -1.003019e-02
7.150000e-01 -9.548481e-03
7.200000e-01 -8.690579e-03
7.250000e-01 -7.469826e-03
7.300000e-01 -5.923433e-03
7.350000e-01 -4.178798e-03
7.400000e-01 -2.263678e-03
7.450000e-01 -2.780832e-04
7.500000e-01 1.745828e-03
7.550000e-01 3.711644e-03
7.600000e-01 5.503627e-03
7.650000e-01 7.107680e-03
7.700000e-01 8.400439e-03
7.750000e-01 9.353099e-03
7.800000e-01 9.927063e-03
7.850000e-01 1.012973e-02
7.900000e-01 9.923803e-03
7.950000e-01 9.292233e-03
8.000000e-01 8.347857e-03
8.050000e-01 7.062815e-03
8.100000e-01 5.434729e-03
8.150000e-01 3.625509e-03
8.200000e-01 1.696199e-03
8.250000e-01 -3.342205e-04
8.300000e-01 -2.318615e-03
8.350000e-01 -4.234677e-03
8.400000e-01 -5.954938e-03
8.450000e-01 -7.444658e-03
8.500000e-01 -8.697577e-03
8.550000e-01 -9.533371e-03
8.600000e-01 -1.003285e-02
8.650000e-01 -1.013282e-02
8.700000e-01 -9.772148e-03
8.750000e-01 -9.068489e-03
8.800000e-01 -7.999513e-03
8.850000e-01 -6.596031e-03
8.900000e-01 -4.949089e-03
8.950000e-01 -3.104238e-03
9.000000e-01 -1.121077e-03
9.050000e-01 9.160766e-04
9.100000e-01 2.921551e-03
9.150000e-01 4.780517e-03
9.200000e-01 6.458637e-03
9.250000e-01 7.876324e-03
9.300000e-01 8.946402e-03
9.350000e-01 9.703953e-03
9.400000e-01 1.006368e-02
9.450000e-01 1.002677e-02
9.500000e-01 9.619853e-03
9.550000e-01 8.813251e-03
9.600000e-01 7.653405e-03
9.650000e-01 6.166062e-03
9.700000e-01 4.428641e-03
9.750000e-01 2.512793e-03
9.800000e-01 5.077006e-04
9.850000e-01 -1.516433e-03
9.900000e-01 -3.484713e-03
9.950000e-01 -5.302677e-03
1 -6.935694e-03
1.005000e+00 -8.297380e-03
1.010000e+00 -9.283817e-03
1.015000e+00 -9.914128e-03
1.020000e+00 -1.016580e-02
1.025000e+00 -9.940089e-03
1.030000e+00 -9.347298e-03
1.035000e+00 -8.413337e-03
1.040000e+00 -7.095947e-03
1.045000e+00 -5.559187e-03
1.050000e+00 -3.799388e-03
1.055000e+00 -1.848958e-03
1.060000e+00 1.237921e-04
1.065000e+00 2.126593e-03
1.070000e+00 4.043220e-03
1.075000e+00 5.755821e-03
1.080000e+00 7.282292e-03
1.085000e+00 8.524176e-03
1.090000e+00 9.414240e-03
1.095000e+00 9.946074e-03
1.100000e+00 1.010184e-02
1.105000e+00 9.851080e-03
1.110000e+00 9.206699e-03
1.115000e+00 8.226386e-03
1.120000e+00 6.853033e-03
1.125000e+00 5.193771e-03
1.130000e+00 3.420910e-03
1.135000e+00 1.446987e-03
1.140000e+00 -6.718212e-04
1.145000e+00 -2.659345e-03
1.150000e+00 -4.484576e-03
1.155000e+00 -6.310993e-03
1.160000e+00 -7.839919e-03
1.165000e+00 -8.845399e-03
1.170000e+00 -9.656636e-03
1.175000e+00 -1.019378e-02
1.180000e+00 -1.014915e-02
1.185000e+00 -9.610988e-03
1.190000e+00 -8.809184e-03
1.195000e+00 -7.797867e-03
1.200000e+00 -6.332519e-03
1.205000e+00 -4.440056e-03
1.210000e+00 -2.593693e-03
1.215000e+00 -8.090985e-04
1.220000e+00 1.223999e-03
1.225000e+00 3.286012e-03
1.230000e+00 5.088630e-03
1.235000e+00 6.603658e-03
1.240000e+00 7.871546e-03
1.245000e+00 9.059215e-03
1.250000e+00 9.893567e-03
1.255000e+00 1.007227e-02
1.260000e+00 9.914140e-03
1.265000e+00 9.543865e-03
1.270000e+00 8.805227e-03
1.275000e+00 7.579426e-03
1.280000e+00 5.928430e-03
1.285000e+00 4.134349e-03
1.290000e+00 2.301754e-03
1.295000e+00 3.432861e-04
1.300000e+00 -1.804686e-03
1.305000e+00 -3.936128e-03
1.310000e+00 -5.754426e-03
1.315000e+00 -7.239328e-03
1.320000e+00 -8.490522e-03
1.325000e+00 -9.508908e-03
1.330000e+00 -1.014898e-02
1.335000e+00 -1.023842e-02
1.340000e+00 -9.846425e-03
1.345000e+00 -9.139497e-03
1.350000e+00 -8.150085e-03
1.355000e+00 -6.947740e-03
1.360000e+00 -5.364798e-03
1.365000e+00 -3.371908e-03
1.370000e+00 -1.398851e-03
1.375000e+00 4.882171e-04
1.380000e+00 2.347999e-03
1.385000e+00 4.164402e-03
1.390000e+00 5.933072e-03
1.395000e+00 7.485776e-03
1.400000e+00 8.693247e-03
1.405000e+00 9.412496e-03
1.410000e+00 9.794337e-03
1.415000e+00 1.004996e-02
1.420000e+00 9.871198e-03
1.425000e+00 9.160718e-03
1.430000e+00 8.074481e-03
1.435000e+00 6.543468e-03
1.440000e+00 4.859621e-03
1.445000e+00 3.157070e-03
1.450000e+00 1.199340e-03
1.455000e+00 -9.063110e-04
1.460000e+00 -3.034881e-03
1.465000e+00 -5.014133e-03
1.470000e+00 -6.705293e-03
1.475000e+00 -8.063529e-03
1.480000e+00 -9.040138e-03
1.485000e+00 -9.758485e-03
1.490000e+00 -1.020723e-02
1.495000e+00 -1.018508e-02
1.500000e+00 -9.612582e-03
1.505000e+00 -8.618668e-03
1.510000e+00 -7.329816e-03
1.515000e+00 -5.827907e-03
1.520000e+00 -4.224673e-03
1.525000e+00 -2.473025e-03
1.530000e+00 -4.572689e-04
1.535000e+00 1.674683e-03
1.540000e+00 3.643344e-03
1.545000e+00 5.349544e-03
1.550000e+00 6.786406e-03
1.555000e+00 7.996571e-03
1.560000e+00 9.071175e-03
1.565000e+00 9.843573e-03
1.570000e+00 1.017325e-02
1.575000e+00 1.006961e-02
1.580000e+00 9.421190e-03
1.585000e+00 8.343971e-03
1.590000e+00 7.147595e-03
1.595000e+00 5.809290e-03
1.600000e+00 4.044327e-03
1.605000e+00 1.945989e-03
1.610000e+00 -1.100320e-04
1.615000e+00 -2.086307e-03
1.620000e+00 -4.216412e-03
1.625000e+00 -6.227115e-03
1.630000e+00 -7.534869e-03
1.635000e+00 -8.460121e-03
1.640000e+00 -9.474779e-03
1.645000e+00 -1.018340e-02
1.650000e+00 -1.024246e-02
1.655000e+00 -9.863409e-03
1.660000e+00 -9.143471e-03
1.665000e+00 -7.987283e-03
1.670000e+00 -6.532369e-03
1.675000e+00 -4.837136e-03
1.680000e+00 -2.969615e-03
1.685000e+00 -1.192458e-03
1.690000e+00 5.685577e-04
1.695000e+00 2.499962e-03
1.700000e+00 4.529516e-03
1.705000e+00 6.456650e-03
1.710000e+00 7.962141e-03
1.715000e+00 8.885558e-03
1.720000e+00 9.286885e-03
1.725000e+00 9.567576e-03
1.730000e+00 9.881515e-03
1.735000e+00 9.732062e-03
1.740000e+00 9.191374e-03
1.745000e+00 8.210962e-03
1.750000e+00 6.668235e-03
1.755000e+00 4.884527e-03
1.760000e+00 2.700780e-03
1.765000e+00 2.870222e-04
1.770000e+00 -1.984698e-03
1.775000e+00 -3.891303e-03
1.780000e+00 -5.323275e-03
1.785000e+00 -6.455668e-03
1.790000e+00 -7.488725e-03
1.795000e+00 -8.589508e-03
1.800000e+00 -9.439353e-03
1.805000e+00 -9.910370e-03
1.810000e+00 -1.015672e-02
1.815000e+00 -9.999490e-03
1.820000e+00 -9.342480e-03
1.825000e+00 -8.127917e-03
1.830000e+00 -6.474783e-03
1.835000e+00 -4.450581e-03
1.840000e+00 -1.937944e-03
1.845000e+00 7.754314e-04
1.850000e+00 3.093939e-03
1.855000e+00 4.882229e-03
1.860000e+00 6.510378e-03
1.865000e+00 8.042080e-03
1.870000e+00 9.154373e-03
1.875000e+00 9.604511e-03
1.880000e+00 9.547052e-03
1.885000e+00 9.067604e-03
1.890000e+00 8.186672e-03
1.895000e+00 7.298981e-03
1.900000e+00 6.455686e-03
1.905000e+00 5.349973e-03
1.910000e+00 4.048354e-03
1.915000e+00 2.721037e-03
1.920000e+00 1.368283e-03
1.925000e+00 5.774674e-05
1.930000e+00 -1.100230e-03
1.935000e+00 -2.131362e-03
1.940000e+00 -3.106778e-03
1.945000e+00 -4.081143e-03
1.950000e+00 -5.019381e-03
1.955000e+00 -5.910149e-03
1.960000e+00 -6.756121e-03
1.965000e+00 -7.368502e-03
1.970000e+00 -7.775022e-03
1.975000e+00 -8.118580e-03
1.980000e+00 -8.359116e-03
1.985000e+00 -8.645590e-03
1.990000e+00 -8.899881e-03
1.995000e+00 -8.692089e-03
2 -8.188955e-03
2.005000e+00 -7.523022e-03
2.010000e+00 -6.655091e-03
2.015000e+00 -5.850311e-03
2.020000e+00 -4.988336e-03
2.025000e+00 -3.903401e-03
2.030000e+00 -2.585338e-03
2.035000e+00 -1.018011e-03
2.040000e+00 7.232194e-04
2.045000e+00 2.318773e-03
2.050000e+00 3.486744e-03
2.055000e+00 4.414481e-03
2.060000e+00 5.109298e-03
2.065000e+00 5.490512e-03
2.070000e+00 5.705306e-03
2.075000e+00 5.887397e-03
2.080000e+00 5.985807e-03
2.085000e+00 5.912559e-03
2.090000e+00 5.723163e-03
2.095000e+00 5.202697e-03
2.100000e+00 4.208300e-03
2.105000e+00 2.828446e-03
2.110000e+00 1.144732e-03
2.115000e+00 -6.286805e-04
2.120000e+00 -2.365338e-03
2.125000e+00 -3.873399e-03
2.130000e+00 -4.965427e-03
2.135000e+00 -5.670965e-03
2.140000e+00 -6.029850e-03
2.145000e+00 -6.073659e-03
2.150000e+00 -5.833673e-03
2.155000e+00 -5.407835e-03
2.160000e+00 -4.746952e-03
2.165000e+00 -3.829455e-03
2.170000e+00 -2.864644e-03
2.175000e+00 -1.941474e-03
2.180000e+00 -1.245439e-03
2.185000e+00 -7.470517e-04
2.190000e+00 -2.877800e-04
2.195000e+00 -3.591001e-05
2.200000e+00 2.487657e-04
2.205000e+00 6.347421e-04
2.210000e+00 9.724848e-04
2.215000e+00 1.443619e-03
2.220000e+00 1.966793e-03
2.225000e+00 2.436597e-03
2.230000e+00 2.863221e-03
2.235000e+00 3.353070e-03
2.240000e+00 3.907227e-03
2.245000e+00 4.402208e-03
2.250000e+00 4.952755e-03
2.255000e+00 5.572741e-03
2.260000e+00 6.191545e-03
2.265000e+00 6.796423e-03
2.270000e+00 7.296566e-03
2.275000e+00 7.606686e-03
2.280000e+00 7.698369e-03
2.285000e+00 7.552943e-03
2.290000e+00 7.200125e-03
2.295000e+00 6.600569e-03
2.300000e+00 5.683305e-03
2.305000e+00 4.590273e-03
2.310000e+00 3.387113e-03
2.315000e+00 1.990325e-03
2.320000e+00 5.295941e-04
2.325000e+00 -8.430905e-04
2.330000e+00 -2.199163e-03
2.335000e+00 -3.428936e-03
2.340000e+00 -4.393882e-03
2.345000e+00 -5.137577e-03
2.350000e+00 -5.668533e-03
2.355000e+00 -5.958657e-03
2.360000e+00 -5.955894e-03
2.365000e+00 -5.689176e-03
2.370000e+00 -5.249473e-03
2.375000e+00 -4.612799e-03
2.380000e+00 -3.820904e-03
2.385000e+00 -2.857452e-03
2.390000e+00 -1.744767e-03
2.395000e+00 -6.530905e-04
2.400000e+00 4.972985e-04
2.405000e+00 1.619399e-03
2.410000e+00 2.621345e-03
2.415000e+00 3.539526e-03
2.420000e+00 4.342070e-03
2.425000e+00 5.003461e-03
2.430000e+00 5.483076e-03
2.435000e+00 5.730988e-03
2.440000e+00 5.762134e-03
2.445000e+00 5.601486e-03
2.450000e+00 5.102856e-03
2.455000e+00 4.347073e-03
2.460000e+00 3.493514e-03
2.465000e+00 2.504811e-03
2.470000e+00 1.378816e-03
2.475000e+00 1.698813e-04
2.480000e+00 -1.069187e-03
2.485000e+00 -2.291076e-03
2.490000e+00 -3.380458e-03
2.495000e+00 -4.348430e-03
2.500000e+00 -5.151929e-03
2.505000e+00 -5.670825e-03
2.510000e+00 -5.944100e-03
2.515000e+00 -5.922615e-03
2.520000e+00 -5.713969e-03
2.525000e+00 -5.364024e-03
2.530000e+00 -4.684305e-03
2.535000e+00 -3.809239e-03
2.540000e+00 -2.965163e-03
2.545000e+00 -1.926095e-03
2.550000e+00 -6.543837e-04
2.555000e+00 5.026334e-04
2.560000e+00 1.495741e-03
2.565000e+00 2.592621e-03
2.570000e+00 3.702089e-03
2.575000e+00 4.393483e-03
2.580000e+00 4.987071e-03
2.585000e+00 5.649242e-03
2.590000e+00 5.928405e-03
2.595000e+00 5.905134e-03
2.600000e+00 5.747609e-03
2.605000e+00 5.356821e-03
2.610000e+00 4.717323e-03
2.615000e+00 3.831766e-03
2.620000e+00 2.757985e-03
2.625000e+00 1.711209e-03
2.630000e+00 6.250914e-04
2.635000e+00 -7.475447e-04
2.640000e+00 -2.090196e-03
2.645000e+00 -3.078780e-03
2.650000e+00 -3.989271e-03
2.655000e+00 -5.004010e-03
2.660000e+00 -5.680699e-03
2.665000e+00 -5.899923e-03
2.670000e+00 -5.961907e-03
2.675000e+00 -5.878066e-03
2.680000e+00 -5.675385e-03
2.685000e+00 -5.102470e-03
2.690000e+00 -4.204979e-03
2.695000e+00 -3.318939e-03
2.700000e+00 -2.361529e-03
2.705000e+00 -1.259295e-03
2.710000e+00 -4.357858e-05
2.715000e+00 1.093858e-03
2.720000e+00 2.082653e-03
2.725000e+00 3.056985e-03
2.730000e+00 4.019165e-03
2.735000e+00 4.862683e-03
2.740000e+00 5.432154e-03
2.745000e+00 5.768641e-03
2.750000e+00 5.992809e-03
2.755000e+00 5.984505e-03
2.760000e+00 5.641359e-03
2.765000e+00 5.058725e-03
2.770000e+00 4.304693e-03
2.775000e+00 3.412263e-03
2.780000e+00 2.456763e-03
2.785000e+00 1.288326e-03
2.790000e+00 -1.067263e-04
2.795000e+00 -1.388341e-03
2.800000e+00 -2.492929e-03
2.805000e+00 -3.565002e-03
2.810000e+00 -4.533624e-03
2.815000e+00 -5.274127e-03
2.820000e+00 -5.773305e-03
2.825000e+00 -6.034962e-03
2.830000e+00 -6.006042e-03
2.835000e+00 -5.763485e-03
2.840000e+00 -5.389324e-03
2.845000e+00 -4.814657e-03
2.850000e+00 -3.919757e-03
2.855000e+00 -2.846825e-03
2.860000e+00 -1.775745e-03
2.865000e+00 -6.683314e-04
2.870000e+00 3.899769e-04
2.875000e+00 1.423081e-03
2.880000e+00 2.607245e-03
2.885000e+00 3.714014e-03
2.890000e+00 4.359835e-03
2.895000e+00 4.947609e-03
2.900000e+00 5.670931e-03
2.905000e+00 6.027044e-03
2.910000e+00 5.987790e-03
2.915000e+00 5.804317e-03
2.920000e+00 5.370005e-03
2.925000e+00 4.712797e-03
2.930000e+00 3.929100e-03
2.935000e+00 2.938976e-03
2.940000e+00 1.787112e-03
2.945000e+00 4.944919e-04
2.950000e+00 -7.761209e-04
2.955000e+00 -1.956815e-03
2.960000e+00 -3.091809e-03
2.965000e+00 -4.112624e-03
2.970000e+00 -4.963804e-03
2.975000e+00 -5.546029e-03
2.980000e+00 -5.861564e-03
2.985000e+00 -5.991283e-03
2.990000e+00 -5.901595e-03
2.995000e+00 -5.527002e-03
3 -4.918114e-03
