T X
0 0
5.000000e-03 -1.651711e-08
1.000000e-02 -5.796091e-09
1.500000e-02 -1.585539e-08
2.000000e-02 -5.410398e-08
2.500000e-02 3.840071e-08
3.000000e-02 8.975607e-08
3.500000e-02 7.313999e-07
4.000000e-02 5.146178e-06
4.500000e-02 2.387158e-05
5.000000e-02 9.172175e-05
5.500000e-02 2.986974e-04
6.000000e-02 8.167461e-04
6.500000e-02 1.872312e-03
7.000000e-02 3.591030e-03
7.500000e-02 5.760499e-03
8.000000e-02 7.797967e-03
8.500000e-02 9.144181e-03
9.000000e-02 9.786088e-03
9.500000e-02 1.017286e-02
1.000000e-01 1.046247e-02
1.050000e-01 1.026867e-02
1.100000e-01 9.408333e-03
1.150000e-01 8.257321e-03
1.200000e-01 6.991061e-03
1.250000e-01 5.328576e-03
1.300000e-01 3.322219e-03
1.350000e-01 1.338634e-03
1.400000e-01 -6.864518e-04
1.450000e-01 -2.839008e-03
1.500000e-01 -4.778793e-03
1.550000e-01 -6.469596e-03
1.600000e-01 -8.024835e-03
1.650000e-01 -9.177773e-03
1.700000e-01 -9.938236e-03
1.750000e-01 -1.040193e-02
1.800000e-01 -1.035652e-02
1.850000e-01 -9.919034e-03
1.900000e-01 -9.142520e-03
1.950000e-01 -7.882116e-03
2.000000e-01 -6.333778e-03
2.050000e-01 -4.512054e-03
2.100000e-01 -2.457362e-03
2.150000e-01 -4.135338e-04
2.200000e-01 1.643355e-03
2.250000e-01 3.584393e-03
2.300000e-01 5.331891e-03
2.350000e-01 6.925617e-03
2.400000e-01 8.255237e-03
2.450000e-01 9.337913e-03
2.500000e-01 1.001063e-02
2.550000e-01 1.021907e-02
2.600000e-01 1.003272e-02
2.650000e-01 9.415183e-03
2.700000e-01 8.510959e-03
2.750000e-01 7.255990e-03
2.800000e-01 5.643769e-03
2.850000e-01 3.826507e-03
2.900000e-01 1.869926e-03
2.950000e-01 -1.337394e-04
3.000000e-01 -2.148855e-03
3.050000e-01 -4.072525e-03
3.100000e-01 -5.832634e-03
3.150000e-01 -7.369174e-03
3.200000e-01 -8.630865e-03
3.250000e-01 -9.580217e-03
3.300000e-01 -1.008774e-02
3.350000e-01 -1.016086e-02
3.400000e-01 -9.886012e-03
3.450000e-01 -9.224233e-03
3.500000e-01 -8.147509e-03
3.550000e-01 -6.775924e-03
3.600000e-01 -5.167364e-03
3.650000e-01 -3.338725e-03
3.700000e-01 -1.352890e-03
3.750000e-01 7.030417e-04
3.800000e-01 2.707662e-03
3.850000e-01 4.635485e-03
3.900000e-01 6.378310e-03
3.950000e-01 7.825513e-03
4.000000e-01 8.956098e-03
4.050000e-01 9.730875e-03
4.100000e-01 1.014008e-02
4.150000e-01 1.014142e-02
4.200000e-01 9.748654e-03
4.250000e-01 8.975918e-03
4.300000e-01 7.827713e-03
4.350000e-01 6.370840e-03
4.400000e-01 4.637559e-03
4.450000e-01 2.704037e-03
4.500000e-01 7.058191e-04
4.550000e-01 -1.319732e-03
4.600000e-01 -3.319916e-03
4.650000e-01 -5.155825e-03
4.700000e-01 -6.771627e-03
4.750000e-01 -8.143090e-03
4.800000e-01 -9.209072e-03
4.850000e-01 -9.897183e-03
4.900000e-01 -1.020690e-02
4.950000e-01 -1.011133e-02
5.000000e-01 -9.573432e-03
5.050000e-01 -8.658165e-03
5.100000e-01 -7.397730e-03
5.150000e-01 -5.855531e-03
5.200000e-01 -4.088256e-03
5.250000e-01 -2.161400e-03
5.300000e-01 -1.579559e-04
5.350000e-01 1.882559e-03
5.400000e-01 3.838433e-03
5.450000e-01 5.637603e-03
5.500000e-01 7.244017e-03
5.550000e-01 8.546102e-03
5.600000e-01 9.484300e-03
5.650000e-01 1.004787e-02
5.700000e-01 1.021623e-02
5.750000e-01 9.957145e-03
5.800000e-01 9.312213e-03
5.850000e-01 8.335161e-03
5.900000e-01 7.003713e-03
5.950000e-01 5.375304e-03
6.000000e-01 3.546039e-03
6.050000e-01 1.576750e-03
6.100000e-01 -4.627849e-04
6.150000e-01 -2.481994e-03
6.200000e-01 -4.401703e-03
6.250000e-01 -6.156153e-03
6.300000e-01 -7.649000e-03
6.350000e-01 -8.824459e-03
6.400000e-01 -9.656294e-03
6.450000e-01 -1.011161e-02
6.500000e-01 -1.016492e-02
6.550000e-01 -9.814431e-03
6.600000e-01 -9.080819e-03
6.650000e-01 -7.987283e-03
6.700000e-01 -6.571611e-03
6.750000e-01 -4.879015e-03
6.800000e-01 -2.980081e-03
6.850000e-01 -9.688861e-04
6.900000e-01 1.071312e-03
6.950000e-01 3.066316e-03
7.000000e-01 4.920035e-03
7.050000e-01 6.577234e-03
7.100000e-01 8.001640e-03
7.150000e-01 9.112304e-03
7.200000e-01 9.845516e-03
7.250000e-01 1.019681e-02
7.300000e-01 1.015195e-02
7.350000e-01 9.676631e-03
7.400000e-01 8.799633e-03
7.450000e-01 7.562593e-03
7.500000e-01 6.048642e-03
7.550000e-01 4.316131e-03
7.600000e-01 2.398812e-03
7.650000e-01 3.946825e-04
7.700000e-01 -1.627098e-03
7.750000e-01 -3.600467e-03
7.800000e-01 -5.433843e-03
7.850000e-01 -7.050066e-03
7.900000e-01 -8.397879e-03
7.950000e-01 -9.393038e-03
8.000000e-01 -9.991435e-03
8.050000e-01 -1.019315e-02
8.100000e-01 -9.986298e-03
8.150000e-01 -9.408884e-03
8.200000e-01 -8.466179e-03
8.250000e-01 -7.184071e-03
8.300000e-01 -5.612429e-03
8.350000e-01 -3.802387e-03
8.400000e-01 -1.837802e-03
8.450000e-01 2.009800e-04
8.500000e-01 2.239247e-03
8.550000e-01 4.200119e-03
8.600000e-01 5.949941e-03
8.650000e-01 7.455599e-03
8.700000e-01 8.689715e-03
8.750000e-01 9.562083e-03
8.800000e-01 1.007974e-02
8.850000e-01 1.020687e-02
8.900000e-01 9.911678e-03
8.950000e-01 9.213190e-03
9.000000e-01 8.141831e-03
9.050000e-01 6.747037e-03
9.100000e-01 5.067762e-03
9.150000e-01 3.200397e-03
9.200000e-01 1.221150e-03
9.250000e-01 -8.143532e-04
9.300000e-01 -2.808249e-03
9.350000e-01 -4.691111e-03
9.400000e-01 -6.391937e-03
9.450000e-01 -7.849747e-03
9.500000e-01 -9.007311e-03
9.550000e-01 -9.790824e-03
9.600000e-01 -1.017734e-02
9.650000e-01 -1.015606e-02
9.700000e-01 -9.721596e-03
9.750000e-01 -8.901920e-03
9.800000e-01 -7.727114e-03
9.850000e-01 -6.258658e-03
9.900000e-01 -4.548882e-03
9.950000e-01 -2.652164e-03
1 -6.658189e-04
1.005000e+00 1.361044e-03
1.010000e+00 3.345230e-03
1.015000e+00 5.199243e-03
1.020000e+00 6.867420e-03
1.025000e+00 8.239938e-03
1.030000e+00 9.285755e-03
1.035000e+00 9.964489e-03
1.040000e+00 1.023012e-02
1.045000e+00 1.009796e-02
1.050000e+00 9.541834e-03
1.055000e+00 8.621879e-03
1.060000e+00 7.368624e-03
1.065000e+00 5.787836e-03
1.070000e+00 3.989532e-03
1.075000e+00 2.023155e-03
1.080000e+00 -2.751824e-05
1.085000e+00 -2.055521e-03
1.090000e+00 -4.003637e-03
1.095000e+00 -5.769131e-03
1.100000e+00 -7.293871e-03
1.105000e+00 -8.529659e-03
1.110000e+00 -9.414707e-03
1.115000e+00 -9.949548e-03
1.120000e+00 -1.010782e-02
1.125000e+00 -9.867490e-03
1.130000e+00 -9.233642e-03
1.135000e+00 -8.210253e-03
1.140000e+00 -6.864000e-03
1.145000e+00 -5.256586e-03
1.150000e+00 -3.434353e-03
1.155000e+00 -1.484218e-03
1.160000e+00 5.145622e-04
1.165000e+00 2.494901e-03
1.170000e+00 4.382280e-03
1.175000e+00 6.120467e-03
1.180000e+00 7.643854e-03
1.185000e+00 8.873714e-03
1.190000e+00 9.762896e-03
1.195000e+00 1.023580e-02
1.200000e+00 1.027606e-02
1.205000e+00 9.921964e-03
1.210000e+00 9.145775e-03
1.215000e+00 8.000903e-03
1.220000e+00 6.563812e-03
1.225000e+00 4.842001e-03
1.230000e+00 2.903615e-03
1.235000e+00 8.635762e-04
1.240000e+00 -1.195016e-03
1.245000e+00 -3.254882e-03
1.250000e+00 -5.184014e-03
1.255000e+00 -6.798759e-03
1.260000e+00 -8.164157e-03
1.265000e+00 -9.268014e-03
1.270000e+00 -9.893811e-03
1.275000e+00 -1.008033e-02
1.280000e+00 -1.003471e-02
1.285000e+00 -9.615122e-03
1.290000e+00 -8.621889e-03
1.295000e+00 -7.360245e-03
1.300000e+00 -6.009686e-03
1.305000e+00 -4.282850e-03
1.310000e+00 -2.258606e-03
1.315000e+00 -2.819306e-04
1.320000e+00 1.633784e-03
1.325000e+00 3.561541e-03
1.330000e+00 5.419125e-03
1.335000e+00 7.056627e-03
1.340000e+00 8.350145e-03
1.345000e+00 9.296226e-03
1.350000e+00 9.977550e-03
1.355000e+00 1.031549e-02
1.360000e+00 1.014161e-02
1.365000e+00 9.469192e-03
1.370000e+00 8.471221e-03
1.375000e+00 7.228175e-03
1.380000e+00 5.638806e-03
1.385000e+00 3.716825e-03
1.390000e+00 1.651602e-03
1.395000e+00 -3.933002e-04
1.400000e+00 -2.354161e-03
1.405000e+00 -4.275407e-03
1.410000e+00 -6.111982e-03
1.415000e+00 -7.669317e-03
1.420000e+00 -8.839891e-03
1.425000e+00 -9.616285e-03
1.430000e+00 -1.004293e-02
1.435000e+00 -1.014764e-02
1.440000e+00 -9.843104e-03
1.445000e+00 -9.074561e-03
1.450000e+00 -7.909710e-03
1.455000e+00 -6.497354e-03
1.460000e+00 -4.949957e-03
1.465000e+00 -3.198221e-03
1.470000e+00 -1.230665e-03
1.475000e+00 8.250792e-04
1.480000e+00 2.879254e-03
1.485000e+00 4.742838e-03
1.490000e+00 6.340216e-03
1.495000e+00 7.756167e-03
1.500000e+00 8.989955e-03
1.505000e+00 9.900923e-03
1.510000e+00 1.023248e-02
1.515000e+00 1.008920e-02
1.520000e+00 9.736932e-03
1.525000e+00 9.022148e-03
1.530000e+00 7.810050e-03
1.535000e+00 6.315437e-03
1.540000e+00 4.614621e-03
1.545000e+00 2.584672e-03
1.550000e+00 3.730206e-04
1.555000e+00 -1.677747e-03
1.560000e+00 -3.501233e-03
1.565000e+00 -5.255037e-03
1.570000e+00 -6.943089e-03
1.575000e+00 -8.450961e-03
1.580000e+00 -9.503667e-03
1.585000e+00 -9.934049e-03
1.590000e+00 -1.000454e-02
1.595000e+00 -9.901664e-03
1.600000e+00 -9.478767e-03
1.605000e+00 -8.587044e-03
1.610000e+00 -7.257084e-03
1.615000e+00 -5.572814e-03
1.620000e+00 -3.748086e-03
1.625000e+00 -1.953866e-03
1.630000e+00 -8.094797e-05
1.635000e+00 1.904108e-03
1.640000e+00 3.877354e-03
1.645000e+00 5.713797e-03
1.650000e+00 7.315492e-03
1.655000e+00 8.594224e-03
1.660000e+00 9.524478e-03
1.665000e+00 1.009639e-02
1.670000e+00 1.021387e-02
1.675000e+00 9.928575e-03
1.680000e+00 9.317782e-03
1.685000e+00 8.347721e-03
1.690000e+00 7.057207e-03
1.695000e+00 5.411843e-03
1.700000e+00 3.364349e-03
1.705000e+00 1.187568e-03
1.710000e+00 -8.146861e-04
1.715000e+00 -2.668995e-03
1.720000e+00 -4.476310e-03
1.725000e+00 -6.267452e-03
1.730000e+00 -7.897926e-03
1.735000e+00 -9.133591e-03
1.740000e+00 -9.888670e-03
1.745000e+00 -1.014962e-02
1.750000e+00 -9.951584e-03
1.755000e+00 -9.440164e-03
1.760000e+00 -8.809656e-03
1.765000e+00 -7.954888e-03
1.770000e+00 -6.595158e-03
1.775000e+00 -4.747421e-03
1.780000e+00 -2.659900e-03
1.785000e+00 -5.856125e-04
1.790000e+00 1.343039e-03
1.795000e+00 3.117063e-03
1.800000e+00 4.776857e-03
1.805000e+00 6.375763e-03
1.810000e+00 7.899215e-03
1.815000e+00 9.214669e-03
1.820000e+00 1.012057e-02
1.825000e+00 1.050187e-02
1.830000e+00 1.039725e-02
1.835000e+00 9.792734e-03
1.840000e+00 8.652398e-03
1.845000e+00 7.162692e-03
1.850000e+00 5.516324e-03
1.855000e+00 3.795256e-03
1.860000e+00 2.128802e-03
1.865000e+00 5.105984e-04
1.870000e+00 -1.213020e-03
1.875000e+00 -3.093697e-03
1.880000e+00 -5.090712e-03
1.885000e+00 -7.085485e-03
1.890000e+00 -8.896853e-03
1.895000e+00 -1.031912e-02
1.900000e+00 -1.108149e-02
1.905000e+00 -1.105868e-02
1.910000e+00 -1.039285e-02
1.915000e+00 -9.277442e-03
1.920000e+00 -7.866382e-03
1.925000e+00 -6.285162e-03
1.930000e+00 -4.525081e-03
1.935000e+00 -2.562243e-03
1.940000e+00 -5.297235e-04
1.945000e+00 1.389923e-03
1.950000e+00 2.998162e-03
1.955000e+00 4.204802e-03
1.960000e+00 5.142101e-03
1.965000e+00 5.961657e-03
1.970000e+00 6.779265e-03
1.975000e+00 7.645410e-03
1.980000e+00 8.469492e-03
1.985000e+00 9.081247e-03
1.990000e+00 9.287785e-03
1.995000e+00 9.015236e-03
2 8.364694e-03
2.005000e+00 7.445923e-03
2.010000e+00 6.332030e-03
2.015000e+00 5.148865e-03
2.020000e+00 3.943382e-03
2.025000e+00 2.640588e-03
2.030000e+00 1.142125e-03
2.035000e+00 -6.482472e-04
2.040000e+00 -2.749040e-03
2.045000e+00 -5.129780e-03
2.050000e+00 -7.695531e-03
2.055000e+00 -1.025928e-02
2.060000e+00 -1.260127e-02
2.065000e+00 -1.451268e-02
2.070000e+00 -1.585877e-02
2.075000e+00 -1.655054e-02
2.080000e+00 -1.655254e-02
2.085000e+00 -1.593821e-02
2.090000e+00 -1.474374e-02
2.095000e+00 -1.295148e-02
2.100000e+00 -1.071052e-02
2.105000e+00 -8.151601e-03
2.110000e+00 -5.360735e-03
2.115000e+00 -2.553124e-03
2.120000e+00 1.319810e-04
2.125000e+00 2.606016e-03
2.130000e+00 4.743791e-03
2.135000e+00 6.541712e-03
2.140000e+00 8.052369e-03
2.145000e+00 9.220061e-03
2.150000e+00 1.003119e-02
2.155000e+00 1.049667e-02
2.160000e+00 1.059846e-02
2.165000e+00 1.036163e-02
2.170000e+00 9.806279e-03
2.175000e+00 8.994055e-03
2.180000e+00 7.965592e-03
2.185000e+00 6.781367e-03
2.190000e+00 5.585954e-03
2.195000e+00 4.426231e-03
2.200000e+00 3.294054e-03
2.205000e+00 2.217608e-03
2.210000e+00 1.243566e-03
2.215000e+00 3.875900e-04
2.220000e+00 -4.084869e-04
2.225000e+00 -1.159169e-03
2.230000e+00 -1.834816e-03
2.235000e+00 -2.373448e-03
2.240000e+00 -2.714318e-03
2.245000e+00 -2.898702e-03
2.250000e+00 -2.957790e-03
2.255000e+00 -2.893072e-03
2.260000e+00 -2.685456e-03
2.265000e+00 -2.330393e-03
2.270000e+00 -1.864822e-03
2.275000e+00 -1.290103e-03
2.280000e+00 -6.295976e-04
2.285000e+00 1.603227e-04
2.290000e+00 1.032017e-03
2.295000e+00 1.822240e-03
2.300000e+00 2.518390e-03
2.305000e+00 3.103588e-03
2.310000e+00 3.552000e-03
2.315000e+00 3.864196e-03
2.320000e+00 4.026563e-03
2.325000e+00 4.060108e-03
2.330000e+00 3.933583e-03
2.335000e+00 3.639337e-03
2.340000e+00 3.193257e-03
2.345000e+00 2.585801e-03
2.350000e+00 1.869081e-03
2.355000e+00 1.068194e-03
2.360000e+00 2.441584e-04
2.365000e+00 -5.378271e-04
2.370000e+00 -1.298392e-03
2.375000e+00 -2.008768e-03
2.380000e+00 -2.655210e-03
2.385000e+00 -3.214824e-03
2.390000e+00 -3.652547e-03
2.395000e+00 -4.007199e-03
2.400000e+00 -4.202336e-03
2.405000e+00 -4.189421e-03
2.410000e+00 -4.024347e-03
2.415000e+00 -3.689082e-03
2.420000e+00 -3.210040e-03
2.425000e+00 -2.611607e-03
2.430000e+00 -1.904550e-03
2.435000e+00 -1.106060e-03
2.440000e+00 -2.709249e-04
2.445000e+00 5.639455e-04
2.450000e+00 1.435895e-03
2.455000e+00 2.254053e-03
2.460000e+00 2.944762e-03
2.465000e+00 3.519126e-03
2.470000e+00 3.954779e-03
2.475000e+00 4.215890e-03
2.480000e+00 4.264478e-03
2.485000e+00 4.132444e-03
2.490000e+00 3.860996e-03
2.495000e+00 3.439994e-03
2.500000e+00 2.887082e-03
2.505000e+00 2.242516e-03
2.510000e+00 1.519570e-03
2.515000e+00 7.324727e-04
2.520000e+00 -7.658769e-05
2.525000e+00 -8.785732e-04
2.530000e+00 -1.666410e-03
2.535000e+00 -2.394593e-03
2.540000e+00 -2.999691e-03
2.545000e+00 -3.478893e-03
2.550000e+00 -3.795583e-03
2.555000e+00 -3.981276e-03
2.560000e+00 -4.110114e-03
2.565000e+00 -4.071043e-03
2.570000e+00 -3.822999e-03
2.575000e+00 -3.438699e-03
2.580000e+00 -2.925168e-03
2.585000e+00 -2.270932e-03
2.590000e+00 -1.456253e-03
2.595000e+00 -5.605454e-04
2.600000e+00 3.097795e-04
2.605000e+00 1.126950e-03
2.610000e+00 1.885590e-03
2.615000e+00 2.611794e-03
2.620000e+00 3.250494e-03
2.625000e+00 3.754220e-03
2.630000e+00 4.098582e-03
2.635000e+00 4.261696e-03
2.640000e+00 4.295240e-03
2.645000e+00 4.068440e-03
2.650000e+00 3.595450e-03
2.655000e+00 3.114362e-03
2.660000e+00 2.508520e-03
2.665000e+00 1.750571e-03
2.670000e+00 1.020687e-03
2.675000e+00 2.927101e-04
2.680000e+00 -5.026990e-04
2.685000e+00 -1.337798e-03
2.690000e+00 -2.076317e-03
2.695000e+00 -2.700630e-03
2.700000e+00 -3.315215e-03
2.705000e+00 -3.799741e-03
2.710000e+00 -3.978679e-03
2.715000e+00 -4.032134e-03
2.720000e+00 -4.081555e-03
2.725000e+00 -3.948693e-03
2.730000e+00 -3.594345e-03
2.735000e+00 -3.102027e-03
2.740000e+00 -2.519271e-03
2.745000e+00 -1.852087e-03
2.750000e+00 -1.046433e-03
2.755000e+00 -8.998298e-05
2.760000e+00 8.370381e-04
2.765000e+00 1.606238e-03
2.770000e+00 2.344560e-03
2.775000e+00 3.047728e-03
2.780000e+00 3.586979e-03
2.785000e+00 3.955669e-03
2.790000e+00 4.171428e-03
2.795000e+00 4.235052e-03
2.800000e+00 4.148894e-03
2.805000e+00 3.867823e-03
2.810000e+00 3.375529e-03
2.815000e+00 2.781195e-03
2.820000e+00 2.120224e-03
2.825000e+00 1.373577e-03
2.830000e+00 5.670897e-04
2.835000e+00 -2.663368e-04
2.840000e+00 -1.034420e-03
2.845000e+00 -1.723575e-03
2.850000e+00 -2.404365e-03
2.855000e+00 -3.030773e-03
2.860000e+00 -3.546547e-03
2.865000e+00 -3.904756e-03
2.870000e+00 -4.066089e-03
2.875000e+00 -4.139052e-03
2.880000e+00 -4.094987e-03
2.885000e+00 -3.792188e-03
2.890000e+00 -3.297251e-03
2.895000e+00 -2.737716e-03
2.900000e+00 -2.087072e-03
2.905000e+00 -1.319616e-03
2.910000e+00 -5.219793e-04
2.915000e+00 3.057763e-04
2.920000e+00 1.210912e-03
2.925000e+00 2.087088e-03
2.930000e+00 2.768593e-03
2.935000e+00 3.333481e-03
2.940000e+00 3.882151e-03
2.945000e+00 4.224296e-03
2.950000e+00 4.246641e-03
2.955000e+00 4.081490e-03
2.960000e+00 3.853865e-03
2.965000e+00 3.575032e-03
2.970000e+00 3.132076e-03
2.975000e+00 2.441962e-03
2.980000e+00 1.666025e-03
2.985000e+00 9.609432e-04
2.990000e+00 2.030904e-04
2.995000e+00 -6.822157e-04
3 -1.519472e-03
