T X
0 0
5.000000e-03 4.565976e-09
1.000000e-02 4.171887e-08
1.500000e-02 5.184694e-07
2.000000e-02 4.652234e-06
2.500000e-02 2.944765e-05
3.000000e-02 1.375053e-04
3.500000e-02 4.896189e-04
4.000000e-02 1.356197e-03
4.500000e-02 2.958304e-03
5.000000e-02 5.135654e-03
5.500000e-02 7.222816e-03
6.000000e-02 8.569686e-03
6.500000e-02 9.252190e-03
7.000000e-02 9.820022e-03
7.500000e-02 1.027934e-02
8.000000e-02 1.010808e-02
8.500000e-02 9.332418e-03
9.000000e-02 8.434767e-03
9.500000e-02 7.304841e-03
1.000000e-01 5.644211e-03
1.050000e-01 3.798622e-03
1.100000e-01 1.977302e-03
1.150000e-01 -6.422856e-05
1.200000e-01 -2.119883e-03
1.250000e-01 -3.927281e-03
1.300000e-01 -5.697026e-03
1.350000e-01 -7.294662e-03
1.400000e-01 -8.491543e-03
1.450000e-01 -9.479927e-03
1.500000e-01 -1.009954e-02
1.550000e-01 -1.016556e-02
1.600000e-01 -9.922386e-03
1.650000e-01 -9.293610e-03
1.700000e-01 -8.243699e-03
1.750000e-01 -6.963890e-03
1.800000e-01 -5.309879e-03
1.850000e-01 -3.392886e-03
1.900000e-01 -1.450815e-03
1.950000e-01 5.840219e-04
2.000000e-01 2.554834e-03
2.050000e-01 4.427760e-03
2.100000e-01 6.218489e-03
2.150000e-01 7.671149e-03
2.200000e-01 8.846750e-03
2.250000e-01 9.717070e-03
2.300000e-01 1.013243e-02
2.350000e-01 1.017774e-02
2.400000e-01 9.759212e-03
2.450000e-01 8.975280e-03
2.500000e-01 7.910931e-03
2.550000e-01 6.437666e-03
2.600000e-01 4.758361e-03
2.650000e-01 2.913307e-03
2.700000e-01 8.980292e-04
2.750000e-01 -1.136509e-03
2.800000e-01 -3.156407e-03
2.850000e-01 -5.017251e-03
2.900000e-01 -6.684572e-03
2.950000e-01 -8.072377e-03
3.000000e-01 -9.107785e-03
3.050000e-01 -9.844501e-03
3.100000e-01 -1.014932e-02
3.150000e-01 -1.006469e-02
3.200000e-01 -9.609518e-03
3.250000e-01 -8.738930e-03
3.300000e-01 -7.521583e-03
3.350000e-01 -5.980886e-03
3.400000e-01 -4.233284e-03
3.450000e-01 -2.296147e-03
3.500000e-01 -2.652927e-04
3.550000e-01 1.734838e-03
3.600000e-01 3.705453e-03
3.650000e-01 5.495784e-03
3.700000e-01 7.070356e-03
3.750000e-01 8.410120e-03
3.800000e-01 9.392610e-03
3.850000e-01 9.988966e-03
3.900000e-01 1.021109e-02
3.950000e-01 1.000263e-02
4.000000e-01 9.352253e-03
4.050000e-01 8.382140e-03
4.100000e-01 7.089858e-03
4.150000e-01 5.473327e-03
4.200000e-01 3.679233e-03
4.250000e-01 1.754475e-03
4.300000e-01 -3.037933e-04
4.350000e-01 -2.307407e-03
4.400000e-01 -4.231663e-03
4.450000e-01 -6.043103e-03
4.500000e-01 -7.519650e-03
4.550000e-01 -8.740621e-03
4.600000e-01 -9.607802e-03
4.650000e-01 -1.004375e-02
4.700000e-01 -1.015025e-02
4.750000e-01 -9.837784e-03
4.800000e-01 -9.136048e-03
4.850000e-01 -8.068117e-03
4.900000e-01 -6.670904e-03
4.950000e-01 -4.995577e-03
5.000000e-01 -3.116748e-03
5.050000e-01 -1.121287e-03
5.100000e-01 9.262223e-04
5.150000e-01 2.898825e-03
5.200000e-01 4.776089e-03
5.250000e-01 6.460039e-03
5.300000e-01 7.872361e-03
5.350000e-01 9.017743e-03
5.400000e-01 9.789068e-03
5.450000e-01 1.016516e-02
5.500000e-01 1.014431e-02
5.550000e-01 9.680234e-03
5.600000e-01 8.831939e-03
5.650000e-01 7.658194e-03
5.700000e-01 6.177641e-03
5.750000e-01 4.444189e-03
5.800000e-01 2.552781e-03
5.850000e-01 5.608691e-04
5.900000e-01 -1.470426e-03
5.950000e-01 -3.447561e-03
6.000000e-01 -5.306599e-03
6.050000e-01 -6.933170e-03
6.100000e-01 -8.284076e-03
6.150000e-01 -9.301654e-03
6.200000e-01 -9.904193e-03
6.250000e-01 -1.015229e-02
6.300000e-01 -9.999579e-03
6.350000e-01 -9.425205e-03
6.400000e-01 -8.519330e-03
6.450000e-01 -7.254557e-03
6.500000e-01 -5.684416e-03
6.550000e-01 -3.901404e-03
6.600000e-01 -1.954514e-03
6.650000e-01 6.434561e-05
6.700000e-01 2.093553e-03
6.750000e-01 4.002439e-03
6.800000e-01 5.754844e-03
6.850000e-01 7.305533e-03
6.900000e-01 8.548688e-03
6.950000e-01 9.487097e-03
7.000000e-01 1.004144e-02
7.050000e-01 1.018931e-02
7.100000e-01 9.926352e-03
7.150000e-01 9.242370e-03
7.200000e-01 8.195802e-03
7.250000e-01 6.820236e-03
7.300000e-01 5.186915e-03
7.350000e-01 3.355092e-03
7.400000e-01 1.388424e-03
7.450000e-01 -6.272392e-04
7.500000e-01 -2.635803e-03
7.550000e-01 -4.543735e-03
7.600000e-01 -6.273975e-03
7.650000e-01 -7.758948e-03
7.700000e-01 -8.925050e-03
7.750000e-01 -9.720408e-03
7.800000e-01 -1.011452e-02
7.850000e-01 -1.012545e-02
7.900000e-01 -9.736251e-03
7.950000e-01 -8.965145e-03
8.000000e-01 -7.848015e-03
8.050000e-01 -6.397138e-03
8.100000e-01 -4.696072e-03
8.150000e-01 -2.806054e-03
8.200000e-01 -7.881102e-04
8.250000e-01 1.254258e-03
8.300000e-01 3.251127e-03
8.350000e-01 5.094703e-03
8.400000e-01 6.716127e-03
8.450000e-01 8.103394e-03
8.500000e-01 9.158502e-03
8.550000e-01 9.848487e-03
8.600000e-01 1.018021e-02
8.650000e-01 1.008762e-02
8.700000e-01 9.573545e-03
8.750000e-01 8.678378e-03
8.800000e-01 7.442456e-03
8.850000e-01 5.904918e-03
8.900000e-01 4.125546e-03
8.950000e-01 2.208859e-03
9.000000e-01 2.055275e-04
9.050000e-01 -1.809537e-03
9.100000e-01 -3.755511e-03
9.150000e-01 -5.573181e-03
9.200000e-01 -7.172183e-03
9.250000e-01 -8.479582e-03
9.300000e-01 -9.434691e-03
9.350000e-01 -1.001598e-02
9.400000e-01 -1.018391e-02
9.450000e-01 -9.939454e-03
9.500000e-01 -9.325266e-03
9.550000e-01 -8.343698e-03
9.600000e-01 -7.029007e-03
9.650000e-01 -5.432326e-03
9.700000e-01 -3.616681e-03
9.750000e-01 -1.643055e-03
9.800000e-01 4.013476e-04
9.850000e-01 2.428403e-03
9.900000e-01 4.352306e-03
9.950000e-01 6.082377e-03
1 7.570995e-03
1.005000e+00 8.758811e-03
1.010000e+00 9.603241e-03
1.015000e+00 1.008244e-02
1.020000e+00 1.016549e-02
1.025000e+00 9.841566e-03
1.030000e+00 9.102154e-03
1.035000e+00 7.995391e-03
1.040000e+00 6.585860e-03
1.045000e+00 4.893168e-03
1.050000e+00 3.012957e-03
1.055000e+00 1.040037e-03
1.060000e+00 -9.806906e-04
1.065000e+00 -2.968776e-03
1.070000e+00 -4.831160e-03
1.075000e+00 -6.527555e-03
1.080000e+00 -7.968889e-03
1.085000e+00 -9.080460e-03
1.090000e+00 -9.832292e-03
1.095000e+00 -1.016255e-02
1.100000e+00 -1.009598e-02
1.105000e+00 -9.634808e-03
1.110000e+00 -8.788094e-03
1.115000e+00 -7.606239e-03
1.120000e+00 -6.121784e-03
1.125000e+00 -4.385162e-03
1.130000e+00 -2.483947e-03
1.135000e+00 -4.695271e-04
1.140000e+00 1.595926e-03
1.145000e+00 3.564999e-03
1.150000e+00 5.391553e-03
1.155000e+00 7.018799e-03
1.160000e+00 8.356986e-03
1.165000e+00 9.366943e-03
1.170000e+00 1.000380e-02
1.175000e+00 1.021235e-02
1.180000e+00 9.882309e-03
1.185000e+00 8.929285e-03
1.190000e+00 7.281213e-03
1.195000e+00 4.888351e-03
1.200000e+00 1.820467e-03
1.205000e+00 -1.762152e-03
1.210000e+00 -5.558159e-03
1.215000e+00 -9.191593e-03
1.220000e+00 -1.231899e-02
1.225000e+00 -1.468132e-02
1.230000e+00 -1.625554e-02
1.235000e+00 -1.709958e-02
1.240000e+00 -1.735841e-02
1.245000e+00 -1.716776e-02
1.250000e+00 -1.640312e-02
1.255000e+00 -1.492975e-02
1.260000e+00 -1.257519e-02
1.265000e+00 -9.251732e-03
1.270000e+00 -5.110516e-03
1.275000e+00 -4.057367e-04
1.280000e+00 4.579358e-03
1.285000e+00 9.652819e-03
1.290000e+00 1.459559e-02
1.295000e+00 1.917042e-02
1.300000e+00 2.301519e-02
1.305000e+00 2.566585e-02
1.310000e+00 2.692074e-02
1.315000e+00 2.685222e-02
1.320000e+00 2.574326e-02
1.325000e+00 2.394422e-02
1.330000e+00 2.155536e-02
1.335000e+00 1.841317e-02
1.340000e+00 1.435872e-02
1.345000e+00 9.445906e-03
1.350000e+00 4.019092e-03
1.355000e+00 -1.469986e-03
1.360000e+00 -6.712709e-03
1.365000e+00 -1.156684e-02
1.370000e+00 -1.600739e-02
1.375000e+00 -1.997496e-02
1.380000e+00 -2.324778e-02
1.385000e+00 -2.560306e-02
1.390000e+00 -2.689625e-02
1.395000e+00 -2.705072e-02
1.400000e+00 -2.607342e-02
1.405000e+00 -2.401024e-02
1.410000e+00 -2.099986e-02
1.415000e+00 -1.725107e-02
1.420000e+00 -1.290503e-02
1.425000e+00 -8.033425e-03
1.430000e+00 -2.744833e-03
1.435000e+00 2.762827e-03
1.440000e+00 8.156631e-03
1.445000e+00 1.311728e-02
1.450000e+00 1.740542e-02
1.455000e+00 2.096992e-02
1.460000e+00 2.398311e-02
1.465000e+00 2.623770e-02
1.470000e+00 2.715512e-02
1.475000e+00 2.663942e-02
1.480000e+00 2.527909e-02
1.485000e+00 2.333903e-02
1.490000e+00 2.032075e-02
1.495000e+00 1.610973e-02
1.500000e+00 1.131580e-02
1.505000e+00 6.318820e-03
1.510000e+00 1.088898e-03
1.515000e+00 -4.247866e-03
1.520000e+00 -9.427926e-03
1.525000e+00 -1.436165e-02
1.530000e+00 -1.877708e-02
1.535000e+00 -2.221343e-02
1.540000e+00 -2.465799e-02
1.545000e+00 -2.630044e-02
1.550000e+00 -2.695388e-02
1.555000e+00 -2.652728e-02
1.560000e+00 -2.507596e-02
1.565000e+00 -2.245526e-02
1.570000e+00 -1.885013e-02
1.575000e+00 -1.473804e-02
1.580000e+00 -1.015688e-02
1.585000e+00 -4.936784e-03
1.590000e+00 5.965829e-04
1.595000e+00 6.000669e-03
1.600000e+00 1.101870e-02
1.605000e+00 1.553257e-02
1.610000e+00 1.963256e-02
1.615000e+00 2.310544e-02
1.620000e+00 2.542634e-02
1.625000e+00 2.656636e-02
1.630000e+00 2.690538e-02
1.635000e+00 2.625986e-02
1.640000e+00 2.431217e-02
1.645000e+00 2.140719e-02
1.650000e+00 1.781299e-02
1.655000e+00 1.348601e-02
1.660000e+00 8.544761e-03
1.665000e+00 3.228500e-03
1.670000e+00 -2.119632e-03
1.675000e+00 -7.327774e-03
1.680000e+00 -1.239392e-02
1.685000e+00 -1.696095e-02
1.690000e+00 -2.074161e-02
1.695000e+00 -2.378782e-02
1.700000e+00 -2.586729e-02
1.705000e+00 -2.677366e-02
1.710000e+00 -2.676268e-02
1.715000e+00 -2.577767e-02
1.720000e+00 -2.357075e-02
1.725000e+00 -2.044654e-02
1.730000e+00 -1.664397e-02
1.735000e+00 -1.209994e-02
1.740000e+00 -7.032134e-03
1.745000e+00 -1.692625e-03
1.750000e+00 3.720926e-03
1.755000e+00 8.912205e-03
1.760000e+00 1.376604e-02
1.765000e+00 1.810772e-02
1.770000e+00 2.171708e-02
1.775000e+00 2.445784e-02
1.780000e+00 2.618710e-02
1.785000e+00 2.695520e-02
1.790000e+00 2.667654e-02
1.795000e+00 2.516489e-02
1.800000e+00 2.269908e-02
1.805000e+00 1.946675e-02
1.810000e+00 1.532017e-02
1.815000e+00 1.056618e-02
1.820000e+00 5.504633e-03
1.825000e+00 1.429471e-04
1.830000e+00 -5.212984e-03
1.835000e+00 -1.033931e-02
1.840000e+00 -1.511891e-02
1.845000e+00 -1.925997e-02
1.850000e+00 -2.261394e-02
1.855000e+00 -2.507215e-02
1.860000e+00 -2.652094e-02
1.865000e+00 -2.691205e-02
1.870000e+00 -2.622574e-02
1.875000e+00 -2.452909e-02
1.880000e+00 -2.183255e-02
1.885000e+00 -1.829248e-02
1.890000e+00 -1.404425e-02
1.895000e+00 -9.133054e-03
1.900000e+00 -3.926788e-03
1.905000e+00 1.382338e-03
1.910000e+00 6.773411e-03
1.915000e+00 1.182798e-02
1.920000e+00 1.632347e-02
1.925000e+00 2.029614e-02
1.930000e+00 2.341637e-02
1.935000e+00 2.555829e-02
1.940000e+00 2.679031e-02
1.945000e+00 2.689028e-02
1.950000e+00 2.588004e-02
1.955000e+00 2.388271e-02
1.960000e+00 2.090408e-02
1.965000e+00 1.710592e-02
1.970000e+00 1.261718e-02
1.975000e+00 7.635405e-03
1.980000e+00 2.368276e-03
1.985000e+00 -3.004615e-03
1.990000e+00 -8.234909e-03
1.995000e+00 -1.319272e-02
2 -1.762042e-02
2.005000e+00 -2.131098e-02
2.010000e+00 -2.418871e-02
2.015000e+00 -2.607051e-02
2.020000e+00 -2.691381e-02
2.025000e+00 -2.666411e-02
2.030000e+00 -2.536861e-02
2.035000e+00 -2.313007e-02
2.040000e+00 -1.987015e-02
2.045000e+00 -1.584162e-02
2.050000e+00 -1.126208e-02
2.055000e+00 -6.147461e-03
2.060000e+00 -7.891726e-04
2.065000e+00 4.590171e-03
2.070000e+00 9.795207e-03
2.075000e+00 1.455028e-02
2.080000e+00 1.876314e-02
2.085000e+00 2.225164e-02
2.090000e+00 2.480181e-02
2.095000e+00 2.638320e-02
2.100000e+00 2.695652e-02
2.105000e+00 2.643689e-02
2.110000e+00 2.482607e-02
2.115000e+00 2.226464e-02
2.120000e+00 1.879997e-02
2.125000e+00 1.454824e-02
2.130000e+00 9.763644e-03
2.135000e+00 4.577882e-03
2.140000e+00 -7.944021e-04
2.145000e+00 -6.105440e-03
2.150000e+00 -1.118522e-02
2.155000e+00 -1.584101e-02
2.160000e+00 -1.987243e-02
2.165000e+00 -2.309365e-02
2.170000e+00 -2.542565e-02
2.175000e+00 -2.672432e-02
2.180000e+00 -2.687173e-02
2.185000e+00 -2.604547e-02
2.190000e+00 -2.419990e-02
2.195000e+00 -2.128581e-02
2.200000e+00 -1.761241e-02
2.205000e+00 -1.324345e-02
2.210000e+00 -8.295555e-03
2.215000e+00 -3.057107e-03
2.220000e+00 2.348135e-03
2.225000e+00 7.669257e-03
2.230000e+00 1.263189e-02
2.235000e+00 1.711835e-02
2.240000e+00 2.092445e-02
2.245000e+00 2.383367e-02
2.250000e+00 2.585501e-02
2.255000e+00 2.686853e-02
2.260000e+00 2.674440e-02
2.265000e+00 2.563019e-02
2.270000e+00 2.347340e-02
2.275000e+00 2.031856e-02
2.280000e+00 1.642044e-02
2.285000e+00 1.181662e-02
2.290000e+00 6.734988e-03
2.295000e+00 1.469135e-03
2.300000e+00 -3.900147e-03
2.305000e+00 -9.127436e-03
2.310000e+00 -1.396368e-02
2.315000e+00 -1.827391e-02
2.320000e+00 -2.185344e-02
2.325000e+00 -2.457052e-02
2.330000e+00 -2.633361e-02
2.335000e+00 -2.701244e-02
2.340000e+00 -2.660746e-02
2.345000e+00 -2.519404e-02
2.350000e+00 -2.277403e-02
2.355000e+00 -1.941890e-02
2.360000e+00 -1.532373e-02
2.365000e+00 -1.058790e-02
2.370000e+00 -5.375304e-03
2.375000e+00 3.842638e-05
2.380000e+00 5.481715e-03
2.385000e+00 1.072327e-02
2.390000e+00 1.551188e-02
2.395000e+00 1.965034e-02
2.400000e+00 2.294307e-02
2.405000e+00 2.523338e-02
2.410000e+00 2.643459e-02
2.415000e+00 2.639911e-02
2.420000e+00 2.501468e-02
2.425000e+00 2.231363e-02
2.430000e+00 1.825140e-02
2.435000e+00 1.304509e-02
2.440000e+00 7.033856e-03
2.445000e+00 4.680342e-04
2.450000e+00 -6.108623e-03
2.455000e+00 -1.227006e-02
2.460000e+00 -1.777377e-02
2.465000e+00 -2.230625e-02
2.470000e+00 -2.581354e-02
2.475000e+00 -2.831414e-02
2.480000e+00 -2.971344e-02
2.485000e+00 -3.004126e-02
2.490000e+00 -2.917398e-02
2.495000e+00 -2.692019e-02
2.500000e+00 -2.326577e-02
2.505000e+00 -1.812961e-02
2.510000e+00 -1.170026e-02
2.515000e+00 -4.421777e-03
2.520000e+00 3.279371e-03
2.525000e+00 1.086954e-02
2.530000e+00 1.787678e-02
2.535000e+00 2.400105e-02
2.540000e+00 2.902800e-02
2.545000e+00 3.281020e-02
2.550000e+00 3.529194e-02
2.555000e+00 3.636565e-02
2.560000e+00 3.598137e-02
2.565000e+00 3.423284e-02
2.570000e+00 3.122440e-02
2.575000e+00 2.714805e-02
2.580000e+00 2.210834e-02
2.585000e+00 1.613220e-02
2.590000e+00 9.342086e-03
2.595000e+00 1.945901e-03
2.600000e+00 -5.669509e-03
2.605000e+00 -1.301391e-02
2.610000e+00 -1.961297e-02
2.615000e+00 -2.522953e-02
2.620000e+00 -2.984426e-02
2.625000e+00 -3.342828e-02
2.630000e+00 -3.591923e-02
2.635000e+00 -3.707696e-02
2.640000e+00 -3.661948e-02
2.645000e+00 -3.445703e-02
2.650000e+00 -3.073247e-02
2.655000e+00 -2.582238e-02
2.660000e+00 -2.016362e-02
2.665000e+00 -1.390687e-02
2.670000e+00 -7.087856e-03
2.675000e+00 1.355188e-04
2.680000e+00 7.619344e-03
2.685000e+00 1.488346e-02
2.690000e+00 2.140111e-02
2.695000e+00 2.692182e-02
2.700000e+00 3.123785e-02
2.705000e+00 3.435292e-02
2.710000e+00 3.627397e-02
2.715000e+00 3.683975e-02
2.720000e+00 3.592172e-02
2.725000e+00 3.346358e-02
2.730000e+00 2.956966e-02
2.735000e+00 2.450491e-02
2.740000e+00 1.852447e-02
2.745000e+00 1.187508e-02
2.750000e+00 4.786059e-03
2.755000e+00 -2.541443e-03
2.760000e+00 -9.808129e-03
2.765000e+00 -1.668286e-02
2.770000e+00 -2.291418e-02
2.775000e+00 -2.822904e-02
2.780000e+00 -3.237280e-02
2.785000e+00 -3.521996e-02
2.790000e+00 -3.664234e-02
2.795000e+00 -3.661299e-02
2.800000e+00 -3.520306e-02
2.805000e+00 -3.237025e-02
2.810000e+00 -2.823387e-02
2.815000e+00 -2.297029e-02
2.820000e+00 -1.673895e-02
2.825000e+00 -9.842379e-03
2.830000e+00 -2.587463e-03
2.835000e+00 4.734948e-03
2.840000e+00 1.190475e-02
2.845000e+00 1.861433e-02
2.850000e+00 2.455967e-02
2.855000e+00 2.951669e-02
2.860000e+00 3.326456e-02
2.865000e+00 3.577267e-02
2.870000e+00 3.687702e-02
2.875000e+00 3.642370e-02
2.880000e+00 3.455119e-02
2.885000e+00 3.123430e-02
2.890000e+00 2.664789e-02
2.895000e+00 2.113034e-02
2.900000e+00 1.482773e-02
2.905000e+00 7.884303e-03
2.910000e+00 4.679883e-04
2.915000e+00 -6.973996e-03
2.920000e+00 -1.400014e-02
2.925000e+00 -2.036881e-02
2.930000e+00 -2.598866e-02
2.935000e+00 -3.075201e-02
2.940000e+00 -3.429276e-02
2.945000e+00 -3.632883e-02
2.950000e+00 -3.679842e-02
2.955000e+00 -3.583319e-02
2.960000e+00 -3.362016e-02
2.965000e+00 -3.014834e-02
2.970000e+00 -2.535116e-02
2.975000e+00 -1.940036e-02
2.980000e+00 -1.264898e-02
2.985000e+00 -5.510338e-03
2.990000e+00 1.655009e-03
2.995000e+00 8.796140e-03
3 1.588845e-02
