T X
0 0
5.000000e-03 5.007092e-09
1.000000e-02 3.179377e-08
1.500000e-02 4.881521e-07
2.000000e-02 4.547756e-06
2.500000e-02 2.897366e-05
3.000000e-02 1.357002e-04
3.500000e-02 4.842852e-04
4.000000e-02 1.344335e-03
4.500000e-02 2.938173e-03
5.000000e-02 5.108140e-03
5.500000e-02 7.189284e-03
6.000000e-02 8.529066e-03
6.500000e-02 9.207053e-03
7.000000e-02 9.791609e-03
7.500000e-02 1.029693e-02
8.000000e-02 1.016479e-02
8.500000e-02 9.389973e-03
9.000000e-02 8.483763e-03
9.500000e-02 7.354723e-03
1.000000e-01 5.677567e-03
1.050000e-01 3.819829e-03
1.100000e-01 2.031355e-03
1.150000e-01 2.425798e-05
1.200000e-01 -2.019104e-03
1.250000e-01 -3.799755e-03
1.300000e-01 -5.574979e-03
1.350000e-01 -7.249871e-03
1.400000e-01 -8.518659e-03
1.450000e-01 -9.556182e-03
1.500000e-01 -1.022215e-02
1.550000e-01 -1.028652e-02
1.600000e-01 -1.002883e-02
1.650000e-01 -9.412593e-03
1.700000e-01 -8.366629e-03
1.750000e-01 -7.099826e-03
1.800000e-01 -5.452234e-03
1.850000e-01 -3.528616e-03
1.900000e-01 -1.608931e-03
1.950000e-01 4.503993e-04
2.000000e-01 2.505819e-03
2.050000e-01 4.444503e-03
2.100000e-01 6.261912e-03
2.150000e-01 7.690070e-03
2.200000e-01 8.874647e-03
2.250000e-01 9.801097e-03
2.300000e-01 1.021759e-02
2.350000e-01 1.027599e-02
2.400000e-01 9.930816e-03
2.450000e-01 9.195143e-03
2.500000e-01 8.099584e-03
2.550000e-01 6.586252e-03
2.600000e-01 4.920829e-03
2.650000e-01 3.036080e-03
2.700000e-01 9.687650e-04
2.750000e-01 -1.051574e-03
2.800000e-01 -3.082938e-03
2.850000e-01 -4.960153e-03
2.900000e-01 -6.662743e-03
2.950000e-01 -8.113171e-03
3.000000e-01 -9.195142e-03
3.050000e-01 -9.990762e-03
3.100000e-01 -1.030295e-02
3.150000e-01 -1.021855e-02
3.200000e-01 -9.782209e-03
3.250000e-01 -8.886695e-03
3.300000e-01 -7.677383e-03
3.350000e-01 -6.147993e-03
3.400000e-01 -4.391352e-03
3.450000e-01 -2.450381e-03
3.500000e-01 -4.035391e-04
3.550000e-01 1.637684e-03
3.600000e-01 3.675451e-03
3.650000e-01 5.501234e-03
3.700000e-01 7.114931e-03
3.750000e-01 8.480344e-03
3.800000e-01 9.474102e-03
3.850000e-01 1.009340e-02
3.900000e-01 1.030984e-02
3.950000e-01 1.014381e-02
4.000000e-01 9.542634e-03
4.050000e-01 8.580936e-03
4.100000e-01 7.287210e-03
4.150000e-01 5.661131e-03
4.200000e-01 3.831339e-03
4.250000e-01 1.846003e-03
4.300000e-01 -2.105709e-04
4.350000e-01 -2.252966e-03
4.400000e-01 -4.208289e-03
4.450000e-01 -5.983527e-03
4.500000e-01 -7.535207e-03
4.550000e-01 -8.803791e-03
4.600000e-01 -9.692684e-03
4.650000e-01 -1.020789e-02
4.700000e-01 -1.033315e-02
4.750000e-01 -1.001273e-02
4.800000e-01 -9.302961e-03
4.850000e-01 -8.218848e-03
4.900000e-01 -6.810547e-03
4.950000e-01 -5.147145e-03
5.000000e-01 -3.270749e-03
5.050000e-01 -1.258936e-03
5.100000e-01 7.961367e-04
5.150000e-01 2.820954e-03
5.200000e-01 4.766164e-03
5.250000e-01 6.489401e-03
5.300000e-01 7.945914e-03
5.350000e-01 9.109289e-03
5.400000e-01 9.882970e-03
5.450000e-01 1.027402e-02
5.500000e-01 1.026841e-02
5.550000e-01 9.829502e-03
5.600000e-01 9.021498e-03
5.650000e-01 7.866383e-03
5.700000e-01 6.368121e-03
5.750000e-01 4.623769e-03
5.800000e-01 2.680722e-03
5.850000e-01 6.463492e-04
5.900000e-01 -1.409796e-03
5.950000e-01 -3.425508e-03
6.000000e-01 -5.266510e-03
6.050000e-01 -6.924880e-03
6.100000e-01 -8.327188e-03
6.150000e-01 -9.363925e-03
6.200000e-01 -1.002927e-02
6.250000e-01 -1.032428e-02
6.300000e-01 -1.018430e-02
6.350000e-01 -9.614364e-03
6.400000e-01 -8.689174e-03
6.450000e-01 -7.396312e-03
6.500000e-01 -5.827900e-03
6.550000e-01 -4.048124e-03
6.600000e-01 -2.082765e-03
6.650000e-01 -7.035692e-05
6.700000e-01 1.978321e-03
6.750000e-01 3.967989e-03
6.800000e-01 5.753143e-03
6.850000e-01 7.351429e-03
6.900000e-01 8.652189e-03
6.950000e-01 9.586315e-03
7.000000e-01 1.016064e-02
7.050000e-01 1.031478e-02
7.100000e-01 1.005643e-02
7.150000e-01 9.402260e-03
7.200000e-01 8.393904e-03
7.250000e-01 7.020476e-03
7.300000e-01 5.365368e-03
7.350000e-01 3.525913e-03
7.400000e-01 1.507513e-03
7.450000e-01 -5.615855e-04
7.500000e-01 -2.596158e-03
7.550000e-01 -4.520657e-03
7.600000e-01 -6.271719e-03
7.650000e-01 -7.778398e-03
7.700000e-01 -8.969560e-03
7.750000e-01 -9.813150e-03
7.800000e-01 -1.024915e-02
7.850000e-01 -1.030241e-02
7.900000e-01 -9.937466e-03
7.950000e-01 -9.149395e-03
8.000000e-01 -8.017796e-03
8.050000e-01 -6.550768e-03
8.100000e-01 -4.829932e-03
8.150000e-01 -2.930484e-03
8.200000e-01 -9.099593e-04
8.250000e-01 1.141615e-03
8.300000e-01 3.165042e-03
8.350000e-01 5.060925e-03
8.400000e-01 6.740535e-03
8.450000e-01 8.168149e-03
8.500000e-01 9.269461e-03
8.550000e-01 9.979183e-03
8.600000e-01 1.030824e-02
8.650000e-01 1.022342e-02
8.700000e-01 9.711082e-03
8.750000e-01 8.843249e-03
8.800000e-01 7.628954e-03
8.850000e-01 6.089691e-03
8.900000e-01 4.316097e-03
8.950000e-01 2.361239e-03
9.000000e-01 3.066754e-04
9.050000e-01 -1.751846e-03
9.100000e-01 -3.744925e-03
9.150000e-01 -5.570374e-03
9.200000e-01 -7.189944e-03
9.250000e-01 -8.525746e-03
9.300000e-01 -9.491405e-03
9.350000e-01 -1.011717e-02
9.400000e-01 -1.033804e-02
9.450000e-01 -1.012795e-02
9.500000e-01 -9.527154e-03
9.550000e-01 -8.533803e-03
9.600000e-01 -7.201472e-03
9.650000e-01 -5.573133e-03
9.700000e-01 -3.732279e-03
9.750000e-01 -1.757220e-03
9.800000e-01 2.961412e-04
9.850000e-01 2.332953e-03
9.900000e-01 4.286669e-03
9.950000e-01 6.071114e-03
1 7.614617e-03
1.005000e+00 8.846551e-03
1.010000e+00 9.730813e-03
1.015000e+00 1.023518e-02
1.020000e+00 1.030389e-02
1.025000e+00 9.972879e-03
1.030000e+00 9.256192e-03
1.035000e+00 8.161870e-03
1.040000e+00 6.758138e-03
1.045000e+00 5.087213e-03
1.050000e+00 3.186709e-03
1.055000e+00 1.170684e-03
1.060000e+00 -8.912645e-04
1.065000e+00 -2.936222e-03
1.070000e+00 -4.835824e-03
1.075000e+00 -6.546243e-03
1.080000e+00 -8.011519e-03
1.085000e+00 -9.141530e-03
1.090000e+00 -9.904850e-03
1.095000e+00 -1.028613e-02
1.100000e+00 -1.026327e-02
1.105000e+00 -9.829542e-03
1.110000e+00 -8.991517e-03
1.115000e+00 -7.795789e-03
1.120000e+00 -6.287034e-03
1.125000e+00 -4.518391e-03
1.130000e+00 -2.595849e-03
1.135000e+00 -5.600691e-04
1.140000e+00 1.500298e-03
1.145000e+00 3.489425e-03
1.150000e+00 5.358546e-03
1.155000e+00 7.019096e-03
1.160000e+00 8.419235e-03
1.165000e+00 9.476127e-03
1.170000e+00 1.014684e-02
1.175000e+00 1.036956e-02
1.180000e+00 1.002950e-02
1.185000e+00 9.086216e-03
1.190000e+00 7.445994e-03
1.195000e+00 5.069514e-03
1.200000e+00 2.031550e-03
1.205000e+00 -1.535134e-03
1.210000e+00 -5.325894e-03
1.215000e+00 -8.988543e-03
1.220000e+00 -1.217432e-02
1.225000e+00 -1.460051e-02
1.230000e+00 -1.623027e-02
1.235000e+00 -1.714580e-02
1.240000e+00 -1.746207e-02
1.245000e+00 -1.728590e-02
1.250000e+00 -1.656367e-02
1.255000e+00 -1.511691e-02
1.260000e+00 -1.278237e-02
1.265000e+00 -9.496754e-03
1.270000e+00 -5.383072e-03
1.275000e+00 -6.982157e-04
1.280000e+00 4.278243e-03
1.285000e+00 9.356012e-03
1.290000e+00 1.434250e-02
1.295000e+00 1.895533e-02
1.300000e+00 2.285590e-02
1.305000e+00 2.559550e-02
1.310000e+00 2.693487e-02
1.315000e+00 2.693850e-02
1.320000e+00 2.590444e-02
1.325000e+00 2.417739e-02
1.330000e+00 2.180192e-02
1.335000e+00 1.867689e-02
1.340000e+00 1.464027e-02
1.345000e+00 9.742315e-03
1.350000e+00 4.366252e-03
1.355000e+00 -1.099688e-03
1.360000e+00 -6.334905e-03
1.365000e+00 -1.121354e-02
1.370000e+00 -1.572663e-02
1.375000e+00 -1.978445e-02
1.380000e+00 -2.318529e-02
1.385000e+00 -2.564176e-02
1.390000e+00 -2.702924e-02
1.395000e+00 -2.727630e-02
1.400000e+00 -2.632005e-02
1.405000e+00 -2.427288e-02
1.410000e+00 -2.128529e-02
1.415000e+00 -1.754880e-02
1.420000e+00 -1.324388e-02
1.425000e+00 -8.418432e-03
1.430000e+00 -3.140749e-03
1.435000e+00 2.363110e-03
1.440000e+00 7.811136e-03
1.445000e+00 1.285808e-02
1.450000e+00 1.720526e-02
1.455000e+00 2.083232e-02
1.460000e+00 2.388526e-02
1.465000e+00 2.618484e-02
1.470000e+00 2.718925e-02
1.475000e+00 2.678487e-02
1.480000e+00 2.552392e-02
1.485000e+00 2.368228e-02
1.490000e+00 2.074513e-02
1.495000e+00 1.656140e-02
1.500000e+00 1.178896e-02
1.505000e+00 6.796724e-03
1.510000e+00 1.533265e-03
1.515000e+00 -3.828216e-03
1.520000e+00 -9.020057e-03
1.525000e+00 -1.399413e-02
1.530000e+00 -1.849717e-02
1.535000e+00 -2.205409e-02
1.540000e+00 -2.462365e-02
1.545000e+00 -2.636658e-02
1.550000e+00 -2.715310e-02
1.555000e+00 -2.682154e-02
1.560000e+00 -2.542012e-02
1.565000e+00 -2.288949e-02
1.570000e+00 -1.932741e-02
1.575000e+00 -1.524081e-02
1.580000e+00 -1.070496e-02
1.585000e+00 -5.517828e-03
1.590000e+00 5.436893e-05
1.595000e+00 5.555777e-03
1.600000e+00 1.065976e-02
1.605000e+00 1.523331e-02
1.610000e+00 1.939846e-02
1.615000e+00 2.302852e-02
1.620000e+00 2.549510e-02
1.625000e+00 2.669194e-02
1.630000e+00 2.711166e-02
1.635000e+00 2.660987e-02
1.640000e+00 2.479923e-02
1.645000e+00 2.194375e-02
1.650000e+00 1.838596e-02
1.655000e+00 1.412504e-02
1.660000e+00 9.161264e-03
1.665000e+00 3.772346e-03
1.670000e+00 -1.605340e-03
1.675000e+00 -6.867746e-03
1.680000e+00 -1.204105e-02
1.685000e+00 -1.672345e-02
1.690000e+00 -2.059030e-02
1.695000e+00 -2.374490e-02
1.700000e+00 -2.598045e-02
1.705000e+00 -2.703023e-02
1.710000e+00 -2.716004e-02
1.715000e+00 -2.628024e-02
1.720000e+00 -2.409645e-02
1.725000e+00 -2.099513e-02
1.730000e+00 -1.725526e-02
1.735000e+00 -1.274554e-02
1.740000e+00 -7.634531e-03
1.745000e+00 -2.260084e-03
1.750000e+00 3.138775e-03
1.755000e+00 8.455688e-03
1.760000e+00 1.347998e-02
1.765000e+00 1.792342e-02
1.770000e+00 2.166875e-02
1.775000e+00 2.454411e-02
1.780000e+00 2.639764e-02
1.785000e+00 2.726308e-02
1.790000e+00 2.706935e-02
1.795000e+00 2.565087e-02
1.800000e+00 2.330624e-02
1.805000e+00 2.017448e-02
1.810000e+00 1.600851e-02
1.815000e+00 1.122950e-02
1.820000e+00 6.162312e-03
1.825000e+00 7.108236e-04
1.830000e+00 -4.759737e-03
1.835000e+00 -9.961947e-03
1.840000e+00 -1.483178e-02
1.845000e+00 -1.910482e-02
1.850000e+00 -2.258045e-02
1.855000e+00 -2.517994e-02
1.860000e+00 -2.678290e-02
1.865000e+00 -2.733054e-02
1.870000e+00 -2.677251e-02
1.875000e+00 -2.511099e-02
1.880000e+00 -2.247518e-02
1.885000e+00 -1.896983e-02
1.890000e+00 -1.471075e-02
1.895000e+00 -9.815047e-03
1.900000e+00 -4.555720e-03
1.905000e+00 8.061052e-04
1.910000e+00 6.240097e-03
1.915000e+00 1.144241e-02
1.920000e+00 1.609436e-02
1.925000e+00 2.019909e-02
1.930000e+00 2.348898e-02
1.935000e+00 2.575677e-02
1.940000e+00 2.709405e-02
1.945000e+00 2.731632e-02
1.950000e+00 2.639291e-02
1.955000e+00 2.450793e-02
1.960000e+00 2.161547e-02
1.965000e+00 1.781780e-02
1.970000e+00 1.336550e-02
1.975000e+00 8.370865e-03
1.980000e+00 2.997131e-03
1.985000e+00 -2.464335e-03
1.990000e+00 -7.799113e-03
1.995000e+00 -1.286512e-02
2 -1.740967e-02
2.005000e+00 -2.123376e-02
2.010000e+00 -2.423437e-02
2.015000e+00 -2.626509e-02
2.020000e+00 -2.727267e-02
2.025000e+00 -2.716978e-02
2.030000e+00 -2.596537e-02
2.035000e+00 -2.378282e-02
2.040000e+00 -2.059034e-02
2.045000e+00 -1.658028e-02
2.050000e+00 -1.198131e-02
2.055000e+00 -6.818567e-03
2.060000e+00 -1.400813e-03
2.065000e+00 3.991003e-03
2.070000e+00 9.307721e-03
2.075000e+00 1.425079e-02
2.080000e+00 1.857307e-02
2.085000e+00 2.221752e-02
2.090000e+00 2.496094e-02
2.095000e+00 2.665066e-02
2.100000e+00 2.733679e-02
2.105000e+00 2.693633e-02
2.110000e+00 2.540367e-02
2.115000e+00 2.292640e-02
2.120000e+00 1.951085e-02
2.125000e+00 1.528815e-02
2.130000e+00 1.053482e-02
2.135000e+00 5.295330e-03
2.140000e+00 -1.640188e-04
2.145000e+00 -5.584153e-03
2.150000e+00 -1.080640e-02
2.155000e+00 -1.556361e-02
2.160000e+00 -1.971938e-02
2.165000e+00 -2.309057e-02
2.170000e+00 -2.552979e-02
2.175000e+00 -2.697478e-02
2.180000e+00 -2.731407e-02
2.185000e+00 -2.658827e-02
2.190000e+00 -2.482956e-02
2.195000e+00 -2.200708e-02
2.200000e+00 -1.833754e-02
2.205000e+00 -1.397859e-02
2.210000e+00 -8.985855e-03
2.215000e+00 -3.678228e-03
2.220000e+00 1.732748e-03
2.225000e+00 7.135710e-03
2.230000e+00 1.223884e-02
2.235000e+00 1.684106e-02
2.240000e+00 2.078224e-02
2.245000e+00 2.389813e-02
2.250000e+00 2.607380e-02
2.255000e+00 2.718615e-02
2.260000e+00 2.720474e-02
2.265000e+00 2.615577e-02
2.270000e+00 2.406344e-02
2.275000e+00 2.100847e-02
2.280000e+00 1.714474e-02
2.285000e+00 1.256412e-02
2.290000e+00 7.478643e-03
2.295000e+00 2.144751e-03
2.300000e+00 -3.344328e-03
2.305000e+00 -8.676864e-03
2.310000e+00 -1.364092e-02
2.315000e+00 -1.809649e-02
2.320000e+00 -2.177818e-02
2.325000e+00 -2.463607e-02
2.330000e+00 -2.651841e-02
2.335000e+00 -2.733236e-02
2.340000e+00 -2.709820e-02
2.345000e+00 -2.577161e-02
2.350000e+00 -2.342640e-02
2.355000e+00 -2.014637e-02
2.360000e+00 -1.606422e-02
2.365000e+00 -1.130736e-02
2.370000e+00 -6.051279e-03
2.375000e+00 -5.893181e-04
2.380000e+00 4.921400e-03
2.385000e+00 1.029399e-02
2.390000e+00 1.521084e-02
2.395000e+00 1.948739e-02
2.400000e+00 2.296894e-02
2.405000e+00 2.542953e-02
2.410000e+00 2.675171e-02
2.415000e+00 2.682017e-02
2.420000e+00 2.551428e-02
2.425000e+00 2.286167e-02
2.430000e+00 1.891456e-02
2.435000e+00 1.378334e-02
2.440000e+00 7.781569e-03
2.445000e+00 1.290209e-03
2.450000e+00 -5.340836e-03
2.455000e+00 -1.164815e-02
2.460000e+00 -1.723008e-02
2.465000e+00 -2.194561e-02
2.470000e+00 -2.564851e-02
2.475000e+00 -2.825674e-02
2.480000e+00 -2.983908e-02
2.485000e+00 -3.027540e-02
2.490000e+00 -2.947296e-02
2.495000e+00 -2.736834e-02
2.500000e+00 -2.378264e-02
2.505000e+00 -1.873960e-02
2.510000e+00 -1.244713e-02
2.515000e+00 -5.246296e-03
2.520000e+00 2.413581e-03
2.525000e+00 1.001544e-02
2.530000e+00 1.710340e-02
2.535000e+00 2.334951e-02
2.540000e+00 2.850815e-02
2.545000e+00 3.245727e-02
2.550000e+00 3.509481e-02
2.555000e+00 3.631249e-02
2.560000e+00 3.611369e-02
2.565000e+00 3.454858e-02
2.570000e+00 3.168737e-02
2.575000e+00 2.774287e-02
2.580000e+00 2.280311e-02
2.585000e+00 1.689048e-02
2.590000e+00 1.017950e-02
2.595000e+00 2.835513e-03
2.600000e+00 -4.742698e-03
2.605000e+00 -1.207985e-02
2.610000e+00 -1.880083e-02
2.615000e+00 -2.457516e-02
2.620000e+00 -2.937667e-02
2.625000e+00 -3.318082e-02
2.630000e+00 -3.584821e-02
2.635000e+00 -3.718648e-02
2.640000e+00 -3.687393e-02
2.645000e+00 -3.481170e-02
2.650000e+00 -3.123695e-02
2.655000e+00 -2.648920e-02
2.660000e+00 -2.093674e-02
2.665000e+00 -1.481452e-02
2.670000e+00 -8.095591e-03
2.675000e+00 -8.688836e-04
2.680000e+00 6.606366e-03
2.685000e+00 1.394832e-02
2.690000e+00 2.059777e-02
2.695000e+00 2.623456e-02
2.700000e+00 3.076878e-02
2.705000e+00 3.409561e-02
2.710000e+00 3.617920e-02
2.715000e+00 3.697889e-02
2.720000e+00 3.629361e-02
2.725000e+00 3.403936e-02
2.730000e+00 3.037166e-02
2.735000e+00 2.545082e-02
2.740000e+00 1.957462e-02
2.745000e+00 1.297176e-02
2.750000e+00 5.824165e-03
2.755000e+00 -1.513730e-03
2.760000e+00 -8.814800e-03
2.765000e+00 -1.578701e-02
2.770000e+00 -2.213747e-02
2.775000e+00 -2.762972e-02
2.780000e+00 -3.201008e-02
2.785000e+00 -3.511264e-02
2.790000e+00 -3.675798e-02
2.795000e+00 -3.696164e-02
2.800000e+00 -3.572805e-02
2.805000e+00 -3.302864e-02
2.810000e+00 -2.907376e-02
2.815000e+00 -2.393976e-02
2.820000e+00 -1.779068e-02
2.825000e+00 -1.100029e-02
2.830000e+00 -3.752421e-03
2.835000e+00 3.646794e-03
2.840000e+00 1.088102e-02
2.845000e+00 1.776336e-02
2.850000e+00 2.387208e-02
2.855000e+00 2.896921e-02
2.860000e+00 3.301538e-02
2.865000e+00 3.572646e-02
2.870000e+00 3.698617e-02
2.875000e+00 3.681807e-02
2.880000e+00 3.516366e-02
2.885000e+00 3.208814e-02
2.890000e+00 2.769262e-02
2.895000e+00 2.222860e-02
2.900000e+00 1.600263e-02
2.905000e+00 9.095663e-03
2.910000e+00 1.648956e-03
2.915000e+00 -5.856212e-03
2.920000e+00 -1.296456e-02
2.925000e+00 -1.951355e-02
2.930000e+00 -2.533563e-02
2.935000e+00 -3.026212e-02
2.940000e+00 -3.405589e-02
2.945000e+00 -3.637766e-02
2.950000e+00 -3.712340e-02
2.955000e+00 -3.640367e-02
2.960000e+00 -3.438726e-02
2.965000e+00 -3.109372e-02
2.970000e+00 -2.645249e-02
2.975000e+00 -2.061864e-02
2.980000e+00 -1.394708e-02
2.985000e+00 -6.810938e-03
2.990000e+00 4.096557e-04
2.995000e+00 7.590566e-03
3 1.480103e-02
