T X
0 0
5.000000e-03 5.270897e-09
1.000000e-02 2.550513e-08
1.500000e-02 2.676188e-07
2.000000e-02 2.563510e-06
2.500000e-02 1.725023e-05
3.000000e-02 8.565195e-05
3.500000e-02 3.257243e-04
4.000000e-02 9.684266e-04
4.500000e-02 2.278111e-03
5.000000e-02 4.277185e-03
5.500000e-02 6.488177e-03
6.000000e-02 8.174151e-03
6.500000e-02 9.068540e-03
7.000000e-02 9.613430e-03
7.500000e-02 1.013739e-02
8.000000e-02 1.026654e-02
8.500000e-02 9.698546e-03
9.000000e-02 8.812711e-03
9.500000e-02 7.813838e-03
1.000000e-01 6.349418e-03
1.050000e-01 4.487927e-03
1.100000e-01 2.650392e-03
1.150000e-01 7.107933e-04
1.200000e-01 -1.405191e-03
1.250000e-01 -3.311030e-03
1.300000e-01 -5.035263e-03
1.350000e-01 -6.701986e-03
1.400000e-01 -8.027320e-03
1.450000e-01 -9.068863e-03
1.500000e-01 -9.897157e-03
1.550000e-01 -1.020283e-02
1.600000e-01 -1.007394e-02
1.650000e-01 -9.598119e-03
1.700000e-01 -8.626996e-03
1.750000e-01 -7.412498e-03
1.800000e-01 -5.981515e-03
1.850000e-01 -4.177100e-03
1.900000e-01 -2.247035e-03
1.950000e-01 -2.374979e-04
2.000000e-01 1.800794e-03
2.050000e-01 3.713797e-03
2.100000e-01 5.580847e-03
2.150000e-01 7.184933e-03
2.200000e-01 8.417820e-03
2.250000e-01 9.374278e-03
2.300000e-01 9.933362e-03
2.350000e-01 1.017372e-02
2.400000e-01 9.990695e-03
2.450000e-01 9.314885e-03
2.500000e-01 8.370068e-03
2.550000e-01 7.053268e-03
2.600000e-01 5.416251e-03
2.650000e-01 3.595906e-03
2.700000e-01 1.644865e-03
2.750000e-01 -3.275369e-04
2.800000e-01 -2.362669e-03
2.850000e-01 -4.278596e-03
2.900000e-01 -6.013676e-03
2.950000e-01 -7.571322e-03
3.000000e-01 -8.758230e-03
3.050000e-01 -9.597765e-03
3.100000e-01 -1.005649e-02
3.150000e-01 -1.012875e-02
3.200000e-01 -9.807861e-03
3.250000e-01 -9.071848e-03
3.300000e-01 -8.020110e-03
3.350000e-01 -6.612648e-03
3.400000e-01 -4.929875e-03
3.450000e-01 -3.067131e-03
3.500000e-01 -1.059010e-03
3.550000e-01 9.803405e-04
3.600000e-01 2.941240e-03
3.650000e-01 4.786746e-03
3.700000e-01 6.503818e-03
3.750000e-01 7.920452e-03
3.800000e-01 9.019369e-03
3.850000e-01 9.795049e-03
3.900000e-01 1.014531e-02
3.950000e-01 1.008490e-02
4.000000e-01 9.627136e-03
4.050000e-01 8.791788e-03
4.100000e-01 7.608474e-03
4.150000e-01 6.136397e-03
4.200000e-01 4.404915e-03
4.250000e-01 2.499119e-03
4.300000e-01 5.033173e-04
4.350000e-01 -1.542100e-03
4.400000e-01 -3.531476e-03
4.450000e-01 -5.342417e-03
4.500000e-01 -6.933927e-03
4.550000e-01 -8.281904e-03
4.600000e-01 -9.268849e-03
4.650000e-01 -9.901651e-03
4.700000e-01 -1.017363e-02
4.750000e-01 -1.000861e-02
4.800000e-01 -9.436549e-03
4.850000e-01 -8.506530e-03
4.900000e-01 -7.207942e-03
4.950000e-01 -5.623533e-03
5.000000e-01 -3.845251e-03
5.050000e-01 -1.908659e-03
5.100000e-01 7.683832e-05
5.150000e-01 2.114001e-03
5.200000e-01 4.061713e-03
5.250000e-01 5.820604e-03
5.300000e-01 7.397383e-03
5.350000e-01 8.621888e-03
5.400000e-01 9.498749e-03
5.450000e-01 1.002410e-02
5.500000e-01 1.013763e-02
5.550000e-01 9.867189e-03
5.600000e-01 9.202942e-03
5.650000e-01 8.166076e-03
5.700000e-01 6.804478e-03
5.750000e-01 5.146655e-03
5.800000e-01 3.270434e-03
5.850000e-01 1.311202e-03
5.900000e-01 -6.938733e-04
5.950000e-01 -2.701755e-03
6.000000e-01 -4.577390e-03
6.050000e-01 -6.289140e-03
6.100000e-01 -7.765650e-03
6.150000e-01 -8.918791e-03
6.200000e-01 -9.719214e-03
6.250000e-01 -1.011059e-02
6.300000e-01 -1.011030e-02
6.350000e-01 -9.702958e-03
6.400000e-01 -8.910728e-03
6.450000e-01 -7.790289e-03
6.500000e-01 -6.347236e-03
6.550000e-01 -4.638304e-03
6.600000e-01 -2.731738e-03
6.650000e-01 -7.133704e-04
6.700000e-01 1.328962e-03
6.750000e-01 3.323341e-03
6.800000e-01 5.163481e-03
6.850000e-01 6.781234e-03
6.900000e-01 8.154773e-03
6.950000e-01 9.196128e-03
7.000000e-01 9.860740e-03
7.050000e-01 1.015498e-02
7.100000e-01 1.003554e-02
7.150000e-01 9.503390e-03
7.200000e-01 8.594046e-03
7.250000e-01 7.340652e-03
7.300000e-01 5.823657e-03
7.350000e-01 4.082390e-03
7.400000e-01 2.167819e-03
7.450000e-01 1.625975e-04
7.500000e-01 -1.864923e-03
7.550000e-01 -3.816602e-03
7.600000e-01 -5.637692e-03
7.650000e-01 -7.208661e-03
7.700000e-01 -8.477774e-03
7.750000e-01 -9.428213e-03
7.800000e-01 -9.972906e-03
7.850000e-01 -1.015974e-02
7.900000e-01 -9.943368e-03
7.950000e-01 -9.318527e-03
8.000000e-01 -8.327513e-03
8.050000e-01 -6.960871e-03
8.100000e-01 -5.343396e-03
8.150000e-01 -3.516492e-03
8.200000e-01 -1.553274e-03
8.250000e-01 4.538153e-04
8.300000e-01 2.448938e-03
8.350000e-01 4.356921e-03
8.400000e-01 6.102667e-03
8.450000e-01 7.596903e-03
8.500000e-01 8.800177e-03
8.550000e-01 9.627824e-03
8.600000e-01 1.006821e-02
8.650000e-01 1.011521e-02
8.700000e-01 9.753502e-03
8.750000e-01 9.044841e-03
8.800000e-01 7.963326e-03
8.850000e-01 6.531929e-03
8.900000e-01 4.866494e-03
8.950000e-01 2.993340e-03
9.000000e-01 9.777057e-04
9.050000e-01 -1.046441e-03
9.100000e-01 -3.025605e-03
9.150000e-01 -4.889805e-03
9.200000e-01 -6.556726e-03
9.250000e-01 -7.971397e-03
9.300000e-01 -9.074772e-03
9.350000e-01 -9.814337e-03
9.400000e-01 -1.016644e-02
9.450000e-01 -1.009169e-02
9.500000e-01 -9.598855e-03
9.550000e-01 -8.752293e-03
9.600000e-01 -7.549302e-03
9.650000e-01 -6.050743e-03
9.700000e-01 -4.314496e-03
9.750000e-01 -2.408485e-03
9.800000e-01 -4.025739e-04
9.850000e-01 1.642950e-03
9.900000e-01 3.601765e-03
9.950000e-01 5.422763e-03
1 7.017731e-03
1.005000e+00 8.318693e-03
1.010000e+00 9.296722e-03
1.015000e+00 9.913707e-03
1.020000e+00 1.016324e-02
1.025000e+00 9.980189e-03
1.030000e+00 9.405987e-03
1.035000e+00 8.456630e-03
1.040000e+00 7.140970e-03
1.045000e+00 5.571960e-03
1.050000e+00 3.763062e-03
1.055000e+00 1.827674e-03
1.060000e+00 -1.692522e-04
1.065000e+00 -2.198237e-03
1.070000e+00 -4.121244e-03
1.075000e+00 -5.904686e-03
1.080000e+00 -7.450128e-03
1.085000e+00 -8.676948e-03
1.090000e+00 -9.553932e-03
1.095000e+00 -1.003402e-02
1.100000e+00 -1.014452e-02
1.105000e+00 -9.855023e-03
1.110000e+00 -9.158055e-03
1.115000e+00 -8.110584e-03
1.120000e+00 -6.732687e-03
1.125000e+00 -5.061836e-03
1.130000e+00 -3.197910e-03
1.135000e+00 -1.212610e-03
1.140000e+00 8.104199e-04
1.145000e+00 2.782262e-03
1.150000e+00 4.670183e-03
1.155000e+00 6.361063e-03
1.160000e+00 7.801389e-03
1.165000e+00 8.964084e-03
1.170000e+00 9.741018e-03
1.175000e+00 1.010749e-02
1.180000e+00 1.009537e-02
1.185000e+00 9.679062e-03
1.190000e+00 8.862860e-03
1.195000e+00 7.724362e-03
1.200000e+00 6.265855e-03
1.205000e+00 4.551196e-03
1.210000e+00 2.665013e-03
1.215000e+00 6.403446e-04
1.220000e+00 -1.373016e-03
1.225000e+00 -3.307951e-03
1.230000e+00 -5.079378e-03
1.235000e+00 -6.587340e-03
1.240000e+00 -7.883262e-03
1.245000e+00 -8.972772e-03
1.250000e+00 -9.927913e-03
1.255000e+00 -1.087930e-02
1.260000e+00 -1.188131e-02
1.265000e+00 -1.293809e-02
1.270000e+00 -1.390218e-02
1.275000e+00 -1.452202e-02
1.280000e+00 -1.458961e-02
1.285000e+00 -1.388361e-02
1.290000e+00 -1.237251e-02
1.295000e+00 -1.026436e-02
1.300000e+00 -7.798630e-03
1.305000e+00 -5.226748e-03
1.310000e+00 -2.660976e-03
1.315000e+00 -7.152471e-05
1.320000e+00 2.646699e-03
1.325000e+00 5.526181e-03
1.330000e+00 8.450653e-03
1.335000e+00 1.126637e-02
1.340000e+00 1.385153e-02
1.345000e+00 1.624591e-02
1.350000e+00 1.848328e-02
1.355000e+00 2.048427e-02
1.360000e+00 2.201249e-02
1.365000e+00 2.263411e-02
1.370000e+00 2.205109e-02
1.375000e+00 2.021453e-02
1.380000e+00 1.740289e-02
1.385000e+00 1.404506e-02
1.390000e+00 1.037885e-02
1.395000e+00 6.482318e-03
1.400000e+00 2.335551e-03
1.405000e+00 -1.994198e-03
1.410000e+00 -6.338208e-03
1.415000e+00 -1.052813e-02
1.420000e+00 -1.428070e-02
1.425000e+00 -1.728510e-02
1.430000e+00 -1.954558e-02
1.435000e+00 -2.113662e-02
1.440000e+00 -2.184793e-02
1.445000e+00 -2.155338e-02
1.450000e+00 -2.059584e-02
1.455000e+00 -1.923970e-02
1.460000e+00 -1.702436e-02
1.465000e+00 -1.357696e-02
1.470000e+00 -9.494108e-03
1.475000e+00 -5.441118e-03
1.480000e+00 -1.301323e-03
1.485000e+00 3.037362e-03
1.490000e+00 7.330821e-03
1.495000e+00 1.140353e-02
1.500000e+00 1.499227e-02
1.505000e+00 1.778844e-02
1.510000e+00 1.986138e-02
1.515000e+00 2.135582e-02
1.520000e+00 2.206435e-02
1.525000e+00 2.178927e-02
1.530000e+00 2.057283e-02
1.535000e+00 1.844824e-02
1.540000e+00 1.557202e-02
1.545000e+00 1.226663e-02
1.550000e+00 8.585967e-03
1.555000e+00 4.476629e-03
1.560000e+00 9.918253e-05
1.565000e+00 -4.426210e-03
1.570000e+00 -8.837047e-03
1.575000e+00 -1.255320e-02
1.580000e+00 -1.560218e-02
1.585000e+00 -1.838275e-02
1.590000e+00 -2.059791e-02
1.595000e+00 -2.177137e-02
1.600000e+00 -2.189222e-02
1.605000e+00 -2.126077e-02
1.610000e+00 -2.003036e-02
1.615000e+00 -1.792874e-02
1.620000e+00 -1.480503e-02
1.625000e+00 -1.117686e-02
1.630000e+00 -7.354646e-03
1.635000e+00 -3.085684e-03
1.640000e+00 1.356021e-03
1.645000e+00 5.578216e-03
1.650000e+00 9.678524e-03
1.655000e+00 1.350603e-02
1.660000e+00 1.672227e-02
1.665000e+00 1.922570e-02
1.670000e+00 2.096914e-02
1.675000e+00 2.186835e-02
1.680000e+00 2.185216e-02
1.685000e+00 2.099088e-02
1.690000e+00 1.945541e-02
1.695000e+00 1.707607e-02
1.700000e+00 1.384100e-02
1.705000e+00 1.015823e-02
1.710000e+00 6.103533e-03
1.715000e+00 1.743622e-03
1.720000e+00 -2.612747e-03
1.725000e+00 -6.902535e-03
1.730000e+00 -1.097075e-02
1.735000e+00 -1.445049e-02
1.740000e+00 -1.738604e-02
1.745000e+00 -1.980386e-02
1.750000e+00 -2.138998e-02
1.755000e+00 -2.199303e-02
1.760000e+00 -2.170099e-02
1.765000e+00 -2.065597e-02
1.770000e+00 -1.877871e-02
1.775000e+00 -1.605668e-02
1.780000e+00 -1.278202e-02
1.785000e+00 -9.052291e-03
1.790000e+00 -4.891399e-03
1.795000e+00 -5.262984e-04
1.800000e+00 3.921235e-03
1.805000e+00 8.163832e-03
1.810000e+00 1.199104e-02
1.815000e+00 1.545537e-02
1.820000e+00 1.822455e-02
1.825000e+00 2.022321e-02
1.830000e+00 2.158944e-02
1.835000e+00 2.203433e-02
1.840000e+00 2.152204e-02
1.845000e+00 2.022275e-02
1.850000e+00 1.811132e-02
1.855000e+00 1.519176e-02
1.860000e+00 1.165108e-02
1.865000e+00 7.784790e-03
1.870000e+00 3.613638e-03
1.875000e+00 -7.884712e-04
1.880000e+00 -5.117458e-03
1.885000e+00 -9.294207e-03
1.890000e+00 -1.312026e-02
1.895000e+00 -1.635422e-02
1.900000e+00 -1.894896e-02
1.905000e+00 -2.075806e-02
1.910000e+00 -2.173574e-02
1.915000e+00 -2.189146e-02
1.920000e+00 -2.116179e-02
1.925000e+00 -1.965023e-02
1.930000e+00 -1.734539e-02
1.935000e+00 -1.423984e-02
1.940000e+00 -1.061530e-02
1.945000e+00 -6.588181e-03
1.950000e+00 -2.258444e-03
1.955000e+00 2.104523e-03
1.960000e+00 6.358217e-03
1.965000e+00 1.042897e-02
1.970000e+00 1.408096e-02
1.975000e+00 1.715409e-02
1.980000e+00 1.962585e-02
1.985000e+00 2.122580e-02
1.990000e+00 2.192742e-02
1.995000e+00 2.184693e-02
2 2.079857e-02
2.005000e+00 1.895001e-02
2.010000e+00 1.645455e-02
2.015000e+00 1.321774e-02
2.020000e+00 9.477830e-03
2.025000e+00 5.360258e-03
2.030000e+00 9.714987e-04
2.035000e+00 -3.401498e-03
2.040000e+00 -7.653243e-03
2.045000e+00 -1.156975e-02
2.050000e+00 -1.499825e-02
2.055000e+00 -1.787959e-02
2.060000e+00 -2.004028e-02
2.065000e+00 -2.144355e-02
2.070000e+00 -2.200121e-02
2.075000e+00 -2.162336e-02
2.080000e+00 -2.039519e-02
2.085000e+00 -1.834776e-02
2.090000e+00 -1.551307e-02
2.095000e+00 -1.212986e-02
2.100000e+00 -8.333954e-03
2.105000e+00 -4.123035e-03
2.110000e+00 2.399238e-04
2.115000e+00 4.588426e-03
2.120000e+00 8.826269e-03
2.125000e+00 1.265375e-02
2.130000e+00 1.596975e-02
2.135000e+00 1.864238e-02
2.140000e+00 2.051919e-02
2.145000e+00 2.163610e-02
2.150000e+00 2.190769e-02
2.155000e+00 2.132443e-02
2.160000e+00 1.990536e-02
2.165000e+00 1.762009e-02
2.170000e+00 1.462909e-02
2.175000e+00 1.106672e-02
2.180000e+00 7.062603e-03
2.185000e+00 2.814488e-03
2.190000e+00 -1.548453e-03
2.195000e+00 -5.834322e-03
2.200000e+00 -9.893523e-03
2.205000e+00 -1.364465e-02
2.210000e+00 -1.682416e-02
2.215000e+00 -1.928198e-02
2.220000e+00 -2.100443e-02
2.225000e+00 -2.183052e-02
2.230000e+00 -2.180118e-02
2.235000e+00 -2.095898e-02
2.240000e+00 -1.923367e-02
2.245000e+00 -1.681088e-02
2.250000e+00 -1.370005e-02
2.255000e+00 -9.958094e-03
2.260000e+00 -5.891584e-03
2.265000e+00 -1.536751e-03
2.270000e+00 2.885217e-03
2.275000e+00 7.088516e-03
2.280000e+00 1.106839e-02
2.285000e+00 1.460154e-02
2.290000e+00 1.753703e-02
2.295000e+00 1.983885e-02
2.300000e+00 2.133386e-02
2.305000e+00 2.196007e-02
2.310000e+00 2.169500e-02
2.315000e+00 2.053650e-02
2.320000e+00 1.858594e-02
2.325000e+00 1.591670e-02
2.330000e+00 1.259697e-02
2.335000e+00 8.804205e-03
2.340000e+00 4.674250e-03
2.345000e+00 3.105147e-04
2.350000e+00 -4.096894e-03
2.355000e+00 -8.326858e-03
2.360000e+00 -1.220464e-02
2.365000e+00 -1.556890e-02
2.370000e+00 -1.829013e-02
2.375000e+00 -2.032073e-02
2.380000e+00 -2.153924e-02
2.385000e+00 -2.194356e-02
2.390000e+00 -2.148206e-02
2.395000e+00 -2.007505e-02
2.400000e+00 -1.791416e-02
2.405000e+00 -1.502966e-02
2.410000e+00 -1.150440e-02
2.415000e+00 -7.571315e-03
2.420000e+00 -3.356679e-03
2.425000e+00 9.869953e-04
2.430000e+00 5.287935e-03
2.435000e+00 9.445916e-03
2.440000e+00 1.325973e-02
2.445000e+00 1.647770e-02
2.450000e+00 1.904909e-02
2.455000e+00 2.080867e-02
2.460000e+00 2.171611e-02
2.465000e+00 2.181666e-02
2.470000e+00 2.101271e-02
2.475000e+00 1.937644e-02
2.480000e+00 1.695559e-02
2.485000e+00 1.386635e-02
2.490000e+00 1.023333e-02
2.495000e+00 6.161879e-03
2.500000e+00 1.912768e-03
2.505000e+00 -2.387462e-03
2.510000e+00 -6.596784e-03
2.515000e+00 -1.049703e-02
2.520000e+00 -1.401861e-02
2.525000e+00 -1.699598e-02
2.530000e+00 -1.923353e-02
2.535000e+00 -2.068670e-02
2.540000e+00 -2.131841e-02
2.545000e+00 -2.123537e-02
2.550000e+00 -2.060065e-02
2.555000e+00 -1.949458e-02
2.560000e+00 -1.808651e-02
2.565000e+00 -1.648402e-02
2.570000e+00 -1.455221e-02
2.575000e+00 -1.223694e-02
2.580000e+00 -9.534868e-03
2.585000e+00 -6.296056e-03
2.590000e+00 -2.655941e-03
2.595000e+00 1.198080e-03
2.600000e+00 5.098684e-03
2.605000e+00 8.688665e-03
2.610000e+00 1.179166e-02
2.615000e+00 1.427804e-02
2.620000e+00 1.610251e-02
2.625000e+00 1.743263e-02
2.630000e+00 1.836940e-02
2.635000e+00 1.898901e-02
2.640000e+00 1.934259e-02
2.645000e+00 1.931129e-02
2.650000e+00 1.880690e-02
2.655000e+00 1.778662e-02
2.660000e+00 1.618827e-02
2.665000e+00 1.404551e-02
2.670000e+00 1.136496e-02
2.675000e+00 8.115799e-03
2.680000e+00 4.354132e-03
2.685000e+00 2.161316e-04
2.690000e+00 -4.006326e-03
2.695000e+00 -7.920297e-03
2.700000e+00 -1.123986e-02
2.705000e+00 -1.388579e-02
2.710000e+00 -1.592016e-02
2.715000e+00 -1.744690e-02
2.720000e+00 -1.854295e-02
2.725000e+00 -1.903722e-02
2.730000e+00 -1.869807e-02
2.735000e+00 -1.745354e-02
2.740000e+00 -1.532582e-02
2.745000e+00 -1.256744e-02
2.750000e+00 -9.496512e-03
2.755000e+00 -6.275638e-03
2.760000e+00 -2.940257e-03
2.765000e+00 5.785121e-04
2.770000e+00 4.293575e-03
2.775000e+00 8.014942e-03
2.780000e+00 1.141491e-02
2.785000e+00 1.425299e-02
2.790000e+00 1.641297e-02
2.795000e+00 1.782758e-02
2.800000e+00 1.854445e-02
2.805000e+00 1.862805e-02
2.810000e+00 1.802384e-02
2.815000e+00 1.667350e-02
2.820000e+00 1.467467e-02
2.825000e+00 1.209530e-02
2.830000e+00 8.963790e-03
2.835000e+00 5.424831e-03
2.840000e+00 1.712402e-03
2.845000e+00 -2.006333e-03
2.850000e+00 -5.687131e-03
2.855000e+00 -9.118533e-03
2.860000e+00 -1.212809e-02
2.865000e+00 -1.469605e-02
2.870000e+00 -1.672224e-02
2.875000e+00 -1.812644e-02
2.880000e+00 -1.879107e-02
2.885000e+00 -1.863603e-02
2.890000e+00 -1.772928e-02
2.895000e+00 -1.612879e-02
2.900000e+00 -1.394039e-02
2.905000e+00 -1.118656e-02
2.910000e+00 -7.902801e-03
2.915000e+00 -4.329935e-03
2.920000e+00 -6.921379e-04
2.925000e+00 2.929662e-03
2.930000e+00 6.577390e-03
2.935000e+00 1.006532e-02
2.940000e+00 1.310692e-02
2.945000e+00 1.554443e-02
2.950000e+00 1.727216e-02
2.955000e+00 1.829976e-02
2.960000e+00 1.860922e-02
2.965000e+00 1.835782e-02
2.970000e+00 1.759235e-02
2.975000e+00 1.586038e-02
2.980000e+00 1.310189e-02
2.985000e+00 9.973955e-03
2.990000e+00 6.899082e-03
2.995000e+00 3.541794e-03
3 -3.237662e-04
