T X
0 0
5.000000e-03 8.140399e-07
1.000000e-02 6.543995e-06
1.500000e-02 2.237804e-05
2.000000e-02 4.464081e-05
2.500000e-02 6.533317e-05
3.000000e-02 8.727837e-05
3.500000e-02 1.076129e-04
4.000000e-02 1.028442e-04
4.500000e-02 5.431425e-05
5.000000e-02 -4.170267e-05
5.500000e-02 -1.846242e-04
6.000000e-02 -3.756523e-04
6.500000e-02 -6.251153e-04
7.000000e-02 -9.347427e-04
7.500000e-02 -1.286534e-03
8.000000e-02 -1.669568e-03
8.500000e-02 -2.085997e-03
9.000000e-02 -2.530505e-03
9.500000e-02 -3.001933e-03
1.000000e-01 -3.514406e-03
1.050000e-01 -4.051024e-03
1.100000e-01 -4.587896e-03
1.150000e-01 -5.157898e-03
1.200000e-01 -5.777137e-03
1.250000e-01 -6.425833e-03
1.300000e-01 -7.124865e-03
1.350000e-01 -7.906525e-03
1.400000e-01 -8.770187e-03
1.450000e-01 -9.725117e-03
1.500000e-01 -1.081189e-02
1.550000e-01 -1.200369e-02
1.600000e-01 -1.323399e-02
1.650000e-01 -1.454261e-02
1.700000e-01 -1.606547e-02
1.750000e-01 -1.801447e-02
1.800000e-01 -2.045519e-02
1.850000e-01 -2.313387e-02
1.900000e-01 -2.583276e-02
1.950000e-01 -2.857543e-02
2.000000e-01 -3.158105e-02
2.050000e-01 -3.512657e-02
2.100000e-01 -3.938155e-02
2.150000e-01 -4.450199e-02
2.200000e-01 -5.043383e-02
2.250000e-01 -5.701213e-02
2.300000e-01 -6.439079e-02
2.350000e-01 -7.255957e-02
2.400000e-01 -8.130460e-02
2.450000e-01 -9.080843e-02
2.500000e-01 -1.013023e-01
2.550000e-01 -1.128639e-01
2.600000e-01 -1.258020e-01
2.650000e-01 -1.405500e-01
2.700000e-01 -1.574476e-01
2.750000e-01 -1.767479e-01
2.800000e-01 -1.986899e-01
2.850000e-01 -2.235906e-01
2.900000e-01 -2.517039e-01
2.950000e-01 -2.832735e-01
3.000000e-01 -3.186622e-01
3.050000e-01 -3.581639e-01
3.100000e-01 -4.022663e-01
3.150000e-01 -4.516019e-01
3.200000e-01 -5.065296e-01
3.250000e-01 -5.676251e-01
3.300000e-01 -6.357471e-01
3.350000e-01 -7.117438e-01
3.400000e-01 -7.966909e-01
3.450000e-01 -8.917428e-01
3.500000e-01 -9.981770e-01
3.550000e-01 -1.117504e+00
3.600000e-01 -1.251339e+00
3.650000e-01 -1.401552e+00
3.700000e-01 -1.570222e+00
3.750000e-01 -1.759676e+00
3.800000e-01 -1.972564e+00
3.850000e-01 -2.211808e+00
3.900000e-01 -2.480633e+00
3.950000e-01 -2.782603e+00
4.000000e-01 -3.121800e+00
4.050000e-01 -3.502742e+00
4.100000e-01 -3.930412e+00
4.150000e-01 -4.410468e+00
4.200000e-01 -4.949240e+00
4.250000e-01 -5.553765e+00
4.300000e-01 -6.231819e+00
4.350000e-01 -6.992180e+00
4.400000e-01 -7.844767e+00
4.450000e-01 -8.800632e+00
4.500000e-01 -9.872191e+00
4.550000e-01 -1.107336e+01
4.600000e-01 -1.241982e+01
4.650000e-01 -1.392918e+01
4.700000e-01 -1.562108e+01
4.750000e-01 -1.751770e+01
4.800000e-01 -1.964395e+01
4.850000e-01 -2.202774e+01
4.900000e-01 -2.470037e+01
4.950000e-01 -2.769702e+01
5.000000e-01 -3.105726e+01
5.050000e-01 -3.482538e+01
5.100000e-01 -3.905096e+01
5.150000e-01 -4.378981e+01
5.200000e-01 -4.910442e+01
5.250000e-01 -5.506491e+01
5.300000e-01 -6.174987e+01
5.350000e-01 -6.924734e+01
5.400000e-01 -7.765606e+01
5.450000e-01 -8.708680e+01
5.500000e-01 -9.766378e+01
5.550000e-01 -1.095263e+02
5.600000e-01 -1.228304e+02
5.650000e-01 -1.377512e+02
5.700000e-01 -1.544851e+02
5.750000e-01 -1.732523e+02
5.800000e-01 -1.942996e+02
5.850000e-01 -2.179040e+02
5.900000e-01 -2.443759e+02
5.950000e-01 -2.740635e+02
6.000000e-01 -3.073573e+02
6.050000e-01 -3.446950e+02
6.100000e-01 -3.865681e+02
6.150000e-01 -4.335270e+02
6.200000e-01 -4.861895e+02
6.250000e-01 -5.452484e+02
6.300000e-01 -6.114806e+02
6.350000e-01 -6.857575e+02
6.400000e-01 -7.690561e+02
6.450000e-01 -8.624723e+02
6.500000e-01 -9.672355e+02
6.550000e-01 -1.084724e+03
6.600000e-01 -1.216483e+03
6.650000e-01 -1.364246e+03
6.700000e-01 -1.529958e+03
6.750000e-01 -1.715800e+03
6.800000e-01 -1.924216e+03
6.850000e-01 -2.157948e+03
6.900000e-01 -2.420072e+03
6.950000e-01 -2.714037e+03
7.000000e-01 -3.043710e+03
7.050000e-01 -3.413430e+03
7.100000e-01 -3.828061e+03
7.150000e-01 -4.293057e+03
7.200000e-01 -4.814538e+03
7.250000e-01 -5.399364e+03
7.300000e-01 -6.055229e+03
7.350000e-01 -6.790763e+03
7.400000e-01 -7.615643e+03
7.450000e-01 -8.540722e+03
7.500000e-01 -9.578170e+03
7.550000e-01 -1.074164e+04
7.600000e-01 -1.204643e+04
7.650000e-01 -1.350972e+04
7.700000e-01 -1.515076e+04
7.750000e-01 -1.699113e+04
7.800000e-01 -1.905505e+04
7.850000e-01 -2.136967e+04
7.900000e-01 -2.396545e+04
7.950000e-01 -2.687654e+04
8.000000e-01 -3.014125e+04
8.050000e-01 -3.380251e+04
8.100000e-01 -3.790851e+04
8.150000e-01 -4.251327e+04
8.200000e-01 -4.767736e+04
8.250000e-01 -5.346874e+04
8.300000e-01 -5.996360e+04
8.350000e-01 -6.724740e+04
8.400000e-01 -7.541595e+04
8.450000e-01 -8.457675e+04
8.500000e-01 -9.485030e+04
8.550000e-01 -1.063718e+05
8.600000e-01 -1.192928e+05
8.650000e-01 -1.337833e+05
8.700000e-01 -1.500340e+05
8.750000e-01 -1.682587e+05
8.800000e-01 -1.886971e+05
8.850000e-01 -2.116182e+05
8.900000e-01 -2.373235e+05
8.950000e-01 -2.661513e+05
9.000000e-01 -2.984807e+05
9.050000e-01 -3.347373e+05
9.100000e-01 -3.753979e+05
9.150000e-01 -4.209976e+05
9.200000e-01 -4.721362e+05
9.250000e-01 -5.294867e+05
9.300000e-01 -5.938036e+05
9.350000e-01 -6.659331e+05
9.400000e-01 -7.468241e+05
9.450000e-01 -8.375410e+05
9.500000e-01 -9.392773e+05
9.550000e-01 -1.053372e+06
9.600000e-01 -1.181325e+06
9.650000e-01 -1.324821e+06
9.700000e-01 -1.485747e+06
9.750000e-01 -1.666221e+06
9.800000e-01 -1.868617e+06
9.850000e-01 -2.095598e+06
9.900000e-01 -2.350151e+06
9.950000e-01 -2.635625e+06
1 -2.955775e+06
1.005000e+00 -3.314813e+06
1.010000e+00 -3.717464e+06
1.015000e+00 -4.169026e+06
1.020000e+00 -4.675438e+06
1.025000e+00 -5.243365e+06
1.030000e+00 -5.880277e+06
1.035000e+00 -6.594556e+06
1.040000e+00 -7.395598e+06
1.045000e+00 -8.293943e+06
1.050000e+00 -9.301410e+06
1.055000e+00 -1.043125e+07
1.060000e+00 -1.169834e+07
1.065000e+00 -1.311934e+07
1.070000e+00 -1.471295e+07
1.075000e+00 -1.650014e+07
1.080000e+00 -1.850441e+07
1.085000e+00 -2.075215e+07
1.090000e+00 -2.327291e+07
1.095000e+00 -2.609988e+07
1.100000e+00 -2.927024e+07
1.105000e+00 -3.282570e+07
1.110000e+00 -3.681305e+07
1.115000e+00 -4.128473e+07
1.120000e+00 -4.629960e+07
1.125000e+00 -5.192362e+07
1.130000e+00 -5.823080e+07
1.135000e+00 -6.530411e+07
1.140000e+00 -7.323661e+07
1.145000e+00 -8.213268e+07
1.150000e+00 -9.210935e+07
1.155000e+00 -1.032979e+08
1.160000e+00 -1.158455e+08
1.165000e+00 -1.299173e+08
1.170000e+00 -1.456984e+08
1.175000e+00 -1.633964e+08
1.180000e+00 -1.832442e+08
1.185000e+00 -2.055029e+08
1.190000e+00 -2.304654e+08
1.195000e+00 -2.584601e+08
1.200000e+00 -2.898553e+08
1.205000e+00 -3.250640e+08
1.210000e+00 -3.645496e+08
1.215000e+00 -4.088316e+08
1.220000e+00 -4.584924e+08
1.225000e+00 -5.141856e+08
1.230000e+00 -5.766439e+08
1.235000e+00 -6.466889e+08
1.240000e+00 -7.252424e+08
1.245000e+00 -8.133377e+08
1.250000e+00 -9.121340e+08
1.255000e+00 -1.022931e+09
1.260000e+00 -1.147187e+09
1.265000e+00 -1.286536e+09
1.270000e+00 -1.442812e+09
1.275000e+00 -1.618070e+09
1.280000e+00 -1.814618e+09
1.285000e+00 -2.035040e+09
1.290000e+00 -2.282236e+09
1.295000e+00 -2.559460e+09
1.300000e+00 -2.870358e+09
1.305000e+00 -3.219021e+09
1.310000e+00 -3.610037e+09
1.315000e+00 -4.048549e+09
1.320000e+00 -4.540327e+09
1.325000e+00 -5.091841e+09
1.330000e+00 -5.710348e+09
1.335000e+00 -6.403986e+09
1.340000e+00 -7.181879e+09
1.345000e+00 -8.054264e+09
1.350000e+00 -9.032617e+09
1.355000e+00 -1.012981e+10
1.360000e+00 -1.136028e+10
1.365000e+00 -1.274022e+10
1.370000e+00 -1.428777e+10
1.375000e+00 -1.602331e+10
1.380000e+00 -1.796967e+10
1.385000e+00 -2.015245e+10
1.390000e+00 -2.260037e+10
1.395000e+00 -2.534564e+10
1.400000e+00 -2.842438e+10
1.405000e+00 -3.187710e+10
1.410000e+00 -3.574922e+10
1.415000e+00 -4.009168e+10
1.420000e+00 -4.496163e+10
1.425000e+00 -5.042313e+10
1.430000e+00 -5.654804e+10
1.435000e+00 -6.341694e+10
1.440000e+00 -7.112021e+10
1.445000e+00 -7.975920e+10
1.450000e+00 -8.944756e+10
1.455000e+00 -1.003128e+11
1.460000e+00 -1.124978e+11
1.465000e+00 -1.261629e+11
1.470000e+00 -1.414880e+11
1.475000e+00 -1.586745e+11
1.480000e+00 -1.779488e+11
1.485000e+00 -1.995642e+11
1.490000e+00 -2.238054e+11
1.495000e+00 -2.509911e+11
1.500000e+00 -2.814790e+11
1.505000e+00 -3.156703e+11
1.510000e+00 -3.540148e+11
1.515000e+00 -3.970171e+11
1.520000e+00 -4.452429e+11
1.525000e+00 -4.993266e+11
1.530000e+00 -5.599799e+11
1.535000e+00 -6.280008e+11
1.540000e+00 -7.042842e+11
1.545000e+00 -7.898338e+11
1.550000e+00 -8.857751e+11
1.555000e+00 -9.933704e+11
1.560000e+00 -1.114035e+12
1.565000e+00 -1.249357e+12
1.570000e+00 -1.401117e+12
1.575000e+00 -1.571311e+12
1.580000e+00 -1.762179e+12
1.585000e+00 -1.976231e+12
1.590000e+00 -2.216284e+12
1.595000e+00 -2.485497e+12
1.600000e+00 -2.787410e+12
1.605000e+00 -3.125998e+12
1.610000e+00 -3.505713e+12
1.615000e+00 -3.931553e+12
1.620000e+00 -4.409120e+12
1.625000e+00 -4.944697e+12
1.630000e+00 -5.545330e+12
1.635000e+00 -6.218922e+12
1.640000e+00 -6.974336e+12
1.645000e+00 -7.821510e+12
1.650000e+00 -8.771591e+12
1.655000e+00 -9.837078e+12
1.660000e+00 -1.103199e+13
1.665000e+00 -1.237205e+13
1.670000e+00 -1.387488e+13
1.675000e+00 -1.556027e+13
1.680000e+00 -1.745038e+13
1.685000e+00 -1.957008e+13
1.690000e+00 -2.194726e+13
1.695000e+00 -2.461320e+13
1.700000e+00 -2.760297e+13
1.705000e+00 -3.095591e+13
1.710000e+00 -3.471613e+13
1.715000e+00 -3.893311e+13
1.720000e+00 -4.366232e+13
1.725000e+00 -4.896599e+13
1.730000e+00 -5.491390e+13
1.735000e+00 -6.158431e+13
1.740000e+00 -6.906497e+13
1.745000e+00 -7.745430e+13
1.750000e+00 -8.686270e+13
1.755000e+00 -9.741393e+13
1.760000e+00 -1.092468e+14
1.765000e+00 -1.225171e+14
1.770000e+00 -1.373992e+14
1.775000e+00 -1.540891e+14
1.780000e+00 -1.728064e+14
1.785000e+00 -1.937972e+14
1.790000e+00 -2.173378e+14
1.795000e+00 -2.437379e+14
1.800000e+00 -2.733448e+14
1.805000e+00 -3.065480e+14
1.810000e+00 -3.437845e+14
1.815000e+00 -3.855441e+14
1.820000e+00 -4.323762e+14
1.825000e+00 -484897008932886
1.830000e+00 -5.437976e+14
1.835000e+00 -6.098528e+14
1.840000e+00 -6.839317e+14
1.845000e+00 -7.670091e+14
1.850000e+00 -8.601778e+14
1.855000e+00 -9.646638e+14
1.860000e+00 -1081841733306993
1.865000e+00 -1.213253e+15
1.870000e+00 -1.360627e+15
1.875000e+00 -1.525903e+15
1.880000e+00 -1.711255e+15
1.885000e+00 -1.919121e+15
1.890000e+00 -2.152238e+15
1.895000e+00 -2413670355492105
1.900000e+00 -2706859429711887
1.905000e+00 -3035662245777747
1.910000e+00 -3.404405e+15
1.915000e+00 -3.817939e+15
1.920000e+00 -4.281704e+15
1.925000e+00 -4801804070743352
1.930000e+00 -5385080278250842
1.935000e+00 -6039207176420017
1.940000e+00 -6772791014887625
1.945000e+00 -7595483445294624
1.950000e+00 -8518108507324651
1.955000e+00 -9552805040214302
1.960000e+00 -10713186391477238
1.965000e+00 -12014519524053868
1.970000e+00 -13473925880086800
1.975000e+00 -15110606650343146
1.980000e+00 -16946095400635734
1.985000e+00 -19004541379990648
1.990000e+00 -21313027249417000
1.995000e+00 -23901925408279476
2 -26805297599454512
2.005000e+00 -30061343055909556
2.010000e+00 -33712901079525864
2.015000e+00 -37808014666730984
2.020000e+00 -42400562614127824
2.025000e+00 -47550968379366872
2.030000e+00 -53326995071288256
2.035000e+00 -59804637009137976
2.040000e+00 -67069119550657992
2.045000e+00 -75216020405269680
2.050000e+00 -84352527118043936
2.055000e+00 -94598847343081216
2.060000e+00 -106089790373959712
2.065000e+00 -118976540787931184
2.070000e+00 -133428647635343280
2.075000e+00 -149636255137388384
2.080000e+00 -167812604334162400
2.085000e+00 -188196838703868864
2.090000e+00 -211057150555124288
2.095000e+00 -236694309541205888
2.100000e+00 -265445619904484992
2.105000e+00 -297689358333411328
2.110000e+00 -333849750799806144
2.115000e+00 -374402554191491392
2.120000e+00 -419881315701183040
2.125000e+00 -470884392490964608
2.130000e+00 -528082824354990528
2.135000e+00 -592229162451013376
2.140000e+00 -664167370458491776
2.145000e+00 -744843928545297536
2.150000e+00 -835320286054621440
2.155000e+00 -936786826894213632
2.160000e+00 -1050578531095212928
2.165000e+00 -1178192538842991360
2.170000e+00 -1321307848352739072
2.175000e+00 -1481807406310869760
2.180000e+00 -1661802881372421376
2.185000e+00 -1863662446776878848
2.190000e+00 -2090041938253690368
2.195000e+00 -2343919796865241600
2.200000e+00 -2628636255543507968
2.205000e+00 -2947937285924624384
2.210000e+00 -3306023883559106048
2.215000e+00 -3707607339617717760
2.220000e+00 -4157971227075233280
2.225000e+00 -4663040916253406208
2.230000e+00 -5229461533212427264
2.235000e+00 -5864685387561439232
2.240000e+00 -6577070024250280960
2.245000e+00 -7375988182816994304
2.250000e+00 -8271951109092783104
2.255000e+00 -9.276747e+18
2.260000e+00 -1.040360e+19
2.265000e+00 -1.166732e+19
2.270000e+00 -1.308455e+19
2.275000e+00 -1.467394e+19
2.280000e+00 -1.645638e+19
2.285000e+00 -1.845535e+19
2.290000e+00 -2.069712e+19
2.295000e+00 -2.321120e+19
2.300000e+00 -2.603067e+19
2.305000e+00 -2.919263e+19
2.310000e+00 -3.273866e+19
2.315000e+00 -3.671543e+19
2.320000e+00 -4.117527e+19
2.325000e+00 -4.617683e+19
2.330000e+00 -5.178594e+19
2.335000e+00 -5.807639e+19
2.340000e+00 -6.513095e+19
2.345000e+00 -7.304242e+19
2.350000e+00 -8.191490e+19
2.355000e+00 -9.186512e+19
2.360000e+00 -1.030240e+20
2.365000e+00 -1.155383e+20
2.370000e+00 -1.295728e+20
2.375000e+00 -1.453120e+20
2.380000e+00 -1.629631e+20
2.385000e+00 -1.827583e+20
2.390000e+00 -2.049580e+20
2.395000e+00 -2.298543e+20
2.400000e+00 -2.577747e+20
2.405000e+00 -2.890867e+20
2.410000e+00 -3.242021e+20
2.415000e+00 -3.635830e+20
2.420000e+00 -4.077475e+20
2.425000e+00 -4.572767e+20
2.430000e+00 -5.128222e+20
2.435000e+00 -5.751148e+20
2.440000e+00 -6.449742e+20
2.445000e+00 -7.233193e+20
2.450000e+00 -8.111811e+20
2.455000e+00 -9.097154e+20
2.460000e+00 -1.020219e+21
2.465000e+00 -1.144145e+21
2.470000e+00 -1.283125e+21
2.475000e+00 -1.438986e+21
2.480000e+00 -1.613780e+21
2.485000e+00 -1.809806e+21
2.490000e+00 -2.029644e+21
2.495000e+00 -2.276185e+21
2.500000e+00 -2.552674e+21
2.505000e+00 -2.862747e+21
2.510000e+00 -3.210486e+21
2.515000e+00 -3.600464e+21
2.520000e+00 -4.037814e+21
2.525000e+00 -4.528288e+21
2.530000e+00 -5.078340e+21
2.535000e+00 -5.695207e+21
2.540000e+00 -6.387005e+21
2.545000e+00 -7.162836e+21
2.550000e+00 -8.032907e+21
2.555000e+00 -9.008666e+21
2.560000e+00 -1.010295e+22
2.565000e+00 -1.133016e+22
2.570000e+00 -1.270644e+22
2.575000e+00 -1.424989e+22
2.580000e+00 -1.598083e+22
2.585000e+00 -1.792202e+22
2.590000e+00 -2.009901e+22
2.595000e+00 -2.254044e+22
2.600000e+00 -2.527844e+22
2.605000e+00 -2.834901e+22
2.610000e+00 -3.179258e+22
2.615000e+00 -3.565443e+22
2.620000e+00 -3.998538e+22
2.625000e+00 -4.484241e+22
2.630000e+00 -5.028943e+22
2.635000e+00 -5.639810e+22
2.640000e+00 -6.324878e+22
2.645000e+00 -7.093163e+22
2.650000e+00 -7.954771e+22
2.655000e+00 -8.921039e+22
2.660000e+00 -1.000468e+23
2.665000e+00 -1.121995e+23
2.670000e+00 -1.258284e+23
2.675000e+00 -1.411128e+23
2.680000e+00 -1.582538e+23
2.685000e+00 -1.774769e+23
2.690000e+00 -1.990351e+23
2.695000e+00 -2.232119e+23
2.700000e+00 -2.503255e+23
2.705000e+00 -2.807326e+23
2.710000e+00 -3.148333e+23
2.715000e+00 -3.530762e+23
2.720000e+00 -3.959644e+23
2.725000e+00 -4.440623e+23
2.730000e+00 -4.980026e+23
2.735000e+00 -5.584951e+23
2.740000e+00 -6.263356e+23
2.745000e+00 -7.024168e+23
2.750000e+00 -7.877395e+23
2.755000e+00 -8.834264e+23
2.760000e+00 -9.907364e+23
2.765000e+00 -1.111081e+24
2.770000e+00 -1.246045e+24
2.775000e+00 -1.397402e+24
2.780000e+00 -1.567145e+24
2.785000e+00 -1.757506e+24
2.790000e+00 -1.970991e+24
2.795000e+00 -2.210407e+24
2.800000e+00 -2.478906e+24
2.805000e+00 -2.780019e+24
2.810000e+00 -3.117709e+24
2.815000e+00 -3.496418e+24
2.820000e+00 -3.921128e+24
2.825000e+00 -4.397429e+24
2.830000e+00 -4.931585e+24
2.835000e+00 -5.530626e+24
2.840000e+00 -6.202433e+24
2.845000e+00 -6.955843e+24
2.850000e+00 -7.800771e+24
2.855000e+00 -8.748333e+24
2.860000e+00 -9.810995e+24
2.865000e+00 -1.100274e+25
2.870000e+00 -1.233924e+25
2.875000e+00 -1.383809e+25
2.880000e+00 -1.551901e+25
2.885000e+00 -1.740411e+25
2.890000e+00 -1.951819e+25
2.895000e+00 -2.188907e+25
2.900000e+00 -2.454794e+25
2.905000e+00 -2.752978e+25
2.910000e+00 -3.087383e+25
2.915000e+00 -3.462408e+25
2.920000e+00 -3.882987e+25
2.925000e+00 -4.354655e+25
2.930000e+00 -4.883616e+25
2.935000e+00 -5.476830e+25
2.940000e+00 -6.142101e+25
2.945000e+00 -6.888184e+25
2.950000e+00 -7.724893e+25
2.955000e+00 -8.663237e+25
2.960000e+00 -9.715563e+25
2.965000e+00 -1.089571e+26
2.970000e+00 -1.221922e+26
2.975000e+00 -1.370349e+26
2.980000e+00 -1.536806e+26
2.985000e+00 -1.723482e+26
2.990000e+00 -1.932833e+26
2.995000e+00 -2.167615e+26
3 -2.430916e+26
