T X
0 0
5.000000e-03 2.432981e-08
1.000000e-02 9.227400e-08
1.500000e-02 -2.942115e-07
2.000000e-02 -1.907417e-06
2.500000e-02 -3.414859e-06
3.000000e-02 -1.984260e-06
3.500000e-02 1.324331e-06
4.000000e-02 1.615729e-06
4.500000e-02 -1.103259e-06
5.000000e-02 2.518393e-07
5.500000e-02 8.398455e-06
6.000000e-02 1.682149e-05
6.500000e-02 1.287885e-05
7.000000e-02 -2.487756e-05
7.500000e-02 -7.972763e-05
8.000000e-02 -3.901484e-05
8.500000e-02 1.601629e-04
9.000000e-02 3.236909e-04
9.500000e-02 2.057502e-04
1.000000e-01 -1.192143e-04
1.050000e-01 -4.124359e-04
1.100000e-01 -5.820902e-04
1.150000e-01 -5.620652e-04
1.200000e-01 -2.657907e-04
1.250000e-01 2.997988e-04
1.300000e-01 1.099864e-03
1.350000e-01 2.016625e-03
1.400000e-01 2.884678e-03
1.450000e-01 3.644854e-03
1.500000e-01 4.212255e-03
1.550000e-01 4.492566e-03
1.600000e-01 4.451832e-03
1.650000e-01 4.061512e-03
1.700000e-01 3.370713e-03
1.750000e-01 2.452308e-03
1.800000e-01 1.354293e-03
1.850000e-01 1.353718e-04
1.900000e-01 -1.096400e-03
1.950000e-01 -2.270975e-03
2.000000e-01 -3.375731e-03
2.050000e-01 -4.238225e-03
2.100000e-01 -4.709336e-03
2.150000e-01 -4.759001e-03
2.200000e-01 -4.288633e-03
2.250000e-01 -3.203944e-03
2.300000e-01 -1.518901e-03
2.350000e-01 7.118760e-04
2.400000e-01 3.541852e-03
2.450000e-01 7.006965e-03
2.500000e-01 1.108102e-02
2.550000e-01 1.574969e-02
2.600000e-01 2.094874e-02
2.650000e-01 2.661035e-02
2.700000e-01 3.265260e-02
2.750000e-01 3.900149e-02
2.800000e-01 4.559235e-02
2.850000e-01 5.232175e-02
2.900000e-01 5.905747e-02
2.950000e-01 6.571522e-02
3.000000e-01 7.232607e-02
3.050000e-01 7.891335e-02
3.100000e-01 8.549626e-02
3.150000e-01 9.214548e-02
3.200000e-01 9.895493e-02
3.250000e-01 1.060802e-01
3.300000e-01 1.137213e-01
3.350000e-01 1.220958e-01
3.400000e-01 1.314422e-01
3.450000e-01 1.420086e-01
3.500000e-01 1.541130e-01
3.550000e-01 1.681131e-01
3.600000e-01 1.843329e-01
3.650000e-01 2.031162e-01
3.700000e-01 2.247627e-01
3.750000e-01 2.496252e-01
3.800000e-01 2.782044e-01
3.850000e-01 3.109471e-01
3.900000e-01 3.482484e-01
3.950000e-01 3.905735e-01
4.000000e-01 4.384529e-01
4.050000e-01 4.924221e-01
4.100000e-01 5.531045e-01
4.150000e-01 6.212219e-01
4.200000e-01 6.975109e-01
4.250000e-01 7.828143e-01
4.300000e-01 8.780766e-01
4.350000e-01 9.843531e-01
4.400000e-01 1.102899e+00
4.450000e-01 1.235163e+00
4.500000e-01 1.382739e+00
4.550000e-01 1.547396e+00
4.600000e-01 1.731222e+00
4.650000e-01 1.936566e+00
4.700000e-01 2.166066e+00
4.750000e-01 2.422785e+00
4.800000e-01 2.710142e+00
4.850000e-01 3.031974e+00
4.900000e-01 3.392638e+00
4.950000e-01 3.796976e+00
5.000000e-01 4.250386e+00
5.050000e-01 4.758966e+00
5.100000e-01 5.329551e+00
5.150000e-01 5.969780e+00
5.200000e-01 6.688215e+00
5.250000e-01 7.494456e+00
5.300000e-01 8.399265e+00
5.350000e-01 9.414633e+00
5.400000e-01 1.055399e+01
5.450000e-01 1.183236e+01
5.500000e-01 1.326662e+01
5.550000e-01 1.487562e+01
5.600000e-01 1.668039e+01
5.650000e-01 1.870464e+01
5.700000e-01 2.097486e+01
5.750000e-01 2.352077e+01
5.800000e-01 2.637577e+01
5.850000e-01 2.957727e+01
5.900000e-01 3.316719e+01
5.950000e-01 3.719260e+01
6.000000e-01 4.170624e+01
6.050000e-01 4.676731e+01
6.100000e-01 5.244228e+01
6.150000e-01 5.880576e+01
6.200000e-01 6.594140e+01
6.250000e-01 7.394300e+01
6.300000e-01 8.291580e+01
6.350000e-01 9.297790e+01
6.400000e-01 1.042617e+02
6.450000e-01 1.169156e+02
6.500000e-01 1.311065e+02
6.550000e-01 1.470209e+02
6.600000e-01 1.648684e+02
6.650000e-01 1.848841e+02
6.700000e-01 2.073314e+02
6.750000e-01 2.325058e+02
6.800000e-01 2.607387e+02
6.850000e-01 2.924016e+02
6.900000e-01 3.279112e+02
6.950000e-01 3.677349e+02
7.000000e-01 4.123966e+02
7.050000e-01 4.624839e+02
7.100000e-01 5.186560e+02
7.150000e-01 5.816517e+02
7.200000e-01 6.522999e+02
7.250000e-01 7.315299e+02
7.300000e-01 8.203841e+02
7.350000e-01 9.200314e+02
7.400000e-01 1.031783e+03
7.450000e-01 1.157108e+03
7.500000e-01 1.297656e+03
7.550000e-01 1.455276e+03
7.600000e-01 1.632041e+03
7.650000e-01 1.830278e+03
7.700000e-01 2.052593e+03
7.750000e-01 2.301912e+03
7.800000e-01 2.581516e+03
7.850000e-01 2.895082e+03
7.900000e-01 3.246736e+03
7.950000e-01 3.641106e+03
8.000000e-01 4.083379e+03
8.050000e-01 4.579375e+03
8.100000e-01 5.135619e+03
8.150000e-01 5.759431e+03
8.200000e-01 6.459017e+03
8.250000e-01 7.243582e+03
8.300000e-01 8.123449e+03
8.350000e-01 9.110194e+03
8.400000e-01 1.021680e+04
8.450000e-01 1.145783e+04
8.500000e-01 1.284960e+04
8.550000e-01 1.441043e+04
8.600000e-01 1.616086e+04
8.650000e-01 1.812392e+04
8.700000e-01 2.032543e+04
8.750000e-01 2.279435e+04
8.800000e-01 2.556318e+04
8.850000e-01 2.866834e+04
8.900000e-01 3.215068e+04
8.950000e-01 3.605603e+04
9.000000e-01 4.043575e+04
9.050000e-01 4.534749e+04
9.100000e-01 5.085585e+04
9.150000e-01 5.703331e+04
9.200000e-01 6.396115e+04
9.250000e-01 7.173051e+04
9.300000e-01 8.044363e+04
9.350000e-01 9.021512e+04
9.400000e-01 1.011736e+05
9.450000e-01 1.134631e+05
9.500000e-01 1.272455e+05
9.550000e-01 1.427020e+05
9.600000e-01 1.600361e+05
9.650000e-01 1.794757e+05
9.700000e-01 2.012766e+05
9.750000e-01 2.257257e+05
9.800000e-01 2.531446e+05
9.850000e-01 2.838941e+05
9.900000e-01 3.183788e+05
9.950000e-01 3.570523e+05
1 4.004235e+05
1.005000e+00 4.490631e+05
1.010000e+00 5.036108e+05
1.015000e+00 5.647846e+05
1.020000e+00 6.333891e+05
1.025000e+00 7.103270e+05
1.030000e+00 7.966105e+05
1.035000e+00 8.933750e+05
1.040000e+00 1.001893e+06
1.045000e+00 1.123594e+06
1.050000e+00 1.260077e+06
1.055000e+00 1.413139e+06
1.060000e+00 1.584793e+06
1.065000e+00 1.777298e+06
1.070000e+00 1.993187e+06
1.075000e+00 2.235300e+06
1.080000e+00 2.506822e+06
1.085000e+00 2.811326e+06
1.090000e+00 3.152818e+06
1.095000e+00 3.535792e+06
1.100000e+00 3.965285e+06
1.105000e+00 4.446949e+06
1.110000e+00 4.987121e+06
1.115000e+00 5.592908e+06
1.120000e+00 6.272280e+06
1.125000e+00 7.034175e+06
1.130000e+00 7.888618e+06
1.135000e+00 8.846850e+06
1.140000e+00 9.921479e+06
1.145000e+00 1.112664e+07
1.150000e+00 1.247820e+07
1.155000e+00 1.399393e+07
1.160000e+00 1.569377e+07
1.165000e+00 1.760010e+07
1.170000e+00 1.973799e+07
1.175000e+00 2.213557e+07
1.180000e+00 2.482438e+07
1.185000e+00 2.783980e+07
1.190000e+00 3.122151e+07
1.195000e+00 3.501399e+07
1.200000e+00 3.926715e+07
1.205000e+00 4.403694e+07
1.210000e+00 4.938611e+07
1.215000e+00 5.538506e+07
1.220000e+00 6.211269e+07
1.225000e+00 6.965753e+07
1.230000e+00 7.811885e+07
1.235000e+00 8.760797e+07
1.240000e+00 9.824972e+07
1.245000e+00 1.101841e+08
1.250000e+00 1.235682e+08
1.255000e+00 1.385781e+08
1.260000e+00 1.554112e+08
1.265000e+00 1.742890e+08
1.270000e+00 1.954600e+08
1.275000e+00 2.192025e+08
1.280000e+00 2.458291e+08
1.285000e+00 2.756900e+08
1.290000e+00 3.091782e+08
1.295000e+00 3.467341e+08
1.300000e+00 3.888520e+08
1.305000e+00 4.360859e+08
1.310000e+00 4.890574e+08
1.315000e+00 5.484633e+08
1.320000e+00 6.150852e+08
1.325000e+00 6.897997e+08
1.330000e+00 7.735899e+08
1.335000e+00 8.675580e+08
1.340000e+00 9.729405e+08
1.345000e+00 1.091124e+09
1.350000e+00 1.223663e+09
1.355000e+00 1.372301e+09
1.360000e+00 1.538995e+09
1.365000e+00 1.725937e+09
1.370000e+00 1.935587e+09
1.375000e+00 2.170703e+09
1.380000e+00 2.434379e+09
1.385000e+00 2.730084e+09
1.390000e+00 3.061708e+09
1.395000e+00 3.433614e+09
1.400000e+00 3.850696e+09
1.405000e+00 4.318441e+09
1.410000e+00 4.843003e+09
1.415000e+00 5.431283e+09
1.420000e+00 6.091023e+09
1.425000e+00 6.830901e+09
1.430000e+00 7.660652e+09
1.435000e+00 8.591193e+09
1.440000e+00 9.634767e+09
1.445000e+00 1.080510e+10
1.450000e+00 1.211760e+10
1.455000e+00 1.358953e+10
1.460000e+00 1.524025e+10
1.465000e+00 1.709149e+10
1.470000e+00 1.916760e+10
1.475000e+00 2.149589e+10
1.480000e+00 2.410700e+10
1.485000e+00 2.703528e+10
1.490000e+00 3.031926e+10
1.495000e+00 3.400215e+10
1.500000e+00 3.813240e+10
1.505000e+00 4.276435e+10
1.510000e+00 4.795895e+10
1.515000e+00 5.378453e+10
1.520000e+00 6.031775e+10
1.525000e+00 6.764456e+10
1.530000e+00 7.586136e+10
1.535000e+00 8.507626e+10
1.540000e+00 9.541049e+10
1.545000e+00 1.070000e+11
1.550000e+00 1.199973e+11
1.555000e+00 1.345734e+11
1.560000e+00 1.509201e+11
1.565000e+00 1.692524e+11
1.570000e+00 1.898115e+11
1.575000e+00 2.128680e+11
1.580000e+00 2.387251e+11
1.585000e+00 2.677231e+11
1.590000e+00 3.002435e+11
1.595000e+00 3.367141e+11
1.600000e+00 3.776149e+11
1.605000e+00 4.234838e+11
1.610000e+00 4.749245e+11
1.615000e+00 5.326137e+11
1.620000e+00 5.973104e+11
1.625000e+00 6.698658e+11
1.630000e+00 7.512346e+11
1.635000e+00 8.424872e+11
1.640000e+00 9.448243e+11
1.645000e+00 1.059592e+12
1.650000e+00 1.188301e+12
1.655000e+00 1.332644e+12
1.660000e+00 1.494521e+12
1.665000e+00 1.676061e+12
1.670000e+00 1.879652e+12
1.675000e+00 2.107974e+12
1.680000e+00 2.364030e+12
1.685000e+00 2.651190e+12
1.690000e+00 2.973230e+12
1.695000e+00 3.334389e+12
1.700000e+00 3.739418e+12
1.705000e+00 4.193646e+12
1.710000e+00 4.703049e+12
1.715000e+00 5.274330e+12
1.720000e+00 5.915003e+12
1.725000e+00 6.633500e+12
1.730000e+00 7.439273e+12
1.735000e+00 8.342923e+12
1.740000e+00 9.356340e+12
1.745000e+00 1.049286e+13
1.750000e+00 1.176743e+13
1.755000e+00 1.319682e+13
1.760000e+00 1.479984e+13
1.765000e+00 1.659758e+13
1.770000e+00 1.861369e+13
1.775000e+00 2.087470e+13
1.780000e+00 2.341035e+13
1.785000e+00 2.625401e+13
1.790000e+00 2.944309e+13
1.795000e+00 3.301955e+13
1.800000e+00 3.703045e+13
1.805000e+00 4.152854e+13
1.810000e+00 4.657302e+13
1.815000e+00 5.223026e+13
1.820000e+00 5.857468e+13
1.825000e+00 6.568976e+13
1.830000e+00 7.366911e+13
1.835000e+00 8.261771e+13
1.840000e+00 9.265331e+13
1.845000e+00 1.039079e+14
1.850000e+00 1.165296e+14
1.855000e+00 1.306845e+14
1.860000e+00 1.465588e+14
1.865000e+00 1.643613e+14
1.870000e+00 1.843263e+14
1.875000e+00 2.067165e+14
1.880000e+00 2.318264e+14
1.885000e+00 2.599864e+14
1.890000e+00 2.915670e+14
1.895000e+00 3.269837e+14
1.900000e+00 3.667025e+14
1.905000e+00 4.112459e+14
1.910000e+00 4.612001e+14
1.915000e+00 517222157892101
1.920000e+00 5.800492e+14
1.925000e+00 6.505080e+14
1.930000e+00 729525304467771
1.935000e+00 8.181409e+14
1.940000e+00 9.175207e+14
1.945000e+00 1.028972e+15
1.950000e+00 1.153962e+15
1.955000e+00 1294133537901011
1.960000e+00 1451332226921133
1.965000e+00 1627625874940727
1.970000e+00 1.825334e+15
1.975000e+00 2.047058e+15
1.980000e+00 2295714219817539
1.985000e+00 2574575137758997
1.990000e+00 2887309353818176
1.995000e+00 3.238031e+15
2 3631355864138117
2.005000e+00 4.072457e+15
2.010000e+00 4567139785561218
2.015000e+00 5121911272907775
2.020000e+00 5744070979646645
2.025000e+00 6441804566923772
2.030000e+00 7224292003713133
2.035000e+00 8101828355164518
2.040000e+00 9085959236340536
2.045000e+00 10189632712118922
2.050000e+00 11427369647781058
2.055000e+00 12815454765092784
2.060000e+00 14372150894898180
2.065000e+00 16117939246500852
2.070000e+00 18075788892268780
2.075000e+00 20271458971901272
2.080000e+00 22733837590967944
2.085000e+00 25495321893397280
2.090000e+00 28592244305417500
2.095000e+00 32065350596505888
2.100000e+00 35960335925021540
2.105000e+00 40328445971856232
2.110000e+00 45227151276251192
2.115000e+00 50720903420173128
2.120000e+00 56881982895275008
2.125000e+00 63791450042891968
2.130000e+00 71540211642260808
2.135000e+00 80230217027914896
2.140000e+00 89975799312216448
2.145000e+00 100905179559371456
2.150000e+00 113162153928942320
2.155000e+00 126907985742739808
2.160000e+00 142323526948145984
2.165000e+00 159611597299877568
2.170000e+00 178999653301173696
2.175000e+00 200742780951326528
2.180000e+00 225127051274914560
2.185000e+00 252473284207151136
2.190000e+00 283141269987526528
2.195000e+00 317534502754319040
2.200000e+00 356105489204836928
2.205000e+00 399361702142812544
2.210000e+00 447872257047806784
2.215000e+00 502275399951085056
2.220000e+00 563286904593638656
2.225000e+00 631709489673777664
2.230000e+00 708443381049244672
2.235000e+00 794498156086079744
2.240000e+00 891006024663128576
2.245000e+00 999236724991812352
2.250000e+00 1120614231824438400
2.255000e+00 1256735492049224192
2.260000e+00 1409391432905511936
2.265000e+00 1580590524076335872
2.270000e+00 1772585205580949504
2.275000e+00 1987901523407414272
2.280000e+00 2229372361232470272
2.285000e+00 2500174712881533440
2.290000e+00 2803871487001007104
2.295000e+00 3144458381105750528
2.300000e+00 3526416442444689920
2.305000e+00 3954771029449649664
2.310000e+00 4435157940326345728
2.315000e+00 4973897558326831104
2.320000e+00 5578078001262987264
2.325000e+00 6255648377958157312
2.330000e+00 7015523374696103936
2.335000e+00 7867700553797785600
2.340000e+00 8823391890861762560
2.345000e+00 9.895171e+18
2.350000e+00 1.109714e+19
2.355000e+00 1.244511e+19
2.360000e+00 1.395682e+19
2.365000e+00 1.565216e+19
2.370000e+00 1.755343e+19
2.375000e+00 1.968565e+19
2.380000e+00 2.207687e+19
2.385000e+00 2.475855e+19
2.390000e+00 2.776598e+19
2.395000e+00 3.113872e+19
2.400000e+00 3.492115e+19
2.405000e+00 3.916303e+19
2.410000e+00 4.392017e+19
2.415000e+00 4.925516e+19
2.420000e+00 5.523820e+19
2.425000e+00 6.194800e+19
2.430000e+00 6.947283e+19
2.435000e+00 7.791171e+19
2.440000e+00 8.737567e+19
2.445000e+00 9.798921e+19
2.450000e+00 1.098920e+20
2.455000e+00 1.232406e+20
2.460000e+00 1.382106e+20
2.465000e+00 1.549991e+20
2.470000e+00 1.738269e+20
2.475000e+00 1.949417e+20
2.480000e+00 2.186213e+20
2.485000e+00 2.451773e+20
2.490000e+00 2.749590e+20
2.495000e+00 3.083584e+20
2.500000e+00 3.458147e+20
2.505000e+00 3.878209e+20
2.510000e+00 4.349296e+20
2.515000e+00 4.877606e+20
2.520000e+00 5.470090e+20
2.525000e+00 6.134543e+20
2.530000e+00 6.879707e+20
2.535000e+00 7.715387e+20
2.540000e+00 8.652576e+20
2.545000e+00 9.703607e+20
2.550000e+00 1.088231e+21
2.555000e+00 1.220418e+21
2.560000e+00 1.368663e+21
2.565000e+00 1.534914e+21
2.570000e+00 1.721361e+21
2.575000e+00 1.930455e+21
2.580000e+00 2.164948e+21
2.585000e+00 2.427924e+21
2.590000e+00 2.722845e+21
2.595000e+00 3.053589e+21
2.600000e+00 3.424510e+21
2.605000e+00 3.840486e+21
2.610000e+00 4.306990e+21
2.615000e+00 4.830161e+21
2.620000e+00 5.416882e+21
2.625000e+00 6.074872e+21
2.630000e+00 6.812788e+21
2.635000e+00 7.640339e+21
2.640000e+00 8.568412e+21
2.645000e+00 9.609219e+21
2.650000e+00 1.077645e+22
2.655000e+00 1.208547e+22
2.660000e+00 1.355350e+22
2.665000e+00 1.519984e+22
2.670000e+00 1.704617e+22
2.675000e+00 1.911677e+22
2.680000e+00 2.143889e+22
2.685000e+00 2.404308e+22
2.690000e+00 2.696360e+22
2.695000e+00 3.023887e+22
2.700000e+00 3.391199e+22
2.705000e+00 3.803129e+22
2.710000e+00 4.265096e+22
2.715000e+00 4.783178e+22
2.720000e+00 5.364192e+22
2.725000e+00 6.015782e+22
2.730000e+00 6.746520e+22
2.735000e+00 7.566021e+22
2.740000e+00 8.485067e+22
2.745000e+00 9.515750e+22
2.750000e+00 1.067163e+23
2.755000e+00 1.196792e+23
2.760000e+00 1.342166e+23
2.765000e+00 1.505199e+23
2.770000e+00 1.688036e+23
2.775000e+00 1.893082e+23
2.780000e+00 2.123036e+23
2.785000e+00 2.380921e+23
2.790000e+00 2.670132e+23
2.795000e+00 2.994474e+23
2.800000e+00 3.358213e+23
2.805000e+00 3.766136e+23
2.810000e+00 4.223609e+23
2.815000e+00 4.736652e+23
2.820000e+00 5.312014e+23
2.825000e+00 5.957266e+23
2.830000e+00 6.680896e+23
2.835000e+00 7.492426e+23
2.840000e+00 8.402533e+23
2.845000e+00 9.423190e+23
2.850000e+00 1.056783e+24
2.855000e+00 1.185150e+24
2.860000e+00 1.329111e+24
2.865000e+00 1.490558e+24
2.870000e+00 1.671617e+24
2.875000e+00 1.874668e+24
2.880000e+00 2.102385e+24
2.885000e+00 2.357762e+24
2.890000e+00 2.644160e+24
2.895000e+00 2.965346e+24
2.900000e+00 3.325548e+24
2.905000e+00 3.729503e+24
2.910000e+00 4.182526e+24
2.915000e+00 4.690579e+24
2.920000e+00 5.260344e+24
2.925000e+00 5.899319e+24
2.930000e+00 6.615911e+24
2.935000e+00 7.419547e+24
2.940000e+00 8.320801e+24
2.945000e+00 9.331531e+24
2.950000e+00 1.046503e+25
2.955000e+00 1.173622e+25
2.960000e+00 1.316183e+25
2.965000e+00 1.476060e+25
2.970000e+00 1.655357e+25
2.975000e+00 1.856433e+25
2.980000e+00 2.081935e+25
2.985000e+00 2.334828e+25
2.990000e+00 2.618440e+25
2.995000e+00 2.936502e+25
3 3.293200e+25
