T X
0 0
5.000000e-03 3.278679e-08
1.000000e-02 2.178979e-07
1.500000e-02 3.942836e-07
2.000000e-02 -3.086170e-07
2.500000e-02 -2.227394e-06
3.000000e-02 -4.233442e-06
3.500000e-02 -5.162747e-06
4.000000e-02 -4.033462e-06
4.500000e-02 -3.064850e-07
5.000000e-02 5.240040e-06
5.500000e-02 1.306318e-05
6.000000e-02 2.551665e-05
6.500000e-02 3.567115e-05
7.000000e-02 1.544488e-05
7.500000e-02 -4.015881e-05
8.000000e-02 -3.972085e-05
8.500000e-02 1.104635e-04
9.000000e-02 2.768558e-04
9.500000e-02 1.894439e-04
1.000000e-01 -1.490215e-04
1.050000e-01 -4.932182e-04
1.100000e-01 -7.467938e-04
1.150000e-01 -8.595285e-04
1.200000e-01 -6.677010e-04
1.250000e-01 -1.740597e-04
1.300000e-01 5.132953e-04
1.350000e-01 1.373188e-03
1.400000e-01 2.292050e-03
1.450000e-01 3.154045e-03
1.500000e-01 3.889259e-03
1.550000e-01 4.311068e-03
1.600000e-01 4.360216e-03
1.650000e-01 4.095736e-03
1.700000e-01 3.498233e-03
1.750000e-01 2.567368e-03
1.800000e-01 1.307453e-03
1.850000e-01 -1.868258e-04
1.900000e-01 -1.782098e-03
1.950000e-01 -3.396597e-03
2.000000e-01 -4.858509e-03
2.050000e-01 -6.073663e-03
2.100000e-01 -6.999644e-03
2.150000e-01 -7.476959e-03
2.200000e-01 -7.441888e-03
2.250000e-01 -6.889636e-03
2.300000e-01 -5.707661e-03
2.350000e-01 -3.808706e-03
2.400000e-01 -1.210676e-03
2.450000e-01 2.018086e-03
2.500000e-01 5.865248e-03
2.550000e-01 1.034337e-02
2.600000e-01 1.533839e-02
2.650000e-01 2.070467e-02
2.700000e-01 2.638871e-02
2.750000e-01 3.229332e-02
2.800000e-01 3.822313e-02
2.850000e-01 4.410112e-02
2.900000e-01 4.990337e-02
2.950000e-01 5.553545e-02
3.000000e-01 6.095591e-02
3.050000e-01 6.609264e-02
3.100000e-01 7.091651e-02
3.150000e-01 7.554452e-02
3.200000e-01 8.007462e-02
3.250000e-01 8.459987e-02
3.300000e-01 8.925316e-02
3.350000e-01 9.425643e-02
3.400000e-01 9.990617e-02
3.450000e-01 1.063794e-01
3.500000e-01 1.138792e-01
3.550000e-01 1.227067e-01
3.600000e-01 1.331104e-01
3.650000e-01 1.454182e-01
3.700000e-01 1.599925e-01
3.750000e-01 1.771317e-01
3.800000e-01 1.971477e-01
3.850000e-01 2.203481e-01
3.900000e-01 2.470485e-01
3.950000e-01 2.775909e-01
4.000000e-01 3.123558e-01
4.050000e-01 3.517428e-01
4.100000e-01 3.961469e-01
4.150000e-01 4.459645e-01
4.200000e-01 5.016511e-01
4.250000e-01 5.637829e-01
4.300000e-01 6.330032e-01
4.350000e-01 7.100514e-01
4.400000e-01 7.957444e-01
4.450000e-01 8.909571e-01
4.500000e-01 9.967802e-01
4.550000e-01 1.114499e+00
4.600000e-01 1.245529e+00
4.650000e-01 1.391497e+00
4.700000e-01 1.554302e+00
4.750000e-01 1.736121e+00
4.800000e-01 1.939356e+00
4.850000e-01 2.166769e+00
4.900000e-01 2.421487e+00
4.950000e-01 2.706935e+00
5.000000e-01 3.027035e+00
5.050000e-01 3.386197e+00
5.100000e-01 3.789305e+00
5.150000e-01 4.241859e+00
5.200000e-01 4.750004e+00
5.250000e-01 5.320601e+00
5.300000e-01 5.961289e+00
5.350000e-01 6.680582e+00
5.400000e-01 7.488066e+00
5.450000e-01 8.394452e+00
5.500000e-01 9.411596e+00
5.550000e-01 1.055285e+01
5.600000e-01 1.183323e+01
5.650000e-01 1.326945e+01
5.700000e-01 1.488027e+01
5.750000e-01 1.668676e+01
5.800000e-01 1.871248e+01
5.850000e-01 2.098385e+01
5.900000e-01 2.353055e+01
5.950000e-01 2.638589e+01
6.000000e-01 2.958725e+01
6.050000e-01 3.317662e+01
6.100000e-01 3.720101e+01
6.150000e-01 4.171323e+01
6.200000e-01 4.677252e+01
6.250000e-01 5.244535e+01
6.300000e-01 5.880638e+01
6.350000e-01 6.593934e+01
6.400000e-01 7.393809e+01
6.450000e-01 8.290795e+01
6.500000e-01 9.296710e+01
6.550000e-01 1.042480e+02
6.600000e-01 1.168993e+02
6.650000e-01 1.310876e+02
6.700000e-01 1.469996e+02
6.750000e-01 1.648451e+02
6.800000e-01 1.848589e+02
6.850000e-01 2.073045e+02
6.900000e-01 2.324774e+02
6.950000e-01 2.607088e+02
7.000000e-01 2.923705e+02
7.050000e-01 3.278788e+02
7.100000e-01 3.677010e+02
7.150000e-01 4.123610e+02
7.200000e-01 4.624464e+02
7.250000e-01 5.186158e+02
7.300000e-01 5.816082e+02
7.350000e-01 6.522522e+02
7.400000e-01 7.314772e+02
7.450000e-01 8.203252e+02
7.500000e-01 9.199649e+02
7.550000e-01 1.031707e+03
7.600000e-01 1.157022e+03
7.650000e-01 1.297558e+03
7.700000e-01 1.455164e+03
7.750000e-01 1.631913e+03
7.800000e-01 1.830131e+03
7.850000e-01 2.052426e+03
7.900000e-01 2.301722e+03
7.950000e-01 2.581299e+03
8.000000e-01 2.894837e+03
8.050000e-01 3.246459e+03
8.100000e-01 3.640793e+03
8.150000e-01 4.083027e+03
8.200000e-01 4.578979e+03
8.250000e-01 5.135175e+03
8.300000e-01 5.758932e+03
8.350000e-01 6.458459e+03
8.400000e-01 7.242957e+03
8.450000e-01 8.122750e+03
8.500000e-01 9.109412e+03
8.550000e-01 1.021593e+04
8.600000e-01 1.145685e+04
8.650000e-01 1.284851e+04
8.700000e-01 1.440921e+04
8.750000e-01 1.615949e+04
8.800000e-01 1.812239e+04
8.850000e-01 2.032371e+04
8.900000e-01 2.279243e+04
8.950000e-01 2.556103e+04
9.000000e-01 2.866592e+04
9.050000e-01 3.214797e+04
9.100000e-01 3.605299e+04
9.150000e-01 4.043234e+04
9.200000e-01 4.534366e+04
9.250000e-01 5.085155e+04
9.300000e-01 5.702849e+04
9.350000e-01 6.395574e+04
9.400000e-01 7.172445e+04
9.450000e-01 8.043682e+04
9.500000e-01 9.020749e+04
9.550000e-01 1.011650e+05
9.600000e-01 1.134535e+05
9.650000e-01 1.272347e+05
9.700000e-01 1.426899e+05
9.750000e-01 1.600225e+05
9.800000e-01 1.794604e+05
9.850000e-01 2.012595e+05
9.900000e-01 2.257066e+05
9.950000e-01 2.531232e+05
1 2.838701e+05
1.005000e+00 3.183518e+05
1.010000e+00 3.570221e+05
1.015000e+00 4.003896e+05
1.020000e+00 4.490250e+05
1.025000e+00 5.035682e+05
1.030000e+00 5.647367e+05
1.035000e+00 6.333354e+05
1.040000e+00 7.102668e+05
1.045000e+00 7.965431e+05
1.050000e+00 8.932993e+05
1.055000e+00 1.001809e+06
1.060000e+00 1.123499e+06
1.065000e+00 1.259970e+06
1.070000e+00 1.413019e+06
1.075000e+00 1.584659e+06
1.080000e+00 1.777147e+06
1.085000e+00 1.993018e+06
1.090000e+00 2.235110e+06
1.095000e+00 2.506610e+06
1.100000e+00 2.811088e+06
1.105000e+00 3.152552e+06
1.110000e+00 3.535493e+06
1.115000e+00 3.964950e+06
1.120000e+00 4.446573e+06
1.125000e+00 4.986699e+06
1.130000e+00 5.592435e+06
1.135000e+00 6.271749e+06
1.140000e+00 7.033580e+06
1.145000e+00 7.887950e+06
1.150000e+00 8.846101e+06
1.155000e+00 9.920639e+06
1.160000e+00 1.112570e+07
1.165000e+00 1.247714e+07
1.170000e+00 1.399274e+07
1.175000e+00 1.569245e+07
1.180000e+00 1.759861e+07
1.185000e+00 1.973632e+07
1.190000e+00 2.213369e+07
1.195000e+00 2.482228e+07
1.200000e+00 2.783744e+07
1.205000e+00 3.121886e+07
1.210000e+00 3.501103e+07
1.215000e+00 3.926382e+07
1.220000e+00 4.403321e+07
1.225000e+00 4.938193e+07
1.230000e+00 5.538037e+07
1.235000e+00 6.210743e+07
1.240000e+00 6.965164e+07
1.245000e+00 7.811224e+07
1.250000e+00 8.760055e+07
1.255000e+00 9.824141e+07
1.260000e+00 1.101748e+08
1.265000e+00 1.235578e+08
1.270000e+00 1.385664e+08
1.275000e+00 1.553980e+08
1.280000e+00 1.742743e+08
1.285000e+00 1.954434e+08
1.290000e+00 2.191840e+08
1.295000e+00 2.458083e+08
1.300000e+00 2.756667e+08
1.305000e+00 3.091520e+08
1.310000e+00 3.467047e+08
1.315000e+00 3.888190e+08
1.320000e+00 4.360490e+08
1.325000e+00 4.890160e+08
1.330000e+00 5.484168e+08
1.335000e+00 6.150331e+08
1.340000e+00 6.897414e+08
1.345000e+00 7.735244e+08
1.350000e+00 8.674846e+08
1.355000e+00 9.728581e+08
1.360000e+00 1.091031e+09
1.365000e+00 1.223559e+09
1.370000e+00 1.372185e+09
1.375000e+00 1.538865e+09
1.380000e+00 1.725791e+09
1.385000e+00 1.935423e+09
1.390000e+00 2.170520e+09
1.395000e+00 2.434173e+09
1.400000e+00 2.729853e+09
1.405000e+00 3.061449e+09
1.410000e+00 3.433323e+09
1.415000e+00 3.850370e+09
1.420000e+00 4.318075e+09
1.425000e+00 4.842593e+09
1.430000e+00 5.430824e+09
1.435000e+00 6.090507e+09
1.440000e+00 6.830322e+09
1.445000e+00 7.660003e+09
1.450000e+00 8.590465e+09
1.455000e+00 9.633951e+09
1.460000e+00 1.080419e+10
1.465000e+00 1.211658e+10
1.470000e+00 1.358838e+10
1.475000e+00 1.523896e+10
1.480000e+00 1.709004e+10
1.485000e+00 1.916597e+10
1.490000e+00 2.149407e+10
1.495000e+00 2.410496e+10
1.500000e+00 2.703299e+10
1.505000e+00 3.031670e+10
1.510000e+00 3.399927e+10
1.515000e+00 3.812917e+10
1.520000e+00 4.276073e+10
1.525000e+00 4.795489e+10
1.530000e+00 5.377998e+10
1.535000e+00 6.031265e+10
1.540000e+00 6.763884e+10
1.545000e+00 7.585494e+10
1.550000e+00 8.506906e+10
1.555000e+00 9.540241e+10
1.560000e+00 1.069910e+11
1.565000e+00 1.199872e+11
1.570000e+00 1.345621e+11
1.575000e+00 1.509073e+11
1.580000e+00 1.692381e+11
1.585000e+00 1.897955e+11
1.590000e+00 2.128500e+11
1.595000e+00 2.387049e+11
1.600000e+00 2.677004e+11
1.605000e+00 3.002181e+11
1.610000e+00 3.366856e+11
1.615000e+00 3.775829e+11
1.620000e+00 4.234480e+11
1.625000e+00 4.748843e+11
1.630000e+00 5.325686e+11
1.635000e+00 5.972598e+11
1.640000e+00 6.698091e+11
1.645000e+00 7.511710e+11
1.650000e+00 8.424159e+11
1.655000e+00 9.447443e+11
1.660000e+00 1.059503e+12
1.665000e+00 1.188201e+12
1.670000e+00 1.332532e+12
1.675000e+00 1.494395e+12
1.680000e+00 1.675919e+12
1.685000e+00 1.879493e+12
1.690000e+00 2.107796e+12
1.695000e+00 2.363830e+12
1.700000e+00 2.650965e+12
1.705000e+00 2.972978e+12
1.710000e+00 3.334107e+12
1.715000e+00 3.739101e+12
1.720000e+00 4.193291e+12
1.725000e+00 4.702651e+12
1.730000e+00 5.273883e+12
1.735000e+00 5.914503e+12
1.740000e+00 6.632939e+12
1.745000e+00 7.438643e+12
1.750000e+00 8.342217e+12
1.755000e+00 9.355548e+12
1.760000e+00 1.049197e+13
1.765000e+00 1.176643e+13
1.770000e+00 1.319570e+13
1.775000e+00 1.479859e+13
1.780000e+00 1.659617e+13
1.785000e+00 1.861211e+13
1.790000e+00 2.087293e+13
1.795000e+00 2.340837e+13
1.800000e+00 2.625179e+13
1.805000e+00 2.944060e+13
1.810000e+00 3.301676e+13
1.815000e+00 3.702731e+13
1.820000e+00 4.152503e+13
1.825000e+00 4.656908e+13
1.830000e+00 5.222584e+13
1.835000e+00 5.856972e+13
1.840000e+00 6.568420e+13
1.845000e+00 7.366287e+13
1.850000e+00 8.261072e+13
1.855000e+00 9.264546e+13
1.860000e+00 1.038991e+14
1.865000e+00 1.165198e+14
1.870000e+00 1.306735e+14
1.875000e+00 1.465464e+14
1.880000e+00 1.643474e+14
1.885000e+00 1.843107e+14
1.890000e+00 2.066990e+14
1.895000e+00 2.318068e+14
1.900000e+00 2.599644e+14
1.905000e+00 2.915423e+14
1.910000e+00 3.269560e+14
1.915000e+00 3.666715e+14
1.920000e+00 4.112111e+14
1.925000e+00 4.611610e+14
1.930000e+00 5.171784e+14
1.935000e+00 5.800001e+14
1.940000e+00 6.504529e+14
1.945000e+00 7.294635e+14
1.950000e+00 8.180716e+14
1.955000e+00 917442981891090
1.960000e+00 1.028885e+15
1.965000e+00 1153863873807723
1.970000e+00 1.294024e+15
1.975000e+00 1.451209e+15
1.980000e+00 1627488083340877
1.985000e+00 1.825179e+15
1.990000e+00 2046884367509716
1.995000e+00 2.295520e+15
2 2.574357e+15
2.005000e+00 2887064920555140
2.010000e+00 3237757342578395
2.015000e+00 3.631048e+15
2.020000e+00 4072112712040349
2.025000e+00 4566753142489648
2.030000e+00 5121477661969419
2.035000e+00 5743584700390103
2.040000e+00 6441259211761501
2.045000e+00 7223680395388386
2.050000e+00 8101142456644078
2.055000e+00 9085190021421438
2.060000e+00 10188770056765796
2.065000e+00 11426402211063922
2.070000e+00 12814369822569580
2.075000e+00 14370934164876576
2.080000e+00 16116574718253540
2.085000e+00 18074258628001048
2.090000e+00 20269742846697588
2.095000e+00 22731912998864644
2.100000e+00 25493163488836488
2.105000e+00 28589823715967636
2.110000e+00 32062636002596472
2.115000e+00 35957291594730360
2.120000e+00 40325031838336896
2.125000e+00 45223322451030144
2.130000e+00 50716609558319840
2.135000e+00 56877167454015408
2.140000e+00 63786049607029504
2.145000e+00 71534155225941584
2.150000e+00 80223424976787328
2.155000e+00 89968182139045344
2.160000e+00 100896637082660480
2.165000e+00 113152574006793728
2.170000e+00 126897242314632576
2.175000e+00 142311478376179680
2.180000e+00 159598085089026176
2.185000e+00 178984499975799872
2.190000e+00 200725787274482368
2.195000e+00 225107993625942976
2.200000e+00 252451911775773312
2.205000e+00 283117301479663040
2.210000e+00 317507622551302592
2.215000e+00 356075343208769856
2.220000e+00 399327893517617472
2.225000e+00 447834341488864000
2.230000e+00 502232879286726272
2.235000e+00 563239219076783872
2.240000e+00 631656011739553280
2.245000e+00 708383407968770816
2.250000e+00 794430898850945280
2.255000e+00 890930597405737472
2.260000e+00 999152135365907328
2.265000e+00 1120519368170753280
2.270000e+00 1256629105875064576
2.275000e+00 1409272122206039552
2.280000e+00 1580456719694381056
2.285000e+00 1772435149998646528
2.290000e+00 1987733240781364736
2.295000e+00 2229183633594692864
2.300000e+00 2499963060736740864
2.305000e+00 2803634130458700800
2.310000e+00 3144192192344125440
2.315000e+00 3526117914351083520
2.320000e+00 3954436235597496320
2.325000e+00 4434782478125706752
2.330000e+00 4973476492783574016
2.335000e+00 5577605794429953024
2.340000e+00 6255118809289104384
2.345000e+00 7014929474988560384
2.350000e+00 7867034520544185344
2.355000e+00 8822644961965701120
2.360000e+00 9.894334e+18
2.365000e+00 1.109620e+19
2.370000e+00 1.244406e+19
2.375000e+00 1.395564e+19
2.380000e+00 1.565084e+19
2.385000e+00 1.755195e+19
2.390000e+00 1.968399e+19
2.395000e+00 2.207500e+19
2.400000e+00 2.475646e+19
2.405000e+00 2.776363e+19
2.410000e+00 3.113609e+19
2.415000e+00 3.491819e+19
2.420000e+00 3.915971e+19
2.425000e+00 4.391645e+19
2.430000e+00 4.925099e+19
2.435000e+00 5.523352e+19
2.440000e+00 6.194275e+19
2.445000e+00 6.946695e+19
2.450000e+00 7.790512e+19
2.455000e+00 8.736827e+19
2.460000e+00 9.798091e+19
2.465000e+00 1.098827e+20
2.470000e+00 1.232301e+20
2.475000e+00 1.381989e+20
2.480000e+00 1.549860e+20
2.485000e+00 1.738122e+20
2.490000e+00 1.949252e+20
2.495000e+00 2.186028e+20
2.500000e+00 2.451565e+20
2.505000e+00 2.749357e+20
2.510000e+00 3.083322e+20
2.515000e+00 3.457854e+20
2.520000e+00 3.877881e+20
2.525000e+00 4.348928e+20
2.530000e+00 4.877193e+20
2.535000e+00 5.469627e+20
2.540000e+00 6.134023e+20
2.545000e+00 6.879125e+20
2.550000e+00 7.714733e+20
2.555000e+00 8.651844e+20
2.560000e+00 9.702785e+20
2.565000e+00 1.088138e+21
2.570000e+00 1.220315e+21
2.575000e+00 1.368547e+21
2.580000e+00 1.534784e+21
2.585000e+00 1.721215e+21
2.590000e+00 1.930291e+21
2.595000e+00 2.164764e+21
2.600000e+00 2.427719e+21
2.605000e+00 2.722614e+21
2.610000e+00 3.053331e+21
2.615000e+00 3.424220e+21
2.620000e+00 3.840160e+21
2.625000e+00 4.306626e+21
2.630000e+00 4.829752e+21
2.635000e+00 5.416423e+21
2.640000e+00 6.074358e+21
2.645000e+00 6.812211e+21
2.650000e+00 7.639692e+21
2.655000e+00 8.567687e+21
2.660000e+00 9.608406e+21
2.665000e+00 1.077554e+22
2.670000e+00 1.208445e+22
2.675000e+00 1.355235e+22
2.680000e+00 1.519856e+22
2.685000e+00 1.704473e+22
2.690000e+00 1.911515e+22
2.695000e+00 2.143708e+22
2.700000e+00 2.404104e+22
2.705000e+00 2.696131e+22
2.710000e+00 3.023631e+22
2.715000e+00 3.390912e+22
2.720000e+00 3.802807e+22
2.725000e+00 4.264735e+22
2.730000e+00 4.782773e+22
2.735000e+00 5.363738e+22
2.740000e+00 6.015272e+22
2.745000e+00 6.745949e+22
2.750000e+00 7.565381e+22
2.755000e+00 8.484349e+22
2.760000e+00 9.514945e+22
2.765000e+00 1.067073e+23
2.770000e+00 1.196690e+23
2.775000e+00 1.342053e+23
2.780000e+00 1.505072e+23
2.785000e+00 1.687893e+23
2.790000e+00 1.892922e+23
2.795000e+00 2.122856e+23
2.800000e+00 2.380720e+23
2.805000e+00 2.669906e+23
2.810000e+00 2.994220e+23
2.815000e+00 3.357929e+23
2.820000e+00 3.765817e+23
2.825000e+00 4.223252e+23
2.830000e+00 4.736251e+23
2.835000e+00 5.311565e+23
2.840000e+00 5.956762e+23
2.845000e+00 6.680331e+23
2.850000e+00 7.491792e+23
2.855000e+00 8.401822e+23
2.860000e+00 9.422393e+23
2.865000e+00 1.056693e+24
2.870000e+00 1.185050e+24
2.875000e+00 1.328998e+24
2.880000e+00 1.490432e+24
2.885000e+00 1.671475e+24
2.890000e+00 1.874510e+24
2.895000e+00 2.102207e+24
2.900000e+00 2.357562e+24
2.905000e+00 2.643936e+24
2.910000e+00 2.965095e+24
2.915000e+00 3.325266e+24
2.920000e+00 3.729187e+24
2.925000e+00 4.182172e+24
2.930000e+00 4.690182e+24
2.935000e+00 5.259899e+24
2.940000e+00 5.898820e+24
2.945000e+00 6.615351e+24
2.950000e+00 7.418919e+24
2.955000e+00 8.320097e+24
2.960000e+00 9.330741e+24
2.965000e+00 1.046415e+25
2.970000e+00 1.173523e+25
2.975000e+00 1.316071e+25
2.980000e+00 1.475935e+25
2.985000e+00 1.655217e+25
2.990000e+00 1.856276e+25
2.995000e+00 2.081759e+25
3 2.334630e+25
