T X
0 0
5.000000e-03 -5.982029e-09
1.000000e-02 3.288896e-08
1.500000e-02 4.804298e-07
2.000000e-02 4.459176e-06
2.500000e-02 2.860576e-05
3.000000e-02 1.347636e-04
3.500000e-02 4.832673e-04
4.000000e-02 1.345175e-03
4.500000e-02 2.944163e-03
5.000000e-02 5.121129e-03
5.500000e-02 7.205211e-03
6.000000e-02 8.540873e-03
6.500000e-02 9.213256e-03
7.000000e-02 9.786122e-03
7.500000e-02 1.025163e-02
8.000000e-02 1.006878e-02
8.500000e-02 9.291602e-03
9.000000e-02 8.412312e-03
9.500000e-02 7.269226e-03
1.000000e-01 5.584433e-03
1.050000e-01 3.772146e-03
1.100000e-01 1.983899e-03
1.150000e-01 -7.444430e-05
1.200000e-01 -2.121647e-03
1.250000e-01 -3.905696e-03
1.300000e-01 -5.683229e-03
1.350000e-01 -7.259189e-03
1.400000e-01 -8.441181e-03
1.450000e-01 -9.462658e-03
1.500000e-01 -1.007216e-02
1.550000e-01 -1.012031e-02
1.600000e-01 -9.894515e-03
1.650000e-01 -9.251184e-03
1.700000e-01 -8.206971e-03
1.750000e-01 -6.949044e-03
1.800000e-01 -5.273657e-03
1.850000e-01 -3.363720e-03
1.900000e-01 -1.438467e-03
1.950000e-01 5.867706e-04
2.000000e-01 2.537290e-03
2.050000e-01 4.424368e-03
2.100000e-01 6.209290e-03
2.150000e-01 7.646974e-03
2.200000e-01 8.820965e-03
2.250000e-01 9.664839e-03
2.300000e-01 1.009299e-02
2.350000e-01 1.013682e-02
2.400000e-01 9.706971e-03
2.450000e-01 8.956518e-03
2.500000e-01 7.865377e-03
2.550000e-01 6.392309e-03
2.600000e-01 4.754297e-03
2.650000e-01 2.898174e-03
2.700000e-01 8.873154e-04
2.750000e-01 -1.144286e-03
2.800000e-01 -3.154983e-03
2.850000e-01 -4.992202e-03
2.900000e-01 -6.665981e-03
2.950000e-01 -8.045230e-03
3.000000e-01 -9.062286e-03
3.050000e-01 -9.810625e-03
3.100000e-01 -1.012223e-02
3.150000e-01 -1.002317e-02
3.200000e-01 -9.565610e-03
3.250000e-01 -8.705278e-03
3.300000e-01 -7.492566e-03
3.350000e-01 -5.949810e-03
3.400000e-01 -4.212492e-03
3.450000e-01 -2.277690e-03
3.500000e-01 -2.386463e-04
3.550000e-01 1.725004e-03
3.600000e-01 3.680484e-03
3.650000e-01 5.488631e-03
3.700000e-01 7.055500e-03
3.750000e-01 8.381812e-03
3.800000e-01 9.357990e-03
3.850000e-01 9.951061e-03
3.900000e-01 1.015967e-02
3.950000e-01 9.962895e-03
4.000000e-01 9.319893e-03
4.050000e-01 8.339261e-03
4.100000e-01 7.051599e-03
4.150000e-01 5.448946e-03
4.200000e-01 3.667740e-03
4.250000e-01 1.744430e-03
4.300000e-01 -3.054035e-04
4.350000e-01 -2.313715e-03
4.400000e-01 -4.223506e-03
4.450000e-01 -6.025564e-03
4.500000e-01 -7.501371e-03
4.550000e-01 -8.688979e-03
4.600000e-01 -9.575492e-03
4.650000e-01 -1.002445e-02
4.700000e-01 -1.010055e-02
4.750000e-01 -9.793349e-03
4.800000e-01 -9.105980e-03
4.850000e-01 -8.035481e-03
4.900000e-01 -6.638444e-03
4.950000e-01 -4.965214e-03
5.000000e-01 -3.094553e-03
5.050000e-01 -1.109159e-03
5.100000e-01 9.360759e-04
5.150000e-01 2.888769e-03
5.200000e-01 4.753318e-03
5.250000e-01 6.436867e-03
5.300000e-01 7.849915e-03
5.350000e-01 8.996642e-03
5.400000e-01 9.750853e-03
5.450000e-01 1.012134e-02
5.500000e-01 1.009905e-02
5.550000e-01 9.639485e-03
5.600000e-01 8.804340e-03
5.650000e-01 7.615827e-03
5.700000e-01 6.136955e-03
5.750000e-01 4.433970e-03
5.800000e-01 2.542390e-03
5.850000e-01 5.545696e-04
5.900000e-01 -1.466685e-03
5.950000e-01 -3.454503e-03
6.000000e-01 -5.298060e-03
6.050000e-01 -6.910893e-03
6.100000e-01 -8.249712e-03
6.150000e-01 -9.253267e-03
6.200000e-01 -9.884500e-03
6.250000e-01 -1.011512e-02
6.300000e-01 -9.937461e-03
6.350000e-01 -9.405811e-03
6.400000e-01 -8.481363e-03
6.450000e-01 -7.215896e-03
6.500000e-01 -5.667261e-03
6.550000e-01 -3.868096e-03
6.600000e-01 -1.941007e-03
6.650000e-01 8.313809e-05
6.700000e-01 2.091068e-03
6.750000e-01 3.970211e-03
6.800000e-01 5.741021e-03
6.850000e-01 7.288120e-03
6.900000e-01 8.512853e-03
6.950000e-01 9.460805e-03
7.000000e-01 1.000561e-02
7.050000e-01 1.014043e-02
7.100000e-01 9.898242e-03
7.150000e-01 9.196118e-03
7.200000e-01 8.151853e-03
7.250000e-01 6.791882e-03
7.300000e-01 5.161129e-03
7.350000e-01 3.338198e-03
7.400000e-01 1.375019e-03
7.450000e-01 -6.178513e-04
7.500000e-01 -2.633668e-03
7.550000e-01 -4.545035e-03
7.600000e-01 -6.260974e-03
7.650000e-01 -7.737094e-03
7.700000e-01 -8.873332e-03
7.750000e-01 -9.687196e-03
7.800000e-01 -1.008431e-02
7.850000e-01 -1.007321e-02
7.900000e-01 -9.704088e-03
7.950000e-01 -8.924295e-03
8.000000e-01 -7.812920e-03
8.050000e-01 -6.376816e-03
8.100000e-01 -4.671838e-03
8.150000e-01 -2.786640e-03
8.200000e-01 -7.660985e-04
8.250000e-01 1.267422e-03
8.300000e-01 3.230162e-03
8.350000e-01 5.067426e-03
8.400000e-01 6.704261e-03
8.450000e-01 8.071157e-03
8.500000e-01 9.126033e-03
8.550000e-01 9.822495e-03
8.600000e-01 1.013644e-02
8.650000e-01 1.004348e-02
8.700000e-01 9.542779e-03
8.750000e-01 8.642520e-03
8.800000e-01 7.393980e-03
8.850000e-01 5.872267e-03
8.900000e-01 4.106286e-03
8.950000e-01 2.198083e-03
9.000000e-01 2.096803e-04
9.050000e-01 -1.806255e-03
9.100000e-01 -3.755702e-03
9.150000e-01 -5.564993e-03
9.200000e-01 -7.149466e-03
9.250000e-01 -8.444938e-03
9.300000e-01 -9.406789e-03
9.350000e-01 -9.976679e-03
9.400000e-01 -1.012838e-02
9.450000e-01 -9.904441e-03
9.500000e-01 -9.291186e-03
9.550000e-01 -8.302712e-03
9.600000e-01 -7.005335e-03
9.650000e-01 -5.408269e-03
9.700000e-01 -3.598893e-03
9.750000e-01 -1.629296e-03
9.800000e-01 4.299612e-04
9.850000e-01 2.423935e-03
9.900000e-01 4.328766e-03
9.950000e-01 6.063890e-03
1 7.535272e-03
1.005000e+00 8.732168e-03
1.010000e+00 9.575993e-03
1.015000e+00 1.003853e-02
1.020000e+00 1.013124e-02
1.025000e+00 9.803974e-03
1.030000e+00 9.061991e-03
1.035000e+00 7.963292e-03
1.040000e+00 6.541132e-03
1.045000e+00 4.859482e-03
1.050000e+00 3.003691e-03
1.055000e+00 1.035276e-03
1.060000e+00 -9.769096e-04
1.065000e+00 -2.953389e-03
1.070000e+00 -4.830896e-03
1.075000e+00 -6.520579e-03
1.080000e+00 -7.934965e-03
1.085000e+00 -9.049823e-03
1.090000e+00 -9.794431e-03
1.095000e+00 -1.012093e-02
1.100000e+00 -1.005454e-02
1.105000e+00 -9.587286e-03
1.110000e+00 -8.751193e-03
1.115000e+00 -7.576761e-03
1.120000e+00 -6.100177e-03
1.125000e+00 -4.372001e-03
1.130000e+00 -2.461442e-03
1.135000e+00 -4.452369e-04
1.140000e+00 1.599752e-03
1.145000e+00 3.550970e-03
1.150000e+00 5.379282e-03
1.155000e+00 6.991641e-03
1.160000e+00 8.313177e-03
1.165000e+00 9.342865e-03
1.170000e+00 9.969018e-03
1.175000e+00 1.017364e-02
1.180000e+00 9.858055e-03
1.185000e+00 8.891094e-03
1.190000e+00 7.257343e-03
1.195000e+00 4.866433e-03
1.200000e+00 1.791608e-03
1.205000e+00 -1.769840e-03
1.210000e+00 -5.553868e-03
1.215000e+00 -9.161064e-03
1.220000e+00 -1.226465e-02
1.225000e+00 -1.463908e-02
1.230000e+00 -1.620069e-02
1.235000e+00 -1.702403e-02
1.240000e+00 -1.729262e-02
1.245000e+00 -1.709926e-02
1.250000e+00 -1.634816e-02
1.255000e+00 -1.488764e-02
1.260000e+00 -1.253088e-02
1.265000e+00 -9.221543e-03
1.270000e+00 -5.093934e-03
1.275000e+00 -4.075437e-04
1.280000e+00 4.562776e-03
1.285000e+00 9.617712e-03
1.290000e+00 1.456277e-02
1.295000e+00 1.914190e-02
1.300000e+00 2.295567e-02
1.305000e+00 2.558968e-02
1.310000e+00 2.683341e-02
1.315000e+00 2.674715e-02
1.320000e+00 2.564256e-02
1.325000e+00 2.384686e-02
1.330000e+00 2.145630e-02
1.335000e+00 1.834012e-02
1.340000e+00 1.429725e-02
1.345000e+00 9.400655e-03
1.350000e+00 3.996183e-03
1.355000e+00 -1.485338e-03
1.360000e+00 -6.680264e-03
1.365000e+00 -1.151780e-02
1.370000e+00 -1.595657e-02
1.375000e+00 -1.988974e-02
1.380000e+00 -2.317468e-02
1.385000e+00 -2.553351e-02
1.390000e+00 -2.681541e-02
1.395000e+00 -2.697462e-02
1.400000e+00 -2.598748e-02
1.405000e+00 -2.392646e-02
1.410000e+00 -2.091591e-02
1.415000e+00 -1.717282e-02
1.420000e+00 -1.284609e-02
1.425000e+00 -7.979132e-03
1.430000e+00 -2.709259e-03
1.435000e+00 2.759760e-03
1.440000e+00 8.135787e-03
1.445000e+00 1.308057e-02
1.450000e+00 1.735565e-02
1.455000e+00 2.091416e-02
1.460000e+00 2.390891e-02
1.465000e+00 2.614636e-02
1.470000e+00 2.704171e-02
1.475000e+00 2.652089e-02
1.480000e+00 2.517871e-02
1.485000e+00 2.324445e-02
1.490000e+00 2.023616e-02
1.495000e+00 1.604894e-02
1.500000e+00 1.127458e-02
1.505000e+00 6.304283e-03
1.510000e+00 1.079091e-03
1.515000e+00 -4.262099e-03
1.520000e+00 -9.413545e-03
1.525000e+00 -1.432539e-02
1.530000e+00 -1.870591e-02
1.535000e+00 -2.211110e-02
1.540000e+00 -2.458945e-02
1.545000e+00 -2.622098e-02
1.550000e+00 -2.684957e-02
1.555000e+00 -2.643377e-02
1.560000e+00 -2.498750e-02
1.565000e+00 -2.238793e-02
1.570000e+00 -1.877004e-02
1.575000e+00 -1.465963e-02
1.580000e+00 -1.009808e-02
1.585000e+00 -4.895291e-03
1.590000e+00 6.093119e-04
1.595000e+00 5.994254e-03
1.600000e+00 1.098552e-02
1.605000e+00 1.548312e-02
1.610000e+00 1.957787e-02
1.615000e+00 2.302863e-02
1.620000e+00 2.531097e-02
1.625000e+00 2.646445e-02
1.630000e+00 2.682694e-02
1.635000e+00 2.615381e-02
1.640000e+00 2.419094e-02
1.645000e+00 2.131216e-02
1.650000e+00 1.776879e-02
1.655000e+00 1.344121e-02
1.660000e+00 8.479438e-03
1.665000e+00 3.213383e-03
1.670000e+00 -2.101526e-03
1.675000e+00 -7.322013e-03
1.680000e+00 -1.237321e-02
1.685000e+00 -1.691083e-02
1.690000e+00 -2.066753e-02
1.695000e+00 -2.370977e-02
1.700000e+00 -2.577460e-02
1.705000e+00 -2.666117e-02
1.710000e+00 -2.667485e-02
1.715000e+00 -2.569732e-02
1.720000e+00 -2.346379e-02
1.725000e+00 -2.035393e-02
1.730000e+00 -1.657522e-02
1.735000e+00 -1.204106e-02
1.740000e+00 -6.988030e-03
1.745000e+00 -1.655932e-03
1.750000e+00 3.713285e-03
1.755000e+00 8.873997e-03
1.760000e+00 1.371506e-02
1.765000e+00 1.804827e-02
1.770000e+00 2.165927e-02
1.775000e+00 2.436463e-02
1.780000e+00 2.608553e-02
1.785000e+00 2.686757e-02
1.790000e+00 2.657801e-02
1.795000e+00 2.504804e-02
1.800000e+00 2.259763e-02
1.805000e+00 1.939308e-02
1.810000e+00 1.524857e-02
1.815000e+00 1.051745e-02
1.820000e+00 5.492642e-03
1.825000e+00 1.388975e-04
1.830000e+00 -5.219344e-03
1.835000e+00 -1.032593e-02
1.840000e+00 -1.506912e-02
1.845000e+00 -1.918738e-02
1.850000e+00 -2.254454e-02
1.855000e+00 -2.499463e-02
1.860000e+00 -2.640312e-02
1.865000e+00 -2.679110e-02
1.870000e+00 -2.614311e-02
1.875000e+00 -2.444619e-02
1.880000e+00 -2.174358e-02
1.885000e+00 -1.820620e-02
1.890000e+00 -1.396538e-02
1.895000e+00 -9.089926e-03
1.900000e+00 -3.889583e-03
1.905000e+00 1.404302e-03
1.910000e+00 6.747989e-03
1.915000e+00 1.178248e-02
1.920000e+00 1.626059e-02
1.925000e+00 2.022301e-02
1.930000e+00 2.333696e-02
1.935000e+00 2.546468e-02
1.940000e+00 2.670341e-02
1.945000e+00 2.679527e-02
1.950000e+00 2.576081e-02
1.955000e+00 2.378535e-02
1.960000e+00 2.082554e-02
1.965000e+00 1.702393e-02
1.970000e+00 1.255179e-02
1.975000e+00 7.600679e-03
1.980000e+00 2.368022e-03
1.985000e+00 -3.015518e-03
1.990000e+00 -8.244018e-03
1.995000e+00 -1.314816e-02
2 -1.756048e-02
2.005000e+00 -2.125407e-02
2.010000e+00 -2.409498e-02
2.015000e+00 -2.595426e-02
2.020000e+00 -2.680597e-02
2.025000e+00 -2.656342e-02
2.030000e+00 -2.526733e-02
2.035000e+00 -2.302813e-02
2.040000e+00 -1.980053e-02
2.045000e+00 -1.578858e-02
2.050000e+00 -1.119568e-02
2.055000e+00 -6.087634e-03
2.060000e+00 -7.779093e-04
2.065000e+00 4.568765e-03
2.070000e+00 9.782598e-03
2.075000e+00 1.451118e-02
2.080000e+00 1.869232e-02
2.085000e+00 2.216853e-02
2.090000e+00 2.471250e-02
2.095000e+00 2.630212e-02
2.100000e+00 2.686319e-02
2.105000e+00 2.632890e-02
2.110000e+00 2.471405e-02
2.115000e+00 2.215987e-02
2.120000e+00 1.872618e-02
2.125000e+00 1.447287e-02
2.130000e+00 9.704885e-03
2.135000e+00 4.555310e-03
2.140000e+00 -7.979949e-04
2.145000e+00 -6.080423e-03
2.150000e+00 -1.115994e-02
2.155000e+00 -1.579966e-02
2.160000e+00 -1.982017e-02
2.165000e+00 -2.302056e-02
2.170000e+00 -2.530812e-02
2.175000e+00 -2.662713e-02
2.180000e+00 -2.678036e-02
2.185000e+00 -2.593141e-02
2.190000e+00 -2.409663e-02
2.195000e+00 -2.120343e-02
2.200000e+00 -1.754983e-02
2.205000e+00 -1.318471e-02
2.210000e+00 -8.237589e-03
2.215000e+00 -3.025346e-03
2.220000e+00 2.362276e-03
2.225000e+00 7.666710e-03
2.230000e+00 1.258898e-02
2.235000e+00 1.705161e-02
2.240000e+00 2.084873e-02
2.245000e+00 2.375285e-02
2.250000e+00 2.575361e-02
2.255000e+00 2.676133e-02
2.260000e+00 2.666636e-02
2.265000e+00 2.554089e-02
2.270000e+00 2.336345e-02
2.275000e+00 2.022723e-02
2.280000e+00 1.633767e-02
2.285000e+00 1.174872e-02
2.290000e+00 6.720029e-03
2.295000e+00 1.454073e-03
2.300000e+00 -3.913912e-03
2.305000e+00 -9.093641e-03
2.310000e+00 -1.392980e-02
2.315000e+00 -1.822515e-02
2.320000e+00 -2.179709e-02
2.325000e+00 -2.450191e-02
2.330000e+00 -2.620869e-02
2.335000e+00 -2.690650e-02
2.340000e+00 -2.650547e-02
2.345000e+00 -2.508003e-02
2.350000e+00 -2.269769e-02
2.355000e+00 -1.933998e-02
2.360000e+00 -1.524781e-02
2.365000e+00 -1.054314e-02
2.370000e+00 -5.348130e-03
2.375000e+00 6.405994e-05
2.380000e+00 5.505199e-03
2.385000e+00 1.070413e-02
2.390000e+00 1.544299e-02
2.395000e+00 1.958350e-02
2.400000e+00 2.285734e-02
2.405000e+00 2.513806e-02
2.410000e+00 2.635317e-02
2.415000e+00 2.631467e-02
2.420000e+00 2.495050e-02
2.425000e+00 2.222619e-02
2.430000e+00 1.817230e-02
2.435000e+00 1.301337e-02
2.440000e+00 6.972960e-03
2.445000e+00 4.419148e-04
2.450000e+00 -6.072605e-03
2.455000e+00 -1.224373e-02
2.460000e+00 -1.771724e-02
2.465000e+00 -2.224533e-02
2.470000e+00 -2.574816e-02
2.475000e+00 -2.821292e-02
2.480000e+00 -2.962965e-02
2.485000e+00 -2.994974e-02
2.490000e+00 -2.909292e-02
2.495000e+00 -2.684344e-02
2.500000e+00 -2.316547e-02
2.505000e+00 -1.808928e-02
2.510000e+00 -1.167718e-02
2.515000e+00 -4.396830e-03
2.520000e+00 3.269806e-03
2.525000e+00 1.085241e-02
2.530000e+00 1.783320e-02
2.535000e+00 2.395034e-02
2.540000e+00 2.895862e-02
2.545000e+00 3.271307e-02
2.550000e+00 3.519214e-02
2.555000e+00 3.622794e-02
2.560000e+00 3.583798e-02
2.565000e+00 3.411701e-02
2.570000e+00 3.112783e-02
2.575000e+00 2.707429e-02
2.580000e+00 2.203831e-02
2.585000e+00 1.608781e-02
2.590000e+00 9.335480e-03
2.595000e+00 1.944673e-03
2.600000e+00 -5.668683e-03
2.605000e+00 -1.297691e-02
2.610000e+00 -1.955264e-02
2.615000e+00 -2.515877e-02
2.620000e+00 -2.976233e-02
2.625000e+00 -3.334237e-02
2.630000e+00 -3.582449e-02
2.635000e+00 -3.699059e-02
2.640000e+00 -3.651376e-02
2.645000e+00 -3.434923e-02
2.650000e+00 -3.062877e-02
2.655000e+00 -2.571299e-02
2.660000e+00 -2.008076e-02
2.665000e+00 -1.384446e-02
2.670000e+00 -7.054432e-03
2.675000e+00 1.319791e-04
2.680000e+00 7.578782e-03
2.685000e+00 1.483443e-02
2.690000e+00 2.134559e-02
2.695000e+00 2.684637e-02
2.700000e+00 3.114059e-02
2.705000e+00 3.424938e-02
2.710000e+00 3.618393e-02
2.715000e+00 3.671487e-02
2.720000e+00 3.578344e-02
2.725000e+00 3.336206e-02
2.730000e+00 2.949037e-02
2.735000e+00 2.445020e-02
2.740000e+00 1.848379e-02
2.745000e+00 1.183313e-02
2.750000e+00 4.758781e-03
2.755000e+00 -2.545393e-03
2.760000e+00 -9.796957e-03
2.765000e+00 -1.666228e-02
2.770000e+00 -2.285734e-02
2.775000e+00 -2.813887e-02
2.780000e+00 -3.227504e-02
2.785000e+00 -3.510686e-02
2.790000e+00 -3.654736e-02
2.795000e+00 -3.653518e-02
2.800000e+00 -3.508894e-02
2.805000e+00 -3.226144e-02
2.810000e+00 -2.814658e-02
2.815000e+00 -2.287567e-02
2.820000e+00 -1.665773e-02
2.825000e+00 -9.785326e-03
2.830000e+00 -2.560701e-03
2.835000e+00 4.729456e-03
2.840000e+00 1.185605e-02
2.845000e+00 1.855207e-02
2.850000e+00 2.450416e-02
2.855000e+00 2.943730e-02
2.860000e+00 3.317560e-02
2.865000e+00 3.567023e-02
2.870000e+00 3.675163e-02
2.875000e+00 3.629965e-02
2.880000e+00 3.444405e-02
2.885000e+00 3.114060e-02
2.890000e+00 2.654546e-02
2.895000e+00 2.107519e-02
2.900000e+00 1.479208e-02
2.905000e+00 7.835092e-03
2.910000e+00 4.500289e-04
2.915000e+00 -7.002253e-03
2.920000e+00 -1.396516e-02
2.925000e+00 -2.030435e-02
2.930000e+00 -2.594298e-02
2.935000e+00 -3.065950e-02
2.940000e+00 -3.418783e-02
2.945000e+00 -3.621101e-02
2.950000e+00 -3.668223e-02
2.955000e+00 -3.571989e-02
2.960000e+00 -3.351914e-02
2.965000e+00 -3.004436e-02
2.970000e+00 -2.523460e-02
2.975000e+00 -1.933884e-02
2.980000e+00 -1.258890e-02
2.985000e+00 -5.457353e-03
2.990000e+00 1.653727e-03
2.995000e+00 8.798024e-03
3 1.584008e-02
