T X
0 0
5.000000e-03 4.921007e-09
1.000000e-02 3.069124e-08
1.500000e-02 4.864599e-07
2.000000e-02 4.550908e-06
2.500000e-02 2.900351e-05
3.000000e-02 1.358405e-04
3.500000e-02 4.847736e-04
4.000000e-02 1.345647e-03
4.500000e-02 2.940827e-03
5.000000e-02 5.111946e-03
5.500000e-02 7.192766e-03
6.000000e-02 8.530613e-03
6.500000e-02 9.206980e-03
7.000000e-02 9.791634e-03
7.500000e-02 1.029714e-02
8.000000e-02 1.016350e-02
8.500000e-02 9.387333e-03
9.000000e-02 8.481518e-03
9.500000e-02 7.352180e-03
1.000000e-01 5.673368e-03
1.050000e-01 3.815568e-03
1.100000e-01 2.027881e-03
1.150000e-01 2.045243e-05
1.200000e-01 -2.022382e-03
1.250000e-01 -3.802247e-03
1.300000e-01 -5.578376e-03
1.350000e-01 -7.252819e-03
1.400000e-01 -8.519691e-03
1.450000e-01 -9.556972e-03
1.500000e-01 -1.022233e-02
1.550000e-01 -1.028495e-02
1.600000e-01 -1.002634e-02
1.650000e-01 -9.409364e-03
1.700000e-01 -8.363130e-03
1.750000e-01 -7.096294e-03
1.800000e-01 -5.447989e-03
1.850000e-01 -3.524089e-03
1.900000e-01 -1.603760e-03
1.950000e-01 4.559218e-04
2.000000e-01 2.510500e-03
2.050000e-01 4.449032e-03
2.100000e-01 6.265185e-03
2.150000e-01 7.691392e-03
2.200000e-01 8.875904e-03
2.250000e-01 9.802323e-03
2.300000e-01 1.021792e-02
2.350000e-01 1.027451e-02
2.400000e-01 9.928687e-03
2.450000e-01 9.193070e-03
2.500000e-01 8.095032e-03
2.550000e-01 6.580916e-03
2.600000e-01 4.915991e-03
2.650000e-01 3.030395e-03
2.700000e-01 9.637536e-04
2.750000e-01 -1.055977e-03
2.800000e-01 -3.086609e-03
2.850000e-01 -4.963747e-03
2.900000e-01 -6.667081e-03
2.950000e-01 -8.115750e-03
3.000000e-01 -9.196753e-03
3.050000e-01 -9.991449e-03
3.100000e-01 -1.030191e-02
3.150000e-01 -1.021692e-02
3.200000e-01 -9.779175e-03
3.250000e-01 -8.882878e-03
3.300000e-01 -7.672914e-03
3.350000e-01 -6.143893e-03
3.400000e-01 -4.387928e-03
3.450000e-01 -2.445277e-03
3.500000e-01 -3.986662e-04
3.550000e-01 1.643283e-03
3.600000e-01 3.681637e-03
3.650000e-01 5.504179e-03
3.700000e-01 7.117215e-03
3.750000e-01 8.482183e-03
3.800000e-01 9.474534e-03
3.850000e-01 1.009349e-02
3.900000e-01 1.030840e-02
3.950000e-01 1.014180e-02
4.000000e-01 9.541163e-03
4.050000e-01 8.578679e-03
4.100000e-01 7.282003e-03
4.150000e-01 5.655100e-03
4.200000e-01 3.826382e-03
4.250000e-01 1.839578e-03
4.300000e-01 -2.160389e-04
4.350000e-01 -2.254961e-03
4.400000e-01 -4.211237e-03
4.450000e-01 -5.988142e-03
4.500000e-01 -7.537608e-03
4.550000e-01 -8.805452e-03
4.600000e-01 -9.694917e-03
4.650000e-01 -1.020798e-02
4.700000e-01 -1.033110e-02
4.750000e-01 -1.001035e-02
4.800000e-01 -9.298424e-03
4.850000e-01 -8.213351e-03
4.900000e-01 -6.807017e-03
4.950000e-01 -5.143114e-03
5.000000e-01 -3.266810e-03
5.050000e-01 -1.254830e-03
5.100000e-01 8.016049e-04
5.150000e-01 2.826793e-03
5.200000e-01 4.772323e-03
5.250000e-01 6.492099e-03
5.300000e-01 7.946703e-03
5.350000e-01 9.110662e-03
5.400000e-01 9.882720e-03
5.450000e-01 1.027245e-02
5.500000e-01 1.026633e-02
5.550000e-01 9.828099e-03
5.600000e-01 9.019342e-03
5.650000e-01 7.863233e-03
5.700000e-01 6.363590e-03
5.750000e-01 4.616450e-03
5.800000e-01 2.673797e-03
5.850000e-01 6.408221e-04
5.900000e-01 -1.413877e-03
5.950000e-01 -3.427801e-03
6.000000e-01 -5.269341e-03
6.050000e-01 -6.928501e-03
6.100000e-01 -8.329943e-03
6.150000e-01 -9.364681e-03
6.200000e-01 -1.003031e-02
6.250000e-01 -1.032504e-02
6.300000e-01 -1.018180e-02
6.350000e-01 -9.610260e-03
6.400000e-01 -8.683704e-03
6.450000e-01 -7.391457e-03
6.500000e-01 -5.823934e-03
6.550000e-01 -4.044601e-03
6.600000e-01 -2.080335e-03
6.650000e-01 -6.453051e-05
6.700000e-01 1.984441e-03
6.750000e-01 3.972569e-03
6.800000e-01 5.759589e-03
6.850000e-01 7.354036e-03
6.900000e-01 8.652709e-03
6.950000e-01 9.588256e-03
7.000000e-01 1.015883e-02
7.050000e-01 1.031124e-02
7.100000e-01 1.005502e-02
7.150000e-01 9.401413e-03
7.200000e-01 8.390658e-03
7.250000e-01 7.016544e-03
7.300000e-01 5.361323e-03
7.350000e-01 3.518116e-03
7.400000e-01 1.499961e-03
7.450000e-01 -5.667585e-04
7.500000e-01 -2.600280e-03
7.550000e-01 -4.522225e-03
7.600000e-01 -6.274240e-03
7.650000e-01 -7.781603e-03
7.700000e-01 -8.970687e-03
7.750000e-01 -9.814228e-03
7.800000e-01 -1.024961e-02
7.850000e-01 -1.030218e-02
7.900000e-01 -9.935944e-03
7.950000e-01 -9.143670e-03
8.000000e-01 -8.011037e-03
8.050000e-01 -6.545811e-03
8.100000e-01 -4.825508e-03
8.150000e-01 -2.927476e-03
8.200000e-01 -9.078067e-04
8.250000e-01 1.146276e-03
8.300000e-01 3.171495e-03
8.350000e-01 5.065368e-03
8.400000e-01 6.744401e-03
8.450000e-01 8.171296e-03
8.500000e-01 9.270436e-03
8.550000e-01 9.979601e-03
8.600000e-01 1.030538e-02
8.650000e-01 1.021897e-02
8.700000e-01 9.709269e-03
8.750000e-01 8.842065e-03
8.800000e-01 7.627311e-03
8.850000e-01 6.085653e-03
8.900000e-01 4.309771e-03
8.950000e-01 2.354609e-03
9.000000e-01 2.983131e-04
9.050000e-01 -1.757265e-03
9.100000e-01 -3.746564e-03
9.150000e-01 -5.573866e-03
9.200000e-01 -7.191913e-03
9.250000e-01 -8.525496e-03
9.300000e-01 -9.492191e-03
9.350000e-01 -1.011876e-02
9.400000e-01 -1.033895e-02
9.450000e-01 -1.012727e-02
9.500000e-01 -9.523769e-03
9.550000e-01 -8.527466e-03
9.600000e-01 -7.194577e-03
9.650000e-01 -5.566910e-03
9.700000e-01 -3.728413e-03
9.750000e-01 -1.754590e-03
9.800000e-01 2.979148e-04
9.850000e-01 2.336773e-03
9.900000e-01 4.294174e-03
9.950000e-01 6.074972e-03
1 7.617293e-03
1.005000e+00 8.850536e-03
1.010000e+00 9.731942e-03
1.015000e+00 1.023312e-02
1.020000e+00 1.029937e-02
1.025000e+00 9.969268e-03
1.030000e+00 9.253272e-03
1.035000e+00 8.160523e-03
1.040000e+00 6.757423e-03
1.045000e+00 5.082388e-03
1.050000e+00 3.179634e-03
1.055000e+00 1.162646e-03
1.060000e+00 -8.985685e-04
1.065000e+00 -2.940719e-03
1.070000e+00 -4.838306e-03
1.075000e+00 -6.548285e-03
1.080000e+00 -8.013486e-03
1.085000e+00 -9.140586e-03
1.090000e+00 -9.903544e-03
1.095000e+00 -1.028879e-02
1.100000e+00 -1.026476e-02
1.105000e+00 -9.827640e-03
1.110000e+00 -8.986851e-03
1.115000e+00 -7.788864e-03
1.120000e+00 -6.280159e-03
1.125000e+00 -4.511793e-03
1.130000e+00 -2.592836e-03
1.135000e+00 -5.581602e-04
1.140000e+00 1.503958e-03
1.145000e+00 3.493405e-03
1.150000e+00 5.363603e-03
1.155000e+00 7.023290e-03
1.160000e+00 8.422521e-03
1.165000e+00 9.477024e-03
1.170000e+00 1.014345e-02
1.175000e+00 1.036067e-02
1.180000e+00 1.001404e-02
1.185000e+00 9.071559e-03
1.190000e+00 7.431871e-03
1.195000e+00 5.057173e-03
1.200000e+00 2.028751e-03
1.205000e+00 -1.534227e-03
1.210000e+00 -5.322051e-03
1.215000e+00 -8.978328e-03
1.220000e+00 -1.216144e-02
1.225000e+00 -1.458939e-02
1.230000e+00 -1.622353e-02
1.235000e+00 -1.714163e-02
1.240000e+00 -1.745586e-02
1.245000e+00 -1.727335e-02
1.250000e+00 -1.654545e-02
1.255000e+00 -1.509819e-02
1.260000e+00 -1.276574e-02
1.265000e+00 -9.481846e-03
1.270000e+00 -5.373583e-03
1.275000e+00 -6.963244e-04
1.280000e+00 4.275612e-03
1.285000e+00 9.344572e-03
1.290000e+00 1.431829e-02
1.295000e+00 1.892469e-02
1.300000e+00 2.282351e-02
1.305000e+00 2.556172e-02
1.310000e+00 2.690664e-02
1.315000e+00 2.692291e-02
1.320000e+00 2.589501e-02
1.325000e+00 2.416896e-02
1.330000e+00 2.179069e-02
1.335000e+00 1.866110e-02
1.340000e+00 1.462931e-02
1.345000e+00 9.744682e-03
1.350000e+00 4.380543e-03
1.355000e+00 -1.077856e-03
1.360000e+00 -6.308161e-03
1.365000e+00 -1.118797e-02
1.370000e+00 -1.570199e-02
1.375000e+00 -1.976001e-02
1.380000e+00 -2.315774e-02
1.385000e+00 -2.561030e-02
1.390000e+00 -2.700389e-02
1.395000e+00 -2.725586e-02
1.400000e+00 -2.630592e-02
1.405000e+00 -2.427147e-02
1.410000e+00 -2.129228e-02
1.415000e+00 -1.756077e-02
1.420000e+00 -1.325713e-02
1.425000e+00 -8.433416e-03
1.430000e+00 -3.159457e-03
1.435000e+00 2.342392e-03
1.440000e+00 7.789003e-03
1.445000e+00 1.283410e-02
1.450000e+00 1.717424e-02
1.455000e+00 2.080380e-02
1.460000e+00 2.387365e-02
1.465000e+00 2.617707e-02
1.470000e+00 2.716991e-02
1.475000e+00 2.677283e-02
1.480000e+00 2.553732e-02
1.485000e+00 2.369957e-02
1.490000e+00 2.074695e-02
1.495000e+00 1.656521e-02
1.500000e+00 1.180962e-02
1.505000e+00 6.818417e-03
1.510000e+00 1.549168e-03
1.515000e+00 -3.804096e-03
1.520000e+00 -8.995308e-03
1.525000e+00 -1.398206e-02
1.530000e+00 -1.848404e-02
1.535000e+00 -2.203759e-02
1.540000e+00 -2.462018e-02
1.545000e+00 -2.637032e-02
1.550000e+00 -2.715200e-02
1.555000e+00 -2.682104e-02
1.560000e+00 -2.542508e-02
1.565000e+00 -2.289674e-02
1.570000e+00 -1.934125e-02
1.575000e+00 -1.526587e-02
1.580000e+00 -1.072234e-02
1.585000e+00 -5.526387e-03
1.590000e+00 3.845299e-05
1.595000e+00 5.542135e-03
1.600000e+00 1.065007e-02
1.605000e+00 1.522459e-02
1.610000e+00 1.940052e-02
1.615000e+00 2.302747e-02
1.620000e+00 2.548171e-02
1.625000e+00 2.669477e-02
1.630000e+00 2.713146e-02
1.635000e+00 2.661898e-02
1.640000e+00 2.480863e-02
1.645000e+00 2.196275e-02
1.650000e+00 1.839846e-02
1.655000e+00 1.413351e-02
1.660000e+00 9.169938e-03
1.665000e+00 3.778478e-03
1.670000e+00 -1.594439e-03
1.675000e+00 -6.858956e-03
1.680000e+00 -1.204000e-02
1.685000e+00 -1.671936e-02
1.690000e+00 -2.059409e-02
1.695000e+00 -2.375742e-02
1.700000e+00 -2.598607e-02
1.705000e+00 -2.704181e-02
1.710000e+00 -2.717976e-02
1.715000e+00 -2.628614e-02
1.720000e+00 -2.410027e-02
1.725000e+00 -2.100983e-02
1.730000e+00 -1.726758e-02
1.735000e+00 -1.275722e-02
1.740000e+00 -7.647198e-03
1.745000e+00 -2.264200e-03
1.750000e+00 3.139418e-03
1.755000e+00 8.457412e-03
1.760000e+00 1.348617e-02
1.765000e+00 1.793274e-02
1.770000e+00 2.168215e-02
1.775000e+00 2.455103e-02
1.780000e+00 2.640283e-02
1.785000e+00 2.728095e-02
1.790000e+00 2.708333e-02
1.795000e+00 2.566338e-02
1.800000e+00 2.333072e-02
1.805000e+00 2.018997e-02
1.810000e+00 1.601167e-02
1.815000e+00 1.123611e-02
1.820000e+00 6.163602e-03
1.825000e+00 7.068482e-04
1.830000e+00 -4.759434e-03
1.835000e+00 -9.964663e-03
1.840000e+00 -1.483929e-02
1.845000e+00 -1.911764e-02
1.850000e+00 -2.259669e-02
1.855000e+00 -2.519448e-02
1.860000e+00 -2.680702e-02
1.865000e+00 -2.735593e-02
1.870000e+00 -2.678426e-02
1.875000e+00 -2.512027e-02
1.880000e+00 -2.248787e-02
1.885000e+00 -1.898243e-02
1.890000e+00 -1.471838e-02
1.895000e+00 -9.820834e-03
1.900000e+00 -4.567605e-03
1.905000e+00 8.039179e-04
1.910000e+00 6.256511e-03
1.915000e+00 1.145456e-02
1.920000e+00 1.610564e-02
1.925000e+00 2.021961e-02
1.930000e+00 2.350530e-02
1.935000e+00 2.577831e-02
1.940000e+00 2.711400e-02
1.945000e+00 2.732624e-02
1.950000e+00 2.641636e-02
1.955000e+00 2.453555e-02
1.960000e+00 2.163248e-02
1.965000e+00 1.783084e-02
1.970000e+00 1.337222e-02
1.975000e+00 8.370606e-03
1.980000e+00 2.993872e-03
1.985000e+00 -2.466387e-03
1.990000e+00 -7.805953e-03
1.995000e+00 -1.287852e-02
2 -1.741908e-02
2.005000e+00 -2.124990e-02
2.010000e+00 -2.425812e-02
2.015000e+00 -2.628837e-02
2.020000e+00 -2.730253e-02
2.025000e+00 -2.719538e-02
2.030000e+00 -2.598575e-02
2.035000e+00 -2.380230e-02
2.040000e+00 -2.060058e-02
2.045000e+00 -1.659234e-02
2.050000e+00 -1.199480e-02
2.055000e+00 -6.825898e-03
2.060000e+00 -1.405705e-03
2.065000e+00 3.998911e-03
2.070000e+00 9.319619e-03
2.075000e+00 1.425978e-02
2.080000e+00 1.859735e-02
2.085000e+00 2.224384e-02
2.090000e+00 2.497866e-02
2.095000e+00 2.667206e-02
2.100000e+00 2.735837e-02
2.105000e+00 2.695703e-02
2.110000e+00 2.542863e-02
2.115000e+00 2.295119e-02
2.120000e+00 1.953169e-02
2.125000e+00 1.530664e-02
2.130000e+00 1.054694e-02
2.135000e+00 5.294027e-03
2.140000e+00 -1.683681e-04
2.145000e+00 -5.587020e-03
2.150000e+00 -1.081564e-02
2.155000e+00 -1.557522e-02
2.160000e+00 -1.973524e-02
2.165000e+00 -2.310798e-02
2.170000e+00 -2.555283e-02
2.175000e+00 -2.700407e-02
2.180000e+00 -2.734056e-02
2.185000e+00 -2.662143e-02
2.190000e+00 -2.485120e-02
2.195000e+00 -2.201710e-02
2.200000e+00 -1.835583e-02
2.205000e+00 -1.398887e-02
2.210000e+00 -8.997693e-03
2.215000e+00 -3.690766e-03
2.220000e+00 1.733730e-03
2.225000e+00 7.134603e-03
2.230000e+00 1.224474e-02
2.235000e+00 1.685954e-02
2.240000e+00 2.080206e-02
2.245000e+00 2.392177e-02
2.250000e+00 2.609919e-02
2.255000e+00 2.720477e-02
2.260000e+00 2.722122e-02
2.265000e+00 2.617985e-02
2.270000e+00 2.408951e-02
2.275000e+00 2.103347e-02
2.280000e+00 1.716784e-02
2.285000e+00 1.257924e-02
2.290000e+00 7.484945e-03
2.295000e+00 2.143983e-03
2.300000e+00 -3.347510e-03
2.305000e+00 -8.684869e-03
2.310000e+00 -1.365148e-02
2.315000e+00 -1.810240e-02
2.320000e+00 -2.179247e-02
2.325000e+00 -2.465405e-02
2.330000e+00 -2.653682e-02
2.335000e+00 -2.736468e-02
2.340000e+00 -2.712322e-02
2.345000e+00 -2.579306e-02
2.350000e+00 -2.345144e-02
2.355000e+00 -2.015293e-02
2.360000e+00 -1.607270e-02
2.365000e+00 -1.131974e-02
2.370000e+00 -6.055478e-03
2.375000e+00 -6.011563e-04
2.380000e+00 4.916626e-03
2.385000e+00 1.029667e-02
2.390000e+00 1.521372e-02
2.395000e+00 1.950233e-02
2.400000e+00 2.298557e-02
2.405000e+00 2.545246e-02
2.410000e+00 2.677106e-02
2.415000e+00 2.682251e-02
2.420000e+00 2.552233e-02
2.425000e+00 2.287206e-02
2.430000e+00 1.892253e-02
2.435000e+00 1.380138e-02
2.440000e+00 7.802838e-03
2.445000e+00 1.312251e-03
2.450000e+00 -5.315013e-03
2.455000e+00 -1.162022e-02
2.460000e+00 -1.720418e-02
2.465000e+00 -2.193154e-02
2.470000e+00 -2.564734e-02
2.475000e+00 -2.826297e-02
2.480000e+00 -2.985095e-02
2.485000e+00 -3.029610e-02
2.490000e+00 -2.949125e-02
2.495000e+00 -2.738663e-02
2.500000e+00 -2.380775e-02
2.505000e+00 -1.875050e-02
2.510000e+00 -1.245902e-02
2.515000e+00 -5.276394e-03
2.520000e+00 2.380750e-03
2.525000e+00 9.973833e-03
2.530000e+00 1.705395e-02
2.535000e+00 2.330274e-02
2.540000e+00 2.847941e-02
2.545000e+00 3.245090e-02
2.550000e+00 3.509289e-02
2.555000e+00 3.633211e-02
2.560000e+00 3.614576e-02
2.565000e+00 3.457189e-02
2.570000e+00 3.172258e-02
2.575000e+00 2.778130e-02
2.580000e+00 2.282921e-02
2.585000e+00 1.691799e-02
2.590000e+00 1.020961e-02
2.595000e+00 2.860249e-03
2.600000e+00 -4.711234e-03
2.605000e+00 -1.204192e-02
2.610000e+00 -1.876890e-02
2.615000e+00 -2.454593e-02
2.620000e+00 -2.936212e-02
2.625000e+00 -3.318682e-02
2.630000e+00 -3.585813e-02
2.635000e+00 -3.719974e-02
2.640000e+00 -3.688367e-02
2.645000e+00 -3.482592e-02
2.650000e+00 -3.127531e-02
2.655000e+00 -2.653841e-02
2.660000e+00 -2.098784e-02
2.665000e+00 -1.485812e-02
2.670000e+00 -8.124012e-03
2.675000e+00 -8.848820e-04
2.680000e+00 6.594546e-03
2.685000e+00 1.392493e-02
2.690000e+00 2.057018e-02
2.695000e+00 2.620654e-02
2.700000e+00 3.074677e-02
2.705000e+00 3.409030e-02
2.710000e+00 3.618720e-02
2.715000e+00 3.700636e-02
2.720000e+00 3.632436e-02
2.725000e+00 3.406111e-02
2.730000e+00 3.039330e-02
2.735000e+00 2.547728e-02
2.740000e+00 1.961420e-02
2.745000e+00 1.301695e-02
2.750000e+00 5.871985e-03
2.755000e+00 -1.464128e-03
2.760000e+00 -8.782727e-03
2.765000e+00 -1.575971e-02
2.770000e+00 -2.211110e-02
2.775000e+00 -2.762441e-02
2.780000e+00 -3.199964e-02
2.785000e+00 -3.510389e-02
2.790000e+00 -3.677936e-02
2.795000e+00 -3.698244e-02
2.800000e+00 -3.574903e-02
2.805000e+00 -3.307002e-02
2.810000e+00 -2.911379e-02
2.815000e+00 -2.398338e-02
2.820000e+00 -1.784947e-02
2.825000e+00 -1.105169e-02
2.830000e+00 -3.797408e-03
2.835000e+00 3.604366e-03
2.840000e+00 1.085535e-02
2.845000e+00 1.773893e-02
2.850000e+00 2.385089e-02
2.855000e+00 2.895894e-02
2.860000e+00 3.300418e-02
2.865000e+00 3.573718e-02
2.870000e+00 3.701405e-02
2.875000e+00 3.685365e-02
2.880000e+00 3.521810e-02
2.885000e+00 3.213770e-02
2.890000e+00 2.773847e-02
2.895000e+00 2.228479e-02
2.900000e+00 1.605792e-02
2.905000e+00 9.144535e-03
2.910000e+00 1.696183e-03
2.915000e+00 -5.807553e-03
2.920000e+00 -1.292965e-02
2.925000e+00 -1.949572e-02
2.930000e+00 -2.533046e-02
2.935000e+00 -3.027447e-02
2.940000e+00 -3.408241e-02
2.945000e+00 -3.641234e-02
2.950000e+00 -3.715868e-02
2.955000e+00 -3.644961e-02
2.960000e+00 -3.444995e-02
2.965000e+00 -3.115230e-02
2.970000e+00 -2.650742e-02
2.975000e+00 -2.068100e-02
2.980000e+00 -1.400134e-02
2.985000e+00 -6.870340e-03
2.990000e+00 3.525409e-04
2.995000e+00 7.581802e-03
3 1.480466e-02
