T X
0 0
5.000000e-03 1.836369e-07
1.000000e-02 7.972334e-07
1.500000e-02 1.818161e-06
2.000000e-02 3.137069e-06
2.500000e-02 4.675512e-06
3.000000e-02 6.363273e-06
3.500000e-02 8.154199e-06
4.000000e-02 1.001715e-05
4.500000e-02 1.191601e-05
5.000000e-02 1.376575e-05
5.500000e-02 1.547119e-05
6.000000e-02 1.693684e-05
6.500000e-02 1.809433e-05
7.000000e-02 1.890184e-05
7.500000e-02 1.934011e-05
8.000000e-02 1.940568e-05
8.500000e-02 1.903931e-05
9.000000e-02 1.814286e-05
9.500000e-02 1.661636e-05
1.000000e-01 1.439660e-05
1.050000e-01 1.151360e-05
1.100000e-01 8.113250e-06
1.150000e-01 4.434276e-06
1.200000e-01 6.717770e-07
1.250000e-01 -3.072369e-06
1.300000e-01 -6.720516e-06
1.350000e-01 -1.014429e-05
1.400000e-01 -1.317213e-05
1.450000e-01 -1.568076e-05
1.500000e-01 -1.757827e-05
1.550000e-01 -1.878085e-05
1.600000e-01 -1.920851e-05
1.650000e-01 -1.883891e-05
1.700000e-01 -1.775739e-05
1.750000e-01 -1.604632e-05
1.800000e-01 -1.374077e-05
1.850000e-01 -1.088476e-05
1.900000e-01 -7.576427e-06
1.950000e-01 -3.937701e-06
2.000000e-01 -1.050327e-07
2.050000e-01 3.715955e-06
2.100000e-01 7.328146e-06
2.150000e-01 1.060978e-05
2.200000e-01 1.347087e-05
2.250000e-01 1.582723e-05
2.300000e-01 1.760494e-05
2.350000e-01 1.871122e-05
2.400000e-01 1.904073e-05
2.450000e-01 1.857039e-05
2.500000e-01 1.733614e-05
2.550000e-01 1.540543e-05
2.600000e-01 1.290340e-05
2.650000e-01 9.938905e-06
2.700000e-01 6.592740e-06
2.750000e-01 2.965003e-06
2.800000e-01 -8.144753e-07
2.850000e-01 -4.600235e-06
2.900000e-01 -8.209199e-06
2.950000e-01 -1.144057e-05
3.000000e-01 -1.417149e-05
3.050000e-01 -1.632667e-05
3.100000e-01 -1.785216e-05
3.150000e-01 -1.871006e-05
3.200000e-01 -1.884439e-05
3.250000e-01 -1.822717e-05
3.300000e-01 -1.686174e-05
3.350000e-01 -1.478496e-05
3.400000e-01 -1.209986e-05
3.450000e-01 -8.954376e-06
3.500000e-01 -5.486031e-06
3.550000e-01 -1.817946e-06
3.600000e-01 1.914144e-06
3.650000e-01 5.588778e-06
3.700000e-01 9.072784e-06
3.750000e-01 1.221262e-05
3.800000e-01 1.486069e-05
3.850000e-01 1.688497e-05
3.900000e-01 1.821570e-05
3.950000e-01 1.881040e-05
4.000000e-01 1.865513e-05
4.050000e-01 1.778879e-05
4.100000e-01 1.624314e-05
4.150000e-01 1.405277e-05
4.200000e-01 1.127973e-05
4.250000e-01 8.026194e-06
4.300000e-01 4.429789e-06
4.350000e-01 6.590560e-07
4.400000e-01 -3.100706e-06
4.450000e-01 -6.702288e-06
4.500000e-01 -1.002995e-05
4.550000e-01 -1.297925e-05
4.600000e-01 -1.544244e-05
4.650000e-01 -1.731949e-05
4.700000e-01 -1.851093e-05
4.750000e-01 -1.892419e-05
4.800000e-01 -1.853873e-05
4.850000e-01 -1.739772e-05
4.900000e-01 -1.559021e-05
4.950000e-01 -1.320774e-05
5.000000e-01 -1.032327e-05
5.050000e-01 -7.024408e-06
5.100000e-01 -3.405868e-06
5.150000e-01 3.944652e-07
5.200000e-01 4.190485e-06
5.250000e-01 7.790738e-06
5.300000e-01 1.103676e-05
5.350000e-01 1.382121e-05
5.400000e-01 1.605432e-05
5.450000e-01 1.768106e-05
5.500000e-01 1.865255e-05
5.550000e-01 1.889258e-05
5.600000e-01 1.834948e-05
5.650000e-01 1.702924e-05
5.700000e-01 1.501122e-05
5.750000e-01 1.240073e-05
5.800000e-01 9.323175e-06
5.850000e-01 5.914629e-06
5.900000e-01 2.280109e-06
5.950000e-01 -1.466641e-06
6.000000e-01 -5.193965e-06
6.050000e-01 -8.737201e-06
6.100000e-01 -1.192403e-05
6.150000e-01 -1.461589e-05
6.200000e-01 -1.669479e-05
6.250000e-01 -1.808980e-05
6.300000e-01 -1.877685e-05
6.350000e-01 -1.874885e-05
6.400000e-01 -1.799566e-05
6.450000e-01 -1.652616e-05
6.500000e-01 -1.438504e-05
6.550000e-01 -1.163900e-05
6.600000e-01 -8.407554e-06
6.650000e-01 -4.846926e-06
6.700000e-01 -1.118627e-06
6.750000e-01 2.627551e-06
6.800000e-01 6.262569e-06
6.850000e-01 9.653354e-06
6.900000e-01 1.268440e-05
6.950000e-01 1.524519e-05
7.000000e-01 1.720614e-05
7.050000e-01 1.845249e-05
7.100000e-01 1.892646e-05
7.150000e-01 1.863113e-05
7.200000e-01 1.760050e-05
7.250000e-01 1.590043e-05
7.300000e-01 1.360132e-05
7.350000e-01 1.076892e-05
7.400000e-01 7.483165e-06
7.450000e-01 3.856726e-06
7.500000e-01 5.693468e-08
7.550000e-01 -3.738524e-06
7.600000e-01 -7.355192e-06
7.650000e-01 -1.063485e-05
7.700000e-01 -1.347596e-05
7.750000e-01 -1.580965e-05
7.800000e-01 -1.756303e-05
7.850000e-01 -1.863888e-05
7.900000e-01 -1.895573e-05
7.950000e-01 -1.848522e-05
8.000000e-01 -1.724036e-05
8.050000e-01 -1.529612e-05
8.100000e-01 -1.277006e-05
8.150000e-01 -9.778339e-06
8.200000e-01 -6.422691e-06
8.250000e-01 -2.798130e-06
8.300000e-01 9.732574e-07
8.350000e-01 4.738724e-06
8.400000e-01 8.327182e-06
8.450000e-01 1.155961e-05
8.500000e-01 1.428879e-05
8.550000e-01 1.642533e-05
8.600000e-01 1.791845e-05
8.650000e-01 1.872919e-05
8.700000e-01 1.882121e-05
8.750000e-01 1.817354e-05
8.800000e-01 1.678700e-05
8.850000e-01 1.469384e-05
8.900000e-01 1.199049e-05
8.950000e-01 8.819809e-06
9.000000e-01 5.320296e-06
9.050000e-01 1.630247e-06
9.100000e-01 -2.105692e-06
9.150000e-01 -5.762304e-06
9.200000e-01 -9.223071e-06
9.250000e-01 -1.234561e-05
9.300000e-01 -1.497478e-05
9.350000e-01 -1.698693e-05
9.400000e-01 -1.829623e-05
9.450000e-01 -1.885573e-05
9.500000e-01 -1.866594e-05
9.550000e-01 -1.775731e-05
9.600000e-01 -1.617109e-05
9.650000e-01 -1.395147e-05
9.700000e-01 -1.116214e-05
9.750000e-01 -7.899224e-06
9.800000e-01 -4.292838e-06
9.850000e-01 -5.098598e-07
9.900000e-01 3.267184e-06
9.950000e-01 6.872528e-06
1 1.018538e-05
1.005000e+00 1.311244e-05
1.010000e+00 1.554910e-05
1.015000e+00 1.739249e-05
1.020000e+00 1.855047e-05
1.025000e+00 1.894322e-05
1.030000e+00 1.853940e-05
1.035000e+00 1.737429e-05
1.040000e+00 1.553055e-05
1.045000e+00 1.310548e-05
1.050000e+00 1.019092e-05
1.055000e+00 6.876311e-06
1.060000e+00 3.260041e-06
1.065000e+00 -5.304527e-07
1.070000e+00 -4.321857e-06
1.075000e+00 -7.922126e-06
1.080000e+00 -1.116873e-05
1.085000e+00 -1.394153e-05
1.090000e+00 -1.615350e-05
1.095000e+00 -1.774472e-05
1.100000e+00 -1.866867e-05
1.105000e+00 -1.887184e-05
1.110000e+00 -1.830596e-05
1.115000e+00 -1.697323e-05
1.120000e+00 -1.493925e-05
1.125000e+00 -1.230469e-05
1.130000e+00 -9.196831e-06
1.135000e+00 -5.758266e-06
1.140000e+00 -2.114183e-06
1.145000e+00 1.624873e-06
1.150000e+00 5.332613e-06
1.155000e+00 8.853478e-06
1.160000e+00 1.202547e-05
1.165000e+00 1.470345e-05
1.170000e+00 1.676578e-05
1.175000e+00 1.813592e-05
1.180000e+00 1.878479e-05
1.185000e+00 1.871121e-05
1.190000e+00 1.792790e-05
1.195000e+00 1.646005e-05
1.200000e+00 1.435516e-05
1.205000e+00 1.167170e-05
1.210000e+00 8.489256e-06
1.215000e+00 4.910974e-06
1.220000e+00 1.024284e-06
1.225000e+00 -3.107446e-06
1.230000e+00 -7.438064e-06
1.235000e+00 -1.189721e-05
1.240000e+00 -1.635762e-05
1.245000e+00 -2.064880e-05
1.250000e+00 -2.454882e-05
1.255000e+00 -2.783094e-05
1.260000e+00 -3.033658e-05
1.265000e+00 -3.199739e-05
1.270000e+00 -3.281369e-05
1.275000e+00 -3.280592e-05
1.280000e+00 -3.198933e-05
1.285000e+00 -3.034502e-05
1.290000e+00 -2.783971e-05
1.295000e+00 -2.448497e-05
1.300000e+00 -2.033349e-05
1.305000e+00 -1.543456e-05
1.310000e+00 -9.821554e-06
1.315000e+00 -3.530425e-06
1.320000e+00 3.371944e-06
1.325000e+00 1.071978e-05
1.330000e+00 1.820679e-05
1.335000e+00 2.541479e-05
1.340000e+00 3.193059e-05
1.345000e+00 3.745486e-05
1.350000e+00 4.179174e-05
1.355000e+00 4.484765e-05
1.360000e+00 4.661274e-05
1.365000e+00 4.705447e-05
1.370000e+00 4.606829e-05
1.375000e+00 4.358488e-05
1.380000e+00 3.966024e-05
1.385000e+00 3.439558e-05
1.390000e+00 2.791907e-05
1.395000e+00 2.046811e-05
1.400000e+00 1.233203e-05
1.405000e+00 3.726422e-06
1.410000e+00 -5.158155e-06
1.415000e+00 -1.400064e-05
1.420000e+00 -2.236864e-05
1.425000e+00 -2.981497e-05
1.430000e+00 -3.595652e-05
1.435000e+00 -4.057667e-05
1.440000e+00 -4.358545e-05
1.445000e+00 -4.492472e-05
1.450000e+00 -4.454122e-05
1.455000e+00 -4.241107e-05
1.460000e+00 -3.859162e-05
1.465000e+00 -3.323175e-05
1.470000e+00 -2.654193e-05
1.475000e+00 -1.876799e-05
1.480000e+00 -1.023020e-05
1.485000e+00 -1.300967e-06
1.490000e+00 7.664593e-06
1.495000e+00 1.630285e-05
1.500000e+00 2.427888e-05
1.505000e+00 3.133419e-05
1.510000e+00 3.724021e-05
1.515000e+00 4.173158e-05
1.520000e+00 4.449639e-05
1.525000e+00 4.534595e-05
1.530000e+00 4.434343e-05
1.535000e+00 4.164397e-05
1.540000e+00 3.731182e-05
1.545000e+00 3.143366e-05
1.550000e+00 2.427216e-05
1.555000e+00 1.616797e-05
1.560000e+00 7.414204e-06
1.565000e+00 -1.699397e-06
1.570000e+00 -1.078434e-05
1.575000e+00 -1.942036e-05
1.580000e+00 -2.724432e-05
1.585000e+00 -3.391300e-05
1.590000e+00 -3.917274e-05
1.595000e+00 -4.290151e-05
1.600000e+00 -4.497857e-05
1.605000e+00 -4.526750e-05
1.610000e+00 -4.371647e-05
1.615000e+00 -4.035416e-05
1.620000e+00 -3.529854e-05
1.625000e+00 -2.882484e-05
1.630000e+00 -2.127620e-05
1.635000e+00 -1.294127e-05
1.640000e+00 -4.090424e-06
1.645000e+00 4.954077e-06
1.650000e+00 1.382993e-05
1.655000e+00 2.215407e-05
1.660000e+00 2.954063e-05
1.665000e+00 3.571518e-05
1.670000e+00 4.046294e-05
1.675000e+00 4.353321e-05
1.680000e+00 4.482071e-05
1.685000e+00 4.436585e-05
1.690000e+00 4.219333e-05
1.695000e+00 3.833922e-05
1.700000e+00 3.292346e-05
1.705000e+00 2.616876e-05
1.710000e+00 1.836062e-05
1.715000e+00 9.834877e-06
1.720000e+00 9.600514e-07
1.725000e+00 -7.895853e-06
1.730000e+00 -1.638704e-05
1.735000e+00 -2.423756e-05
1.740000e+00 -3.115788e-05
1.745000e+00 -3.683063e-05
1.750000e+00 -4.102827e-05
1.755000e+00 -4.356891e-05
1.760000e+00 -4.431511e-05
1.765000e+00 -4.326975e-05
1.770000e+00 -4.053004e-05
1.775000e+00 -3.621020e-05
1.780000e+00 -3.047799e-05
1.785000e+00 -2.356290e-05
1.790000e+00 -1.571210e-05
1.795000e+00 -7.213020e-06
1.800000e+00 1.592777e-06
1.805000e+00 1.032204e-05
1.810000e+00 1.858385e-05
1.815000e+00 2.604552e-05
1.820000e+00 3.244071e-05
1.825000e+00 3.755677e-05
1.830000e+00 4.122450e-05
1.835000e+00 4.328131e-05
1.840000e+00 4.360423e-05
1.845000e+00 4.216704e-05
1.850000e+00 3.901597e-05
1.855000e+00 3.429184e-05
1.860000e+00 2.824260e-05
1.865000e+00 2.112941e-05
1.870000e+00 1.322100e-05
1.875000e+00 4.806758e-06
1.880000e+00 -3.833252e-06
1.885000e+00 -1.235857e-05
1.890000e+00 -2.037999e-05
1.895000e+00 -2.756641e-05
1.900000e+00 -3.362069e-05
1.905000e+00 -3.828169e-05
1.910000e+00 -4.141329e-05
1.915000e+00 -4.294270e-05
1.920000e+00 -4.280486e-05
1.925000e+00 -4.098967e-05
1.930000e+00 -3.753577e-05
1.935000e+00 -3.255729e-05
1.940000e+00 -2.625724e-05
1.945000e+00 -1.892099e-05
1.950000e+00 -1.088436e-05
1.955000e+00 -2.454685e-06
1.960000e+00 6.050036e-06
1.965000e+00 1.430548e-05
1.970000e+00 2.201710e-05
1.975000e+00 2.887857e-05
1.980000e+00 3.460627e-05
1.985000e+00 3.893729e-05
1.990000e+00 4.166184e-05
1.995000e+00 4.271082e-05
2 4.208758e-05
2.005000e+00 3.981439e-05
2.010000e+00 3.598129e-05
2.015000e+00 3.074788e-05
2.020000e+00 2.429736e-05
2.025000e+00 1.685294e-05
2.030000e+00 8.709970e-06
2.035000e+00 2.228109e-07
2.040000e+00 -8.233260e-06
2.045000e+00 -1.631849e-05
2.050000e+00 -2.372609e-05
2.055000e+00 -3.019473e-05
2.060000e+00 -3.549737e-05
2.065000e+00 -3.941423e-05
2.070000e+00 -4.178050e-05
2.075000e+00 -4.246668e-05
2.080000e+00 -4.141869e-05
2.085000e+00 -3.870121e-05
2.090000e+00 -3.445119e-05
2.095000e+00 -2.887545e-05
2.100000e+00 -2.219796e-05
2.105000e+00 -1.465403e-05
2.110000e+00 -6.520203e-06
2.115000e+00 1.907750e-06
2.120000e+00 1.029203e-05
2.125000e+00 1.825970e-05
2.130000e+00 2.545780e-05
2.135000e+00 3.158775e-05
2.140000e+00 3.643670e-05
2.145000e+00 3.987158e-05
2.150000e+00 4.176736e-05
2.155000e+00 4.202018e-05
2.160000e+00 4.059977e-05
2.165000e+00 3.753544e-05
2.170000e+00 3.294537e-05
2.175000e+00 2.703402e-05
2.180000e+00 2.005971e-05
2.185000e+00 1.233109e-05
2.190000e+00 4.162006e-06
2.195000e+00 -4.156583e-06
2.200000e+00 -1.234405e-05
2.205000e+00 -2.008894e-05
2.210000e+00 -2.704329e-05
2.215000e+00 -3.288796e-05
2.220000e+00 -3.737991e-05
2.225000e+00 -4.036478e-05
2.230000e+00 -4.174416e-05
2.235000e+00 -4.147909e-05
2.240000e+00 -3.959591e-05
2.245000e+00 -3.615559e-05
2.250000e+00 -3.127625e-05
2.255000e+00 -2.512882e-05
2.260000e+00 -1.795145e-05
2.265000e+00 -1.005155e-05
2.270000e+00 -1.765870e-06
2.275000e+00 6.542623e-06
2.280000e+00 1.454197e-05
2.285000e+00 2.196538e-05
2.290000e+00 2.855120e-05
2.295000e+00 3.402692e-05
2.300000e+00 3.815531e-05
2.305000e+00 4.074599e-05
2.310000e+00 4.167733e-05
2.315000e+00 4.092814e-05
2.320000e+00 3.854772e-05
2.325000e+00 3.464902e-05
2.330000e+00 2.940338e-05
2.335000e+00 2.301047e-05
2.340000e+00 1.570809e-05
2.345000e+00 7.755684e-06
2.350000e+00 -5.509833e-07
2.355000e+00 -8.848057e-06
2.360000e+00 -1.675773e-05
2.365000e+00 -2.394200e-05
2.370000e+00 -3.013868e-05
2.375000e+00 -3.514373e-05
2.380000e+00 -3.878404e-05
2.385000e+00 -4.092229e-05
2.390000e+00 -4.143620e-05
2.395000e+00 -4.026247e-05
2.400000e+00 -3.744703e-05
2.405000e+00 -3.312007e-05
2.410000e+00 -2.747608e-05
2.415000e+00 -2.076729e-05
2.420000e+00 -1.327163e-05
2.425000e+00 -5.271057e-06
2.430000e+00 2.947625e-06
2.435000e+00 1.107829e-05
2.440000e+00 1.877675e-05
2.445000e+00 2.571242e-05
2.450000e+00 3.158769e-05
2.455000e+00 3.614126e-05
2.460000e+00 3.922571e-05
2.465000e+00 4.077653e-05
2.470000e+00 4.074933e-05
2.475000e+00 3.912862e-05
2.480000e+00 3.594074e-05
2.485000e+00 3.129282e-05
2.490000e+00 2.537787e-05
2.495000e+00 1.846065e-05
2.500000e+00 1.085656e-05
2.505000e+00 2.874169e-06
2.510000e+00 -5.209615e-06
2.515000e+00 -1.314018e-05
2.520000e+00 -2.069206e-05
2.525000e+00 -2.767064e-05
2.530000e+00 -3.388907e-05
2.535000e+00 -3.915552e-05
2.540000e+00 -4.327106e-05
2.545000e+00 -4.607333e-05
2.550000e+00 -4.746245e-05
2.555000e+00 -4.737950e-05
2.560000e+00 -4.582491e-05
2.565000e+00 -4.284537e-05
2.570000e+00 -3.854063e-05
2.575000e+00 -3.309915e-05
2.580000e+00 -2.677718e-05
2.585000e+00 -1.985937e-05
2.590000e+00 -1.259203e-05
2.595000e+00 -5.163326e-06
2.600000e+00 2.283047e-06
2.605000e+00 9.641214e-06
2.610000e+00 1.681307e-05
2.615000e+00 2.368235e-05
2.620000e+00 3.006797e-05
2.625000e+00 3.574078e-05
2.630000e+00 4.046601e-05
2.635000e+00 4.401407e-05
2.640000e+00 4.620194e-05
2.645000e+00 4.690589e-05
2.650000e+00 4.607520e-05
2.655000e+00 4.374734e-05
2.660000e+00 4.005330e-05
2.665000e+00 3.520946e-05
2.670000e+00 2.944969e-05
2.675000e+00 2.297917e-05
2.680000e+00 1.597737e-05
2.685000e+00 8.598700e-06
2.690000e+00 9.982202e-07
2.695000e+00 -6.615605e-06
2.700000e+00 -1.396835e-05
2.705000e+00 -2.076267e-05
2.710000e+00 -2.673305e-05
2.715000e+00 -3.166144e-05
2.720000e+00 -3.535393e-05
2.725000e+00 -3.765378e-05
2.730000e+00 -3.845067e-05
2.735000e+00 -3.765939e-05
2.740000e+00 -3.529134e-05
2.745000e+00 -3.148100e-05
2.750000e+00 -2.642646e-05
2.755000e+00 -2.037653e-05
2.760000e+00 -1.359417e-05
2.765000e+00 -6.340910e-06
2.770000e+00 1.130875e-06
2.775000e+00 8.574813e-06
2.780000e+00 1.570995e-05
2.785000e+00 2.222780e-05
2.790000e+00 2.783865e-05
2.795000e+00 3.231341e-05
2.800000e+00 3.548281e-05
2.805000e+00 3.725038e-05
2.810000e+00 3.756919e-05
2.815000e+00 3.640877e-05
2.820000e+00 3.379633e-05
2.825000e+00 2.982320e-05
2.830000e+00 2.464181e-05
2.835000e+00 1.846078e-05
2.840000e+00 1.152922e-05
2.845000e+00 4.134309e-06
2.850000e+00 -3.423838e-06
2.855000e+00 -1.084777e-05
2.860000e+00 -1.784251e-05
2.865000e+00 -2.411570e-05
2.870000e+00 -2.940783e-05
2.875000e+00 -3.353547e-05
2.880000e+00 -3.636099e-05
2.885000e+00 -3.775362e-05
2.890000e+00 -3.763362e-05
2.895000e+00 -3.599074e-05
2.900000e+00 -3.285238e-05
2.905000e+00 -2.834312e-05
2.910000e+00 -2.272395e-05
2.915000e+00 -1.628253e-05
2.920000e+00 -9.229742e-06
2.925000e+00 -1.741215e-06
2.930000e+00 5.902508e-06
2.935000e+00 1.331328e-05
2.940000e+00 2.014341e-05
2.945000e+00 2.613754e-05
2.950000e+00 3.107525e-05
2.955000e+00 3.475419e-05
2.960000e+00 3.702523e-05
2.965000e+00 3.780493e-05
2.970000e+00 3.709256e-05
2.975000e+00 3.495087e-05
2.980000e+00 3.143410e-05
2.985000e+00 2.660914e-05
2.990000e+00 2.065092e-05
2.995000e+00 1.386148e-05
3 6.580128e-06
