T X
0 0
5.000000e-03 1.879198e-07
1.000000e-02 8.435701e-07
1.500000e-02 2.024062e-06
2.000000e-02 3.693328e-06
2.500000e-02 5.793529e-06
3.000000e-02 8.235170e-06
3.500000e-02 1.090455e-05
4.000000e-02 1.366337e-05
4.500000e-02 1.638065e-05
5.000000e-02 1.892505e-05
5.500000e-02 2.119860e-05
6.000000e-02 2.310611e-05
6.500000e-02 2.455889e-05
7.000000e-02 2.547366e-05
7.500000e-02 2.576148e-05
8.000000e-02 2.533999e-05
8.500000e-02 2.412131e-05
9.000000e-02 2.203016e-05
9.500000e-02 1.899973e-05
1.000000e-01 1.502963e-05
1.050000e-01 1.025231e-05
1.100000e-01 4.916275e-06
1.150000e-01 -6.499873e-07
1.200000e-01 -6.167532e-06
1.250000e-01 -1.145066e-05
1.300000e-01 -1.633476e-05
1.350000e-01 -2.061304e-05
1.400000e-01 -2.403060e-05
1.450000e-01 -2.642139e-05
1.500000e-01 -2.774649e-05
1.550000e-01 -2.798674e-05
1.600000e-01 -2.709239e-05
1.650000e-01 -2.506637e-05
1.700000e-01 -2.201483e-05
1.750000e-01 -1.805755e-05
1.800000e-01 -1.332346e-05
1.850000e-01 -8.009280e-06
1.900000e-01 -2.369063e-06
1.950000e-01 3.372972e-06
2.000000e-01 9.021454e-06
2.050000e-01 1.433907e-05
2.100000e-01 1.910424e-05
2.150000e-01 2.312446e-05
2.200000e-01 2.621705e-05
2.250000e-01 2.823606e-05
2.300000e-01 2.910548e-05
2.350000e-01 2.881245e-05
2.400000e-01 2.735392e-05
2.450000e-01 2.479359e-05
2.500000e-01 2.125508e-05
2.550000e-01 1.685321e-05
2.600000e-01 1.174095e-05
2.650000e-01 6.122828e-06
2.700000e-01 2.323528e-07
2.750000e-01 -5.670605e-06
2.800000e-01 -1.132019e-05
2.850000e-01 -1.650883e-05
2.900000e-01 -2.106325e-05
2.950000e-01 -2.479219e-05
3.000000e-01 -2.755066e-05
3.050000e-01 -2.921972e-05
3.100000e-01 -2.970632e-05
3.150000e-01 -2.898996e-05
3.200000e-01 -2.709901e-05
3.250000e-01 -2.412727e-05
3.300000e-01 -2.020982e-05
3.350000e-01 -1.549551e-05
3.400000e-01 -1.015943e-05
3.450000e-01 -4.407063e-06
3.500000e-01 1.536529e-06
3.550000e-01 7.436872e-06
3.600000e-01 1.304391e-05
3.650000e-01 1.812676e-05
3.700000e-01 2.247338e-05
3.750000e-01 2.591720e-05
3.800000e-01 2.834050e-05
3.850000e-01 2.963738e-05
3.900000e-01 2.976849e-05
3.950000e-01 2.872412e-05
4.000000e-01 2.652422e-05
4.050000e-01 2.326047e-05
4.100000e-01 1.905564e-05
4.150000e-01 1.408639e-05
4.200000e-01 8.567403e-06
4.250000e-01 2.723095e-06
4.300000e-01 -3.215662e-06
4.350000e-01 -9.031316e-06
4.400000e-01 -1.450604e-05
4.450000e-01 -1.941569e-05
4.500000e-01 -2.355435e-05
4.550000e-01 -2.674649e-05
4.600000e-01 -2.885569e-05
4.650000e-01 -2.980600e-05
4.700000e-01 -2.956601e-05
4.750000e-01 -2.816301e-05
4.800000e-01 -2.566667e-05
4.850000e-01 -2.215314e-05
4.900000e-01 -1.774705e-05
4.950000e-01 -1.261120e-05
5.000000e-01 -6.957489e-06
5.050000e-01 -1.038637e-06
5.100000e-01 4.905109e-06
5.150000e-01 1.062852e-05
5.200000e-01 1.592126e-05
5.250000e-01 2.059702e-05
5.300000e-01 2.446371e-05
5.350000e-01 2.736952e-05
5.400000e-01 2.918164e-05
5.450000e-01 2.981205e-05
5.500000e-01 2.923390e-05
5.550000e-01 2.748158e-05
5.600000e-01 2.465394e-05
5.650000e-01 2.086333e-05
5.700000e-01 1.625310e-05
5.750000e-01 1.099136e-05
5.800000e-01 5.276465e-06
5.850000e-01 -6.611185e-07
5.900000e-01 -6.578378e-06
5.950000e-01 -1.221803e-05
6.000000e-01 -1.735325e-05
6.050000e-01 -2.178333e-05
6.100000e-01 -2.534723e-05
6.150000e-01 -2.791361e-05
6.200000e-01 -2.937181e-05
6.250000e-01 -2.966969e-05
6.300000e-01 -2.877898e-05
6.350000e-01 -2.672174e-05
6.400000e-01 -2.358991e-05
6.450000e-01 -1.951561e-05
6.500000e-01 -1.467180e-05
6.550000e-01 -9.256848e-06
6.600000e-01 -3.485136e-06
6.650000e-01 2.429984e-06
6.700000e-01 8.261345e-06
6.750000e-01 1.376858e-05
6.800000e-01 1.873224e-05
6.850000e-01 2.294585e-05
6.900000e-01 2.623126e-05
6.950000e-01 2.845331e-05
7.000000e-01 2.953398e-05
7.050000e-01 2.945003e-05
7.100000e-01 2.820951e-05
7.150000e-01 2.585349e-05
7.200000e-01 2.245555e-05
7.250000e-01 1.814663e-05
7.300000e-01 1.310004e-05
7.350000e-01 7.523664e-06
7.400000e-01 1.662183e-06
7.450000e-01 -4.248960e-06
7.500000e-01 -9.980828e-06
7.550000e-01 -1.531654e-05
7.600000e-01 -2.005729e-05
7.650000e-01 -2.401796e-05
7.700000e-01 -2.702906e-05
7.750000e-01 -2.894458e-05
7.800000e-01 -2.968176e-05
7.850000e-01 -2.922377e-05
7.900000e-01 -2.760842e-05
7.950000e-01 -2.491136e-05
8.000000e-01 -2.123411e-05
8.050000e-01 -1.671183e-05
8.100000e-01 -1.151107e-05
8.150000e-01 -5.830426e-06
8.200000e-01 9.748198e-08
8.250000e-01 6.014899e-06
8.300000e-01 1.167441e-05
8.350000e-01 1.685533e-05
8.400000e-01 2.136114e-05
8.450000e-01 2.502694e-05
8.500000e-01 2.771412e-05
8.550000e-01 2.930783e-05
8.600000e-01 2.972641e-05
8.650000e-01 2.894325e-05
8.700000e-01 2.699367e-05
8.750000e-01 2.396310e-05
8.800000e-01 1.998613e-05
8.850000e-01 1.522759e-05
8.900000e-01 9.869669e-06
8.950000e-01 4.115114e-06
9.000000e-01 -1.816853e-06
9.050000e-01 -7.686215e-06
9.100000e-01 -1.325637e-05
9.150000e-01 -1.830041e-05
9.200000e-01 -2.259969e-05
9.250000e-01 -2.598358e-05
9.300000e-01 -2.833210e-05
9.350000e-01 -2.956340e-05
9.400000e-01 -2.962915e-05
9.450000e-01 -2.852175e-05
9.500000e-01 -2.627609e-05
9.550000e-01 -2.297006e-05
9.600000e-01 -1.873787e-05
9.650000e-01 -1.375204e-05
9.700000e-01 -8.220728e-06
9.750000e-01 -2.376735e-06
9.800000e-01 3.547354e-06
9.850000e-01 9.327770e-06
9.900000e-01 1.475149e-05
9.950000e-01 1.960641e-05
1 2.368988e-05
1.005000e+00 2.682058e-05
1.010000e+00 2.886324e-05
1.015000e+00 2.974560e-05
1.020000e+00 2.944124e-05
1.025000e+00 2.797462e-05
1.030000e+00 2.541399e-05
1.035000e+00 2.184943e-05
1.040000e+00 1.740904e-05
1.045000e+00 1.225806e-05
1.050000e+00 6.598649e-06
1.055000e+00 6.753187e-07
1.060000e+00 -5.258753e-06
1.065000e+00 -1.096286e-05
1.070000e+00 -1.622126e-05
1.075000e+00 -2.084238e-05
1.080000e+00 -2.465033e-05
1.085000e+00 -2.749151e-05
1.090000e+00 -2.923744e-05
1.095000e+00 -2.980392e-05
1.100000e+00 -2.916654e-05
1.105000e+00 -2.735698e-05
1.110000e+00 -2.446403e-05
1.115000e+00 -2.061642e-05
1.120000e+00 -1.595778e-05
1.125000e+00 -1.066432e-05
1.130000e+00 -4.939722e-06
1.135000e+00 9.997788e-07
1.140000e+00 6.909252e-06
1.145000e+00 1.253731e-05
1.150000e+00 1.764923e-05
1.155000e+00 2.204428e-05
1.160000e+00 2.556018e-05
1.165000e+00 2.806443e-05
1.170000e+00 2.946190e-05
1.175000e+00 2.969132e-05
1.180000e+00 2.873432e-05
1.185000e+00 2.662624e-05
1.190000e+00 2.345409e-05
1.195000e+00 1.935586e-05
1.200000e+00 1.451577e-05
1.205000e+00 9.136439e-06
1.210000e+00 3.409598e-06
1.215000e+00 -2.498411e-06
1.220000e+00 -8.455502e-06
1.225000e+00 -1.433736e-05
1.230000e+00 -2.001130e-05
1.235000e+00 -2.532550e-05
1.240000e+00 -3.008312e-05
1.245000e+00 -3.405917e-05
1.250000e+00 -3.703965e-05
1.255000e+00 -3.886989e-05
1.260000e+00 -3.948831e-05
1.265000e+00 -3.892223e-05
1.270000e+00 -3.726145e-05
1.275000e+00 -3.461839e-05
1.280000e+00 -3.109832e-05
1.285000e+00 -2.680271e-05
1.290000e+00 -2.184642e-05
1.295000e+00 -1.634353e-05
1.300000e+00 -1.039825e-05
1.305000e+00 -4.086965e-06
1.310000e+00 2.560514e-06
1.315000e+00 9.504097e-06
1.320000e+00 1.662016e-05
1.325000e+00 2.364158e-05
1.330000e+00 3.017411e-05
1.335000e+00 3.582441e-05
1.340000e+00 4.031057e-05
1.345000e+00 4.350240e-05
1.350000e+00 4.538024e-05
1.355000e+00 4.597699e-05
1.360000e+00 4.531638e-05
1.365000e+00 4.335434e-05
1.370000e+00 4.004259e-05
1.375000e+00 3.543636e-05
1.380000e+00 2.968662e-05
1.385000e+00 2.294382e-05
1.390000e+00 1.539416e-05
1.395000e+00 7.324489e-06
1.400000e+00 -9.893640e-07
1.405000e+00 -9.334536e-06
1.410000e+00 -1.744669e-05
1.415000e+00 -2.492944e-05
1.420000e+00 -3.134571e-05
1.425000e+00 -3.633419e-05
1.430000e+00 -3.969363e-05
1.435000e+00 -4.142508e-05
1.440000e+00 -4.156939e-05
1.445000e+00 -4.010204e-05
1.450000e+00 -3.702259e-05
1.455000e+00 -3.241245e-05
1.460000e+00 -2.645901e-05
1.465000e+00 -1.945966e-05
1.470000e+00 -1.175852e-05
1.475000e+00 -3.673557e-06
1.480000e+00 4.477968e-06
1.485000e+00 1.236413e-05
1.490000e+00 1.968104e-05
1.495000e+00 2.613667e-05
1.500000e+00 3.148622e-05
1.505000e+00 3.556020e-05
1.510000e+00 3.821130e-05
1.515000e+00 3.932099e-05
1.520000e+00 3.882902e-05
1.525000e+00 3.679335e-05
1.530000e+00 3.341954e-05
1.535000e+00 2.889989e-05
1.540000e+00 2.330738e-05
1.545000e+00 1.678319e-05
1.550000e+00 9.648411e-06
1.555000e+00 2.248258e-06
1.560000e+00 -5.139918e-06
1.565000e+00 -1.227866e-05
1.570000e+00 -1.892558e-05
1.575000e+00 -2.484720e-05
1.580000e+00 -2.984281e-05
1.585000e+00 -3.370268e-05
1.590000e+00 -3.627416e-05
1.595000e+00 -3.750033e-05
1.600000e+00 -3.733445e-05
1.605000e+00 -3.576458e-05
1.610000e+00 -3.286408e-05
1.615000e+00 -2.874362e-05
1.620000e+00 -2.353842e-05
1.625000e+00 -1.744090e-05
1.630000e+00 -1.067274e-05
1.635000e+00 -3.453883e-06
1.640000e+00 3.965778e-06
1.645000e+00 1.128677e-05
1.650000e+00 1.820176e-05
1.655000e+00 2.444205e-05
1.660000e+00 2.978183e-05
1.665000e+00 3.405957e-05
1.670000e+00 3.712687e-05
1.675000e+00 3.879096e-05
1.680000e+00 3.894409e-05
1.685000e+00 3.759684e-05
1.690000e+00 3.478960e-05
1.695000e+00 3.060667e-05
1.700000e+00 2.519906e-05
1.705000e+00 1.877489e-05
1.710000e+00 1.156970e-05
1.715000e+00 3.833025e-06
1.720000e+00 -4.157812e-06
1.725000e+00 -1.208276e-05
1.730000e+00 -1.960673e-05
1.735000e+00 -2.644386e-05
1.740000e+00 -3.231209e-05
1.745000e+00 -3.694154e-05
1.750000e+00 -4.016067e-05
1.755000e+00 -4.183923e-05
1.760000e+00 -4.187613e-05
1.765000e+00 -4.026022e-05
1.770000e+00 -3.703088e-05
1.775000e+00 -3.226295e-05
1.780000e+00 -2.613267e-05
1.785000e+00 -1.889817e-05
1.790000e+00 -1.085184e-05
1.795000e+00 -2.313527e-06
1.800000e+00 6.399568e-06
1.805000e+00 1.495053e-05
1.810000e+00 2.299064e-05
1.815000e+00 3.019878e-05
1.820000e+00 3.626376e-05
1.825000e+00 4.090883e-05
1.830000e+00 4.393164e-05
1.835000e+00 4.519275e-05
1.840000e+00 4.462895e-05
1.845000e+00 4.228727e-05
1.850000e+00 3.824287e-05
1.855000e+00 3.259899e-05
1.860000e+00 2.558739e-05
1.865000e+00 1.747701e-05
1.870000e+00 8.560255e-06
1.875000e+00 -7.710159e-07
1.880000e+00 -1.011336e-05
1.885000e+00 -1.910083e-05
1.890000e+00 -2.737975e-05
1.895000e+00 -3.461405e-05
1.900000e+00 -4.050972e-05
1.905000e+00 -4.481882e-05
1.910000e+00 -4.733860e-05
1.915000e+00 -4.793503e-05
1.920000e+00 -4.656626e-05
1.925000e+00 -4.329273e-05
1.930000e+00 -3.825189e-05
1.935000e+00 -3.164808e-05
1.940000e+00 -2.373048e-05
1.945000e+00 -1.479392e-05
1.950000e+00 -5.199956e-06
1.955000e+00 4.682866e-06
1.960000e+00 1.444618e-05
1.965000e+00 2.365789e-05
1.970000e+00 3.195818e-05
1.975000e+00 3.899763e-05
1.980000e+00 4.447228e-05
1.985000e+00 4.819160e-05
1.990000e+00 5.000050e-05
1.995000e+00 4.978894e-05
2 4.755160e-05
2.005000e+00 4.336283e-05
2.010000e+00 3.738035e-05
2.015000e+00 2.985486e-05
2.020000e+00 2.108520e-05
2.025000e+00 1.143234e-05
2.030000e+00 1.293240e-06
2.035000e+00 -8.945666e-06
2.040000e+00 -1.887892e-05
2.045000e+00 -2.811110e-05
2.050000e+00 -3.625803e-05
2.055000e+00 -4.295939e-05
2.060000e+00 -4.793793e-05
2.065000e+00 -5.098971e-05
2.070000e+00 -5.198888e-05
2.075000e+00 -5.089405e-05
2.080000e+00 -4.776249e-05
2.085000e+00 -4.270542e-05
2.090000e+00 -3.588276e-05
2.095000e+00 -2.757817e-05
2.100000e+00 -1.811539e-05
2.105000e+00 -7.868149e-06
2.110000e+00 2.713307e-06
2.115000e+00 1.320622e-05
2.120000e+00 2.319791e-05
2.125000e+00 3.228611e-05
2.130000e+00 4.012261e-05
2.135000e+00 4.639840e-05
2.140000e+00 5.082964e-05
2.145000e+00 5.321172e-05
2.150000e+00 5.344373e-05
2.155000e+00 5.151087e-05
2.160000e+00 4.750672e-05
2.165000e+00 4.159641e-05
2.170000e+00 3.400189e-05
2.175000e+00 2.501980e-05
2.180000e+00 1.500467e-05
2.185000e+00 4.339055e-06
2.190000e+00 -6.561318e-06
2.195000e+00 -1.722939e-05
2.200000e+00 -2.721499e-05
2.205000e+00 -3.611890e-05
2.210000e+00 -4.359804e-05
2.215000e+00 -4.936761e-05
2.220000e+00 -5.319009e-05
2.225000e+00 -5.490130e-05
2.230000e+00 -5.440984e-05
2.235000e+00 -5.172976e-05
2.240000e+00 -4.696292e-05
2.245000e+00 -4.027993e-05
2.250000e+00 -3.197337e-05
2.255000e+00 -2.238076e-05
2.260000e+00 -1.187224e-05
2.265000e+00 -8.735703e-07
2.270000e+00 1.019912e-05
2.275000e+00 2.091284e-05
2.280000e+00 3.082739e-05
2.285000e+00 3.953165e-05
2.290000e+00 4.666038e-05
2.295000e+00 5.193006e-05
2.300000e+00 5.513751e-05
2.305000e+00 5.616214e-05
2.310000e+00 5.496056e-05
2.315000e+00 5.157288e-05
2.320000e+00 4.611905e-05
2.325000e+00 3.880044e-05
2.330000e+00 2.990784e-05
2.335000e+00 1.978611e-05
2.340000e+00 8.852351e-06
2.345000e+00 -2.436985e-06
2.350000e+00 -1.363927e-05
2.355000e+00 -2.431256e-05
2.360000e+00 -3.405343e-05
2.365000e+00 -4.248101e-05
2.370000e+00 -4.923804e-05
2.375000e+00 -5.404340e-05
2.380000e+00 -5.669133e-05
2.385000e+00 -5.707333e-05
2.390000e+00 -5.518131e-05
2.395000e+00 -5.110468e-05
2.400000e+00 -4.501076e-05
2.405000e+00 -3.711923e-05
2.410000e+00 -2.773125e-05
2.415000e+00 -1.721024e-05
2.420000e+00 -5.964686e-06
2.425000e+00 5.537062e-06
2.430000e+00 1.681169e-05
2.435000e+00 2.741018e-05
2.440000e+00 3.691517e-05
2.445000e+00 4.495247e-05
2.450000e+00 5.121772e-05
2.455000e+00 5.547439e-05
2.460000e+00 5.755212e-05
2.465000e+00 5.734337e-05
2.470000e+00 5.483698e-05
2.475000e+00 5.014342e-05
2.480000e+00 4.345652e-05
2.485000e+00 3.505420e-05
2.490000e+00 2.527769e-05
2.495000e+00 1.450262e-05
2.500000e+00 3.157755e-06
2.505000e+00 -8.311829e-06
2.510000e+00 -1.947535e-05
2.515000e+00 -2.992748e-05
2.520000e+00 -3.933113e-05
2.525000e+00 -4.740860e-05
2.530000e+00 -5.392245e-05
2.535000e+00 -5.869548e-05
2.540000e+00 -6.159517e-05
2.545000e+00 -6.251928e-05
2.550000e+00 -6.139921e-05
2.555000e+00 -5.822510e-05
2.560000e+00 -5.309604e-05
2.565000e+00 -4.622344e-05
2.570000e+00 -3.792898e-05
2.575000e+00 -2.860268e-05
2.580000e+00 -1.863680e-05
2.585000e+00 -8.404044e-06
2.590000e+00 1.776443e-06
2.595000e+00 1.163140e-05
2.600000e+00 2.092130e-05
2.605000e+00 2.944034e-05
2.610000e+00 3.697475e-05
2.615000e+00 4.331563e-05
2.620000e+00 4.830055e-05
2.625000e+00 5.181866e-05
2.630000e+00 5.378216e-05
2.635000e+00 5.409813e-05
2.640000e+00 5.269540e-05
2.645000e+00 4.955834e-05
2.650000e+00 4.477693e-05
2.655000e+00 3.858708e-05
2.660000e+00 3.131975e-05
2.665000e+00 2.332911e-05
2.670000e+00 1.492746e-05
2.675000e+00 6.348598e-06
2.680000e+00 -2.226965e-06
2.685000e+00 -1.059700e-05
2.690000e+00 -1.847231e-05
2.695000e+00 -2.551405e-05
2.700000e+00 -3.140979e-05
2.705000e+00 -3.595487e-05
2.710000e+00 -3.907104e-05
2.715000e+00 -4.073265e-05
2.720000e+00 -4.092339e-05
2.725000e+00 -3.960683e-05
2.730000e+00 -3.673552e-05
2.735000e+00 -3.232774e-05
2.740000e+00 -2.653228e-05
2.745000e+00 -1.963689e-05
2.750000e+00 -1.200294e-05
2.755000e+00 -3.971795e-06
2.760000e+00 4.168730e-06
2.765000e+00 1.216390e-05
2.770000e+00 1.976015e-05
2.775000e+00 2.665307e-05
2.780000e+00 3.249083e-05
2.785000e+00 3.695655e-05
2.790000e+00 3.984640e-05
2.795000e+00 4.108555e-05
2.800000e+00 4.068407e-05
2.805000e+00 3.871051e-05
2.810000e+00 3.524843e-05
2.815000e+00 3.038952e-05
2.820000e+00 2.429258e-05
2.825000e+00 1.717363e-05
2.830000e+00 9.319920e-06
2.835000e+00 1.093536e-06
2.840000e+00 -7.119900e-06
2.845000e+00 -1.495766e-05
2.850000e+00 -2.213742e-05
2.855000e+00 -2.842452e-05
2.860000e+00 -3.358964e-05
2.865000e+00 -3.740428e-05
2.870000e+00 -3.967683e-05
2.875000e+00 -4.033507e-05
2.880000e+00 -3.938209e-05
2.885000e+00 -3.685844e-05
2.890000e+00 -3.289498e-05
2.895000e+00 -2.769129e-05
2.900000e+00 -2.146994e-05
2.905000e+00 -1.446161e-05
2.910000e+00 -6.922397e-06
2.915000e+00 8.465094e-07
2.920000e+00 8.548190e-06
2.925000e+00 1.591560e-05
2.930000e+00 2.265361e-05
2.935000e+00 2.844920e-05
2.940000e+00 3.308790e-05
2.945000e+00 3.646096e-05
2.950000e+00 3.847599e-05
2.955000e+00 3.905047e-05
2.960000e+00 3.812931e-05
2.965000e+00 3.570053e-05
2.970000e+00 3.184853e-05
2.975000e+00 2.677122e-05
2.980000e+00 2.068756e-05
2.985000e+00 1.378620e-05
2.990000e+00 6.305995e-06
2.995000e+00 -1.461489e-06
3 -9.218044e-06
