T X
0 0
5.000000e-03 3.134643e-12
1.000000e-02 6.852105e-11
1.500000e-02 2.382422e-10
2.000000e-02 4.171213e-10
2.500000e-02 1.449605e-10
3.000000e-02 -1.543107e-09
3.500000e-02 -4.140748e-09
4.000000e-02 2.188597e-09
4.500000e-02 5.145729e-08
5.000000e-02 2.083136e-07
5.500000e-02 5.428840e-07
6.000000e-02 1.084633e-06
6.500000e-02 1.817727e-06
7.000000e-02 2.749420e-06
7.500000e-02 3.939879e-06
8.000000e-02 5.399315e-06
8.500000e-02 7.022924e-06
9.000000e-02 8.723838e-06
9.500000e-02 1.053408e-05
1.000000e-01 1.246750e-05
1.050000e-01 1.443384e-05
1.100000e-01 1.635111e-05
1.150000e-01 1.814364e-05
1.200000e-01 1.968349e-05
1.250000e-01 2.089052e-05
1.300000e-01 2.171781e-05
1.350000e-01 2.201977e-05
1.400000e-01 2.162141e-05
1.450000e-01 2.040531e-05
1.500000e-01 1.829950e-05
1.550000e-01 1.536601e-05
1.600000e-01 1.178444e-05
1.650000e-01 7.709644e-06
1.700000e-01 3.267537e-06
1.750000e-01 -1.440691e-06
1.800000e-01 -6.285516e-06
1.850000e-01 -1.102811e-05
1.900000e-01 -1.543802e-05
1.950000e-01 -1.933750e-05
2.000000e-01 -2.255613e-05
2.050000e-01 -2.496341e-05
2.100000e-01 -2.645390e-05
2.150000e-01 -2.698912e-05
2.200000e-01 -2.657270e-05
2.250000e-01 -2.514136e-05
2.300000e-01 -2.266695e-05
2.350000e-01 -1.926228e-05
2.400000e-01 -1.511775e-05
2.450000e-01 -1.037899e-05
2.500000e-01 -5.149025e-06
2.550000e-01 3.656638e-07
2.600000e-01 5.901137e-06
2.650000e-01 1.126070e-05
2.700000e-01 1.625156e-05
2.750000e-01 2.063757e-05
2.800000e-01 2.423134e-05
2.850000e-01 2.693917e-05
2.900000e-01 2.864287e-05
2.950000e-01 2.921570e-05
3.000000e-01 2.865366e-05
3.050000e-01 2.699219e-05
3.100000e-01 2.425206e-05
3.150000e-01 2.054473e-05
3.200000e-01 1.605754e-05
3.250000e-01 1.093919e-05
3.300000e-01 5.346559e-06
3.350000e-01 -4.794867e-07
3.400000e-01 -6.309391e-06
3.450000e-01 -1.192014e-05
3.500000e-01 -1.705503e-05
3.550000e-01 -2.151403e-05
3.600000e-01 -2.514958e-05
3.650000e-01 -2.781072e-05
3.700000e-01 -2.938555e-05
3.750000e-01 -2.983173e-05
3.800000e-01 -2.910334e-05
3.850000e-01 -2.719446e-05
3.900000e-01 -2.420742e-05
3.950000e-01 -2.027660e-05
4.000000e-01 -1.557302e-05
4.050000e-01 -1.028503e-05
4.100000e-01 -4.577718e-06
4.150000e-01 1.334444e-06
4.200000e-01 7.195147e-06
4.250000e-01 1.277525e-05
4.300000e-01 1.784096e-05
4.350000e-01 2.215995e-05
4.400000e-01 2.559338e-05
4.450000e-01 2.804082e-05
4.500000e-01 2.938544e-05
4.550000e-01 2.957126e-05
4.600000e-01 2.858171e-05
4.650000e-01 2.643731e-05
4.700000e-01 2.323835e-05
4.750000e-01 1.912359e-05
4.800000e-01 1.427642e-05
4.850000e-01 8.890912e-06
4.900000e-01 3.142528e-06
4.950000e-01 -2.737185e-06
5.000000e-01 -8.495191e-06
5.050000e-01 -1.391296e-05
5.100000e-01 -1.876046e-05
5.150000e-01 -2.283257e-05
5.200000e-01 -2.599393e-05
5.250000e-01 -2.812436e-05
5.300000e-01 -2.913881e-05
5.350000e-01 -2.899509e-05
5.400000e-01 -2.767427e-05
5.450000e-01 -2.523754e-05
5.500000e-01 -2.180321e-05
5.550000e-01 -1.751190e-05
5.600000e-01 -1.254048e-05
5.650000e-01 -7.073878e-06
5.700000e-01 -1.310516e-06
5.750000e-01 4.511757e-06
5.800000e-01 1.014349e-05
5.850000e-01 1.534738e-05
5.900000e-01 1.991611e-05
5.950000e-01 2.368197e-05
6.000000e-01 2.650494e-05
6.050000e-01 2.828302e-05
6.100000e-01 2.893933e-05
6.150000e-01 2.841557e-05
6.200000e-01 2.672955e-05
6.250000e-01 2.396576e-05
6.300000e-01 2.024726e-05
6.350000e-01 1.574518e-05
6.400000e-01 1.062954e-05
6.450000e-01 5.082360e-06
6.500000e-01 -6.876228e-07
6.550000e-01 -6.453180e-06
6.600000e-01 -1.195567e-05
6.650000e-01 -1.696104e-05
6.700000e-01 -2.126493e-05
6.750000e-01 -2.470358e-05
6.800000e-01 -2.717098e-05
6.850000e-01 -2.857160e-05
6.900000e-01 -2.883852e-05
6.950000e-01 -2.794247e-05
7.000000e-01 -2.589622e-05
7.050000e-01 -2.279613e-05
7.100000e-01 -1.878757e-05
7.150000e-01 -1.404197e-05
7.200000e-01 -8.750796e-06
7.250000e-01 -3.106708e-06
7.300000e-01 2.679480e-06
7.350000e-01 8.382595e-06
7.400000e-01 1.376260e-05
7.450000e-01 1.857854e-05
7.500000e-01 2.263468e-05
7.550000e-01 2.578495e-05
7.600000e-01 2.791370e-05
7.650000e-01 2.894080e-05
7.700000e-01 2.882114e-05
7.750000e-01 2.754643e-05
7.800000e-01 2.515097e-05
7.850000e-01 2.173925e-05
7.900000e-01 1.746726e-05
7.950000e-01 1.249650e-05
8.000000e-01 7.028074e-06
8.050000e-01 1.277002e-06
8.100000e-01 -4.541645e-06
8.150000e-01 -1.019143e-05
8.200000e-01 -1.543860e-05
8.250000e-01 -2.006323e-05
8.300000e-01 -2.388360e-05
8.350000e-01 -2.676035e-05
8.400000e-01 -2.858403e-05
8.450000e-01 -2.927525e-05
8.500000e-01 -2.879419e-05
8.550000e-01 -2.715757e-05
8.600000e-01 -2.442888e-05
8.650000e-01 -2.072601e-05
8.700000e-01 -1.621213e-05
8.750000e-01 -1.105727e-05
8.800000e-01 -5.454875e-06
8.850000e-01 3.790724e-07
8.900000e-01 6.215681e-06
8.950000e-01 1.181050e-05
9.000000e-01 1.692693e-05
9.050000e-01 2.135679e-05
9.100000e-01 2.493366e-05
9.150000e-01 2.753417e-05
9.200000e-01 2.905848e-05
9.250000e-01 2.943401e-05
9.300000e-01 2.863328e-05
9.350000e-01 2.667631e-05
9.400000e-01 2.364650e-05
9.450000e-01 1.967975e-05
9.500000e-01 1.494515e-05
9.550000e-01 9.632585e-06
9.600000e-01 3.934439e-06
9.650000e-01 -1.936213e-06
9.700000e-01 -7.742834e-06
9.750000e-01 -1.324846e-05
9.800000e-01 -1.821883e-05
9.850000e-01 -2.244823e-05
9.900000e-01 -2.578145e-05
9.950000e-01 -2.809627e-05
1 -2.930657e-05
1.005000e+00 -2.936302e-05
1.010000e+00 -2.824814e-05
1.015000e+00 -2.600001e-05
1.020000e+00 -2.271102e-05
1.025000e+00 -1.852042e-05
1.030000e+00 -1.360231e-05
1.035000e+00 -8.153811e-06
1.040000e+00 -2.384095e-06
1.045000e+00 3.489888e-06
1.050000e+00 9.226592e-06
1.055000e+00 1.459158e-05
1.060000e+00 1.937130e-05
1.065000e+00 2.337420e-05
1.070000e+00 2.644728e-05
1.075000e+00 2.847300e-05
1.080000e+00 2.936844e-05
1.085000e+00 2.909135e-05
1.090000e+00 2.765011e-05
1.095000e+00 2.510734e-05
1.100000e+00 2.157042e-05
1.105000e+00 1.718380e-05
1.110000e+00 1.212254e-05
1.115000e+00 6.577908e-06
1.120000e+00 7.614371e-07
1.125000e+00 -5.096471e-06
1.130000e+00 -1.074496e-05
1.135000e+00 -1.594533e-05
1.140000e+00 -2.049687e-05
1.145000e+00 -2.421709e-05
1.150000e+00 -2.695644e-05
1.155000e+00 -2.860721e-05
1.160000e+00 -2.909883e-05
1.165000e+00 -2.841879e-05
1.170000e+00 -2.664132e-05
1.175000e+00 -2.392342e-05
1.180000e+00 -2.048203e-05
1.185000e+00 -1.654370e-05
1.190000e+00 -1.232557e-05
1.195000e+00 -8.031461e-06
1.200000e+00 -3.837602e-06
1.205000e+00 7.057620e-08
1.210000e+00 3.509757e-06
1.215000e+00 6.324657e-06
1.220000e+00 8.406740e-06
1.225000e+00 9.715868e-06
1.230000e+00 1.025065e-05
1.235000e+00 1.003239e-05
1.240000e+00 9.084092e-06
1.245000e+00 7.425418e-06
1.250000e+00 5.126725e-06
1.255000e+00 2.316974e-06
1.260000e+00 -8.364165e-07
1.265000e+00 -4.117641e-06
1.270000e+00 -7.294761e-06
1.275000e+00 -1.019780e-05
1.280000e+00 -1.271125e-05
1.285000e+00 -1.470405e-05
1.290000e+00 -1.607660e-05
1.295000e+00 -1.681882e-05
1.300000e+00 -1.694053e-05
1.305000e+00 -1.642084e-05
1.310000e+00 -1.526835e-05
1.315000e+00 -1.355378e-05
1.320000e+00 -1.134017e-05
1.325000e+00 -8.648236e-06
1.330000e+00 -5.500635e-06
1.335000e+00 -1.985447e-06
1.340000e+00 1.784322e-06
1.345000e+00 5.764862e-06
1.350000e+00 9.933143e-06
1.355000e+00 1.421965e-05
1.360000e+00 1.848613e-05
1.365000e+00 2.252678e-05
1.370000e+00 2.611475e-05
1.375000e+00 2.904576e-05
1.380000e+00 3.114236e-05
1.385000e+00 3.224194e-05
1.390000e+00 3.224542e-05
1.395000e+00 3.115316e-05
1.400000e+00 2.907479e-05
1.405000e+00 2.617048e-05
1.410000e+00 2.258533e-05
1.415000e+00 1.849183e-05
1.420000e+00 1.404811e-05
1.425000e+00 9.360771e-06
1.430000e+00 4.542611e-06
1.435000e+00 -2.534451e-07
1.440000e+00 -4.864379e-06
1.445000e+00 -9.235427e-06
1.450000e+00 -1.332902e-05
1.455000e+00 -1.692575e-05
1.460000e+00 -1.976849e-05
1.465000e+00 -2.173885e-05
1.470000e+00 -2.280019e-05
1.475000e+00 -2.290381e-05
1.480000e+00 -2.205470e-05
1.485000e+00 -2.041215e-05
1.490000e+00 -1.813627e-05
1.495000e+00 -1.531539e-05
1.500000e+00 -1.205915e-05
1.505000e+00 -8.449450e-06
1.510000e+00 -4.562957e-06
1.515000e+00 -5.568649e-07
1.520000e+00 3.408254e-06
1.525000e+00 7.235362e-06
1.530000e+00 1.081521e-05
1.535000e+00 1.401163e-05
1.540000e+00 1.674055e-05
1.545000e+00 1.891826e-05
1.550000e+00 2.044609e-05
1.555000e+00 2.126382e-05
1.560000e+00 2.127013e-05
1.565000e+00 2.037299e-05
1.570000e+00 1.862908e-05
1.575000e+00 1.617737e-05
1.580000e+00 1.314468e-05
1.585000e+00 9.607347e-06
1.590000e+00 5.614952e-06
1.595000e+00 1.330869e-06
1.600000e+00 -2.960707e-06
1.605000e+00 -7.045306e-06
1.610000e+00 -1.086235e-05
1.615000e+00 -1.431541e-05
1.620000e+00 -1.719425e-05
1.625000e+00 -1.934625e-05
1.630000e+00 -2.071235e-05
1.635000e+00 -2.125585e-05
1.640000e+00 -2.095628e-05
1.645000e+00 -1.985896e-05
1.650000e+00 -1.803601e-05
1.655000e+00 -1.552488e-05
1.660000e+00 -1.240724e-05
1.665000e+00 -8.855537e-06
1.670000e+00 -5.051745e-06
1.675000e+00 -1.114738e-06
1.680000e+00 2.837384e-06
1.685000e+00 6.651067e-06
1.690000e+00 1.018123e-05
1.695000e+00 1.326203e-05
1.700000e+00 1.577340e-05
1.705000e+00 1.770903e-05
1.710000e+00 1.904735e-05
1.715000e+00 1.970273e-05
1.720000e+00 1.959567e-05
1.725000e+00 1.874354e-05
1.730000e+00 1.726585e-05
1.735000e+00 1.524495e-05
1.740000e+00 1.271419e-05
1.745000e+00 9.733737e-06
1.750000e+00 6.418604e-06
1.755000e+00 2.927456e-06
1.760000e+00 -6.390682e-07
1.765000e+00 -4.202106e-06
1.770000e+00 -7.598287e-06
1.775000e+00 -1.068677e-05
1.780000e+00 -1.342158e-05
1.785000e+00 -1.574342e-05
1.790000e+00 -1.753512e-05
1.795000e+00 -1.871052e-05
1.800000e+00 -1.925875e-05
1.805000e+00 -1.918433e-05
1.810000e+00 -1.846777e-05
1.815000e+00 -1.711916e-05
1.820000e+00 -1.518661e-05
1.825000e+00 -1.271627e-05
1.830000e+00 -9.771134e-06
1.835000e+00 -6.440871e-06
1.840000e+00 -2.852956e-06
1.845000e+00 8.791613e-07
1.850000e+00 4.655518e-06
1.855000e+00 8.319885e-06
1.860000e+00 1.175236e-05
1.865000e+00 1.486638e-05
1.870000e+00 1.752645e-05
1.875000e+00 1.960121e-05
1.880000e+00 2.100930e-05
1.885000e+00 2.171060e-05
1.890000e+00 2.167375e-05
1.895000e+00 2.086961e-05
1.900000e+00 1.928569e-05
1.905000e+00 1.696319e-05
1.910000e+00 1.397355e-05
1.915000e+00 1.037807e-05
1.920000e+00 6.314323e-06
1.925000e+00 1.961200e-06
1.930000e+00 -2.553712e-06
1.935000e+00 -7.107126e-06
1.940000e+00 -1.153276e-05
1.945000e+00 -1.563301e-05
1.950000e+00 -1.923780e-05
1.955000e+00 -2.220646e-05
1.960000e+00 -2.440136e-05
1.965000e+00 -2.571886e-05
1.970000e+00 -2.610618e-05
1.975000e+00 -2.553367e-05
1.980000e+00 -2.398336e-05
1.985000e+00 -2.147761e-05
1.990000e+00 -1.807441e-05
1.995000e+00 -1.388165e-05
2 -9.080265e-06
2.005000e+00 -3.848213e-06
2.010000e+00 1.652774e-06
2.015000e+00 7.209652e-06
2.020000e+00 1.260718e-05
2.025000e+00 1.766495e-05
2.030000e+00 2.215343e-05
2.035000e+00 2.584994e-05
2.040000e+00 2.861284e-05
2.045000e+00 3.032475e-05
2.050000e+00 3.091816e-05
2.055000e+00 3.033949e-05
2.060000e+00 2.854806e-05
2.065000e+00 2.561154e-05
2.070000e+00 2.163788e-05
2.075000e+00 1.673013e-05
2.080000e+00 1.105809e-05
2.085000e+00 4.865947e-06
2.090000e+00 -1.604446e-06
2.095000e+00 -8.137598e-06
2.100000e+00 -1.448069e-05
2.105000e+00 -2.036543e-05
2.110000e+00 -2.555746e-05
2.115000e+00 -2.983037e-05
2.120000e+00 -3.299203e-05
2.125000e+00 -3.491864e-05
2.130000e+00 -3.553033e-05
2.135000e+00 -3.478469e-05
2.140000e+00 -3.267334e-05
2.145000e+00 -2.922068e-05
2.150000e+00 -2.456276e-05
2.155000e+00 -1.890947e-05
2.160000e+00 -1.244312e-05
2.165000e+00 -5.384808e-06
2.170000e+00 1.995502e-06
2.175000e+00 9.404910e-06
2.180000e+00 1.654195e-05
2.185000e+00 2.312996e-05
2.190000e+00 2.889277e-05
2.195000e+00 3.359782e-05
2.200000e+00 3.705855e-05
2.205000e+00 3.909824e-05
2.210000e+00 3.962975e-05
2.215000e+00 3.866453e-05
2.220000e+00 3.620735e-05
2.225000e+00 3.226843e-05
2.230000e+00 2.699671e-05
2.235000e+00 2.063623e-05
2.240000e+00 1.343239e-05
2.245000e+00 5.634852e-06
2.250000e+00 -2.487342e-06
2.255000e+00 -1.060676e-05
2.260000e+00 -1.840412e-05
2.265000e+00 -2.556352e-05
2.270000e+00 -3.177837e-05
2.275000e+00 -3.681189e-05
2.280000e+00 -4.045641e-05
2.285000e+00 -4.256752e-05
2.290000e+00 -4.305100e-05
2.295000e+00 -4.186809e-05
2.300000e+00 -3.905969e-05
2.305000e+00 -3.470602e-05
2.310000e+00 -2.896272e-05
2.315000e+00 -2.206098e-05
2.320000e+00 -1.424941e-05
2.325000e+00 -5.814608e-06
2.330000e+00 2.894212e-06
2.335000e+00 1.155151e-05
2.340000e+00 1.984432e-05
2.345000e+00 2.742684e-05
2.350000e+00 3.398923e-05
2.355000e+00 3.927246e-05
2.360000e+00 4.306635e-05
2.365000e+00 4.521609e-05
2.370000e+00 4.562913e-05
2.375000e+00 4.428348e-05
2.380000e+00 4.120880e-05
2.385000e+00 3.651502e-05
2.390000e+00 3.038852e-05
2.395000e+00 2.305259e-05
2.400000e+00 1.478320e-05
2.405000e+00 5.894872e-06
2.410000e+00 -3.275586e-06
2.415000e+00 -1.237460e-05
2.420000e+00 -2.104761e-05
2.425000e+00 -2.894202e-05
2.430000e+00 -3.573370e-05
2.435000e+00 -4.114991e-05
2.440000e+00 -4.499604e-05
2.445000e+00 -4.711744e-05
2.450000e+00 -4.738146e-05
2.455000e+00 -4.575834e-05
2.460000e+00 -4.232302e-05
2.465000e+00 -3.726101e-05
2.470000e+00 -3.083794e-05
2.475000e+00 -2.336174e-05
2.480000e+00 -1.519553e-05
2.485000e+00 -6.722074e-06
2.490000e+00 1.636522e-06
2.495000e+00 9.490851e-06
2.500000e+00 1.653970e-05
2.505000e+00 2.252273e-05
2.510000e+00 2.724231e-05
2.515000e+00 3.054395e-05
2.520000e+00 3.232304e-05
2.525000e+00 3.252729e-05
2.530000e+00 3.111651e-05
2.535000e+00 2.809523e-05
2.540000e+00 2.353964e-05
2.545000e+00 1.762272e-05
2.550000e+00 1.063627e-05
2.555000e+00 2.947819e-06
2.560000e+00 -5.050592e-06
2.565000e+00 -1.295196e-05
2.570000e+00 -2.035838e-05
2.575000e+00 -2.690055e-05
2.580000e+00 -3.225015e-05
2.585000e+00 -3.619533e-05
2.590000e+00 -3.864189e-05
2.595000e+00 -3.958088e-05
2.600000e+00 -3.907430e-05
2.605000e+00 -3.718665e-05
2.610000e+00 -3.397628e-05
2.615000e+00 -2.952805e-05
2.620000e+00 -2.397060e-05
2.625000e+00 -1.746384e-05
2.630000e+00 -1.020451e-05
2.635000e+00 -2.450512e-06
2.640000e+00 5.529541e-06
2.645000e+00 1.348105e-05
2.650000e+00 2.118576e-05
2.655000e+00 2.845432e-05
2.660000e+00 3.506441e-05
2.665000e+00 4.079119e-05
2.670000e+00 4.537623e-05
2.675000e+00 4.855885e-05
2.680000e+00 5.019165e-05
2.685000e+00 5.020960e-05
2.690000e+00 4.862358e-05
2.695000e+00 4.552361e-05
2.700000e+00 4.107163e-05
2.705000e+00 3.548464e-05
2.710000e+00 2.897062e-05
2.715000e+00 2.171980e-05
2.720000e+00 1.390485e-05
2.725000e+00 5.698110e-06
2.730000e+00 -2.684971e-06
2.735000e+00 -1.098778e-05
2.740000e+00 -1.889840e-05
2.745000e+00 -2.607342e-05
2.750000e+00 -3.219540e-05
2.755000e+00 -3.697249e-05
2.760000e+00 -4.018140e-05
2.765000e+00 -4.166764e-05
2.770000e+00 -4.133450e-05
2.775000e+00 -3.921157e-05
2.780000e+00 -3.548353e-05
2.785000e+00 -3.041343e-05
2.790000e+00 -2.426308e-05
2.795000e+00 -1.734294e-05
2.800000e+00 -9.983827e-06
2.805000e+00 -2.433997e-06
2.810000e+00 5.118659e-06
2.815000e+00 1.243659e-05
2.820000e+00 1.921782e-05
2.825000e+00 2.519911e-05
2.830000e+00 3.014291e-05
2.835000e+00 3.379246e-05
2.840000e+00 3.599346e-05
2.845000e+00 3.682057e-05
2.850000e+00 3.639974e-05
2.855000e+00 3.469918e-05
2.860000e+00 3.165002e-05
2.865000e+00 2.731730e-05
2.870000e+00 2.193635e-05
2.875000e+00 1.580113e-05
2.880000e+00 9.163755e-06
2.885000e+00 2.227347e-06
2.890000e+00 -4.839941e-06
2.895000e+00 -1.177992e-05
2.900000e+00 -1.828607e-05
2.905000e+00 -2.414081e-05
2.910000e+00 -2.914529e-05
2.915000e+00 -3.307894e-05
2.920000e+00 -3.573730e-05
2.925000e+00 -3.697105e-05
2.930000e+00 -3.669143e-05
2.935000e+00 -3.488405e-05
2.940000e+00 -3.162452e-05
2.945000e+00 -2.704567e-05
2.950000e+00 -2.131966e-05
2.955000e+00 -1.462584e-05
2.960000e+00 -7.204468e-06
2.965000e+00 5.735457e-07
2.970000e+00 8.301385e-06
2.975000e+00 1.567149e-05
2.980000e+00 2.243802e-05
2.985000e+00 2.828765e-05
2.990000e+00 3.290519e-05
2.995000e+00 3.608970e-05
3 3.773327e-05
