T X
0 0
5.000000e-03 1.846863e-07
1.000000e-02 8.013705e-07
1.500000e-02 1.827480e-06
2.000000e-02 3.154917e-06
2.500000e-02 4.703259e-06
3.000000e-02 6.398222e-06
3.500000e-02 8.194472e-06
4.000000e-02 1.006260e-05
4.500000e-02 1.196540e-05
5.000000e-02 1.381425e-05
5.500000e-02 1.551447e-05
6.000000e-02 1.697498e-05
6.500000e-02 1.812765e-05
7.000000e-02 1.893131e-05
7.500000e-02 1.936524e-05
8.000000e-02 1.942513e-05
8.500000e-02 1.905828e-05
9.000000e-02 1.816669e-05
9.500000e-02 1.664539e-05
1.000000e-01 1.442977e-05
1.050000e-01 1.154883e-05
1.100000e-01 8.146253e-06
1.150000e-01 4.457965e-06
1.200000e-01 6.805003e-07
1.250000e-01 -3.081226e-06
1.300000e-01 -6.750375e-06
1.350000e-01 -1.019613e-05
1.400000e-01 -1.323693e-05
1.450000e-01 -1.574778e-05
1.500000e-01 -1.764904e-05
1.550000e-01 -1.886339e-05
1.600000e-01 -1.929927e-05
1.650000e-01 -1.892600e-05
1.700000e-01 -1.784021e-05
1.750000e-01 -1.612974e-05
1.800000e-01 -1.382618e-05
1.850000e-01 -1.096685e-05
1.900000e-01 -7.646502e-06
1.950000e-01 -3.995459e-06
2.000000e-01 -1.508219e-07
2.050000e-01 3.687515e-06
2.100000e-01 7.326903e-06
2.150000e-01 1.064008e-05
2.200000e-01 1.352819e-05
2.250000e-01 1.590805e-05
2.300000e-01 1.770562e-05
2.350000e-01 1.883249e-05
2.400000e-01 1.917797e-05
2.450000e-01 1.870926e-05
2.500000e-01 1.747452e-05
2.550000e-01 1.554411e-05
2.600000e-01 1.303875e-05
2.650000e-01 1.006728e-05
2.700000e-01 6.702616e-06
2.750000e-01 3.048774e-06
2.800000e-01 -7.519258e-07
2.850000e-01 -4.557351e-06
2.900000e-01 -8.199209e-06
2.950000e-01 -1.146822e-05
3.000000e-01 -1.422749e-05
3.050000e-01 -1.641245e-05
3.100000e-01 -1.797073e-05
3.150000e-01 -1.885764e-05
3.200000e-01 -1.901240e-05
3.250000e-01 -1.840055e-05
3.300000e-01 -1.703512e-05
3.350000e-01 -1.495865e-05
3.400000e-01 -1.226587e-05
3.450000e-01 -9.106971e-06
3.500000e-01 -5.619615e-06
3.550000e-01 -1.923034e-06
3.600000e-01 1.842635e-06
3.650000e-01 5.553216e-06
3.700000e-01 9.070640e-06
3.750000e-01 1.224086e-05
3.800000e-01 1.492440e-05
3.850000e-01 1.698322e-05
3.900000e-01 1.834223e-05
3.950000e-01 1.896513e-05
4.000000e-01 1.882938e-05
4.050000e-01 1.797357e-05
4.100000e-01 1.643552e-05
4.150000e-01 1.424002e-05
4.200000e-01 1.145309e-05
4.250000e-01 8.185184e-06
4.300000e-01 4.572471e-06
4.350000e-01 7.741897e-07
4.400000e-01 -3.026721e-06
4.450000e-01 -6.666050e-06
4.500000e-01 -1.002726e-05
4.550000e-01 -1.301492e-05
4.600000e-01 -1.551618e-05
4.650000e-01 -1.742677e-05
4.700000e-01 -1.864740e-05
4.750000e-01 -1.908223e-05
4.800000e-01 -1.871168e-05
4.850000e-01 -1.758528e-05
4.900000e-01 -1.578665e-05
4.950000e-01 -1.339670e-05
5.000000e-01 -1.049538e-05
5.050000e-01 -7.180460e-06
5.100000e-01 -3.541981e-06
5.150000e-01 2.867240e-07
5.200000e-01 4.119346e-06
5.250000e-01 7.758350e-06
5.300000e-01 1.103795e-05
5.350000e-01 1.385632e-05
5.400000e-01 1.613138e-05
5.450000e-01 1.779669e-05
5.500000e-01 1.879444e-05
5.550000e-01 1.905493e-05
5.600000e-01 1.852533e-05
5.650000e-01 1.721488e-05
5.700000e-01 1.520167e-05
5.750000e-01 1.258545e-05
5.800000e-01 9.493892e-06
5.850000e-01 6.065481e-06
5.900000e-01 2.407245e-06
5.950000e-01 -1.373816e-06
6.000000e-01 -5.137209e-06
6.050000e-01 -8.712221e-06
6.100000e-01 -1.193652e-05
6.150000e-01 -1.466400e-05
6.200000e-01 -1.677404e-05
6.250000e-01 -1.820376e-05
6.300000e-01 -1.892277e-05
6.350000e-01 -1.891563e-05
6.400000e-01 -1.817459e-05
6.450000e-01 -1.670993e-05
6.500000e-01 -1.456710e-05
6.550000e-01 -1.181587e-05
6.600000e-01 -8.573522e-06
6.650000e-01 -4.991384e-06
6.700000e-01 -1.231815e-06
6.750000e-01 2.545094e-06
6.800000e-01 6.211949e-06
6.850000e-01 9.643896e-06
6.900000e-01 1.271397e-05
6.950000e-01 1.530762e-05
7.000000e-01 1.729885e-05
7.050000e-01 1.857192e-05
7.100000e-01 1.907349e-05
7.150000e-01 1.880178e-05
7.200000e-01 1.778145e-05
7.250000e-01 1.608213e-05
7.300000e-01 1.378015e-05
7.350000e-01 1.093959e-05
7.400000e-01 7.639464e-06
7.450000e-01 3.988275e-06
7.500000e-01 1.571976e-07
7.550000e-01 -3.667577e-06
7.600000e-01 -7.315966e-06
7.650000e-01 -1.063301e-05
7.700000e-01 -1.351564e-05
7.750000e-01 -1.588794e-05
7.800000e-01 -1.766995e-05
7.850000e-01 -1.877024e-05
7.900000e-01 -1.911111e-05
7.950000e-01 -1.865859e-05
8.000000e-01 -1.742278e-05
8.050000e-01 -1.547765e-05
8.100000e-01 -1.294713e-05
8.150000e-01 -9.947717e-06
8.200000e-01 -6.571293e-06
8.250000e-01 -2.917941e-06
8.300000e-01 8.843671e-07
8.350000e-01 4.682887e-06
8.400000e-01 8.304051e-06
8.450000e-01 1.157130e-05
8.500000e-01 1.433648e-05
8.550000e-01 1.650911e-05
8.600000e-01 1.803728e-05
8.650000e-01 1.887411e-05
8.700000e-01 1.898546e-05
8.750000e-01 1.835130e-05
8.800000e-01 1.696986e-05
8.850000e-01 1.487743e-05
8.900000e-01 1.216831e-05
8.950000e-01 8.981754e-06
9.000000e-01 5.461892e-06
9.050000e-01 1.748289e-06
9.100000e-01 -2.022634e-06
9.150000e-01 -5.719688e-06
9.200000e-01 -9.216580e-06
9.250000e-01 -1.237214e-05
9.300000e-01 -1.503408e-05
9.350000e-01 -1.708007e-05
9.400000e-01 -1.842299e-05
9.450000e-01 -1.900981e-05
9.500000e-01 -1.883602e-05
9.550000e-01 -1.793780e-05
9.600000e-01 -1.635888e-05
9.650000e-01 -1.413803e-05
9.700000e-01 -1.133615e-05
9.750000e-01 -8.053806e-06
9.800000e-01 -4.427802e-06
9.850000e-01 -6.199716e-07
9.900000e-01 3.190389e-06
9.950000e-01 6.834027e-06
1 1.018789e-05
1.005000e+00 1.315123e-05
1.010000e+00 1.562036e-05
1.015000e+00 1.749727e-05
1.020000e+00 1.868616e-05
1.025000e+00 1.910328e-05
1.030000e+00 1.871414e-05
1.035000e+00 1.755653e-05
1.040000e+00 1.571908e-05
1.045000e+00 1.329410e-05
1.050000e+00 1.036435e-05
1.055000e+00 7.026432e-06
1.060000e+00 3.386738e-06
1.065000e+00 -4.314740e-07
1.070000e+00 -4.256457e-06
1.075000e+00 -7.893102e-06
1.080000e+00 -1.117628e-05
1.085000e+00 -1.398565e-05
1.090000e+00 -1.623447e-05
1.095000e+00 -1.785966e-05
1.100000e+00 -1.881114e-05
1.105000e+00 -1.903650e-05
1.110000e+00 -1.848515e-05
1.115000e+00 -1.715859e-05
1.120000e+00 -1.512534e-05
1.125000e+00 -1.248611e-05
1.130000e+00 -9.368094e-06
1.135000e+00 -5.909585e-06
1.140000e+00 -2.235926e-06
1.145000e+00 1.537459e-06
1.150000e+00 5.280111e-06
1.155000e+00 8.835270e-06
1.160000e+00 1.204229e-05
1.165000e+00 1.475687e-05
1.170000e+00 1.685624e-05
1.175000e+00 1.825618e-05
1.180000e+00 1.892977e-05
1.185000e+00 1.887996e-05
1.190000e+00 1.811295e-05
1.195000e+00 1.664783e-05
1.200000e+00 1.453570e-05
1.205000e+00 1.184561e-05
1.210000e+00 8.652398e-06
1.215000e+00 5.054109e-06
1.220000e+00 1.140296e-06
1.225000e+00 -3.027507e-06
1.230000e+00 -7.393022e-06
1.235000e+00 -1.188408e-05
1.240000e+00 -1.638000e-05
1.245000e+00 -2.070342e-05
1.250000e+00 -2.463144e-05
1.255000e+00 -2.793534e-05
1.260000e+00 -3.045744e-05
1.265000e+00 -3.213663e-05
1.270000e+00 -3.296986e-05
1.275000e+00 -3.297230e-05
1.280000e+00 -3.215418e-05
1.285000e+00 -3.050511e-05
1.290000e+00 -2.799566e-05
1.295000e+00 -2.462722e-05
1.300000e+00 -2.045341e-05
1.305000e+00 -1.552899e-05
1.310000e+00 -9.890348e-06
1.315000e+00 -3.570207e-06
1.320000e+00 3.365016e-06
1.325000e+00 1.074463e-05
1.330000e+00 1.825857e-05
1.335000e+00 2.548768e-05
1.340000e+00 3.202039e-05
1.345000e+00 3.756034e-05
1.350000e+00 4.191216e-05
1.355000e+00 4.498023e-05
1.360000e+00 4.675526e-05
1.365000e+00 4.720007e-05
1.370000e+00 4.621092e-05
1.375000e+00 4.372396e-05
1.380000e+00 3.979290e-05
1.385000e+00 3.451871e-05
1.390000e+00 2.802937e-05
1.395000e+00 2.056235e-05
1.400000e+00 1.240636e-05
1.405000e+00 3.773498e-06
1.410000e+00 -5.139507e-06
1.415000e+00 -1.401182e-05
1.420000e+00 -2.240919e-05
1.425000e+00 -2.987335e-05
1.430000e+00 -3.602950e-05
1.435000e+00 -4.066840e-05
1.440000e+00 -4.369544e-05
1.445000e+00 -4.504748e-05
1.450000e+00 -4.467633e-05
1.455000e+00 -4.256321e-05
1.460000e+00 -3.876106e-05
1.465000e+00 -3.341686e-05
1.470000e+00 -2.672978e-05
1.475000e+00 -1.894619e-05
1.480000e+00 -1.039535e-05
1.485000e+00 -1.446417e-06
1.490000e+00 7.547530e-06
1.495000e+00 1.622850e-05
1.500000e+00 2.425272e-05
1.505000e+00 3.135008e-05
1.510000e+00 3.729386e-05
1.515000e+00 4.182070e-05
1.520000e+00 4.461892e-05
1.525000e+00 4.549197e-05
1.530000e+00 4.450597e-05
1.535000e+00 4.182623e-05
1.540000e+00 3.751458e-05
1.545000e+00 3.164964e-05
1.550000e+00 2.449129e-05
1.555000e+00 1.638516e-05
1.560000e+00 7.625252e-06
1.565000e+00 -1.503370e-06
1.570000e+00 -1.061626e-05
1.575000e+00 -1.929269e-05
1.580000e+00 -2.716150e-05
1.585000e+00 -3.387758e-05
1.590000e+00 -3.919121e-05
1.595000e+00 -4.297170e-05
1.600000e+00 -4.509521e-05
1.605000e+00 -4.542780e-05
1.610000e+00 -4.390761e-05
1.615000e+00 -4.056736e-05
1.620000e+00 -3.553412e-05
1.625000e+00 -2.907389e-05
1.630000e+00 -2.152679e-05
1.635000e+00 -1.318631e-05
1.640000e+00 -4.327221e-06
1.645000e+00 4.732225e-06
1.650000e+00 1.363495e-05
1.655000e+00 2.198771e-05
1.660000e+00 2.941768e-05
1.665000e+00 3.565329e-05
1.670000e+00 4.045543e-05
1.675000e+00 4.358251e-05
1.680000e+00 4.492730e-05
1.685000e+00 4.452000e-05
1.690000e+00 4.239749e-05
1.695000e+00 3.858669e-05
1.700000e+00 3.319721e-05
1.705000e+00 2.645969e-05
1.710000e+00 1.866574e-05
1.715000e+00 1.014072e-05
1.720000e+00 1.242335e-06
1.725000e+00 -7.649123e-06
1.730000e+00 -1.618146e-05
1.735000e+00 -2.407532e-05
1.740000e+00 -3.103824e-05
1.745000e+00 -3.676410e-05
1.750000e+00 -4.102129e-05
1.755000e+00 -4.361917e-05
1.760000e+00 -4.442460e-05
1.765000e+00 -4.344101e-05
1.770000e+00 -4.076108e-05
1.775000e+00 -3.648924e-05
1.780000e+00 -3.078689e-05
1.785000e+00 -2.389102e-05
1.790000e+00 -1.605191e-05
1.795000e+00 -7.552030e-06
1.800000e+00 1.273640e-06
1.805000e+00 1.003992e-05
1.810000e+00 1.834452e-05
1.815000e+00 2.585833e-05
1.820000e+00 3.232037e-05
1.825000e+00 3.750917e-05
1.830000e+00 4.124884e-05
1.835000e+00 4.337455e-05
1.840000e+00 4.376183e-05
1.845000e+00 4.238831e-05
1.850000e+00 3.929871e-05
1.855000e+00 3.462035e-05
1.860000e+00 2.859694e-05
1.865000e+00 2.149763e-05
1.870000e+00 1.359325e-05
1.875000e+00 5.167492e-06
1.880000e+00 -3.499478e-06
1.885000e+00 -1.206139e-05
1.890000e+00 -2.013276e-05
1.895000e+00 -2.738450e-05
1.900000e+00 -3.351337e-05
1.905000e+00 -3.825713e-05
1.910000e+00 -4.147417e-05
1.915000e+00 -4.308756e-05
1.920000e+00 -4.302715e-05
1.925000e+00 -4.127607e-05
1.930000e+00 -3.787965e-05
1.935000e+00 -3.294698e-05
1.940000e+00 -2.667530e-05
1.945000e+00 -1.934825e-05
1.950000e+00 -1.129794e-05
1.955000e+00 -2.842641e-06
1.960000e+00 5.704146e-06
1.965000e+00 1.401935e-05
1.970000e+00 2.179680e-05
1.975000e+00 2.873692e-05
1.980000e+00 3.454814e-05
1.985000e+00 3.896025e-05
1.990000e+00 4.177646e-05
1.995000e+00 4.291788e-05
2 4.237278e-05
2.005000e+00 4.016738e-05
2.010000e+00 3.638907e-05
2.015000e+00 3.119164e-05
2.020000e+00 2.476520e-05
2.025000e+00 1.732689e-05
2.030000e+00 9.160324e-06
2.035000e+00 6.317405e-07
2.040000e+00 -7.878277e-06
2.045000e+00 -1.603598e-05
2.050000e+00 -2.353445e-05
2.055000e+00 -3.010244e-05
2.060000e+00 -3.549910e-05
2.065000e+00 -3.950822e-05
2.070000e+00 -4.196817e-05
2.075000e+00 -4.274435e-05
2.080000e+00 -4.177866e-05
2.085000e+00 -3.912737e-05
2.090000e+00 -3.492193e-05
2.095000e+00 -2.937453e-05
2.100000e+00 -2.271049e-05
2.105000e+00 -1.515563e-05
2.110000e+00 -6.985352e-06
2.115000e+00 1.497201e-06
2.120000e+00 9.947014e-06
2.125000e+00 1.799448e-05
2.130000e+00 2.529300e-05
2.135000e+00 3.153740e-05
2.140000e+00 3.649647e-05
2.145000e+00 4.002912e-05
2.150000e+00 4.202426e-05
2.155000e+00 4.237250e-05
2.160000e+00 4.102955e-05
2.165000e+00 3.802641e-05
2.170000e+00 3.347730e-05
2.175000e+00 2.758832e-05
2.180000e+00 2.061802e-05
2.185000e+00 1.286457e-05
2.190000e+00 4.641556e-06
2.195000e+00 -3.749816e-06
2.200000e+00 -1.201785e-05
2.205000e+00 -1.985637e-05
2.210000e+00 -2.692481e-05
2.215000e+00 -3.288638e-05
2.220000e+00 -3.748940e-05
2.225000e+00 -4.058564e-05
2.230000e+00 -4.206984e-05
2.235000e+00 -4.189404e-05
2.240000e+00 -4.008444e-05
2.245000e+00 -3.670049e-05
2.250000e+00 -3.185686e-05
2.255000e+00 -2.572473e-05
2.260000e+00 -1.853866e-05
2.265000e+00 -1.060626e-05
2.270000e+00 -2.266597e-06
2.275000e+00 6.123754e-06
2.280000e+00 1.423011e-05
2.285000e+00 2.176682e-05
2.290000e+00 2.847001e-05
2.295000e+00 3.407188e-05
2.300000e+00 3.832161e-05
2.305000e+00 4.102946e-05
2.310000e+00 4.206864e-05
2.315000e+00 4.140188e-05
2.320000e+00 3.908996e-05
2.325000e+00 3.524724e-05
2.330000e+00 3.002988e-05
2.335000e+00 2.363721e-05
2.340000e+00 1.630911e-05
2.345000e+00 8.314664e-06
2.350000e+00 -4.637044e-08
2.355000e+00 -8.427214e-06
2.360000e+00 -1.645376e-05
2.365000e+00 -2.376864e-05
2.370000e+00 -3.009082e-05
2.375000e+00 -3.522226e-05
2.380000e+00 -3.899749e-05
2.385000e+00 -4.126337e-05
2.390000e+00 -4.188307e-05
2.395000e+00 -4.078965e-05
2.400000e+00 -3.803692e-05
2.405000e+00 -3.376087e-05
2.410000e+00 -2.814276e-05
2.415000e+00 -2.142491e-05
2.420000e+00 -1.388910e-05
2.425000e+00 -5.830072e-06
2.430000e+00 2.454312e-06
2.435000e+00 1.067251e-05
2.440000e+00 1.849191e-05
2.445000e+00 2.556105e-05
2.450000e+00 3.156725e-05
2.455000e+00 3.625498e-05
2.460000e+00 3.947616e-05
2.465000e+00 4.115770e-05
2.470000e+00 4.124162e-05
2.475000e+00 3.970299e-05
2.480000e+00 3.657464e-05
2.485000e+00 3.196724e-05
2.490000e+00 2.606957e-05
2.495000e+00 1.913959e-05
2.500000e+00 1.149133e-05
2.505000e+00 3.442705e-06
2.510000e+00 -4.724578e-06
2.515000e+00 -1.275619e-05
2.520000e+00 -2.042549e-05
2.525000e+00 -2.753637e-05
2.530000e+00 -3.389114e-05
2.535000e+00 -3.928905e-05
2.540000e+00 -4.353743e-05
2.545000e+00 -4.646690e-05
2.550000e+00 -4.796595e-05
2.555000e+00 -4.797482e-05
2.560000e+00 -4.648172e-05
2.565000e+00 -4.353306e-05
2.570000e+00 -3.924188e-05
2.575000e+00 -3.378934e-05
2.580000e+00 -2.742498e-05
2.585000e+00 -2.043845e-05
2.590000e+00 -1.307697e-05
2.595000e+00 -5.537054e-06
2.600000e+00 2.027205e-06
2.605000e+00 9.516635e-06
2.610000e+00 1.683068e-05
2.615000e+00 2.382802e-05
2.620000e+00 3.032526e-05
2.625000e+00 3.610876e-05
2.630000e+00 4.093951e-05
2.635000e+00 4.457819e-05
2.640000e+00 4.683252e-05
2.645000e+00 4.757148e-05
2.650000e+00 4.675244e-05
2.655000e+00 4.442018e-05
2.660000e+00 4.070065e-05
2.665000e+00 3.580241e-05
2.670000e+00 2.995716e-05
2.675000e+00 2.338649e-05
2.680000e+00 1.627592e-05
2.685000e+00 8.768183e-06
2.690000e+00 1.023901e-06
2.695000e+00 -6.730025e-06
2.700000e+00 -1.420487e-05
2.705000e+00 -2.110891e-05
2.710000e+00 -2.718040e-05
2.715000e+00 -3.219536e-05
2.720000e+00 -3.595514e-05
2.725000e+00 -3.829013e-05
2.730000e+00 -3.909519e-05
2.735000e+00 -3.829947e-05
2.740000e+00 -3.590858e-05
2.745000e+00 -3.205305e-05
2.750000e+00 -2.693393e-05
2.755000e+00 -2.080022e-05
2.760000e+00 -1.392196e-05
2.765000e+00 -6.560981e-06
2.770000e+00 1.036306e-06
2.775000e+00 8.615575e-06
2.780000e+00 1.588399e-05
2.785000e+00 2.252479e-05
2.790000e+00 2.824062e-05
2.795000e+00 3.280203e-05
2.800000e+00 3.603801e-05
2.805000e+00 3.784122e-05
2.810000e+00 3.816947e-05
2.815000e+00 3.700404e-05
2.820000e+00 3.437366e-05
2.825000e+00 3.036617e-05
2.830000e+00 2.512804e-05
2.835000e+00 1.887012e-05
2.840000e+00 1.184885e-05
2.845000e+00 4.364427e-06
2.850000e+00 -3.285664e-06
2.855000e+00 -1.082102e-05
2.860000e+00 -1.793606e-05
2.865000e+00 -2.432159e-05
2.870000e+00 -2.971631e-05
2.875000e+00 -3.393990e-05
2.880000e+00 -3.684979e-05
2.885000e+00 -3.830210e-05
2.890000e+00 -3.821303e-05
2.895000e+00 -3.657026e-05
2.900000e+00 -3.341255e-05
2.905000e+00 -2.887394e-05
2.910000e+00 -2.320177e-05
2.915000e+00 -1.668099e-05
2.920000e+00 -9.538338e-06
2.925000e+00 -1.965339e-06
2.930000e+00 5.760635e-06
2.935000e+00 1.326445e-05
2.940000e+00 2.020162e-05
2.945000e+00 2.630122e-05
2.950000e+00 3.132784e-05
2.955000e+00 3.508628e-05
2.960000e+00 3.742968e-05
2.965000e+00 3.826987e-05
2.970000e+00 3.759773e-05
2.975000e+00 3.547244e-05
2.980000e+00 3.195347e-05
2.985000e+00 2.710614e-05
2.990000e+00 2.111213e-05
2.995000e+00 1.427312e-05
3 6.923898e-06
