T X
0 0
5.000000e-03 1.791683e-07
1.000000e-02 7.786333e-07
1.500000e-02 1.777072e-06
2.000000e-02 3.067654e-06
2.500000e-02 4.578546e-06
3.000000e-02 6.251004e-06
3.500000e-02 8.054797e-06
4.000000e-02 9.959710e-06
4.500000e-02 1.189956e-05
5.000000e-02 1.376692e-05
5.500000e-02 1.546749e-05
6.000000e-02 1.692423e-05
6.500000e-02 1.809198e-05
7.000000e-02 1.894624e-05
7.500000e-02 1.946878e-05
8.000000e-02 1.961448e-05
8.500000e-02 1.929118e-05
9.000000e-02 1.840245e-05
9.500000e-02 1.686254e-05
1.000000e-01 1.463380e-05
1.050000e-01 1.176433e-05
1.100000e-01 8.399425e-06
1.150000e-01 4.730526e-06
1.200000e-01 9.131958e-07
1.250000e-01 -2.933660e-06
1.300000e-01 -6.703026e-06
1.350000e-01 -1.024003e-05
1.400000e-01 -1.335362e-05
1.450000e-01 -1.590159e-05
1.500000e-01 -1.782137e-05
1.550000e-01 -1.907295e-05
1.600000e-01 -1.958401e-05
1.650000e-01 -1.933687e-05
1.700000e-01 -1.836084e-05
1.750000e-01 -1.666096e-05
1.800000e-01 -1.426436e-05
1.850000e-01 -1.129004e-05
1.900000e-01 -7.916022e-06
1.950000e-01 -4.257110e-06
2.000000e-01 -4.131603e-07
2.050000e-01 3.466034e-06
2.100000e-01 7.234210e-06
2.150000e-01 1.074225e-05
2.200000e-01 1.381089e-05
2.250000e-01 1.628310e-05
2.300000e-01 1.809345e-05
2.350000e-01 1.920695e-05
2.400000e-01 1.958334e-05
2.450000e-01 1.921558e-05
2.500000e-01 1.809757e-05
2.550000e-01 1.622124e-05
2.600000e-01 1.365867e-05
2.650000e-01 1.055831e-05
2.700000e-01 7.059059e-06
2.750000e-01 3.310196e-06
2.800000e-01 -5.468084e-07
2.850000e-01 -4.411593e-06
2.900000e-01 -8.147988e-06
2.950000e-01 -1.157943e-05
3.000000e-01 -1.453227e-05
3.050000e-01 -1.686683e-05
3.100000e-01 -1.850352e-05
3.150000e-01 -1.941570e-05
3.200000e-01 -1.959348e-05
3.250000e-01 -1.902294e-05
3.300000e-01 -1.769380e-05
3.350000e-01 -1.561973e-05
3.400000e-01 -1.289556e-05
3.450000e-01 -9.667100e-06
3.500000e-01 -6.074480e-06
3.550000e-01 -2.263099e-06
3.600000e-01 1.631671e-06
3.650000e-01 5.479762e-06
3.700000e-01 9.135293e-06
3.750000e-01 1.243847e-05
3.800000e-01 1.523796e-05
3.850000e-01 1.740939e-05
3.900000e-01 1.887208e-05
3.950000e-01 1.958344e-05
4.000000e-01 1.952424e-05
4.050000e-01 1.870771e-05
4.100000e-01 1.715399e-05
4.150000e-01 1.490723e-05
4.200000e-01 1.205304e-05
4.250000e-01 8.703115e-06
4.300000e-01 5.004615e-06
4.350000e-01 1.120405e-06
4.400000e-01 -2.782074e-06
4.450000e-01 -6.561307e-06
4.500000e-01 -1.010026e-05
4.550000e-01 -1.326151e-05
4.600000e-01 -1.591138e-05
4.650000e-01 -1.792089e-05
4.700000e-01 -1.918122e-05
4.750000e-01 -1.965196e-05
4.800000e-01 -1.934611e-05
4.850000e-01 -1.829722e-05
4.900000e-01 -1.654690e-05
4.950000e-01 -1.414559e-05
5.000000e-01 -1.115071e-05
5.050000e-01 -7.665763e-06
5.100000e-01 -3.868863e-06
5.150000e-01 4.616951e-08
5.200000e-01 3.920695e-06
5.250000e-01 7.622253e-06
5.300000e-01 1.104414e-05
5.350000e-01 1.407446e-05
5.400000e-01 1.656131e-05
5.450000e-01 1.836541e-05
5.500000e-01 1.939559e-05
5.550000e-01 1.962970e-05
5.600000e-01 1.909628e-05
5.650000e-01 1.783617e-05
5.700000e-01 1.589842e-05
5.750000e-01 1.331837e-05
5.800000e-01 1.016725e-05
5.850000e-01 6.577846e-06
5.900000e-01 2.729848e-06
5.950000e-01 -1.188080e-06
6.000000e-01 -5.036063e-06
6.050000e-01 -8.677315e-06
6.100000e-01 -1.199052e-05
6.150000e-01 -1.486035e-05
6.200000e-01 -1.714300e-05
6.250000e-01 -1.872529e-05
6.300000e-01 -1.953783e-05
6.350000e-01 -1.955923e-05
6.400000e-01 -1.880670e-05
6.450000e-01 -1.732556e-05
6.500000e-01 -1.517269e-05
6.550000e-01 -1.241078e-05
6.600000e-01 -9.138795e-06
6.650000e-01 -5.488038e-06
6.700000e-01 -1.610726e-06
6.750000e-01 2.328614e-06
6.800000e-01 6.155498e-06
6.850000e-01 9.721220e-06
6.900000e-01 1.290198e-05
6.950000e-01 1.557804e-05
7.000000e-01 1.764960e-05
7.050000e-01 1.902803e-05
7.100000e-01 1.964314e-05
7.150000e-01 1.944870e-05
7.200000e-01 1.845624e-05
7.250000e-01 1.673591e-05
7.300000e-01 1.437637e-05
7.350000e-01 1.147095e-05
7.400000e-01 8.104270e-06
7.450000e-01 4.390578e-06
7.500000e-01 4.715097e-07
7.550000e-01 -3.481163e-06
7.600000e-01 -7.265067e-06
7.650000e-01 -1.072297e-05
7.700000e-01 -1.374081e-05
7.750000e-01 -1.623032e-05
7.800000e-01 -1.811419e-05
7.850000e-01 -1.929809e-05
7.900000e-01 -1.969221e-05
7.950000e-01 -1.925525e-05
8.000000e-01 -1.802565e-05
8.050000e-01 -1.609288e-05
8.100000e-01 -1.356158e-05
8.150000e-01 -1.051850e-05
8.200000e-01 -7.045181e-06
8.250000e-01 -3.257121e-06
8.300000e-01 6.971097e-07
8.350000e-01 4.620598e-06
8.400000e-01 8.323807e-06
8.450000e-01 1.166493e-05
8.500000e-01 1.453552e-05
8.550000e-01 1.685594e-05
8.600000e-01 1.853951e-05
8.650000e-01 1.949421e-05
8.700000e-01 1.964458e-05
8.750000e-01 1.897808e-05
8.800000e-01 1.754788e-05
8.850000e-01 1.543194e-05
8.900000e-01 1.272431e-05
8.950000e-01 9.524473e-06
9.000000e-01 5.940638e-06
9.050000e-01 2.096874e-06
9.100000e-01 -1.846508e-06
9.150000e-01 -5.714203e-06
9.200000e-01 -9.341695e-06
9.250000e-01 -1.258084e-05
9.300000e-01 -1.531265e-05
9.350000e-01 -1.743723e-05
9.400000e-01 -1.888486e-05
9.450000e-01 -1.959373e-05
9.500000e-01 -1.951882e-05
9.550000e-01 -1.865823e-05
9.600000e-01 -1.703609e-05
9.650000e-01 -1.472320e-05
9.700000e-01 -1.182803e-05
9.750000e-01 -8.480786e-06
9.800000e-01 -4.815548e-06
9.850000e-01 -9.570918e-07
9.900000e-01 2.960137e-06
9.950000e-01 6.786734e-06
1 1.034974e-05
1.005000e+00 1.347530e-05
1.010000e+00 1.602969e-05
1.015000e+00 1.793760e-05
1.020000e+00 1.915123e-05
1.025000e+00 1.963216e-05
1.030000e+00 1.935389e-05
1.035000e+00 1.828820e-05
1.040000e+00 1.645381e-05
1.045000e+00 1.393760e-05
1.050000e+00 1.087653e-05
1.055000e+00 7.424908e-06
1.060000e+00 3.704543e-06
1.065000e+00 -1.715138e-07
1.070000e+00 -4.078199e-06
1.075000e+00 -7.859344e-06
1.080000e+00 -1.132347e-05
1.085000e+00 -1.429846e-05
1.090000e+00 -1.666663e-05
1.095000e+00 -1.837008e-05
1.100000e+00 -1.937241e-05
1.105000e+00 -1.963491e-05
1.110000e+00 -1.912620e-05
1.115000e+00 -1.783213e-05
1.120000e+00 -1.578807e-05
1.125000e+00 -1.310135e-05
1.130000e+00 -9.916892e-06
1.135000e+00 -6.366736e-06
1.140000e+00 -2.577612e-06
1.145000e+00 1.325442e-06
1.150000e+00 5.206193e-06
1.155000e+00 8.897064e-06
1.160000e+00 1.222615e-05
1.165000e+00 1.504495e-05
1.170000e+00 1.724740e-05
1.175000e+00 1.875943e-05
1.180000e+00 1.953529e-05
1.185000e+00 1.955272e-05
1.190000e+00 1.880744e-05
1.195000e+00 1.732489e-05
1.200000e+00 1.516204e-05
1.205000e+00 1.240883e-05
1.210000e+00 9.158552e-06
1.215000e+00 5.499960e-06
1.220000e+00 1.507209e-06
1.225000e+00 -2.776866e-06
1.230000e+00 -7.304350e-06
1.235000e+00 -1.198365e-05
1.240000e+00 -1.666043e-05
1.245000e+00 -2.112577e-05
1.250000e+00 -2.513766e-05
1.255000e+00 -2.848227e-05
1.260000e+00 -3.103457e-05
1.265000e+00 -3.275370e-05
1.270000e+00 -3.363462e-05
1.275000e+00 -3.365840e-05
1.280000e+00 -3.279781e-05
1.285000e+00 -3.103587e-05
1.290000e+00 -2.839640e-05
1.295000e+00 -2.494628e-05
1.300000e+00 -2.074587e-05
1.305000e+00 -1.581363e-05
1.310000e+00 -1.011173e-05
1.315000e+00 -3.616290e-06
1.320000e+00 3.582078e-06
1.325000e+00 1.121090e-05
1.330000e+00 1.885546e-05
1.335000e+00 2.610709e-05
1.340000e+00 3.262392e-05
1.345000e+00 3.814970e-05
1.350000e+00 4.254085e-05
1.355000e+00 4.571922e-05
1.360000e+00 4.756875e-05
1.365000e+00 4.794419e-05
1.370000e+00 4.681215e-05
1.375000e+00 4.422328e-05
1.380000e+00 4.019638e-05
1.385000e+00 3.477882e-05
1.390000e+00 2.814085e-05
1.395000e+00 2.051724e-05
1.400000e+00 1.212251e-05
1.405000e+00 3.192843e-06
1.410000e+00 -5.979871e-06
1.415000e+00 -1.502489e-05
1.420000e+00 -2.347456e-05
1.425000e+00 -3.089044e-05
1.430000e+00 -3.697539e-05
1.435000e+00 -4.154884e-05
1.440000e+00 -4.449690e-05
1.445000e+00 -4.572856e-05
1.450000e+00 -4.516343e-05
1.455000e+00 -4.279269e-05
1.460000e+00 -3.870480e-05
1.465000e+00 -3.306516e-05
1.470000e+00 -2.612693e-05
1.475000e+00 -1.818583e-05
1.480000e+00 -9.540833e-06
1.485000e+00 -5.246572e-07
1.490000e+00 8.481338e-06
1.495000e+00 1.708964e-05
1.500000e+00 2.499770e-05
1.505000e+00 3.198615e-05
1.510000e+00 3.778733e-05
1.515000e+00 4.204074e-05
1.520000e+00 4.451525e-05
1.525000e+00 4.523422e-05
1.530000e+00 4.424483e-05
1.535000e+00 4.150965e-05
1.540000e+00 3.708331e-05
1.545000e+00 3.119320e-05
1.550000e+00 2.409480e-05
1.555000e+00 1.603152e-05
1.560000e+00 7.331219e-06
1.565000e+00 -1.655673e-06
1.570000e+00 -1.060864e-05
1.575000e+00 -1.915352e-05
1.580000e+00 -2.689592e-05
1.585000e+00 -3.355833e-05
1.590000e+00 -3.893639e-05
1.595000e+00 -4.280754e-05
1.600000e+00 -4.500393e-05
1.605000e+00 -4.542743e-05
1.610000e+00 -4.400733e-05
1.615000e+00 -4.078693e-05
1.620000e+00 -3.596347e-05
1.625000e+00 -2.975695e-05
1.630000e+00 -2.236577e-05
1.635000e+00 -1.403726e-05
1.640000e+00 -5.076015e-06
1.645000e+00 4.128969e-06
1.650000e+00 1.313139e-05
1.655000e+00 2.157397e-05
1.660000e+00 2.918834e-05
1.665000e+00 3.567503e-05
1.670000e+00 4.074134e-05
1.675000e+00 4.419162e-05
1.680000e+00 4.588297e-05
1.685000e+00 4.571640e-05
1.690000e+00 4.369522e-05
1.695000e+00 3.991847e-05
1.700000e+00 3.456743e-05
1.705000e+00 2.784752e-05
1.710000e+00 1.997292e-05
1.715000e+00 1.126394e-05
1.720000e+00 2.102356e-06
1.725000e+00 -7.161588e-06
1.730000e+00 -1.614788e-05
1.735000e+00 -2.446215e-05
1.740000e+00 -3.179907e-05
1.745000e+00 -3.788087e-05
1.750000e+00 -4.242336e-05
1.755000e+00 -4.524827e-05
1.760000e+00 -4.627327e-05
1.765000e+00 -4.543812e-05
1.770000e+00 -4.276006e-05
1.775000e+00 -3.836353e-05
1.780000e+00 -3.242602e-05
1.785000e+00 -2.518671e-05
1.790000e+00 -1.694734e-05
1.795000e+00 -8.045288e-06
1.800000e+00 1.172279e-06
1.805000e+00 1.036159e-05
1.810000e+00 1.914213e-05
1.815000e+00 2.714210e-05
1.820000e+00 3.403966e-05
1.825000e+00 3.954037e-05
1.830000e+00 4.343886e-05
1.835000e+00 4.562109e-05
1.840000e+00 4.598936e-05
1.845000e+00 4.449823e-05
1.850000e+00 4.121066e-05
1.855000e+00 3.625856e-05
1.860000e+00 2.984745e-05
1.865000e+00 2.227118e-05
1.870000e+00 1.384726e-05
1.875000e+00 4.894311e-06
1.880000e+00 -4.261114e-06
1.885000e+00 -1.326250e-05
1.890000e+00 -2.172650e-05
1.895000e+00 -2.929814e-05
1.900000e+00 -3.566476e-05
1.905000e+00 -4.058097e-05
1.910000e+00 -4.388182e-05
1.915000e+00 -4.545273e-05
1.920000e+00 -4.522530e-05
1.925000e+00 -4.318047e-05
1.930000e+00 -3.938090e-05
1.935000e+00 -3.401014e-05
1.940000e+00 -2.730376e-05
1.945000e+00 -1.951932e-05
1.950000e+00 -1.099390e-05
1.955000e+00 -2.060213e-06
1.960000e+00 6.976696e-06
1.965000e+00 1.573775e-05
1.970000e+00 2.384212e-05
1.975000e+00 3.097543e-05
1.980000e+00 3.685512e-05
1.985000e+00 4.125796e-05
1.990000e+00 4.402818e-05
1.995000e+00 4.505404e-05
2 4.428836e-05
2.005000e+00 4.176247e-05
2.010000e+00 3.757358e-05
2.015000e+00 3.188987e-05
2.020000e+00 2.494763e-05
2.025000e+00 1.702179e-05
2.030000e+00 8.428802e-06
2.035000e+00 -4.792663e-07
2.040000e+00 -9.357817e-06
2.045000e+00 -1.785955e-05
2.050000e+00 -2.563900e-05
2.055000e+00 -3.239815e-05
2.060000e+00 -3.786591e-05
2.065000e+00 -4.181193e-05
2.070000e+00 -4.408694e-05
2.075000e+00 -4.460125e-05
2.080000e+00 -4.335782e-05
2.085000e+00 -4.042896e-05
2.090000e+00 -3.589433e-05
2.095000e+00 -2.991845e-05
2.100000e+00 -2.275358e-05
2.105000e+00 -1.468403e-05
2.110000e+00 -6.041502e-06
2.115000e+00 2.813754e-06
2.120000e+00 1.153397e-05
2.125000e+00 1.980218e-05
2.130000e+00 2.731247e-05
2.135000e+00 3.374819e-05
2.140000e+00 3.881492e-05
2.145000e+00 4.231123e-05
2.150000e+00 4.412281e-05
2.155000e+00 4.418613e-05
2.160000e+00 4.251393e-05
2.165000e+00 3.918103e-05
2.170000e+00 3.429776e-05
2.175000e+00 2.802763e-05
2.180000e+00 2.062198e-05
2.185000e+00 1.241377e-05
2.190000e+00 3.747529e-06
2.195000e+00 -5.050935e-06
2.200000e+00 -1.365397e-05
2.205000e+00 -2.173462e-05
2.210000e+00 -2.896849e-05
2.215000e+00 -3.504154e-05
2.220000e+00 -3.970965e-05
2.225000e+00 -4.279371e-05
2.230000e+00 -4.416264e-05
2.235000e+00 -4.378694e-05
2.240000e+00 -4.169822e-05
2.245000e+00 -3.795690e-05
2.250000e+00 -3.269436e-05
2.255000e+00 -2.612118e-05
2.260000e+00 -1.851654e-05
2.265000e+00 -1.018973e-05
2.270000e+00 -1.465502e-06
2.275000e+00 7.315438e-06
2.280000e+00 1.580739e-05
2.285000e+00 2.366849e-05
2.290000e+00 3.058855e-05
2.295000e+00 3.630113e-05
2.300000e+00 4.058188e-05
2.305000e+00 4.324218e-05
2.310000e+00 4.417004e-05
2.315000e+00 4.335213e-05
2.320000e+00 4.081789e-05
2.325000e+00 3.665329e-05
2.330000e+00 3.103438e-05
2.335000e+00 2.419893e-05
2.340000e+00 1.640411e-05
2.345000e+00 7.932630e-06
2.350000e+00 -8.693452e-07
2.355000e+00 -9.619549e-06
2.360000e+00 -1.795633e-05
2.365000e+00 -2.556895e-05
2.370000e+00 -3.218565e-05
2.375000e+00 -3.754656e-05
2.380000e+00 -4.141670e-05
2.385000e+00 -4.362940e-05
2.390000e+00 -4.409882e-05
2.395000e+00 -4.280838e-05
2.400000e+00 -3.981546e-05
2.405000e+00 -3.524937e-05
2.410000e+00 -2.930574e-05
2.415000e+00 -2.220557e-05
2.420000e+00 -1.418883e-05
2.425000e+00 -5.581141e-06
2.430000e+00 3.233670e-06
2.435000e+00 1.188390e-05
2.440000e+00 2.002308e-05
2.445000e+00 2.735279e-05
2.450000e+00 3.361734e-05
2.455000e+00 3.856522e-05
2.460000e+00 4.196662e-05
2.465000e+00 4.367459e-05
2.470000e+00 4.364436e-05
2.475000e+00 4.188682e-05
2.480000e+00 3.846841e-05
2.485000e+00 3.354261e-05
2.490000e+00 2.730888e-05
2.495000e+00 2.000445e-05
2.500000e+00 1.192130e-05
2.505000e+00 3.377415e-06
2.510000e+00 -5.302131e-06
2.515000e+00 -1.381704e-05
2.520000e+00 -2.191662e-05
2.525000e+00 -2.938796e-05
2.530000e+00 -3.603063e-05
2.535000e+00 -4.164271e-05
2.540000e+00 -4.603305e-05
2.545000e+00 -4.902914e-05
2.550000e+00 -5.049913e-05
2.555000e+00 -5.036066e-05
2.560000e+00 -4.859192e-05
2.565000e+00 -4.526873e-05
2.570000e+00 -4.055298e-05
2.575000e+00 -3.467955e-05
2.580000e+00 -2.792792e-05
2.585000e+00 -2.054537e-05
2.590000e+00 -1.273348e-05
2.595000e+00 -4.688687e-06
2.600000e+00 3.401862e-06
2.605000e+00 1.137168e-05
2.610000e+00 1.905673e-05
2.615000e+00 2.630042e-05
2.620000e+00 3.293955e-05
2.625000e+00 3.876786e-05
2.630000e+00 4.354436e-05
2.635000e+00 4.703975e-05
2.640000e+00 4.906651e-05
2.645000e+00 4.948034e-05
2.650000e+00 4.823725e-05
2.655000e+00 4.543364e-05
2.660000e+00 4.126281e-05
2.665000e+00 3.594689e-05
2.670000e+00 2.968560e-05
2.675000e+00 2.265940e-05
2.680000e+00 1.503887e-05
2.685000e+00 7.018722e-06
2.690000e+00 -1.159422e-06
2.695000e+00 -9.223576e-06
2.700000e+00 -1.687129e-05
2.705000e+00 -2.380312e-05
2.710000e+00 -2.977325e-05
2.715000e+00 -3.461677e-05
2.720000e+00 -3.819401e-05
2.725000e+00 -4.031942e-05
2.730000e+00 -4.081910e-05
2.735000e+00 -3.959994e-05
2.740000e+00 -3.668790e-05
2.745000e+00 -3.226874e-05
2.750000e+00 -2.662888e-05
2.755000e+00 -2.004132e-05
2.760000e+00 -1.273803e-05
2.765000e+00 -4.948202e-06
2.770000e+00 3.076299e-06
2.775000e+00 1.103493e-05
2.780000e+00 1.856394e-05
2.785000e+00 2.529531e-05
2.790000e+00 3.094506e-05
2.795000e+00 3.532770e-05
2.800000e+00 3.832465e-05
2.805000e+00 3.985884e-05
2.810000e+00 3.987533e-05
2.815000e+00 3.833431e-05
2.820000e+00 3.522872e-05
2.825000e+00 3.065610e-05
2.830000e+00 2.483183e-05
2.835000e+00 1.803247e-05
2.840000e+00 1.056053e-05
2.845000e+00 2.694020e-06
2.850000e+00 -5.288525e-06
2.855000e+00 -1.307919e-05
2.860000e+00 -2.037893e-05
2.865000e+00 -2.689187e-05
2.870000e+00 -3.233726e-05
2.875000e+00 -3.647540e-05
2.880000e+00 -3.915050e-05
2.885000e+00 -4.028772e-05
2.890000e+00 -3.982158e-05
2.895000e+00 -3.774040e-05
2.900000e+00 -3.415126e-05
2.905000e+00 -2.922872e-05
2.910000e+00 -2.314067e-05
2.915000e+00 -1.608640e-05
2.920000e+00 -8.366419e-06
2.925000e+00 -3.226621e-07
2.930000e+00 7.708813e-06
2.935000e+00 1.540190e-05
2.940000e+00 2.248572e-05
2.945000e+00 2.872252e-05
2.950000e+00 3.383659e-05
2.955000e+00 3.755921e-05
2.960000e+00 3.973430e-05
2.965000e+00 4.031367e-05
2.970000e+00 3.931045e-05
2.975000e+00 3.677492e-05
2.980000e+00 3.278721e-05
2.985000e+00 2.747088e-05
2.990000e+00 2.100836e-05
2.995000e+00 1.368277e-05
3 5.862730e-06
