T X
0 0
5.000000e-03 -8.634906e-09
1.000000e-02 1.293045e-08
1.500000e-02 2.358347e-07
2.000000e-02 2.423066e-06
2.500000e-02 1.660368e-05
3.000000e-02 8.339014e-05
3.500000e-02 3.200588e-04
4.000000e-02 9.575105e-04
4.500000e-02 2.262840e-03
5.000000e-02 4.262535e-03
5.500000e-02 6.476347e-03
6.000000e-02 8.156046e-03
6.500000e-02 9.032882e-03
7.000000e-02 9.569312e-03
7.500000e-02 1.010310e-02
8.000000e-02 1.023453e-02
8.500000e-02 9.656127e-03
9.000000e-02 8.770139e-03
9.500000e-02 7.769219e-03
1.000000e-01 6.297291e-03
1.050000e-01 4.454478e-03
1.100000e-01 2.639026e-03
1.150000e-01 6.949848e-04
1.200000e-01 -1.407364e-03
1.250000e-01 -3.286078e-03
1.300000e-01 -5.015534e-03
1.350000e-01 -6.679126e-03
1.400000e-01 -7.991199e-03
1.450000e-01 -9.043423e-03
1.500000e-01 -9.862357e-03
1.550000e-01 -1.015865e-02
1.600000e-01 -1.004573e-02
1.650000e-01 -9.555690e-03
1.700000e-01 -8.582055e-03
1.750000e-01 -7.383502e-03
1.800000e-01 -5.937184e-03
1.850000e-01 -4.144299e-03
1.900000e-01 -2.233120e-03
1.950000e-01 -2.245158e-04
2.000000e-01 1.803404e-03
2.050000e-01 3.717963e-03
2.100000e-01 5.562508e-03
2.150000e-01 7.148378e-03
2.200000e-01 8.390725e-03
2.250000e-01 9.332121e-03
2.300000e-01 9.893447e-03
2.350000e-01 1.012190e-02
2.400000e-01 9.923948e-03
2.450000e-01 9.290752e-03
2.500000e-01 8.348165e-03
2.550000e-01 7.005118e-03
2.600000e-01 5.380129e-03
2.650000e-01 3.576299e-03
2.700000e-01 1.631201e-03
2.750000e-01 -3.338203e-04
2.800000e-01 -2.364637e-03
2.850000e-01 -4.275177e-03
2.900000e-01 -5.994310e-03
2.950000e-01 -7.543188e-03
3.000000e-01 -8.722426e-03
3.050000e-01 -9.562086e-03
3.100000e-01 -1.002062e-02
3.150000e-01 -1.008134e-02
3.200000e-01 -9.753884e-03
3.250000e-01 -9.023674e-03
3.300000e-01 -7.987748e-03
3.350000e-01 -6.573791e-03
3.400000e-01 -4.899959e-03
3.450000e-01 -3.041288e-03
3.500000e-01 -1.038150e-03
3.550000e-01 9.682246e-04
3.600000e-01 2.944470e-03
3.650000e-01 4.779966e-03
3.700000e-01 6.476197e-03
3.750000e-01 7.890424e-03
3.800000e-01 8.980800e-03
3.850000e-01 9.761497e-03
3.900000e-01 1.010340e-02
3.950000e-01 1.004444e-02
4.000000e-01 9.580008e-03
4.050000e-01 8.748524e-03
4.100000e-01 7.567506e-03
4.150000e-01 6.099002e-03
4.200000e-01 4.381457e-03
4.250000e-01 2.477560e-03
4.300000e-01 4.881866e-04
4.350000e-01 -1.560189e-03
4.400000e-01 -3.512439e-03
4.450000e-01 -5.317127e-03
4.500000e-01 -6.933290e-03
4.550000e-01 -8.245606e-03
4.600000e-01 -9.220103e-03
4.650000e-01 -9.865215e-03
4.700000e-01 -1.012401e-02
4.750000e-01 -9.967238e-03
4.800000e-01 -9.403406e-03
4.850000e-01 -8.450412e-03
4.900000e-01 -7.169229e-03
4.950000e-01 -5.597161e-03
5.000000e-01 -3.823161e-03
5.050000e-01 -1.894503e-03
5.100000e-01 1.030179e-04
5.150000e-01 2.109505e-03
5.200000e-01 4.045277e-03
5.250000e-01 5.810444e-03
5.300000e-01 7.374355e-03
5.350000e-01 8.592752e-03
5.400000e-01 9.462192e-03
5.450000e-01 9.978808e-03
5.500000e-01 1.008783e-02
5.550000e-01 9.823468e-03
5.600000e-01 9.160656e-03
5.650000e-01 8.126745e-03
5.700000e-01 6.759649e-03
5.750000e-01 5.108062e-03
5.800000e-01 3.264108e-03
5.850000e-01 1.293620e-03
5.900000e-01 -7.099822e-04
5.950000e-01 -2.695479e-03
6.000000e-01 -4.569958e-03
6.050000e-01 -6.257163e-03
6.100000e-01 -7.741017e-03
6.150000e-01 -8.894932e-03
6.200000e-01 -9.677123e-03
6.250000e-01 -1.006960e-02
6.300000e-01 -1.006218e-02
6.350000e-01 -9.659246e-03
6.400000e-01 -8.872824e-03
6.450000e-01 -7.745374e-03
6.500000e-01 -6.307337e-03
6.550000e-01 -4.615419e-03
6.600000e-01 -2.703390e-03
6.650000e-01 -7.028502e-04
6.700000e-01 1.334874e-03
6.750000e-01 3.319313e-03
6.800000e-01 5.146993e-03
6.850000e-01 6.775803e-03
6.900000e-01 8.103429e-03
6.950000e-01 9.155834e-03
7.000000e-01 9.839779e-03
7.050000e-01 1.010231e-02
7.100000e-01 9.989183e-03
7.150000e-01 9.458440e-03
7.200000e-01 8.548661e-03
7.250000e-01 7.309016e-03
7.300000e-01 5.794878e-03
7.350000e-01 4.047583e-03
7.400000e-01 2.141425e-03
7.450000e-01 1.643995e-04
7.500000e-01 -1.863247e-03
7.550000e-01 -3.819937e-03
7.600000e-01 -5.622792e-03
7.650000e-01 -7.187352e-03
7.700000e-01 -8.442266e-03
7.750000e-01 -9.386858e-03
7.800000e-01 -9.939739e-03
7.850000e-01 -1.011377e-02
7.900000e-01 -9.893884e-03
7.950000e-01 -9.274246e-03
8.000000e-01 -8.280937e-03
8.050000e-01 -6.926503e-03
8.100000e-01 -5.314445e-03
8.150000e-01 -3.490506e-03
8.200000e-01 -1.533120e-03
8.250000e-01 4.651664e-04
8.300000e-01 2.439666e-03
8.350000e-01 4.341127e-03
8.400000e-01 6.091696e-03
8.450000e-01 7.573927e-03
8.500000e-01 8.763166e-03
8.550000e-01 9.589228e-03
8.600000e-01 1.002355e-02
8.650000e-01 1.007761e-02
8.700000e-01 9.712267e-03
8.750000e-01 8.992105e-03
8.800000e-01 7.918731e-03
8.850000e-01 6.502628e-03
8.900000e-01 4.839077e-03
8.950000e-01 2.963043e-03
9.000000e-01 9.667947e-04
9.050000e-01 -1.055320e-03
9.100000e-01 -3.026867e-03
9.150000e-01 -4.869170e-03
9.200000e-01 -6.536298e-03
9.250000e-01 -7.943602e-03
9.300000e-01 -9.040694e-03
9.350000e-01 -9.776038e-03
9.400000e-01 -1.011482e-02
9.450000e-01 -1.004942e-02
9.500000e-01 -9.558736e-03
9.550000e-01 -8.710805e-03
9.600000e-01 -7.506700e-03
9.650000e-01 -6.007615e-03
9.700000e-01 -4.295709e-03
9.750000e-01 -2.393026e-03
9.800000e-01 -3.877215e-04
9.850000e-01 1.650417e-03
9.900000e-01 3.600613e-03
9.950000e-01 5.400445e-03
1 6.992020e-03
1.005000e+00 8.296256e-03
1.010000e+00 9.259672e-03
1.015000e+00 9.872582e-03
1.020000e+00 1.011300e-02
1.025000e+00 9.933063e-03
1.030000e+00 9.370454e-03
1.035000e+00 8.408175e-03
1.040000e+00 7.104783e-03
1.045000e+00 5.537144e-03
1.050000e+00 3.732144e-03
1.055000e+00 1.817719e-03
1.060000e+00 -1.780438e-04
1.065000e+00 -2.200341e-03
1.070000e+00 -4.114617e-03
1.075000e+00 -5.887464e-03
1.080000e+00 -7.419794e-03
1.085000e+00 -8.646254e-03
1.090000e+00 -9.518848e-03
1.095000e+00 -9.994333e-03
1.100000e+00 -1.010228e-02
1.105000e+00 -9.797810e-03
1.110000e+00 -9.117726e-03
1.115000e+00 -8.077951e-03
1.120000e+00 -6.688884e-03
1.125000e+00 -5.032660e-03
1.130000e+00 -3.168145e-03
1.135000e+00 -1.202222e-03
1.140000e+00 8.149602e-04
1.145000e+00 2.789738e-03
1.150000e+00 4.648690e-03
1.155000e+00 6.344642e-03
1.160000e+00 7.777121e-03
1.165000e+00 8.924393e-03
1.170000e+00 9.698881e-03
1.175000e+00 1.006808e-02
1.180000e+00 1.005881e-02
1.185000e+00 9.626266e-03
1.190000e+00 8.816701e-03
1.195000e+00 7.682698e-03
1.200000e+00 6.237449e-03
1.205000e+00 4.528679e-03
1.210000e+00 2.630424e-03
1.215000e+00 6.295663e-04
1.220000e+00 -1.376810e-03
1.225000e+00 -3.299200e-03
1.230000e+00 -5.065158e-03
1.235000e+00 -6.577239e-03
1.240000e+00 -7.845689e-03
1.245000e+00 -8.927480e-03
1.250000e+00 -9.878487e-03
1.255000e+00 -1.083258e-02
1.260000e+00 -1.183236e-02
1.265000e+00 -1.287463e-02
1.270000e+00 -1.383489e-02
1.275000e+00 -1.446713e-02
1.280000e+00 -1.452750e-02
1.285000e+00 -1.380824e-02
1.290000e+00 -1.231341e-02
1.295000e+00 -1.019310e-02
1.300000e+00 -7.746768e-03
1.305000e+00 -5.197792e-03
1.310000e+00 -2.634933e-03
1.315000e+00 -7.561196e-05
1.320000e+00 2.638415e-03
1.325000e+00 5.493690e-03
1.330000e+00 8.397865e-03
1.335000e+00 1.120866e-02
1.340000e+00 1.378005e-02
1.345000e+00 1.617079e-02
1.350000e+00 1.839184e-02
1.355000e+00 2.039085e-02
1.360000e+00 2.192516e-02
1.365000e+00 2.254677e-02
1.370000e+00 2.195160e-02
1.375000e+00 2.011603e-02
1.380000e+00 1.732747e-02
1.385000e+00 1.397793e-02
1.390000e+00 1.032503e-02
1.395000e+00 6.444900e-03
1.400000e+00 2.306140e-03
1.405000e+00 -1.994711e-03
1.410000e+00 -6.317084e-03
1.415000e+00 -1.047785e-02
1.420000e+00 -1.418808e-02
1.425000e+00 -1.719556e-02
1.430000e+00 -1.943948e-02
1.435000e+00 -2.102453e-02
1.440000e+00 -2.174939e-02
1.445000e+00 -2.145203e-02
1.450000e+00 -2.051020e-02
1.455000e+00 -1.917031e-02
1.460000e+00 -1.695668e-02
1.465000e+00 -1.351834e-02
1.470000e+00 -9.454260e-03
1.475000e+00 -5.417675e-03
1.480000e+00 -1.297919e-03
1.485000e+00 3.045636e-03
1.490000e+00 7.312169e-03
1.495000e+00 1.134764e-02
1.500000e+00 1.492837e-02
1.505000e+00 1.771333e-02
1.510000e+00 1.976953e-02
1.515000e+00 2.124546e-02
1.520000e+00 2.195368e-02
1.525000e+00 2.168013e-02
1.530000e+00 2.047319e-02
1.535000e+00 1.835434e-02
1.540000e+00 1.548410e-02
1.545000e+00 1.220828e-02
1.550000e+00 8.558887e-03
1.555000e+00 4.478844e-03
1.560000e+00 1.106964e-04
1.565000e+00 -4.423652e-03
1.570000e+00 -8.792361e-03
1.575000e+00 -1.247810e-02
1.580000e+00 -1.553842e-02
1.585000e+00 -1.831888e-02
1.590000e+00 -2.051735e-02
1.595000e+00 -2.165719e-02
1.600000e+00 -2.179140e-02
1.605000e+00 -2.117461e-02
1.610000e+00 -1.993717e-02
1.615000e+00 -1.783938e-02
1.620000e+00 -1.472767e-02
1.625000e+00 -1.112680e-02
1.630000e+00 -7.303652e-03
1.635000e+00 -3.054673e-03
1.640000e+00 1.335484e-03
1.645000e+00 5.550646e-03
1.650000e+00 9.645150e-03
1.655000e+00 1.343119e-02
1.660000e+00 1.662686e-02
1.665000e+00 1.913660e-02
1.670000e+00 2.088560e-02
1.675000e+00 2.176436e-02
1.680000e+00 2.174355e-02
1.685000e+00 2.091249e-02
1.690000e+00 1.937261e-02
1.695000e+00 1.700550e-02
1.700000e+00 1.377521e-02
1.705000e+00 1.010594e-02
1.710000e+00 6.085588e-03
1.715000e+00 1.713208e-03
1.720000e+00 -2.604729e-03
1.725000e+00 -6.870436e-03
1.730000e+00 -1.093424e-02
1.735000e+00 -1.438097e-02
1.740000e+00 -1.731588e-02
1.745000e+00 -1.971416e-02
1.750000e+00 -2.127867e-02
1.755000e+00 -2.189319e-02
1.760000e+00 -2.161778e-02
1.765000e+00 -2.055249e-02
1.770000e+00 -1.865824e-02
1.775000e+00 -1.597640e-02
1.780000e+00 -1.275425e-02
1.785000e+00 -9.025855e-03
1.790000e+00 -4.855224e-03
1.795000e+00 -5.242578e-04
1.800000e+00 3.887768e-03
1.805000e+00 8.124323e-03
1.810000e+00 1.195924e-02
1.815000e+00 1.539854e-02
1.820000e+00 1.814910e-02
1.825000e+00 2.013147e-02
1.830000e+00 2.148046e-02
1.835000e+00 2.194592e-02
1.840000e+00 2.142873e-02
1.845000e+00 2.013059e-02
1.850000e+00 1.801797e-02
1.855000e+00 1.510336e-02
1.860000e+00 1.161890e-02
1.865000e+00 7.742068e-03
1.870000e+00 3.572980e-03
1.875000e+00 -7.777125e-04
1.880000e+00 -5.098292e-03
1.885000e+00 -9.244528e-03
1.890000e+00 -1.305431e-02
1.895000e+00 -1.629017e-02
1.900000e+00 -1.886563e-02
1.905000e+00 -2.066238e-02
1.910000e+00 -2.162985e-02
1.915000e+00 -2.179221e-02
1.920000e+00 -2.108411e-02
1.925000e+00 -1.956950e-02
1.930000e+00 -1.725324e-02
1.935000e+00 -1.417787e-02
1.940000e+00 -1.058472e-02
1.945000e+00 -6.538056e-03
1.950000e+00 -2.221166e-03
1.955000e+00 2.076965e-03
1.960000e+00 6.344652e-03
1.965000e+00 1.040231e-02
1.970000e+00 1.399859e-02
1.975000e+00 1.708635e-02
1.980000e+00 1.953475e-02
1.985000e+00 2.113346e-02
1.990000e+00 2.184292e-02
1.995000e+00 2.172262e-02
2 2.069671e-02
2.005000e+00 1.887471e-02
2.010000e+00 1.637775e-02
2.015000e+00 1.315683e-02
2.020000e+00 9.425375e-03
2.025000e+00 5.336205e-03
2.030000e+00 9.824625e-04
2.035000e+00 -3.390885e-03
2.040000e+00 -7.636483e-03
2.045000e+00 -1.153107e-02
2.050000e+00 -1.492783e-02
2.055000e+00 -1.778768e-02
2.060000e+00 -1.996750e-02
2.065000e+00 -2.137245e-02
2.070000e+00 -2.188454e-02
2.075000e+00 -2.151738e-02
2.080000e+00 -2.031734e-02
2.085000e+00 -1.824784e-02
2.090000e+00 -1.543208e-02
2.095000e+00 -1.207740e-02
2.100000e+00 -8.281082e-03
2.105000e+00 -4.088288e-03
2.110000e+00 2.262158e-04
2.115000e+00 4.557212e-03
2.120000e+00 8.807820e-03
2.125000e+00 1.259893e-02
2.130000e+00 1.589377e-02
2.135000e+00 1.856661e-02
2.140000e+00 2.042015e-02
2.145000e+00 2.154368e-02
2.150000e+00 2.182175e-02
2.155000e+00 2.122332e-02
2.160000e+00 1.980761e-02
2.165000e+00 1.754224e-02
2.170000e+00 1.456752e-02
2.175000e+00 1.101128e-02
2.180000e+00 7.010695e-03
2.185000e+00 2.785788e-03
2.190000e+00 -1.537894e-03
2.195000e+00 -5.810837e-03
2.200000e+00 -9.864545e-03
2.205000e+00 -1.357978e-02
2.210000e+00 -1.674905e-02
2.215000e+00 -1.921245e-02
2.220000e+00 -2.090211e-02
2.225000e+00 -2.172616e-02
2.230000e+00 -2.170770e-02
2.235000e+00 -2.085826e-02
2.240000e+00 -1.915038e-02
2.245000e+00 -1.672051e-02
2.250000e+00 -1.362340e-02
2.255000e+00 -9.933336e-03
2.260000e+00 -5.859586e-03
2.265000e+00 -1.508503e-03
2.270000e+00 2.881440e-03
2.275000e+00 7.064819e-03
2.280000e+00 1.100796e-02
2.285000e+00 1.453858e-02
2.290000e+00 1.747869e-02
2.295000e+00 1.975860e-02
2.300000e+00 2.122663e-02
2.305000e+00 2.185691e-02
2.310000e+00 2.161492e-02
2.315000e+00 2.044200e-02
2.320000e+00 1.849186e-02
2.325000e+00 1.583084e-02
2.330000e+00 1.252246e-02
2.335000e+00 8.766898e-03
2.340000e+00 4.654614e-03
2.345000e+00 2.908952e-04
2.350000e+00 -4.092023e-03
2.355000e+00 -8.292083e-03
2.360000e+00 -1.214793e-02
2.365000e+00 -1.549805e-02
2.370000e+00 -1.821967e-02
2.375000e+00 -2.022302e-02
2.380000e+00 -2.144815e-02
2.385000e+00 -2.184926e-02
2.390000e+00 -2.135634e-02
2.395000e+00 -2.000628e-02
2.400000e+00 -1.784769e-02
2.405000e+00 -1.493213e-02
2.410000e+00 -1.144246e-02
2.415000e+00 -7.527186e-03
2.420000e+00 -3.340103e-03
2.425000e+00 9.782210e-04
2.430000e+00 5.287137e-03
2.435000e+00 9.418547e-03
2.440000e+00 1.318451e-02
2.445000e+00 1.640855e-02
2.450000e+00 1.897206e-02
2.455000e+00 2.071136e-02
2.460000e+00 2.162235e-02
2.465000e+00 2.171475e-02
2.470000e+00 2.090158e-02
2.475000e+00 1.927616e-02
2.480000e+00 1.689583e-02
2.485000e+00 1.380253e-02
2.490000e+00 1.016561e-02
2.495000e+00 6.130184e-03
2.500000e+00 1.889292e-03
2.505000e+00 -2.374748e-03
2.510000e+00 -6.559959e-03
2.515000e+00 -1.048068e-02
2.520000e+00 -1.396665e-02
2.525000e+00 -1.689976e-02
2.530000e+00 -1.913925e-02
2.535000e+00 -2.059683e-02
2.540000e+00 -2.122644e-02
2.545000e+00 -2.112788e-02
2.550000e+00 -2.047686e-02
2.555000e+00 -1.938282e-02
2.560000e+00 -1.801227e-02
2.565000e+00 -1.640098e-02
2.570000e+00 -1.445796e-02
2.575000e+00 -1.218308e-02
2.580000e+00 -9.474484e-03
2.585000e+00 -6.262041e-03
2.590000e+00 -2.646655e-03
2.595000e+00 1.227182e-03
2.600000e+00 5.083904e-03
2.605000e+00 8.642137e-03
2.610000e+00 1.172427e-02
2.615000e+00 1.418669e-02
2.620000e+00 1.600964e-02
2.625000e+00 1.731597e-02
2.630000e+00 1.824253e-02
2.635000e+00 1.885727e-02
2.640000e+00 1.920900e-02
2.645000e+00 1.920453e-02
2.650000e+00 1.871343e-02
2.655000e+00 1.768950e-02
2.660000e+00 1.610505e-02
2.665000e+00 1.399684e-02
2.670000e+00 1.132923e-02
2.675000e+00 8.086057e-03
2.680000e+00 4.338605e-03
2.685000e+00 2.287286e-04
2.690000e+00 -3.967237e-03
2.695000e+00 -7.864621e-03
2.700000e+00 -1.117346e-02
2.705000e+00 -1.380122e-02
2.710000e+00 -1.581532e-02
2.715000e+00 -1.734133e-02
2.720000e+00 -1.839063e-02
2.725000e+00 -1.888309e-02
2.730000e+00 -1.859186e-02
2.735000e+00 -1.733421e-02
2.740000e+00 -1.522671e-02
2.745000e+00 -1.252536e-02
2.750000e+00 -9.482990e-03
2.755000e+00 -6.296500e-03
2.760000e+00 -2.971365e-03
2.765000e+00 5.699351e-04
2.770000e+00 4.260741e-03
2.775000e+00 7.933853e-03
2.780000e+00 1.132926e-02
2.785000e+00 1.418376e-02
2.790000e+00 1.632644e-02
2.795000e+00 1.770941e-02
2.800000e+00 1.841778e-02
2.805000e+00 1.851758e-02
2.810000e+00 1.793518e-02
2.815000e+00 1.657303e-02
2.820000e+00 1.457034e-02
2.825000e+00 1.202454e-02
2.830000e+00 8.919690e-03
2.835000e+00 5.412811e-03
2.840000e+00 1.733251e-03
2.845000e+00 -1.975623e-03
2.850000e+00 -5.628390e-03
2.855000e+00 -9.025787e-03
2.860000e+00 -1.201907e-02
2.865000e+00 -1.457574e-02
2.870000e+00 -1.661605e-02
2.875000e+00 -1.803016e-02
2.880000e+00 -1.868257e-02
2.885000e+00 -1.853726e-02
2.890000e+00 -1.764597e-02
2.895000e+00 -1.605556e-02
2.900000e+00 -1.386828e-02
2.905000e+00 -1.112001e-02
2.910000e+00 -7.863529e-03
2.915000e+00 -4.328242e-03
2.920000e+00 -7.185518e-04
2.925000e+00 2.903690e-03
2.930000e+00 6.521788e-03
2.935000e+00 9.978724e-03
2.940000e+00 1.301133e-02
2.945000e+00 1.543159e-02
2.950000e+00 1.716395e-02
2.955000e+00 1.818259e-02
2.960000e+00 1.848713e-02
2.965000e+00 1.824809e-02
2.970000e+00 1.748865e-02
2.975000e+00 1.580015e-02
2.980000e+00 1.306168e-02
2.985000e+00 9.933977e-03
2.990000e+00 6.888437e-03
2.995000e+00 3.543477e-03
3 -3.008383e-04
