T X
0 0
5.000000e-03 7.117973e-11
1.000000e-02 -2.972085e-11
1.500000e-02 -2.728121e-10
2.000000e-02 -5.545371e-10
2.500000e-02 -1.132676e-09
3.000000e-02 -2.186702e-09
3.500000e-02 1.462631e-10
4.000000e-02 3.140595e-08
4.500000e-02 2.609722e-07
5.000000e-02 1.533571e-06
5.500000e-02 7.269356e-06
6.000000e-02 2.909189e-05
6.500000e-02 9.965931e-05
7.000000e-02 2.937273e-04
7.500000e-02 7.468471e-04
8.000000e-02 1.640343e-03
8.500000e-02 3.111422e-03
9.000000e-02 5.092610e-03
9.500000e-02 7.199542e-03
1.000000e-01 8.860978e-03
1.050000e-01 9.717935e-03
1.100000e-01 9.935874e-03
1.150000e-01 9.975771e-03
1.200000e-01 9.973983e-03
1.250000e-01 9.552991e-03
1.300000e-01 8.423543e-03
1.350000e-01 6.885901e-03
1.400000e-01 5.360941e-03
1.450000e-01 3.729338e-03
1.500000e-01 1.698782e-03
1.550000e-01 -4.894599e-04
1.600000e-01 -2.422791e-03
1.650000e-01 -4.195325e-03
1.700000e-01 -5.973936e-03
1.750000e-01 -7.465417e-03
1.800000e-01 -8.507079e-03
1.850000e-01 -9.365355e-03
1.900000e-01 -1.000626e-02
1.950000e-01 -1.010479e-02
2.000000e-01 -9.760807e-03
2.050000e-01 -9.154892e-03
2.100000e-01 -8.096406e-03
2.150000e-01 -6.643981e-03
2.200000e-01 -5.103104e-03
2.250000e-01 -3.356175e-03
2.300000e-01 -1.314512e-03
2.350000e-01 7.134102e-04
2.400000e-01 2.670454e-03
2.450000e-01 4.599479e-03
2.500000e-01 6.251479e-03
2.550000e-01 7.639091e-03
2.600000e-01 8.866477e-03
2.650000e-01 9.666955e-03
2.700000e-01 1.001150e-02
2.750000e-01 1.005699e-02
2.800000e-01 9.661095e-03
2.850000e-01 8.854832e-03
2.900000e-01 7.773405e-03
2.950000e-01 6.334238e-03
3.000000e-01 4.643722e-03
3.050000e-01 2.799792e-03
3.100000e-01 7.658290e-04
3.150000e-01 -1.239217e-03
3.200000e-01 -3.135089e-03
3.250000e-01 -5.013727e-03
3.300000e-01 -6.684585e-03
3.350000e-01 -8.038008e-03
3.400000e-01 -9.097365e-03
3.450000e-01 -9.773036e-03
3.500000e-01 -1.007247e-02
3.550000e-01 -9.975717e-03
3.600000e-01 -9.468283e-03
3.650000e-01 -8.644770e-03
3.700000e-01 -7.415792e-03
3.750000e-01 -5.846371e-03
3.800000e-01 -4.149926e-03
3.850000e-01 -2.247910e-03
3.900000e-01 -2.213538e-04
3.950000e-01 1.752413e-03
4.000000e-01 3.691500e-03
4.050000e-01 5.499482e-03
4.100000e-01 7.090245e-03
4.150000e-01 8.377626e-03
4.200000e-01 9.296929e-03
4.250000e-01 9.901019e-03
4.300000e-01 1.009186e-02
4.350000e-01 9.869007e-03
4.400000e-01 9.299839e-03
4.450000e-01 8.305684e-03
4.500000e-01 6.981141e-03
4.550000e-01 5.417030e-03
4.600000e-01 3.603761e-03
4.650000e-01 1.653418e-03
4.700000e-01 -3.306556e-04
4.750000e-01 -2.313578e-03
4.800000e-01 -4.246147e-03
4.850000e-01 -5.986361e-03
4.900000e-01 -7.456930e-03
4.950000e-01 -8.671646e-03
5.000000e-01 -9.522236e-03
5.050000e-01 -9.971740e-03
5.100000e-01 -1.006479e-02
5.150000e-01 -9.755510e-03
5.200000e-01 -9.031058e-03
5.250000e-01 -7.952071e-03
5.300000e-01 -6.557145e-03
5.350000e-01 -4.900104e-03
5.400000e-01 -3.071708e-03
5.450000e-01 -1.084870e-03
5.500000e-01 9.339237e-04
5.550000e-01 2.883748e-03
5.600000e-01 4.780540e-03
5.650000e-01 6.440758e-03
5.700000e-01 7.829324e-03
5.750000e-01 8.955298e-03
5.800000e-01 9.694431e-03
5.850000e-01 1.004489e-02
5.900000e-01 1.000677e-02
5.950000e-01 9.577476e-03
6.000000e-01 8.723561e-03
6.050000e-01 7.551462e-03
6.100000e-01 6.118808e-03
6.150000e-01 4.383547e-03
6.200000e-01 2.517012e-03
6.250000e-01 5.414516e-04
6.300000e-01 -1.484732e-03
6.350000e-01 -3.428249e-03
6.400000e-01 -5.238016e-03
6.450000e-01 -6.826662e-03
6.500000e-01 -8.179115e-03
6.550000e-01 -9.200132e-03
6.600000e-01 -9.846660e-03
6.650000e-01 -1.010594e-02
6.700000e-01 -9.948480e-03
6.750000e-01 -9.386468e-03
6.800000e-01 -8.433410e-03
6.850000e-01 -7.189479e-03
6.900000e-01 -5.639272e-03
6.950000e-01 -3.838286e-03
7.000000e-01 -1.899997e-03
7.050000e-01 1.364987e-04
7.100000e-01 2.131859e-03
7.150000e-01 4.057767e-03
7.200000e-01 5.803605e-03
7.250000e-01 7.293674e-03
7.300000e-01 8.555930e-03
7.350000e-01 9.442066e-03
7.400000e-01 9.933207e-03
7.450000e-01 1.005717e-02
7.500000e-01 9.761798e-03
7.550000e-01 9.072578e-03
7.600000e-01 8.069724e-03
7.650000e-01 6.719609e-03
7.700000e-01 5.109865e-03
7.750000e-01 3.301911e-03
7.800000e-01 1.317234e-03
7.850000e-01 -6.643863e-04
7.900000e-01 -2.666252e-03
7.950000e-01 -4.542051e-03
8.000000e-01 -6.233955e-03
8.050000e-01 -7.709652e-03
8.100000e-01 -8.849088e-03
8.150000e-01 -9.652362e-03
8.200000e-01 -1.003439e-02
8.250000e-01 -1.004819e-02
8.300000e-01 -9.645105e-03
8.350000e-01 -8.857913e-03
8.400000e-01 -7.726378e-03
8.450000e-01 -6.278371e-03
8.500000e-01 -4.569391e-03
8.550000e-01 -2.687318e-03
8.600000e-01 -7.279616e-04
8.650000e-01 1.299243e-03
8.700000e-01 3.230874e-03
8.750000e-01 5.066477e-03
8.800000e-01 6.698620e-03
8.850000e-01 8.049128e-03
8.900000e-01 9.090623e-03
8.950000e-01 9.750527e-03
9.000000e-01 1.004291e-02
9.050000e-01 9.941033e-03
9.100000e-01 9.458710e-03
9.150000e-01 8.565416e-03
9.200000e-01 7.350570e-03
9.250000e-01 5.826528e-03
9.300000e-01 4.064881e-03
9.350000e-01 2.173805e-03
9.400000e-01 1.673128e-04
9.450000e-01 -1.836086e-03
9.500000e-01 -3.779536e-03
9.550000e-01 -5.577721e-03
9.600000e-01 -7.156330e-03
9.650000e-01 -8.431432e-03
9.700000e-01 -9.341928e-03
9.750000e-01 -9.924650e-03
9.800000e-01 -1.010025e-02
9.850000e-01 -9.857372e-03
9.900000e-01 -9.248062e-03
9.950000e-01 -8.240911e-03
1 -6.902081e-03
1.005000e+00 -5.297942e-03
1.010000e+00 -3.489904e-03
1.015000e+00 -1.559675e-03
1.020000e+00 4.441834e-04
1.025000e+00 2.448023e-03
1.030000e+00 4.331462e-03
1.035000e+00 6.047890e-03
1.040000e+00 7.540986e-03
1.045000e+00 8.691407e-03
1.050000e+00 9.521632e-03
1.055000e+00 9.983846e-03
1.060000e+00 1.005097e-02
1.065000e+00 9.708720e-03
1.070000e+00 8.969726e-03
1.075000e+00 7.903120e-03
1.080000e+00 6.480556e-03
1.085000e+00 4.834494e-03
1.090000e+00 2.990947e-03
1.095000e+00 1.002864e-03
1.100000e+00 -1.006106e-03
1.105000e+00 -3.001682e-03
1.110000e+00 -4.850582e-03
1.115000e+00 -6.518770e-03
1.120000e+00 -7.923910e-03
1.125000e+00 -9.009512e-03
1.130000e+00 -9.753104e-03
1.135000e+00 -1.008447e-02
1.140000e+00 -1.002245e-02
1.145000e+00 -9.536078e-03
1.150000e+00 -8.689884e-03
1.155000e+00 -7.508484e-03
1.160000e+00 -6.012589e-03
1.165000e+00 -4.305012e-03
1.170000e+00 -2.408992e-03
1.175000e+00 -3.873423e-04
1.180000e+00 1.676639e-03
1.185000e+00 3.689815e-03
1.190000e+00 5.625169e-03
1.195000e+00 7.345491e-03
1.200000e+00 8.687531e-03
1.205000e+00 9.446584e-03
1.210000e+00 9.410055e-03
1.215000e+00 8.469580e-03
1.220000e+00 6.585584e-03
1.225000e+00 4.043812e-03
1.230000e+00 1.146519e-03
1.235000e+00 -1.722609e-03
1.240000e+00 -4.284449e-03
1.245000e+00 -6.490914e-03
1.250000e+00 -8.361444e-03
1.255000e+00 -1.006798e-02
1.260000e+00 -1.156602e-02
1.265000e+00 -1.273456e-02
1.270000e+00 -1.335587e-02
1.275000e+00 -1.326689e-02
1.280000e+00 -1.250770e-02
1.285000e+00 -1.127052e-02
1.290000e+00 -9.731844e-03
1.295000e+00 -7.957279e-03
1.300000e+00 -5.936335e-03
1.305000e+00 -3.501480e-03
1.310000e+00 -7.151360e-04
1.315000e+00 2.145580e-03
1.320000e+00 4.701141e-03
1.325000e+00 7.033104e-03
1.330000e+00 9.212826e-03
1.335000e+00 1.092058e-02
1.340000e+00 1.216641e-02
1.345000e+00 1.316317e-02
1.350000e+00 1.356889e-02
1.355000e+00 1.291830e-02
1.360000e+00 1.185386e-02
1.365000e+00 1.103942e-02
1.370000e+00 1.005212e-02
1.375000e+00 8.474453e-03
1.380000e+00 6.933015e-03
1.385000e+00 5.893578e-03
1.390000e+00 5.147300e-03
1.395000e+00 4.527345e-03
1.400000e+00 3.631597e-03
1.405000e+00 2.274876e-03
1.410000e+00 7.377762e-04
1.415000e+00 -9.149666e-04
1.420000e+00 -2.777049e-03
1.425000e+00 -4.480197e-03
1.430000e+00 -5.703292e-03
1.435000e+00 -6.561016e-03
1.440000e+00 -6.980871e-03
1.445000e+00 -7.172861e-03
1.450000e+00 -7.440595e-03
1.455000e+00 -7.433590e-03
1.460000e+00 -7.020414e-03
1.465000e+00 -6.272183e-03
1.470000e+00 -5.038598e-03
1.475000e+00 -3.570671e-03
1.480000e+00 -2.151995e-03
1.485000e+00 -7.818951e-04
1.490000e+00 4.346829e-04
1.495000e+00 1.608895e-03
1.500000e+00 2.985106e-03
1.505000e+00 4.389498e-03
1.510000e+00 5.593468e-03
1.515000e+00 6.419197e-03
1.520000e+00 6.809653e-03
1.525000e+00 7.038791e-03
1.530000e+00 7.116945e-03
1.535000e+00 6.898854e-03
1.540000e+00 6.405206e-03
1.545000e+00 5.525625e-03
1.550000e+00 4.342771e-03
1.555000e+00 3.184027e-03
1.560000e+00 1.990692e-03
1.565000e+00 6.864241e-04
1.570000e+00 -7.539426e-04
1.575000e+00 -2.319932e-03
1.580000e+00 -3.702080e-03
1.585000e+00 -4.800825e-03
1.590000e+00 -5.605024e-03
1.595000e+00 -6.200859e-03
1.600000e+00 -6.814982e-03
1.605000e+00 -7.269507e-03
1.610000e+00 -7.243625e-03
1.615000e+00 -6.705870e-03
1.620000e+00 -5.853866e-03
1.625000e+00 -5.073298e-03
1.630000e+00 -4.320702e-03
1.635000e+00 -3.069999e-03
1.640000e+00 -1.473372e-03
1.645000e+00 5.440093e-05
1.650000e+00 1.310230e-03
1.655000e+00 2.499102e-03
1.660000e+00 3.977849e-03
1.665000e+00 5.145546e-03
1.670000e+00 5.886125e-03
1.675000e+00 6.544508e-03
1.680000e+00 7.008301e-03
1.685000e+00 7.194172e-03
1.690000e+00 6.902002e-03
1.695000e+00 6.395798e-03
1.700000e+00 5.868596e-03
1.705000e+00 4.938377e-03
1.710000e+00 3.735812e-03
1.715000e+00 2.529239e-03
1.720000e+00 1.162413e-03
1.725000e+00 -3.322775e-04
1.730000e+00 -1.735311e-03
1.735000e+00 -2.952012e-03
1.740000e+00 -4.241609e-03
1.745000e+00 -5.455840e-03
1.750000e+00 -6.163673e-03
1.755000e+00 -6.714180e-03
1.760000e+00 -7.097292e-03
1.765000e+00 -7.155047e-03
1.770000e+00 -6.903971e-03
1.775000e+00 -6.310499e-03
1.780000e+00 -5.614696e-03
1.785000e+00 -4.560100e-03
1.790000e+00 -3.336182e-03
1.795000e+00 -2.136019e-03
1.800000e+00 -6.537971e-04
1.805000e+00 7.390770e-04
1.810000e+00 2.064188e-03
1.815000e+00 3.436843e-03
1.820000e+00 4.627961e-03
1.825000e+00 5.590077e-03
1.830000e+00 6.287217e-03
1.835000e+00 6.914292e-03
1.840000e+00 7.183893e-03
1.845000e+00 7.062353e-03
1.850000e+00 6.805295e-03
1.855000e+00 6.199434e-03
1.860000e+00 5.368146e-03
1.865000e+00 4.308532e-03
1.870000e+00 3.084543e-03
1.875000e+00 1.743463e-03
1.880000e+00 2.799018e-04
1.885000e+00 -1.138897e-03
1.890000e+00 -2.529136e-03
1.895000e+00 -3.790989e-03
1.900000e+00 -4.981385e-03
1.905000e+00 -5.946735e-03
1.910000e+00 -6.593267e-03
1.915000e+00 -7.089479e-03
1.920000e+00 -7.237810e-03
1.925000e+00 -7.072776e-03
1.930000e+00 -6.652248e-03
1.935000e+00 -5.996406e-03
1.940000e+00 -5.102648e-03
1.945000e+00 -3.893505e-03
1.950000e+00 -2.672226e-03
1.955000e+00 -1.296166e-03
1.960000e+00 2.145724e-04
1.965000e+00 1.572747e-03
1.970000e+00 2.958976e-03
1.975000e+00 4.235219e-03
1.980000e+00 5.330848e-03
1.985000e+00 6.197039e-03
1.990000e+00 6.830461e-03
1.995000e+00 7.226160e-03
2 7.244089e-03
2.005000e+00 7.053065e-03
2.010000e+00 6.609102e-03
2.015000e+00 5.816885e-03
2.020000e+00 4.790923e-03
2.025000e+00 3.662138e-03
2.030000e+00 2.305295e-03
2.035000e+00 7.856523e-04
2.040000e+00 -6.455921e-04
2.045000e+00 -2.075398e-03
2.050000e+00 -3.476142e-03
2.055000e+00 -4.730080e-03
2.060000e+00 -5.726028e-03
2.065000e+00 -6.528962e-03
2.070000e+00 -7.102634e-03
2.075000e+00 -7.298642e-03
2.080000e+00 -7.289377e-03
2.085000e+00 -6.943800e-03
2.090000e+00 -6.298822e-03
2.095000e+00 -5.486393e-03
2.100000e+00 -4.395026e-03
2.105000e+00 -3.139016e-03
2.110000e+00 -1.756392e-03
2.115000e+00 -3.208324e-04
2.120000e+00 1.156098e-03
2.125000e+00 2.577251e-03
2.130000e+00 3.872394e-03
2.135000e+00 5.063313e-03
2.140000e+00 5.995238e-03
2.145000e+00 6.733614e-03
2.150000e+00 7.208338e-03
2.155000e+00 7.338890e-03
2.160000e+00 7.213722e-03
2.165000e+00 6.775995e-03
2.170000e+00 6.077516e-03
2.175000e+00 5.135623e-03
2.180000e+00 3.946073e-03
2.185000e+00 2.688170e-03
2.190000e+00 1.269845e-03
2.195000e+00 -2.495700e-04
2.200000e+00 -1.635097e-03
2.205000e+00 -3.062910e-03
2.210000e+00 -4.324284e-03
2.215000e+00 -5.365363e-03
2.220000e+00 -6.305814e-03
2.225000e+00 -6.900939e-03
2.230000e+00 -7.229916e-03
2.235000e+00 -7.322034e-03
2.240000e+00 -7.086924e-03
2.245000e+00 -6.548643e-03
2.250000e+00 -5.751617e-03
2.255000e+00 -4.740649e-03
2.260000e+00 -3.557870e-03
2.265000e+00 -2.211789e-03
2.270000e+00 -7.431718e-04
2.275000e+00 7.107657e-04
2.280000e+00 2.137340e-03
2.285000e+00 3.489622e-03
2.290000e+00 4.720762e-03
2.295000e+00 5.717618e-03
2.300000e+00 6.484348e-03
2.305000e+00 7.067417e-03
2.310000e+00 7.271488e-03
2.315000e+00 7.213596e-03
2.320000e+00 6.925094e-03
2.325000e+00 6.298320e-03
2.330000e+00 5.401521e-03
2.335000e+00 4.344440e-03
2.340000e+00 3.106136e-03
2.345000e+00 1.697675e-03
2.350000e+00 2.832458e-04
2.355000e+00 -1.197899e-03
2.360000e+00 -2.614162e-03
2.365000e+00 -3.893779e-03
2.370000e+00 -5.056346e-03
2.375000e+00 -5.988206e-03
2.380000e+00 -6.733256e-03
2.385000e+00 -7.123490e-03
2.390000e+00 -7.241484e-03
2.395000e+00 -7.132355e-03
2.400000e+00 -6.673391e-03
2.405000e+00 -6.010262e-03
2.410000e+00 -5.032198e-03
2.415000e+00 -3.901041e-03
2.420000e+00 -2.681083e-03
2.425000e+00 -1.289022e-03
2.430000e+00 6.408062e-05
2.435000e+00 1.463034e-03
2.440000e+00 2.798134e-03
2.445000e+00 4.012203e-03
2.450000e+00 5.136510e-03
2.455000e+00 6.070811e-03
2.460000e+00 6.776259e-03
2.465000e+00 7.173903e-03
2.470000e+00 7.327238e-03
2.475000e+00 7.207704e-03
2.480000e+00 6.791882e-03
2.485000e+00 6.178480e-03
2.490000e+00 5.344762e-03
2.495000e+00 4.199022e-03
2.500000e+00 2.759183e-03
2.505000e+00 1.010570e-03
2.510000e+00 -1.255601e-03
2.515000e+00 -3.973964e-03
2.520000e+00 -6.944344e-03
2.525000e+00 -1.008803e-02
2.530000e+00 -1.297988e-02
2.535000e+00 -1.534174e-02
2.540000e+00 -1.695902e-02
2.545000e+00 -1.768450e-02
2.550000e+00 -1.759287e-02
2.555000e+00 -1.676908e-02
2.560000e+00 -1.543828e-02
2.565000e+00 -1.368344e-02
2.570000e+00 -1.154729e-02
2.575000e+00 -8.909972e-03
2.580000e+00 -5.787613e-03
2.585000e+00 -2.367371e-03
2.590000e+00 1.375819e-03
2.595000e+00 5.014736e-03
2.600000e+00 8.284548e-03
2.605000e+00 1.111397e-02
2.610000e+00 1.337955e-02
2.615000e+00 1.525371e-02
2.620000e+00 1.664060e-02
2.625000e+00 1.752767e-02
2.630000e+00 1.773051e-02
2.635000e+00 1.697361e-02
2.640000e+00 1.541956e-02
2.645000e+00 1.321325e-02
2.650000e+00 1.053116e-02
2.655000e+00 7.596639e-03
2.660000e+00 4.523851e-03
2.665000e+00 1.405291e-03
2.670000e+00 -1.734677e-03
2.675000e+00 -4.599677e-03
2.680000e+00 -6.729171e-03
2.685000e+00 -7.998226e-03
2.690000e+00 -8.558144e-03
2.695000e+00 -8.492384e-03
2.700000e+00 -8.071721e-03
2.705000e+00 -7.578029e-03
2.710000e+00 -6.936111e-03
2.715000e+00 -6.140001e-03
2.720000e+00 -5.073617e-03
2.725000e+00 -3.842412e-03
2.730000e+00 -2.542995e-03
2.735000e+00 -8.909697e-04
2.740000e+00 9.769859e-04
2.745000e+00 2.899054e-03
2.750000e+00 4.710240e-03
2.755000e+00 6.138604e-03
2.760000e+00 7.180496e-03
2.765000e+00 7.923559e-03
2.770000e+00 8.450328e-03
2.775000e+00 8.831170e-03
2.780000e+00 8.971639e-03
2.785000e+00 8.690931e-03
2.790000e+00 7.817930e-03
2.795000e+00 6.255324e-03
2.800000e+00 4.512986e-03
2.805000e+00 2.859513e-03
2.810000e+00 1.229165e-03
2.815000e+00 -3.626973e-04
2.820000e+00 -2.103219e-03
2.825000e+00 -3.845924e-03
2.830000e+00 -5.371108e-03
2.835000e+00 -6.803940e-03
2.840000e+00 -8.028965e-03
2.845000e+00 -8.722475e-03
2.850000e+00 -9.028697e-03
2.855000e+00 -9.059638e-03
2.860000e+00 -8.698285e-03
2.865000e+00 -7.909567e-03
2.870000e+00 -6.961201e-03
2.875000e+00 -6.058970e-03
2.880000e+00 -4.652675e-03
2.885000e+00 -2.615660e-03
2.890000e+00 -5.028277e-04
2.895000e+00 1.201457e-03
2.900000e+00 2.685423e-03
2.905000e+00 4.387264e-03
2.910000e+00 5.992413e-03
2.915000e+00 7.318353e-03
2.920000e+00 8.299386e-03
2.925000e+00 8.794674e-03
2.930000e+00 8.976956e-03
2.935000e+00 9.002666e-03
2.940000e+00 8.694381e-03
2.945000e+00 7.854819e-03
2.950000e+00 6.741197e-03
2.955000e+00 5.376327e-03
2.960000e+00 3.766753e-03
2.965000e+00 2.048730e-03
2.970000e+00 3.091729e-04
2.975000e+00 -1.464167e-03
2.980000e+00 -3.330145e-03
2.985000e+00 -4.957245e-03
2.990000e+00 -6.428270e-03
2.995000e+00 -7.722607e-03
3 -8.514003e-03
