T X
0 0
5.000000e-03 -2.450107e-11
1.000000e-02 -7.299395e-11
1.500000e-02 -7.139450e-11
2.000000e-02 3.158388e-10
2.500000e-02 3.346927e-09
3.000000e-02 1.938825e-08
3.500000e-02 8.417387e-08
4.000000e-02 2.885841e-07
4.500000e-02 7.953855e-07
5.000000e-02 1.790110e-06
5.500000e-02 3.353326e-06
6.000000e-02 5.367870e-06
6.500000e-02 7.608850e-06
7.000000e-02 9.936682e-06
7.500000e-02 1.230901e-05
8.000000e-02 1.460748e-05
8.500000e-02 1.664602e-05
9.000000e-02 1.836088e-05
9.500000e-02 1.975490e-05
1.000000e-01 2.070567e-05
1.050000e-01 2.108355e-05
1.100000e-01 2.090887e-05
1.150000e-01 2.019881e-05
1.200000e-01 1.890052e-05
1.250000e-01 1.699250e-05
1.300000e-01 1.443209e-05
1.350000e-01 1.118744e-05
1.400000e-01 7.386077e-06
1.450000e-01 3.250980e-06
1.500000e-01 -9.744429e-07
1.550000e-01 -5.019996e-06
1.600000e-01 -8.699018e-06
1.650000e-01 -1.192091e-05
1.700000e-01 -1.459005e-05
1.750000e-01 -1.661369e-05
1.800000e-01 -1.789004e-05
1.850000e-01 -1.834887e-05
1.900000e-01 -1.803441e-05
1.950000e-01 -1.701082e-05
2.000000e-01 -1.531293e-05
2.050000e-01 -1.298841e-05
2.100000e-01 -1.013129e-05
2.150000e-01 -6.921629e-06
2.200000e-01 -3.526462e-06
2.250000e-01 -3.997443e-08
2.300000e-01 3.436647e-06
2.350000e-01 6.762050e-06
2.400000e-01 9.759298e-06
2.450000e-01 1.228313e-05
2.500000e-01 1.425451e-05
2.550000e-01 1.562114e-05
2.600000e-01 1.635399e-05
2.650000e-01 1.641969e-05
2.700000e-01 1.579627e-05
2.750000e-01 1.451901e-05
2.800000e-01 1.266886e-05
2.850000e-01 1.034453e-05
2.900000e-01 7.629149e-06
2.950000e-01 4.619827e-06
3.000000e-01 1.444053e-06
3.050000e-01 -1.760238e-06
3.100000e-01 -4.849652e-06
3.150000e-01 -7.702557e-06
3.200000e-01 -1.021987e-05
3.250000e-01 -1.232257e-05
3.300000e-01 -1.392453e-05
3.350000e-01 -1.494175e-05
3.400000e-01 -1.533539e-05
3.450000e-01 -1.510333e-05
3.500000e-01 -1.428045e-05
3.550000e-01 -1.290427e-05
3.600000e-01 -1.101751e-05
3.650000e-01 -8.684714e-06
3.700000e-01 -6.002805e-06
3.750000e-01 -3.105660e-06
3.800000e-01 -1.076483e-07
3.850000e-01 2.875597e-06
3.900000e-01 5.726528e-06
3.950000e-01 8.347830e-06
4.000000e-01 1.063645e-05
4.050000e-01 1.248372e-05
4.100000e-01 1.380473e-05
4.150000e-01 1.456020e-05
4.200000e-01 1.473440e-05
4.250000e-01 1.433381e-05
4.300000e-01 1.336978e-05
4.350000e-01 1.186016e-05
4.400000e-01 9.860861e-06
4.450000e-01 7.461993e-06
4.500000e-01 4.783687e-06
4.550000e-01 1.942339e-06
4.600000e-01 -9.694485e-07
4.650000e-01 -3.858329e-06
4.700000e-01 -6.601705e-06
4.750000e-01 -9.069501e-06
4.800000e-01 -1.115309e-05
4.850000e-01 -1.276880e-05
4.900000e-01 -1.387818e-05
4.950000e-01 -1.444939e-05
5.000000e-01 -1.444511e-05
5.050000e-01 -1.385294e-05
5.100000e-01 -1.268322e-05
5.150000e-01 -1.100063e-05
5.200000e-01 -8.897093e-06
5.250000e-01 -6.448134e-06
5.300000e-01 -3.739001e-06
5.350000e-01 -8.676428e-07
5.400000e-01 2.047333e-06
5.450000e-01 4.870215e-06
5.500000e-01 7.484981e-06
5.550000e-01 9.793286e-06
5.600000e-01 1.171132e-05
5.650000e-01 1.317274e-05
5.700000e-01 1.410711e-05
5.750000e-01 1.446133e-05
5.800000e-01 1.422436e-05
5.850000e-01 1.341535e-05
5.900000e-01 1.208384e-05
5.950000e-01 1.027522e-05
6.000000e-01 8.042218e-06
6.050000e-01 5.476111e-06
6.100000e-01 2.680246e-06
6.150000e-01 -2.118603e-07
6.200000e-01 -3.076530e-06
6.250000e-01 -5.823186e-06
6.300000e-01 -8.349165e-06
6.350000e-01 -1.055470e-05
6.400000e-01 -1.233458e-05
6.450000e-01 -1.359769e-05
6.500000e-01 -1.430418e-05
6.550000e-01 -1.444496e-05
6.600000e-01 -1.402788e-05
6.650000e-01 -1.305545e-05
6.700000e-01 -1.154024e-05
6.750000e-01 -9.543210e-06
6.800000e-01 -7.158325e-06
6.850000e-01 -4.500999e-06
6.900000e-01 -1.683188e-06
6.950000e-01 1.206926e-06
7.000000e-01 4.071337e-06
7.050000e-01 6.789474e-06
7.100000e-01 9.231271e-06
7.150000e-01 1.128257e-05
7.200000e-01 1.287015e-05
7.250000e-01 1.395090e-05
7.300000e-01 1.449466e-05
7.350000e-01 1.446663e-05
7.400000e-01 1.384348e-05
7.450000e-01 1.264544e-05
7.500000e-01 1.093635e-05
7.550000e-01 8.801700e-06
7.600000e-01 6.327870e-06
7.650000e-01 3.601691e-06
7.700000e-01 7.122369e-07
7.750000e-01 -2.223440e-06
7.800000e-01 -5.067311e-06
7.850000e-01 -7.695677e-06
7.900000e-01 -1.000694e-05
7.950000e-01 -1.192562e-05
8.000000e-01 -1.338396e-05
8.050000e-01 -1.431368e-05
8.100000e-01 -1.466169e-05
8.150000e-01 -1.440716e-05
8.200000e-01 -1.357483e-05
8.250000e-01 -1.221056e-05
8.300000e-01 -1.036561e-05
8.350000e-01 -8.103438e-06
8.400000e-01 -5.500929e-06
8.450000e-01 -2.667545e-06
8.500000e-01 2.670332e-07
8.550000e-01 3.180198e-06
8.600000e-01 5.964060e-06
8.650000e-01 8.525350e-06
8.700000e-01 1.075986e-05
8.750000e-01 1.256179e-05
8.800000e-01 1.385267e-05
8.850000e-01 1.457863e-05
8.900000e-01 1.472719e-05
8.950000e-01 1.430603e-05
9.000000e-01 1.331735e-05
9.050000e-01 1.178471e-05
9.100000e-01 9.763368e-06
9.150000e-01 7.346967e-06
9.200000e-01 4.649316e-06
9.250000e-01 1.779738e-06
9.300000e-01 -1.164458e-06
9.350000e-01 -4.082394e-06
9.400000e-01 -6.854683e-06
9.450000e-01 -9.350412e-06
9.500000e-01 -1.145231e-05
9.550000e-01 -1.309073e-05
9.600000e-01 -1.421643e-05
9.650000e-01 -1.479372e-05
9.700000e-01 -1.479292e-05
9.750000e-01 -1.418518e-05
9.800000e-01 -1.299180e-05
9.850000e-01 -1.127417e-05
9.900000e-01 -9.119994e-06
9.950000e-01 -6.621257e-06
1 -3.853901e-06
1.005000e+00 -9.137447e-07
1.010000e+00 2.081883e-06
1.015000e+00 4.994450e-06
1.020000e+00 7.687488e-06
1.025000e+00 1.006559e-05
1.030000e+00 1.205263e-05
1.035000e+00 1.357769e-05
1.040000e+00 1.457211e-05
1.045000e+00 1.497487e-05
1.050000e+00 1.476297e-05
1.055000e+00 1.395912e-05
1.060000e+00 1.261076e-05
1.065000e+00 1.077379e-05
1.070000e+00 8.505147e-06
1.075000e+00 5.879728e-06
1.080000e+00 3.008419e-06
1.085000e+00 1.914932e-08
1.090000e+00 -2.958109e-06
1.095000e+00 -5.811488e-06
1.100000e+00 -8.445600e-06
1.105000e+00 -1.075886e-05
1.110000e+00 -1.264561e-05
1.115000e+00 -1.401692e-05
1.120000e+00 -1.482253e-05
1.125000e+00 -1.504266e-05
1.130000e+00 -1.467934e-05
1.135000e+00 -1.374242e-05
1.140000e+00 -1.224659e-05
1.145000e+00 -1.023464e-05
1.150000e+00 -7.784763e-06
1.155000e+00 -5.001397e-06
1.160000e+00 -2.001027e-06
1.165000e+00 1.081520e-06
1.170000e+00 4.078575e-06
1.175000e+00 6.780076e-06
1.180000e+00 8.962334e-06
1.185000e+00 1.043894e-05
1.190000e+00 1.110231e-05
1.195000e+00 1.093031e-05
1.200000e+00 9.934760e-06
1.205000e+00 8.149192e-06
1.210000e+00 5.612283e-06
1.215000e+00 2.386575e-06
1.220000e+00 -1.384634e-06
1.225000e+00 -5.519474e-06
1.230000e+00 -9.832117e-06
1.235000e+00 -1.412937e-05
1.240000e+00 -1.823121e-05
1.245000e+00 -2.198893e-05
1.250000e+00 -2.523837e-05
1.255000e+00 -2.777398e-05
1.260000e+00 -2.942277e-05
1.265000e+00 -3.006470e-05
1.270000e+00 -2.959227e-05
1.275000e+00 -2.794900e-05
1.280000e+00 -2.517443e-05
1.285000e+00 -2.136639e-05
1.290000e+00 -1.669060e-05
1.295000e+00 -1.136790e-05
1.300000e+00 -5.592620e-06
1.305000e+00 4.184565e-07
1.310000e+00 6.406123e-06
1.315000e+00 1.214150e-05
1.320000e+00 1.739171e-05
1.325000e+00 2.193446e-05
1.330000e+00 2.562869e-05
1.335000e+00 2.838183e-05
1.340000e+00 3.016682e-05
1.345000e+00 3.101702e-05
1.350000e+00 3.095116e-05
1.355000e+00 3.002789e-05
1.360000e+00 2.834616e-05
1.365000e+00 2.598832e-05
1.370000e+00 2.305186e-05
1.375000e+00 1.960912e-05
1.380000e+00 1.572134e-05
1.385000e+00 1.152684e-05
1.390000e+00 7.214491e-06
1.395000e+00 3.007678e-06
1.400000e+00 -8.611540e-07
1.405000e+00 -4.196022e-06
1.410000e+00 -6.845826e-06
1.415000e+00 -8.777519e-06
1.420000e+00 -1.003741e-05
1.425000e+00 -1.063816e-05
1.430000e+00 -1.063202e-05
1.435000e+00 -1.015113e-05
1.440000e+00 -9.345482e-06
1.445000e+00 -8.332618e-06
1.450000e+00 -7.164501e-06
1.455000e+00 -5.868622e-06
1.460000e+00 -4.432226e-06
1.465000e+00 -2.813706e-06
1.470000e+00 -1.009945e-06
1.475000e+00 9.252391e-07
1.480000e+00 2.854016e-06
1.485000e+00 4.622573e-06
1.490000e+00 6.146189e-06
1.495000e+00 7.418560e-06
1.500000e+00 8.463581e-06
1.505000e+00 9.275444e-06
1.510000e+00 9.806066e-06
1.515000e+00 9.974955e-06
1.520000e+00 9.746061e-06
1.525000e+00 9.153211e-06
1.530000e+00 8.226064e-06
1.535000e+00 6.972546e-06
1.540000e+00 5.409058e-06
1.545000e+00 3.585309e-06
1.550000e+00 1.575089e-06
1.555000e+00 -5.852239e-07
1.560000e+00 -2.875853e-06
1.565000e+00 -5.156077e-06
1.570000e+00 -7.203249e-06
1.575000e+00 -8.921609e-06
1.580000e+00 -1.032345e-05
1.585000e+00 -1.134522e-05
1.590000e+00 -1.184632e-05
1.595000e+00 -1.176607e-05
1.600000e+00 -1.115774e-05
1.605000e+00 -1.008342e-05
1.610000e+00 -8.577631e-06
1.615000e+00 -6.694452e-06
1.620000e+00 -4.520383e-06
1.625000e+00 -2.124550e-06
1.630000e+00 3.796790e-07
1.635000e+00 2.809106e-06
1.640000e+00 5.063882e-06
1.645000e+00 7.104894e-06
1.650000e+00 8.853945e-06
1.655000e+00 1.024642e-05
1.660000e+00 1.122569e-05
1.665000e+00 1.170378e-05
1.670000e+00 1.165646e-05
1.675000e+00 1.116559e-05
1.680000e+00 1.028616e-05
1.685000e+00 8.992531e-06
1.690000e+00 7.292094e-06
1.695000e+00 5.286858e-06
1.700000e+00 3.106067e-06
1.705000e+00 8.350302e-07
1.710000e+00 -1.478337e-06
1.715000e+00 -3.781111e-06
1.720000e+00 -5.939796e-06
1.725000e+00 -7.800973e-06
1.730000e+00 -9.345099e-06
1.735000e+00 -1.055811e-05
1.740000e+00 -1.134268e-05
1.745000e+00 -1.164674e-05
1.750000e+00 -1.147831e-05
1.755000e+00 -1.083682e-05
1.760000e+00 -9.727164e-06
1.765000e+00 -8.218885e-06
1.770000e+00 -6.394452e-06
1.775000e+00 -4.301597e-06
1.780000e+00 -1.998425e-06
1.785000e+00 4.141855e-07
1.790000e+00 2.803987e-06
1.795000e+00 5.051331e-06
1.800000e+00 7.075410e-06
1.805000e+00 8.799627e-06
1.810000e+00 1.016103e-05
1.815000e+00 1.112362e-05
1.820000e+00 1.159650e-05
1.825000e+00 1.151298e-05
1.830000e+00 1.093575e-05
1.835000e+00 9.927625e-06
1.840000e+00 8.512578e-06
1.845000e+00 6.743432e-06
1.850000e+00 4.681061e-06
1.855000e+00 2.409756e-06
1.860000e+00 6.080039e-08
1.865000e+00 -2.240982e-06
1.870000e+00 -4.412064e-06
1.875000e+00 -6.367188e-06
1.880000e+00 -8.023229e-06
1.885000e+00 -9.334093e-06
1.890000e+00 -1.022639e-05
1.895000e+00 -1.063294e-05
1.900000e+00 -1.056637e-05
1.905000e+00 -1.006187e-05
1.910000e+00 -9.151582e-06
1.915000e+00 -7.876018e-06
1.920000e+00 -6.291602e-06
1.925000e+00 -4.472172e-06
1.930000e+00 -2.500010e-06
1.935000e+00 -4.837218e-07
1.940000e+00 1.472947e-06
1.945000e+00 3.319734e-06
1.950000e+00 4.992978e-06
1.955000e+00 6.400650e-06
1.960000e+00 7.493560e-06
1.965000e+00 8.244118e-06
1.970000e+00 8.632118e-06
1.975000e+00 8.668012e-06
1.980000e+00 8.361786e-06
1.985000e+00 7.727444e-06
1.990000e+00 6.809361e-06
1.995000e+00 5.654187e-06
2 4.337281e-06
2.005000e+00 2.933282e-06
2.010000e+00 1.471265e-06
2.015000e+00 -4.529823e-10
2.020000e+00 -1.415760e-06
2.025000e+00 -2.709389e-06
2.030000e+00 -3.830650e-06
2.035000e+00 -4.755515e-06
2.040000e+00 -5.480886e-06
2.045000e+00 -6.012915e-06
2.050000e+00 -6.328197e-06
2.055000e+00 -6.398976e-06
2.060000e+00 -6.241733e-06
2.065000e+00 -5.890238e-06
2.070000e+00 -5.375718e-06
2.075000e+00 -4.746121e-06
2.080000e+00 -4.008945e-06
2.085000e+00 -3.140798e-06
2.090000e+00 -2.185905e-06
2.095000e+00 -1.211570e-06
2.100000e+00 -2.457308e-07
2.105000e+00 6.939073e-07
2.110000e+00 1.603682e-06
2.115000e+00 2.483152e-06
2.120000e+00 3.303840e-06
2.125000e+00 4.030236e-06
2.130000e+00 4.628474e-06
2.135000e+00 5.084964e-06
2.140000e+00 5.419752e-06
2.145000e+00 5.637418e-06
2.150000e+00 5.706335e-06
2.155000e+00 5.593060e-06
2.160000e+00 5.287691e-06
2.165000e+00 4.812548e-06
2.170000e+00 4.198637e-06
2.175000e+00 3.440742e-06
2.180000e+00 2.527983e-06
2.185000e+00 1.493644e-06
2.190000e+00 3.687389e-07
2.195000e+00 -8.300104e-07
2.200000e+00 -2.045810e-06
2.205000e+00 -3.225930e-06
2.210000e+00 -4.350919e-06
2.215000e+00 -5.385971e-06
2.220000e+00 -6.277095e-06
2.225000e+00 -6.962879e-06
2.230000e+00 -7.406130e-06
2.235000e+00 -7.601477e-06
2.240000e+00 -7.531315e-06
2.245000e+00 -7.160832e-06
2.250000e+00 -6.483571e-06
2.255000e+00 -5.524633e-06
2.260000e+00 -4.314248e-06
2.265000e+00 -2.895403e-06
2.270000e+00 -1.308162e-06
2.275000e+00 3.990630e-07
2.280000e+00 2.167353e-06
2.285000e+00 3.924409e-06
2.290000e+00 5.566849e-06
2.295000e+00 7.021394e-06
2.300000e+00 8.249610e-06
2.305000e+00 9.199010e-06
2.310000e+00 9.807215e-06
2.315000e+00 1.003202e-05
2.320000e+00 9.835489e-06
2.325000e+00 9.197739e-06
2.330000e+00 8.164165e-06
2.335000e+00 6.790442e-06
2.340000e+00 5.107758e-06
2.345000e+00 3.148101e-06
2.350000e+00 9.785751e-07
2.355000e+00 -1.296912e-06
2.360000e+00 -3.566010e-06
2.365000e+00 -5.713541e-06
2.370000e+00 -7.663473e-06
2.375000e+00 -9.365154e-06
2.380000e+00 -1.074041e-05
2.385000e+00 -1.170204e-05
2.390000e+00 -1.218107e-05
2.395000e+00 -1.214812e-05
2.400000e+00 -1.161368e-05
2.405000e+00 -1.059974e-05
2.410000e+00 -9.137157e-06
2.415000e+00 -7.263405e-06
2.420000e+00 -5.020787e-06
2.425000e+00 -2.501462e-06
2.430000e+00 1.565898e-07
2.435000e+00 2.837897e-06
2.440000e+00 5.453350e-06
2.445000e+00 7.912895e-06
2.450000e+00 1.012501e-05
2.455000e+00 1.198608e-05
2.460000e+00 1.339039e-05
2.465000e+00 1.423287e-05
2.470000e+00 1.440266e-05
2.475000e+00 1.381821e-05
2.480000e+00 1.241843e-05
2.485000e+00 1.013458e-05
2.490000e+00 6.956334e-06
2.495000e+00 3.001238e-06
2.500000e+00 -1.529467e-06
2.505000e+00 -6.423526e-06
2.510000e+00 -1.147382e-05
2.515000e+00 -1.646505e-05
2.520000e+00 -2.119995e-05
2.525000e+00 -2.552994e-05
2.530000e+00 -2.933530e-05
2.535000e+00 -3.248915e-05
2.540000e+00 -3.481277e-05
2.545000e+00 -3.609881e-05
2.550000e+00 -3.618172e-05
2.555000e+00 -3.496857e-05
2.560000e+00 -3.244424e-05
2.565000e+00 -2.867784e-05
2.570000e+00 -2.381779e-05
2.575000e+00 -1.803319e-05
2.580000e+00 -1.148431e-05
2.585000e+00 -4.387734e-06
2.590000e+00 2.937690e-06
2.595000e+00 1.012147e-05
2.600000e+00 1.683197e-05
2.605000e+00 2.283314e-05
2.610000e+00 2.796044e-05
2.615000e+00 3.205358e-05
2.620000e+00 3.491872e-05
2.625000e+00 3.636148e-05
2.630000e+00 3.626113e-05
2.635000e+00 3.464158e-05
2.640000e+00 3.168643e-05
2.645000e+00 2.767476e-05
2.650000e+00 2.291757e-05
2.655000e+00 1.769885e-05
2.660000e+00 1.225028e-05
2.665000e+00 6.758822e-06
2.670000e+00 1.392961e-06
2.675000e+00 -3.649546e-06
2.680000e+00 -8.155019e-06
2.685000e+00 -1.192902e-05
2.690000e+00 -1.480702e-05
2.695000e+00 -1.665790e-05
2.700000e+00 -1.739370e-05
2.705000e+00 -1.699047e-05
2.710000e+00 -1.549080e-05
2.715000e+00 -1.301013e-05
2.720000e+00 -9.716737e-06
2.725000e+00 -5.786179e-06
2.730000e+00 -1.434903e-06
2.735000e+00 3.067528e-06
2.740000e+00 7.458853e-06
2.745000e+00 1.151455e-05
2.750000e+00 1.505247e-05
2.755000e+00 1.792446e-05
2.760000e+00 2.001668e-05
2.765000e+00 2.128743e-05
2.770000e+00 2.175505e-05
2.775000e+00 2.141650e-05
2.780000e+00 2.027286e-05
2.785000e+00 1.835458e-05
2.790000e+00 1.566670e-05
2.795000e+00 1.222999e-05
2.800000e+00 8.178020e-06
2.805000e+00 3.742199e-06
2.810000e+00 -8.821269e-07
2.815000e+00 -5.541044e-06
2.820000e+00 -1.007506e-05
2.825000e+00 -1.431974e-05
2.830000e+00 -1.803387e-05
2.835000e+00 -2.092912e-05
2.840000e+00 -2.283176e-05
2.845000e+00 -2.372731e-05
2.850000e+00 -2.363447e-05
2.855000e+00 -2.256681e-05
2.860000e+00 -2.057490e-05
2.865000e+00 -1.773228e-05
2.870000e+00 -1.416864e-05
2.875000e+00 -1.006246e-05
2.880000e+00 -5.570833e-06
2.885000e+00 -8.407808e-07
2.890000e+00 3.938011e-06
2.895000e+00 8.547341e-06
2.900000e+00 1.278722e-05
2.905000e+00 1.646493e-05
2.910000e+00 1.944602e-05
2.915000e+00 2.167626e-05
2.920000e+00 2.308248e-05
2.925000e+00 2.357745e-05
2.930000e+00 2.311261e-05
2.935000e+00 2.171431e-05
2.940000e+00 1.947011e-05
2.945000e+00 1.649841e-05
2.950000e+00 1.292586e-05
2.955000e+00 8.843748e-06
2.960000e+00 4.375282e-06
2.965000e+00 -3.152950e-07
2.970000e+00 -5.039490e-06
2.975000e+00 -9.588178e-06
2.980000e+00 -1.381377e-05
2.985000e+00 -1.757723e-05
2.990000e+00 -2.070014e-05
2.995000e+00 -2.304268e-05
3 -2.449741e-05
