T X
0 0
5.000000e-03 1.820290e-07
1.000000e-02 8.289945e-07
1.500000e-02 2.010653e-06
2.000000e-02 3.684065e-06
2.500000e-02 5.786787e-06
3.000000e-02 8.219781e-06
3.500000e-02 1.084642e-05
4.000000e-02 1.352682e-05
4.500000e-02 1.614799e-05
5.000000e-02 1.860273e-05
5.500000e-02 2.078937e-05
6.000000e-02 2.259586e-05
6.500000e-02 2.392093e-05
7.000000e-02 2.467294e-05
7.500000e-02 2.478264e-05
8.000000e-02 2.419822e-05
8.500000e-02 2.286410e-05
9.000000e-02 2.070800e-05
9.500000e-02 1.765447e-05
1.000000e-01 1.370755e-05
1.050000e-01 9.006705e-06
1.100000e-01 3.835895e-06
1.150000e-01 -1.466109e-06
1.200000e-01 -6.630583e-06
1.250000e-01 -1.149460e-05
1.300000e-01 -1.592457e-05
1.350000e-01 -1.971757e-05
1.400000e-01 -2.266097e-05
1.450000e-01 -2.462024e-05
1.500000e-01 -2.555900e-05
1.550000e-01 -2.546090e-05
1.600000e-01 -2.428374e-05
1.650000e-01 -2.208260e-05
1.700000e-01 -1.900372e-05
1.750000e-01 -1.517362e-05
1.800000e-01 -1.069724e-05
1.850000e-01 -5.751370e-06
1.900000e-01 -5.767148e-07
1.950000e-01 4.616295e-06
2.000000e-01 9.621465e-06
2.050000e-01 1.421630e-05
2.100000e-01 1.821393e-05
2.150000e-01 2.147863e-05
2.200000e-01 2.386552e-05
2.250000e-01 2.525815e-05
2.300000e-01 2.561372e-05
2.350000e-01 2.491385e-05
2.400000e-01 2.319648e-05
2.450000e-01 2.055696e-05
2.500000e-01 1.710238e-05
2.550000e-01 1.294311e-05
2.600000e-01 8.239126e-06
2.650000e-01 3.195872e-06
2.700000e-01 -1.969055e-06
2.750000e-01 -7.017626e-06
2.800000e-01 -1.175769e-05
2.850000e-01 -1.603501e-05
2.900000e-01 -1.967961e-05
2.950000e-01 -2.253182e-05
3.000000e-01 -2.446367e-05
3.050000e-01 -2.538720e-05
3.100000e-01 -2.527648e-05
3.150000e-01 -2.415973e-05
3.200000e-01 -2.209114e-05
3.250000e-01 -1.915464e-05
3.300000e-01 -1.544330e-05
3.350000e-01 -1.108691e-05
3.400000e-01 -6.280065e-06
3.450000e-01 -1.232824e-06
3.500000e-01 3.844022e-06
3.550000e-01 8.756529e-06
3.600000e-01 1.332492e-05
3.650000e-01 1.736810e-05
3.700000e-01 2.071912e-05
3.750000e-01 2.323442e-05
3.800000e-01 2.480527e-05
3.850000e-01 2.537207e-05
3.900000e-01 2.493135e-05
3.950000e-01 2.350303e-05
4.000000e-01 2.113959e-05
4.050000e-01 1.793491e-05
4.100000e-01 1.400847e-05
4.150000e-01 9.517659e-06
4.200000e-01 4.640316e-06
4.250000e-01 -4.211667e-07
4.300000e-01 -5.457469e-06
4.350000e-01 -1.026970e-05
4.400000e-01 -1.467028e-05
4.450000e-01 -1.849743e-05
4.500000e-01 -2.159938e-05
4.550000e-01 -2.383524e-05
4.600000e-01 -2.510253e-05
4.650000e-01 -2.535782e-05
4.700000e-01 -2.459938e-05
4.750000e-01 -2.287081e-05
4.800000e-01 -2.024691e-05
4.850000e-01 -1.681583e-05
4.900000e-01 -1.270188e-05
4.950000e-01 -8.061396e-06
5.000000e-01 -3.093520e-06
5.050000e-01 1.981160e-06
5.100000e-01 6.955023e-06
5.150000e-01 1.165545e-05
5.200000e-01 1.591690e-05
5.250000e-01 1.955806e-05
5.300000e-01 2.242406e-05
5.350000e-01 2.437732e-05
5.400000e-01 2.533345e-05
5.450000e-01 2.528063e-05
5.500000e-01 2.423910e-05
5.550000e-01 2.224737e-05
5.600000e-01 1.936723e-05
5.650000e-01 1.569856e-05
5.700000e-01 1.138086e-05
5.750000e-01 6.609130e-06
5.800000e-01 1.595197e-06
5.850000e-01 -3.466532e-06
5.900000e-01 -8.393652e-06
5.950000e-01 -1.300992e-05
6.000000e-01 -1.712343e-05
6.050000e-01 -2.055442e-05
6.100000e-01 -2.315261e-05
6.150000e-01 -2.481463e-05
6.200000e-01 -2.548945e-05
6.250000e-01 -2.515722e-05
6.300000e-01 -2.383448e-05
6.350000e-01 -2.156043e-05
6.400000e-01 -1.841479e-05
6.450000e-01 -1.452285e-05
6.500000e-01 -1.004905e-05
6.550000e-01 -5.184618e-06
6.600000e-01 -1.198389e-07
6.650000e-01 4.946044e-06
6.700000e-01 9.821411e-06
6.750000e-01 1.431610e-05
6.800000e-01 1.824543e-05
6.850000e-01 2.144988e-05
6.900000e-01 2.379485e-05
6.950000e-01 2.518404e-05
7.000000e-01 2.556807e-05
7.050000e-01 2.493969e-05
7.100000e-01 2.332407e-05
7.150000e-01 2.078606e-05
7.200000e-01 1.740871e-05
7.250000e-01 1.331937e-05
7.300000e-01 8.698143e-06
7.350000e-01 3.733328e-06
7.400000e-01 -1.365924e-06
7.450000e-01 -6.400161e-06
7.500000e-01 -1.119029e-05
7.550000e-01 -1.554967e-05
7.600000e-01 -1.930166e-05
7.650000e-01 -2.228262e-05
7.700000e-01 -2.435369e-05
7.750000e-01 -2.544187e-05
7.800000e-01 -2.553044e-05
7.850000e-01 -2.462355e-05
7.900000e-01 -2.274547e-05
7.950000e-01 -1.994697e-05
8.000000e-01 -1.633045e-05
8.050000e-01 -1.205292e-05
8.100000e-01 -7.301666e-06
8.150000e-01 -2.281618e-06
8.200000e-01 2.816701e-06
8.250000e-01 7.815639e-06
8.300000e-01 1.252597e-05
8.350000e-01 1.674746e-05
8.400000e-01 2.028982e-05
8.450000e-01 2.300393e-05
8.500000e-01 2.479117e-05
8.550000e-01 2.560492e-05
8.600000e-01 2.542242e-05
8.650000e-01 2.423363e-05
8.700000e-01 2.206731e-05
8.750000e-01 1.900324e-05
8.800000e-01 1.517528e-05
8.850000e-01 1.074978e-05
8.900000e-01 5.908694e-06
8.950000e-01 8.390612e-07
9.000000e-01 -4.270619e-06
9.050000e-01 -9.225917e-06
9.100000e-01 -1.382065e-05
9.150000e-01 -1.785627e-05
9.200000e-01 -2.117045e-05
9.250000e-01 -2.363450e-05
9.300000e-01 -2.516073e-05
9.350000e-01 -2.569534e-05
9.400000e-01 -2.521257e-05
9.450000e-01 -2.372542e-05
9.500000e-01 -2.128942e-05
9.550000e-01 -1.799810e-05
9.600000e-01 -1.398404e-05
9.650000e-01 -9.417046e-06
9.700000e-01 -4.481374e-06
9.750000e-01 6.280217e-07
9.800000e-01 5.713752e-06
9.850000e-01 1.058409e-05
9.900000e-01 1.504256e-05
9.950000e-01 1.889795e-05
1 2.198855e-05
1.005000e+00 2.419275e-05
1.010000e+00 2.543150e-05
1.015000e+00 2.567073e-05
1.020000e+00 2.490183e-05
1.025000e+00 2.314276e-05
1.030000e+00 2.045060e-05
1.035000e+00 1.692402e-05
1.040000e+00 1.272250e-05
1.045000e+00 8.032982e-06
1.050000e+00 3.039293e-06
1.055000e+00 -2.075678e-06
1.060000e+00 -7.129282e-06
1.065000e+00 -1.191694e-05
1.070000e+00 -1.622749e-05
1.075000e+00 -1.987504e-05
1.080000e+00 -2.271209e-05
1.085000e+00 -2.464123e-05
1.090000e+00 -2.560757e-05
1.095000e+00 -2.557429e-05
1.100000e+00 -2.452000e-05
1.105000e+00 -2.247011e-05
1.110000e+00 -1.950796e-05
1.115000e+00 -1.576986e-05
1.120000e+00 -1.142605e-05
1.125000e+00 -6.642855e-06
1.130000e+00 -1.591800e-06
1.135000e+00 3.540004e-06
1.140000e+00 8.548237e-06
1.145000e+00 1.321371e-05
1.150000e+00 1.733638e-05
1.155000e+00 2.075671e-05
1.160000e+00 2.335091e-05
1.165000e+00 2.502378e-05
1.170000e+00 2.571233e-05
1.175000e+00 2.537423e-05
1.180000e+00 2.401016e-05
1.185000e+00 2.168452e-05
1.190000e+00 1.850701e-05
1.195000e+00 1.462169e-05
1.200000e+00 1.018878e-05
1.205000e+00 5.370977e-06
1.210000e+00 3.256996e-07
1.215000e+00 -4.800090e-06
1.220000e+00 -9.879286e-06
1.225000e+00 -1.479890e-05
1.230000e+00 -1.944900e-05
1.235000e+00 -2.371582e-05
1.240000e+00 -2.747000e-05
1.245000e+00 -3.057577e-05
1.250000e+00 -3.289958e-05
1.255000e+00 -3.432557e-05
1.260000e+00 -3.478490e-05
1.265000e+00 -3.426060e-05
1.270000e+00 -3.278413e-05
1.275000e+00 -3.042865e-05
1.280000e+00 -2.728360e-05
1.285000e+00 -2.345504e-05
1.290000e+00 -1.906122e-05
1.295000e+00 -1.421563e-05
1.300000e+00 -9.026417e-06
1.305000e+00 -3.574051e-06
1.310000e+00 2.105215e-06
1.315000e+00 7.999419e-06
1.320000e+00 1.404909e-05
1.325000e+00 2.008987e-05
1.330000e+00 2.587088e-05
1.335000e+00 3.109394e-05
1.340000e+00 3.545681e-05
1.345000e+00 3.872877e-05
1.350000e+00 4.081494e-05
1.355000e+00 4.169215e-05
1.360000e+00 4.133037e-05
1.365000e+00 3.973126e-05
1.370000e+00 3.696840e-05
1.375000e+00 3.315448e-05
1.380000e+00 2.839891e-05
1.385000e+00 2.281521e-05
1.390000e+00 1.653806e-05
1.395000e+00 9.729643e-06
1.400000e+00 2.553897e-06
1.405000e+00 -4.828635e-06
1.410000e+00 -1.219051e-05
1.415000e+00 -1.921681e-05
1.420000e+00 -2.554646e-05
1.425000e+00 -3.082698e-05
1.430000e+00 -3.478992e-05
1.435000e+00 -3.728508e-05
1.440000e+00 -3.824530e-05
1.445000e+00 -3.765716e-05
1.450000e+00 -3.556447e-05
1.455000e+00 -3.205270e-05
1.460000e+00 -2.725035e-05
1.465000e+00 -2.135423e-05
1.470000e+00 -1.462933e-05
1.475000e+00 -7.362371e-06
1.480000e+00 1.951784e-07
1.485000e+00 7.768930e-06
1.490000e+00 1.498146e-05
1.495000e+00 2.147700e-05
1.500000e+00 2.708841e-05
1.505000e+00 3.170941e-05
1.510000e+00 3.508807e-05
1.515000e+00 3.694183e-05
1.520000e+00 3.720303e-05
1.525000e+00 3.600065e-05
1.530000e+00 3.343114e-05
1.535000e+00 2.955876e-05
1.540000e+00 2.456329e-05
1.545000e+00 1.866035e-05
1.550000e+00 1.206413e-05
1.555000e+00 5.057225e-06
1.560000e+00 -2.076094e-06
1.565000e+00 -9.099664e-06
1.570000e+00 -1.576337e-05
1.575000e+00 -2.180108e-05
1.580000e+00 -2.699778e-05
1.585000e+00 -3.117557e-05
1.590000e+00 -3.416537e-05
1.595000e+00 -3.585996e-05
1.600000e+00 -3.622737e-05
1.605000e+00 -3.522612e-05
1.610000e+00 -3.284019e-05
1.615000e+00 -2.917350e-05
1.620000e+00 -2.438980e-05
1.625000e+00 -1.867546e-05
1.630000e+00 -1.221650e-05
1.635000e+00 -5.176921e-06
1.640000e+00 2.176920e-06
1.645000e+00 9.470310e-06
1.650000e+00 1.640961e-05
1.655000e+00 2.280018e-05
1.660000e+00 2.840858e-05
1.665000e+00 3.295192e-05
1.670000e+00 3.620514e-05
1.675000e+00 3.802884e-05
1.680000e+00 3.832527e-05
1.685000e+00 3.705244e-05
1.690000e+00 3.425313e-05
1.695000e+00 3.005615e-05
1.700000e+00 2.460586e-05
1.705000e+00 1.806112e-05
1.710000e+00 1.070124e-05
1.715000e+00 2.860596e-06
1.720000e+00 -5.149291e-06
1.725000e+00 -1.298858e-05
1.730000e+00 -2.032166e-05
1.735000e+00 -2.687037e-05
1.740000e+00 -3.236652e-05
1.745000e+00 -3.653080e-05
1.750000e+00 -3.916154e-05
1.755000e+00 -4.016732e-05
1.760000e+00 -3.950571e-05
1.765000e+00 -3.718268e-05
1.770000e+00 -3.328934e-05
1.775000e+00 -2.799981e-05
1.780000e+00 -2.153823e-05
1.785000e+00 -1.417690e-05
1.790000e+00 -6.228078e-06
1.795000e+00 1.977659e-06
1.800000e+00 1.007318e-05
1.805000e+00 1.769915e-05
1.810000e+00 2.456413e-05
1.815000e+00 3.040038e-05
1.820000e+00 3.494733e-05
1.825000e+00 3.802570e-05
1.830000e+00 3.952432e-05
1.835000e+00 3.936623e-05
1.840000e+00 3.757007e-05
1.845000e+00 3.424579e-05
1.850000e+00 2.955096e-05
1.855000e+00 2.368261e-05
1.860000e+00 1.687456e-05
1.865000e+00 9.411444e-06
1.870000e+00 1.619516e-06
1.875000e+00 -6.164498e-06
1.880000e+00 -1.360802e-05
1.885000e+00 -2.041050e-05
1.890000e+00 -2.632805e-05
1.895000e+00 -3.115034e-05
1.900000e+00 -3.468878e-05
1.905000e+00 -3.678875e-05
1.910000e+00 -3.737506e-05
1.915000e+00 -3.647173e-05
1.920000e+00 -3.413831e-05
1.925000e+00 -3.048295e-05
1.930000e+00 -2.567102e-05
1.935000e+00 -1.987733e-05
1.940000e+00 -1.333513e-05
1.945000e+00 -6.329923e-06
1.950000e+00 8.560311e-07
1.955000e+00 7.920969e-06
1.960000e+00 1.459138e-05
1.965000e+00 2.064903e-05
1.970000e+00 2.586245e-05
1.975000e+00 3.002174e-05
1.980000e+00 3.297407e-05
1.985000e+00 3.461284e-05
1.990000e+00 3.490482e-05
1.995000e+00 3.386377e-05
2 3.153659e-05
2.005000e+00 2.802480e-05
2.010000e+00 2.346782e-05
2.015000e+00 1.802819e-05
2.020000e+00 1.191995e-05
2.025000e+00 5.397632e-06
2.030000e+00 -1.296948e-06
2.035000e+00 -7.912875e-06
2.040000e+00 -1.419362e-05
2.045000e+00 -1.991133e-05
2.050000e+00 -2.485297e-05
2.055000e+00 -2.883225e-05
2.060000e+00 -3.169967e-05
2.065000e+00 -3.334092e-05
2.070000e+00 -3.370688e-05
2.075000e+00 -3.280107e-05
2.080000e+00 -3.065254e-05
2.085000e+00 -2.734978e-05
2.090000e+00 -2.302002e-05
2.095000e+00 -1.779912e-05
2.100000e+00 -1.188154e-05
2.105000e+00 -5.509521e-06
2.110000e+00 1.072314e-06
2.115000e+00 7.616839e-06
2.120000e+00 1.388137e-05
2.125000e+00 1.963998e-05
2.130000e+00 2.467522e-05
2.135000e+00 2.877393e-05
2.140000e+00 3.175802e-05
2.145000e+00 3.351556e-05
2.150000e+00 3.399053e-05
2.155000e+00 3.316714e-05
2.160000e+00 3.107945e-05
2.165000e+00 2.779297e-05
2.170000e+00 2.340084e-05
2.175000e+00 1.806560e-05
2.180000e+00 1.201260e-05
2.185000e+00 5.484824e-06
2.190000e+00 -1.277905e-06
2.195000e+00 -8.034493e-06
2.200000e+00 -1.453362e-05
2.205000e+00 -2.051065e-05
2.210000e+00 -2.571584e-05
2.215000e+00 -2.993632e-05
2.220000e+00 -3.298813e-05
2.225000e+00 -3.475506e-05
2.230000e+00 -3.518799e-05
2.235000e+00 -3.425329e-05
2.240000e+00 -3.195932e-05
2.245000e+00 -2.837996e-05
2.250000e+00 -2.365599e-05
2.255000e+00 -1.798493e-05
2.260000e+00 -1.158301e-05
2.265000e+00 -4.689854e-06
2.270000e+00 2.425007e-06
2.275000e+00 9.493168e-06
2.280000e+00 1.624030e-05
2.285000e+00 2.238154e-05
2.290000e+00 2.766885e-05
2.295000e+00 3.187985e-05
2.300000e+00 3.483900e-05
2.305000e+00 3.643911e-05
2.310000e+00 3.659859e-05
2.315000e+00 3.529326e-05
2.320000e+00 3.257243e-05
2.325000e+00 2.853793e-05
2.330000e+00 2.333789e-05
2.335000e+00 1.717783e-05
2.340000e+00 1.030912e-05
2.345000e+00 3.004028e-06
2.350000e+00 -4.450112e-06
2.355000e+00 -1.176948e-05
2.360000e+00 -1.866678e-05
2.365000e+00 -2.485606e-05
2.370000e+00 -3.007570e-05
2.375000e+00 -3.410641e-05
2.380000e+00 -3.678350e-05
2.385000e+00 -3.800151e-05
2.390000e+00 -3.771061e-05
2.395000e+00 -3.590739e-05
2.400000e+00 -3.264660e-05
2.405000e+00 -2.804020e-05
2.410000e+00 -2.227446e-05
2.415000e+00 -1.560339e-05
2.420000e+00 -8.299341e-06
2.425000e+00 -6.481057e-07
2.430000e+00 7.060313e-06
2.435000e+00 1.452206e-05
2.440000e+00 2.141790e-05
2.445000e+00 2.745967e-05
2.450000e+00 3.239826e-05
2.455000e+00 3.603823e-05
2.460000e+00 3.825432e-05
2.465000e+00 3.895702e-05
2.470000e+00 3.809609e-05
2.475000e+00 3.569274e-05
2.480000e+00 3.182676e-05
2.485000e+00 2.665815e-05
2.490000e+00 2.043265e-05
2.495000e+00 1.341315e-05
2.500000e+00 5.862859e-06
2.505000e+00 -1.938335e-06
2.510000e+00 -9.702475e-06
2.515000e+00 -1.715888e-05
2.520000e+00 -2.407816e-05
2.525000e+00 -3.027740e-05
2.530000e+00 -3.560001e-05
2.535000e+00 -3.989959e-05
2.540000e+00 -4.305093e-05
2.545000e+00 -4.492156e-05
2.550000e+00 -4.538858e-05
2.555000e+00 -4.439614e-05
2.560000e+00 -4.197289e-05
2.565000e+00 -3.825141e-05
2.570000e+00 -3.342868e-05
2.575000e+00 -2.773068e-05
2.580000e+00 -2.140672e-05
2.585000e+00 -1.468569e-05
2.590000e+00 -7.745193e-06
2.595000e+00 -7.296016e-07
2.600000e+00 6.217282e-06
2.605000e+00 1.294323e-05
2.610000e+00 1.929867e-05
2.615000e+00 2.515349e-05
2.620000e+00 3.038216e-05
2.625000e+00 3.485127e-05
2.630000e+00 3.841085e-05
2.635000e+00 4.088627e-05
2.640000e+00 4.211781e-05
2.645000e+00 4.201016e-05
2.650000e+00 4.056838e-05
2.655000e+00 3.790543e-05
2.660000e+00 3.419683e-05
2.665000e+00 2.960630e-05
2.670000e+00 2.426848e-05
2.675000e+00 1.830092e-05
2.680000e+00 1.183173e-05
2.685000e+00 5.058252e-06
2.690000e+00 -1.758303e-06
2.695000e+00 -8.324067e-06
2.700000e+00 -1.438102e-05
2.705000e+00 -1.976442e-05
2.710000e+00 -2.437465e-05
2.715000e+00 -2.812159e-05
2.720000e+00 -3.087204e-05
2.725000e+00 -3.246361e-05
2.730000e+00 -3.273433e-05
2.735000e+00 -3.159251e-05
2.740000e+00 -2.908875e-05
2.745000e+00 -2.538811e-05
2.750000e+00 -2.071482e-05
2.755000e+00 -1.527791e-05
2.760000e+00 -9.256418e-06
2.765000e+00 -2.847428e-06
2.770000e+00 3.695420e-06
2.775000e+00 1.005755e-05
2.780000e+00 1.592083e-05
2.785000e+00 2.103261e-05
2.790000e+00 2.523156e-05
2.795000e+00 2.841635e-05
2.800000e+00 3.053341e-05
2.805000e+00 3.154321e-05
2.810000e+00 3.137095e-05
2.815000e+00 2.994155e-05
2.820000e+00 2.724833e-05
2.825000e+00 2.340602e-05
2.830000e+00 1.861569e-05
2.835000e+00 1.308822e-05
2.840000e+00 7.025710e-06
2.845000e+00 6.566539e-07
2.850000e+00 -5.753866e-06
2.855000e+00 -1.192878e-05
2.860000e+00 -1.760128e-05
2.865000e+00 -2.254808e-05
2.870000e+00 -2.657341e-05
2.875000e+00 -2.951802e-05
2.880000e+00 -3.127400e-05
2.885000e+00 -3.176067e-05
2.890000e+00 -3.094984e-05
2.895000e+00 -2.888259e-05
2.900000e+00 -2.565657e-05
2.905000e+00 -2.140126e-05
2.910000e+00 -1.627002e-05
2.915000e+00 -1.046421e-05
2.920000e+00 -4.242772e-06
2.925000e+00 2.116145e-06
2.930000e+00 8.352698e-06
2.935000e+00 1.420981e-05
2.940000e+00 1.945047e-05
2.945000e+00 2.387065e-05
2.950000e+00 2.728959e-05
2.955000e+00 2.959375e-05
2.960000e+00 3.073187e-05
2.965000e+00 3.066295e-05
2.970000e+00 2.937728e-05
2.975000e+00 2.694353e-05
2.980000e+00 2.348441e-05
2.985000e+00 1.912746e-05
2.990000e+00 1.401882e-05
2.995000e+00 8.383461e-06
3 2.474049e-06
