T X
0 0
5.000000e-03 1.830290e-07
1.000000e-02 8.322541e-07
1.500000e-02 2.015508e-06
2.000000e-02 3.689169e-06
2.500000e-02 5.788068e-06
3.000000e-02 8.210559e-06
3.500000e-02 1.082890e-05
4.000000e-02 1.351110e-05
4.500000e-02 1.613716e-05
5.000000e-02 1.859370e-05
5.500000e-02 2.078048e-05
6.000000e-02 2.258669e-05
6.500000e-02 2.391079e-05
7.000000e-02 2.465996e-05
7.500000e-02 2.476693e-05
8.000000e-02 2.418213e-05
8.500000e-02 2.284547e-05
9.000000e-02 2.068150e-05
9.500000e-02 1.762358e-05
1.000000e-01 1.368117e-05
1.050000e-01 8.986033e-06
1.100000e-01 3.822491e-06
1.150000e-01 -1.466037e-06
1.200000e-01 -6.616316e-06
1.250000e-01 -1.146966e-05
1.300000e-01 -1.589716e-05
1.350000e-01 -1.969524e-05
1.400000e-01 -2.263797e-05
1.450000e-01 -2.459341e-05
1.500000e-01 -2.552830e-05
1.550000e-01 -2.542033e-05
1.600000e-01 -2.423902e-05
1.650000e-01 -2.203658e-05
1.700000e-01 -1.895171e-05
1.750000e-01 -1.512151e-05
1.800000e-01 -1.065322e-05
1.850000e-01 -5.723029e-06
1.900000e-01 -5.678217e-07
1.950000e-01 4.608381e-06
2.000000e-01 9.602218e-06
2.050000e-01 1.418660e-05
2.100000e-01 1.817441e-05
2.150000e-01 2.143870e-05
2.200000e-01 2.382598e-05
2.250000e-01 2.521128e-05
2.300000e-01 2.556235e-05
2.350000e-01 2.486546e-05
2.400000e-01 2.314359e-05
2.450000e-01 2.049436e-05
2.500000e-01 1.703847e-05
2.550000e-01 1.288031e-05
2.600000e-01 8.184830e-06
2.650000e-01 3.162387e-06
2.700000e-01 -1.981504e-06
2.750000e-01 -7.011259e-06
2.800000e-01 -1.172957e-05
2.850000e-01 -1.599019e-05
2.900000e-01 -1.962764e-05
2.950000e-01 -2.247230e-05
3.000000e-01 -2.439957e-05
3.050000e-01 -2.532412e-05
3.100000e-01 -2.521436e-05
3.150000e-01 -2.409909e-05
3.200000e-01 -2.202637e-05
3.250000e-01 -1.908599e-05
3.300000e-01 -1.537946e-05
3.350000e-01 -1.102771e-05
3.400000e-01 -6.230153e-06
3.450000e-01 -1.200938e-06
3.500000e-01 3.856268e-06
3.550000e-01 8.744164e-06
3.600000e-01 1.328974e-05
3.650000e-01 1.731804e-05
3.700000e-01 2.065307e-05
3.750000e-01 2.315825e-05
3.800000e-01 2.472663e-05
3.850000e-01 2.529383e-05
3.900000e-01 2.485732e-05
3.950000e-01 2.343167e-05
4.000000e-01 2.107252e-05
4.050000e-01 1.787232e-05
4.100000e-01 1.395050e-05
4.150000e-01 9.466941e-06
4.200000e-01 4.596837e-06
4.250000e-01 -4.480133e-07
4.300000e-01 -5.461105e-06
4.350000e-01 -1.025388e-05
4.400000e-01 -1.463691e-05
4.450000e-01 -1.844570e-05
4.500000e-01 -2.152575e-05
4.550000e-01 -2.374667e-05
4.600000e-01 -2.501366e-05
4.650000e-01 -2.526930e-05
4.700000e-01 -2.451303e-05
4.750000e-01 -2.279449e-05
4.800000e-01 -2.017932e-05
4.850000e-01 -1.675680e-05
4.900000e-01 -1.264932e-05
4.950000e-01 -8.016285e-06
5.000000e-01 -3.066181e-06
5.050000e-01 1.993242e-06
5.100000e-01 6.959192e-06
5.150000e-01 1.164335e-05
5.200000e-01 1.587893e-05
5.250000e-01 1.950051e-05
5.300000e-01 2.235067e-05
5.350000e-01 2.428722e-05
5.400000e-01 2.523748e-05
5.450000e-01 2.518498e-05
5.500000e-01 2.414595e-05
5.550000e-01 2.216422e-05
5.600000e-01 1.929590e-05
5.650000e-01 1.563860e-05
5.700000e-01 1.133407e-05
5.750000e-01 6.578333e-06
5.800000e-01 1.578485e-06
5.850000e-01 -3.475923e-06
5.900000e-01 -8.390896e-06
5.950000e-01 -1.298697e-05
6.000000e-01 -1.708353e-05
6.050000e-01 -2.049921e-05
6.100000e-01 -2.307977e-05
6.150000e-01 -2.472613e-05
6.200000e-01 -2.539124e-05
6.250000e-01 -2.505731e-05
6.300000e-01 -2.373752e-05
6.350000e-01 -2.147107e-05
6.400000e-01 -1.833913e-05
6.450000e-01 -1.446275e-05
6.500000e-01 -1.000599e-05
6.550000e-01 -5.158898e-06
6.600000e-01 -1.087530e-07
6.650000e-01 4.944417e-06
6.700000e-01 9.805220e-06
6.750000e-01 1.428603e-05
6.800000e-01 1.820568e-05
6.850000e-01 2.139353e-05
6.900000e-01 2.371953e-05
6.950000e-01 2.509900e-05
7.000000e-01 2.547176e-05
7.050000e-01 2.483962e-05
7.100000e-01 2.323016e-05
7.150000e-01 2.069181e-05
7.200000e-01 1.732519e-05
7.250000e-01 1.325958e-05
7.300000e-01 8.655822e-06
7.350000e-01 3.709386e-06
7.400000e-01 -1.369989e-06
7.450000e-01 -6.388543e-06
7.500000e-01 -1.116445e-05
7.550000e-01 -1.551508e-05
7.600000e-01 -1.925479e-05
7.650000e-01 -2.221655e-05
7.700000e-01 -2.427822e-05
7.750000e-01 -2.536235e-05
7.800000e-01 -2.544161e-05
7.850000e-01 -2.452671e-05
7.900000e-01 -2.264672e-05
7.950000e-01 -1.985391e-05
8.000000e-01 -1.625065e-05
8.050000e-01 -1.198861e-05
8.100000e-01 -7.256953e-06
8.150000e-01 -2.261272e-06
8.200000e-01 2.817962e-06
8.250000e-01 7.800875e-06
8.300000e-01 1.249323e-05
8.350000e-01 1.669978e-05
8.400000e-01 2.023012e-05
8.450000e-01 2.293560e-05
8.500000e-01 2.471784e-05
8.550000e-01 2.552493e-05
8.600000e-01 2.533428e-05
8.650000e-01 2.414022e-05
8.700000e-01 2.197461e-05
8.750000e-01 1.891683e-05
8.800000e-01 1.509656e-05
8.850000e-01 1.068296e-05
8.900000e-01 5.864684e-06
8.950000e-01 8.189456e-07
9.000000e-01 -4.273968e-06
9.050000e-01 -9.206835e-06
9.100000e-01 -1.377847e-05
9.150000e-01 -1.780177e-05
9.200000e-01 -2.110474e-05
9.250000e-01 -2.355905e-05
9.300000e-01 -2.508148e-05
9.350000e-01 -2.561199e-05
9.400000e-01 -2.512621e-05
9.450000e-01 -2.364017e-05
9.500000e-01 -2.120356e-05
9.550000e-01 -1.791415e-05
9.600000e-01 -1.390944e-05
9.650000e-01 -9.356295e-06
9.700000e-01 -4.439545e-06
9.750000e-01 6.503483e-07
9.800000e-01 5.717339e-06
9.850000e-01 1.056327e-05
9.900000e-01 1.499819e-05
9.950000e-01 1.883788e-05
1 2.191443e-05
1.005000e+00 2.411012e-05
1.010000e+00 2.534705e-05
1.015000e+00 2.558362e-05
1.020000e+00 2.481685e-05
1.025000e+00 2.306054e-05
1.030000e+00 2.036612e-05
1.035000e+00 1.684711e-05
1.040000e+00 1.266036e-05
1.045000e+00 7.980710e-06
1.050000e+00 2.997072e-06
1.055000e+00 -2.100077e-06
1.060000e+00 -7.128787e-06
1.065000e+00 -1.189359e-05
1.070000e+00 -1.618527e-05
1.075000e+00 -1.981132e-05
1.080000e+00 -2.263199e-05
1.085000e+00 -2.455627e-05
1.090000e+00 -2.551758e-05
1.095000e+00 -2.548168e-05
1.100000e+00 -2.443132e-05
1.105000e+00 -2.238486e-05
1.110000e+00 -1.943128e-05
1.115000e+00 -1.570556e-05
1.120000e+00 -1.136844e-05
1.125000e+00 -6.594113e-06
1.130000e+00 -1.558429e-06
1.135000e+00 3.557026e-06
1.140000e+00 8.546101e-06
1.145000e+00 1.319061e-05
1.150000e+00 1.729372e-05
1.155000e+00 2.069346e-05
1.160000e+00 2.327036e-05
1.165000e+00 2.493525e-05
1.170000e+00 2.561751e-05
1.175000e+00 2.527665e-05
1.180000e+00 2.391783e-05
1.185000e+00 2.159977e-05
1.190000e+00 1.843341e-05
1.195000e+00 1.455929e-05
1.200000e+00 1.013644e-05
1.205000e+00 5.334934e-06
1.210000e+00 3.053818e-07
1.215000e+00 -4.808891e-06
1.220000e+00 -9.870725e-06
1.225000e+00 -1.477161e-05
1.230000e+00 -1.940647e-05
1.235000e+00 -2.365837e-05
1.240000e+00 -2.740196e-05
1.245000e+00 -3.049987e-05
1.250000e+00 -3.281212e-05
1.255000e+00 -3.422842e-05
1.260000e+00 -3.468520e-05
1.265000e+00 -3.416588e-05
1.270000e+00 -3.270378e-05
1.275000e+00 -3.036734e-05
1.280000e+00 -2.724707e-05
1.285000e+00 -2.344163e-05
1.290000e+00 -1.905931e-05
1.295000e+00 -1.422329e-05
1.300000e+00 -9.043356e-06
1.305000e+00 -3.596894e-06
1.310000e+00 2.079201e-06
1.315000e+00 7.972266e-06
1.320000e+00 1.401562e-05
1.325000e+00 2.004066e-05
1.330000e+00 2.580682e-05
1.335000e+00 3.102088e-05
1.340000e+00 3.537139e-05
1.345000e+00 3.863682e-05
1.350000e+00 4.073467e-05
1.355000e+00 4.162968e-05
1.360000e+00 4.128041e-05
1.365000e+00 3.969701e-05
1.370000e+00 3.695910e-05
1.375000e+00 3.316425e-05
1.380000e+00 2.841191e-05
1.385000e+00 2.282495e-05
1.390000e+00 1.654446e-05
1.395000e+00 9.728864e-06
1.400000e+00 2.551314e-06
1.405000e+00 -4.818166e-06
1.410000e+00 -1.216452e-05
1.415000e+00 -1.917139e-05
1.420000e+00 -2.547591e-05
1.425000e+00 -3.074094e-05
1.430000e+00 -3.469851e-05
1.435000e+00 -3.719629e-05
1.440000e+00 -3.816925e-05
1.445000e+00 -3.760174e-05
1.450000e+00 -3.553365e-05
1.455000e+00 -3.204480e-05
1.460000e+00 -2.725597e-05
1.465000e+00 -2.136234e-05
1.470000e+00 -1.462677e-05
1.475000e+00 -7.338389e-06
1.480000e+00 2.294562e-07
1.485000e+00 7.796843e-06
1.490000e+00 1.499275e-05
1.495000e+00 2.145854e-05
1.500000e+00 2.703482e-05
1.505000e+00 3.162707e-05
1.510000e+00 3.498452e-05
1.515000e+00 3.682971e-05
1.520000e+00 3.709978e-05
1.525000e+00 3.591087e-05
1.530000e+00 3.336306e-05
1.535000e+00 2.952238e-05
1.540000e+00 2.454587e-05
1.545000e+00 1.864871e-05
1.550000e+00 1.204702e-05
1.555000e+00 5.026455e-06
1.560000e+00 -2.112361e-06
1.565000e+00 -9.129638e-06
1.570000e+00 -1.577730e-05
1.575000e+00 -2.179100e-05
1.580000e+00 -2.695619e-05
1.585000e+00 -3.109886e-05
1.590000e+00 -3.405482e-05
1.595000e+00 -3.572741e-05
1.600000e+00 -3.608987e-05
1.605000e+00 -3.509913e-05
1.610000e+00 -3.274341e-05
1.615000e+00 -2.911113e-05
1.620000e+00 -2.434853e-05
1.625000e+00 -1.864906e-05
1.630000e+00 -1.220593e-05
1.635000e+00 -5.173527e-06
1.640000e+00 2.186131e-06
1.645000e+00 9.488696e-06
1.650000e+00 1.642414e-05
1.655000e+00 2.279200e-05
1.660000e+00 2.837151e-05
1.665000e+00 3.288574e-05
1.670000e+00 3.610689e-05
1.675000e+00 3.789404e-05
1.680000e+00 3.816876e-05
1.685000e+00 3.690647e-05
1.690000e+00 3.413035e-05
1.695000e+00 2.995816e-05
1.700000e+00 2.454047e-05
1.705000e+00 1.802377e-05
1.710000e+00 1.068282e-05
1.715000e+00 2.860645e-06
1.720000e+00 -5.139526e-06
1.725000e+00 -1.297382e-05
1.730000e+00 -2.029794e-05
1.735000e+00 -2.684530e-05
1.740000e+00 -3.233326e-05
1.745000e+00 -3.646541e-05
1.750000e+00 -3.906159e-05
1.755000e+00 -4.003870e-05
1.760000e+00 -3.935120e-05
1.765000e+00 -3.702242e-05
1.770000e+00 -3.314497e-05
1.775000e+00 -2.788040e-05
1.780000e+00 -2.145153e-05
1.785000e+00 -1.412515e-05
1.790000e+00 -6.213246e-06
1.795000e+00 1.960209e-06
1.800000e+00 1.003941e-05
1.805000e+00 1.765083e-05
1.810000e+00 2.450621e-05
1.815000e+00 3.034523e-05
1.820000e+00 3.488573e-05
1.825000e+00 3.794524e-05
1.830000e+00 3.942816e-05
1.835000e+00 3.925352e-05
1.840000e+00 3.743920e-05
1.845000e+00 3.410874e-05
1.850000e+00 2.941064e-05
1.855000e+00 2.354884e-05
1.860000e+00 1.677329e-05
1.865000e+00 9.353950e-06
1.870000e+00 1.605860e-06
1.875000e+00 -6.136965e-06
1.880000e+00 -1.354198e-05
1.885000e+00 -2.032437e-05
1.890000e+00 -2.624360e-05
1.895000e+00 -3.106829e-05
1.900000e+00 -3.460635e-05
1.905000e+00 -3.670373e-05
1.910000e+00 -3.728789e-05
1.915000e+00 -3.637723e-05
1.920000e+00 -3.402678e-05
1.925000e+00 -3.036339e-05
1.930000e+00 -2.555794e-05
1.935000e+00 -1.977467e-05
1.940000e+00 -1.324814e-05
1.945000e+00 -6.272271e-06
1.950000e+00 8.694760e-07
1.955000e+00 7.891740e-06
1.960000e+00 1.453283e-05
1.965000e+00 2.056212e-05
1.970000e+00 2.575577e-05
1.975000e+00 2.991341e-05
1.980000e+00 3.287017e-05
1.985000e+00 3.451974e-05
1.990000e+00 3.482119e-05
1.995000e+00 3.378404e-05
2 3.146621e-05
2.005000e+00 2.795686e-05
2.010000e+00 2.338898e-05
2.015000e+00 1.794609e-05
2.020000e+00 1.184568e-05
2.025000e+00 5.343696e-06
2.030000e+00 -1.318043e-06
2.035000e+00 -7.900199e-06
2.040000e+00 -1.414060e-05
2.045000e+00 -1.982850e-05
2.050000e+00 -2.475606e-05
2.055000e+00 -2.871930e-05
2.060000e+00 -3.158967e-05
2.065000e+00 -3.324815e-05
2.070000e+00 -3.362792e-05
2.075000e+00 -3.273987e-05
2.080000e+00 -3.060433e-05
2.085000e+00 -2.730340e-05
2.090000e+00 -2.296802e-05
2.095000e+00 -1.774287e-05
2.100000e+00 -1.182839e-05
2.105000e+00 -5.465362e-06
2.110000e+00 1.100307e-06
2.115000e+00 7.622532e-06
2.120000e+00 1.385819e-05
2.125000e+00 1.958731e-05
2.130000e+00 2.459696e-05
2.135000e+00 2.867593e-05
2.140000e+00 3.165734e-05
2.145000e+00 3.342068e-05
2.150000e+00 3.390517e-05
2.155000e+00 3.310528e-05
2.160000e+00 3.103610e-05
2.165000e+00 2.775330e-05
2.170000e+00 2.336283e-05
2.175000e+00 1.803148e-05
2.180000e+00 1.197929e-05
2.185000e+00 5.441673e-06
2.190000e+00 -1.320446e-06
2.195000e+00 -8.053912e-06
2.200000e+00 -1.453370e-05
2.205000e+00 -2.049524e-05
2.210000e+00 -2.567064e-05
2.215000e+00 -2.985723e-05
2.220000e+00 -3.289414e-05
2.225000e+00 -3.466348e-05
2.230000e+00 -3.509801e-05
2.235000e+00 -3.417246e-05
2.240000e+00 -3.189843e-05
2.245000e+00 -2.833526e-05
2.250000e+00 -2.361932e-05
2.255000e+00 -1.794843e-05
2.260000e+00 -1.154769e-05
2.265000e+00 -4.658823e-06
2.270000e+00 2.458649e-06
2.275000e+00 9.530298e-06
2.280000e+00 1.626580e-05
2.285000e+00 2.238526e-05
2.290000e+00 2.764500e-05
2.295000e+00 3.182622e-05
2.300000e+00 3.476322e-05
2.305000e+00 3.634320e-05
2.310000e+00 3.649488e-05
2.315000e+00 3.519939e-05
2.320000e+00 3.248543e-05
2.325000e+00 2.845999e-05
2.330000e+00 2.327971e-05
2.335000e+00 1.713681e-05
2.340000e+00 1.027918e-05
2.345000e+00 2.974681e-06
2.350000e+00 -4.484683e-06
2.355000e+00 -1.180121e-05
2.360000e+00 -1.869215e-05
2.365000e+00 -2.487007e-05
2.370000e+00 -3.006531e-05
2.375000e+00 -3.406661e-05
2.380000e+00 -3.671705e-05
2.385000e+00 -3.791097e-05
2.390000e+00 -3.760175e-05
2.395000e+00 -3.578708e-05
2.400000e+00 -3.252698e-05
2.405000e+00 -2.793764e-05
2.410000e+00 -2.219418e-05
2.415000e+00 -1.554391e-05
2.420000e+00 -8.258281e-06
2.425000e+00 -6.179821e-07
2.430000e+00 7.082387e-06
2.435000e+00 1.453871e-05
2.440000e+00 2.143254e-05
2.445000e+00 2.746235e-05
2.450000e+00 3.238231e-05
2.455000e+00 3.600443e-05
2.460000e+00 3.819065e-05
2.465000e+00 3.886079e-05
2.470000e+00 3.798467e-05
2.475000e+00 3.556319e-05
2.480000e+00 3.168371e-05
2.485000e+00 2.653308e-05
2.490000e+00 2.033091e-05
2.495000e+00 1.333044e-05
2.500000e+00 5.805718e-06
2.505000e+00 -1.968320e-06
2.510000e+00 -9.710528e-06
2.515000e+00 -1.716091e-05
2.520000e+00 -2.407659e-05
2.525000e+00 -3.025724e-05
2.530000e+00 -3.556407e-05
2.535000e+00 -3.985677e-05
2.540000e+00 -4.299123e-05
2.545000e+00 -4.483606e-05
2.550000e+00 -4.527801e-05
2.555000e+00 -4.426577e-05
2.560000e+00 -4.183566e-05
2.565000e+00 -3.811455e-05
2.570000e+00 -3.329702e-05
2.575000e+00 -2.762285e-05
2.580000e+00 -2.133362e-05
2.585000e+00 -1.463783e-05
2.590000e+00 -7.720612e-06
2.595000e+00 -7.378356e-07
2.600000e+00 6.179082e-06
2.605000e+00 1.289485e-05
2.610000e+00 1.925249e-05
2.615000e+00 2.510224e-05
2.620000e+00 3.032474e-05
2.625000e+00 3.478986e-05
2.630000e+00 3.833351e-05
2.635000e+00 4.078455e-05
2.640000e+00 4.199242e-05
2.645000e+00 4.186654e-05
2.650000e+00 4.042042e-05
2.655000e+00 3.776570e-05
2.660000e+00 3.407219e-05
2.665000e+00 2.951649e-05
2.670000e+00 2.423038e-05
2.675000e+00 1.830477e-05
2.680000e+00 1.186571e-05
2.685000e+00 5.114768e-06
2.690000e+00 -1.691341e-06
2.695000e+00 -8.257522e-06
2.700000e+00 -1.432358e-05
2.705000e+00 -1.971457e-05
2.710000e+00 -2.431624e-05
2.715000e+00 -2.804426e-05
2.720000e+00 -3.077569e-05
2.725000e+00 -3.233998e-05
2.730000e+00 -3.258243e-05
2.735000e+00 -3.142575e-05
2.740000e+00 -2.892422e-05
2.745000e+00 -2.525016e-05
2.750000e+00 -2.062176e-05
2.755000e+00 -1.523793e-05
2.760000e+00 -9.269532e-06
2.765000e+00 -2.901749e-06
2.770000e+00 3.613422e-06
2.775000e+00 9.965935e-06
2.780000e+00 1.584250e-05
2.785000e+00 2.096915e-05
2.790000e+00 2.516377e-05
2.795000e+00 2.834230e-05
2.800000e+00 3.045702e-05
2.805000e+00 3.144140e-05
2.810000e+00 3.122383e-05
2.815000e+00 2.975851e-05
2.820000e+00 2.705598e-05
2.825000e+00 2.322924e-05
2.830000e+00 1.847330e-05
2.835000e+00 1.300632e-05
2.840000e+00 7.023389e-06
2.845000e+00 7.183430e-07
2.850000e+00 -5.657289e-06
2.855000e+00 -1.181671e-05
2.860000e+00 -1.748793e-05
2.865000e+00 -2.243738e-05
2.870000e+00 -2.647759e-05
2.875000e+00 -2.944594e-05
2.880000e+00 -3.119959e-05
2.885000e+00 -3.166260e-05
2.890000e+00 -3.082724e-05
2.895000e+00 -2.873011e-05
2.900000e+00 -2.547406e-05
2.905000e+00 -2.121133e-05
2.910000e+00 -1.611398e-05
2.915000e+00 -1.036786e-05
2.920000e+00 -4.203824e-06
2.925000e+00 2.097830e-06
2.930000e+00 8.272129e-06
2.935000e+00 1.408023e-05
2.940000e+00 1.930356e-05
2.945000e+00 2.373086e-05
2.950000e+00 2.716795e-05
2.955000e+00 2.948644e-05
2.960000e+00 3.062569e-05
2.965000e+00 3.056236e-05
2.970000e+00 2.927347e-05
2.975000e+00 2.680794e-05
2.980000e+00 2.332114e-05
2.985000e+00 1.895674e-05
2.990000e+00 1.385877e-05
2.995000e+00 8.255093e-06
3 2.395118e-06
