T X
0 0
5.000000e-03 -3.250922e-11
1.000000e-02 -2.510628e-11
1.500000e-02 -1.443580e-10
2.000000e-02 1.088781e-10
2.500000e-02 3.578559e-10
3.000000e-02 1.153839e-09
3.500000e-02 8.871842e-09
4.000000e-02 5.527956e-08
4.500000e-02 3.357252e-07
5.000000e-02 1.788383e-06
5.500000e-02 8.158617e-06
6.000000e-02 3.191946e-05
6.500000e-02 1.073710e-04
7.000000e-02 3.115826e-04
7.500000e-02 7.821257e-04
8.000000e-02 1.699776e-03
8.500000e-02 3.195756e-03
9.000000e-02 5.191011e-03
9.500000e-02 7.290489e-03
1.000000e-01 8.923166e-03
1.050000e-01 9.743502e-03
1.100000e-01 9.932351e-03
1.150000e-01 9.953559e-03
1.200000e-01 9.931511e-03
1.250000e-01 9.476835e-03
1.300000e-01 8.310744e-03
1.350000e-01 6.761935e-03
1.400000e-01 5.250019e-03
1.450000e-01 3.609471e-03
1.500000e-01 1.543399e-03
1.550000e-01 -6.252607e-04
1.600000e-01 -2.461939e-03
1.650000e-01 -4.188575e-03
1.700000e-01 -6.042476e-03
1.750000e-01 -7.616203e-03
1.800000e-01 -8.682893e-03
1.850000e-01 -9.577378e-03
1.900000e-01 -1.023052e-02
1.950000e-01 -1.023932e-02
2.000000e-01 -9.797770e-03
2.050000e-01 -9.140998e-03
2.100000e-01 -7.997313e-03
2.150000e-01 -6.476688e-03
2.200000e-01 -4.925556e-03
2.250000e-01 -3.095695e-03
2.300000e-01 -9.581554e-04
2.350000e-01 1.040041e-03
2.400000e-01 2.976488e-03
2.450000e-01 4.927472e-03
2.500000e-01 6.541466e-03
2.550000e-01 7.925960e-03
2.600000e-01 9.130052e-03
2.650000e-01 9.780858e-03
2.700000e-01 1.006543e-02
2.750000e-01 1.011998e-02
2.800000e-01 9.611364e-03
2.850000e-01 8.725767e-03
2.900000e-01 7.590257e-03
2.950000e-01 6.027548e-03
3.000000e-01 4.320942e-03
3.050000e-01 2.465428e-03
3.100000e-01 3.448364e-04
3.150000e-01 -1.630267e-03
3.200000e-01 -3.519078e-03
3.250000e-01 -5.412439e-03
3.300000e-01 -6.975861e-03
3.350000e-01 -8.304379e-03
3.400000e-01 -9.320152e-03
3.450000e-01 -9.863048e-03
3.500000e-01 -1.014045e-02
3.550000e-01 -9.957078e-03
3.600000e-01 -9.334607e-03
3.650000e-01 -8.458674e-03
3.700000e-01 -7.109548e-03
3.750000e-01 -5.523859e-03
3.800000e-01 -3.799866e-03
3.850000e-01 -1.806925e-03
3.900000e-01 1.769890e-04
3.950000e-01 2.193167e-03
4.000000e-01 4.143106e-03
4.050000e-01 5.842913e-03
4.100000e-01 7.404496e-03
4.150000e-01 8.600529e-03
4.200000e-01 9.470205e-03
4.250000e-01 1.003336e-02
4.300000e-01 1.008287e-02
4.350000e-01 9.801016e-03
4.400000e-01 9.117123e-03
4.450000e-01 8.036947e-03
4.500000e-01 6.704342e-03
4.550000e-01 5.041576e-03
4.600000e-01 3.211731e-03
4.650000e-01 1.242667e-03
4.700000e-01 -7.959340e-04
4.750000e-01 -2.749984e-03
4.800000e-01 -4.650022e-03
4.850000e-01 -6.319590e-03
4.900000e-01 -7.754480e-03
4.950000e-01 -8.919807e-03
5.000000e-01 -9.657809e-03
5.050000e-01 -1.006398e-02
5.100000e-01 -1.004774e-02
5.150000e-01 -9.612790e-03
5.200000e-01 -8.844512e-03
5.250000e-01 -7.692929e-03
5.300000e-01 -6.233990e-03
5.350000e-01 -4.516160e-03
5.400000e-01 -2.643760e-03
5.450000e-01 -6.498376e-04
5.500000e-01 1.370684e-03
5.550000e-01 3.297144e-03
5.600000e-01 5.167134e-03
5.650000e-01 6.789528e-03
5.700000e-01 8.118167e-03
5.750000e-01 9.159444e-03
5.800000e-01 9.814588e-03
5.850000e-01 1.009409e-02
5.900000e-01 9.964644e-03
5.950000e-01 9.438249e-03
6.000000e-01 8.514425e-03
6.050000e-01 7.279707e-03
6.100000e-01 5.757277e-03
6.150000e-01 3.994396e-03
6.200000e-01 2.101960e-03
6.250000e-01 7.862491e-05
6.300000e-01 -1.910456e-03
6.350000e-01 -3.829945e-03
6.400000e-01 -5.613500e-03
6.450000e-01 -7.155400e-03
6.500000e-01 -8.451127e-03
6.550000e-01 -9.384635e-03
6.600000e-01 -9.948900e-03
6.650000e-01 -1.011019e-02
6.700000e-01 -9.866217e-03
6.750000e-01 -9.231069e-03
6.800000e-01 -8.231680e-03
6.850000e-01 -6.897540e-03
6.900000e-01 -5.255533e-03
6.950000e-01 -3.435541e-03
7.000000e-01 -1.453417e-03
7.050000e-01 5.517433e-04
7.100000e-01 2.540177e-03
7.150000e-01 4.459614e-03
7.200000e-01 6.161991e-03
7.250000e-01 7.646500e-03
7.300000e-01 8.782729e-03
7.350000e-01 9.580146e-03
7.400000e-01 1.000685e-02
7.450000e-01 1.003931e-02
7.500000e-01 9.681050e-03
7.550000e-01 8.914181e-03
7.600000e-01 7.810548e-03
7.650000e-01 6.379925e-03
7.700000e-01 4.736715e-03
7.750000e-01 2.884945e-03
7.800000e-01 9.160201e-04
7.850000e-01 -1.106001e-03
7.900000e-01 -3.096198e-03
7.950000e-01 -4.926770e-03
8.000000e-01 -6.593968e-03
8.050000e-01 -7.975356e-03
8.100000e-01 -9.059915e-03
8.150000e-01 -9.772761e-03
8.200000e-01 -1.010022e-02
8.250000e-01 -1.000458e-02
8.300000e-01 -9.509699e-03
8.350000e-01 -8.660680e-03
8.400000e-01 -7.438026e-03
8.450000e-01 -5.953509e-03
8.500000e-01 -4.185825e-03
8.550000e-01 -2.285039e-03
8.600000e-01 -2.922207e-04
8.650000e-01 1.723564e-03
8.700000e-01 3.642320e-03
8.750000e-01 5.444765e-03
8.800000e-01 7.013408e-03
8.850000e-01 8.319687e-03
8.900000e-01 9.267940e-03
8.950000e-01 9.867586e-03
9.000000e-01 1.007337e-02
9.050000e-01 9.876980e-03
9.100000e-01 9.301058e-03
9.150000e-01 8.326038e-03
9.200000e-01 7.044011e-03
9.250000e-01 5.465841e-03
9.300000e-01 3.683749e-03
9.350000e-01 1.748753e-03
9.400000e-01 -2.705332e-04
9.450000e-01 -2.268345e-03
9.500000e-01 -4.193178e-03
9.550000e-01 -5.929618e-03
9.600000e-01 -7.427149e-03
9.650000e-01 -8.652023e-03
9.700000e-01 -9.516785e-03
9.750000e-01 -1.000986e-02
9.800000e-01 -1.009375e-02
9.850000e-01 -9.754003e-03
9.900000e-01 -9.055038e-03
9.950000e-01 -7.980313e-03
1 -6.600268e-03
1.005000e+00 -4.949222e-03
1.010000e+00 -3.088012e-03
1.015000e+00 -1.120852e-03
1.020000e+00 8.983205e-04
1.025000e+00 2.854176e-03
1.030000e+00 4.715604e-03
1.035000e+00 6.392393e-03
1.040000e+00 7.813961e-03
1.045000e+00 8.923898e-03
1.050000e+00 9.663197e-03
1.055000e+00 1.003217e-02
1.060000e+00 9.997157e-03
1.065000e+00 9.583612e-03
1.070000e+00 8.776472e-03
1.075000e+00 7.617003e-03
1.080000e+00 6.148019e-03
1.085000e+00 4.434215e-03
1.090000e+00 2.566723e-03
1.095000e+00 5.658418e-04
1.100000e+00 -1.438996e-03
1.105000e+00 -3.404284e-03
1.110000e+00 -5.242445e-03
1.115000e+00 -6.837403e-03
1.120000e+00 -8.187565e-03
1.125000e+00 -9.198459e-03
1.130000e+00 -9.841376e-03
1.135000e+00 -1.011037e-02
1.140000e+00 -9.944724e-03
1.145000e+00 -9.387578e-03
1.150000e+00 -8.468380e-03
1.155000e+00 -7.203843e-03
1.160000e+00 -5.666637e-03
1.165000e+00 -3.904217e-03
1.170000e+00 -1.968284e-03
1.175000e+00 4.907961e-05
1.180000e+00 2.084016e-03
1.185000e+00 4.104058e-03
1.190000e+00 5.988848e-03
1.195000e+00 7.654072e-03
1.200000e+00 8.912296e-03
1.205000e+00 9.530664e-03
1.210000e+00 9.374236e-03
1.215000e+00 8.287382e-03
1.220000e+00 6.364941e-03
1.225000e+00 3.802364e-03
1.230000e+00 9.259074e-04
1.235000e+00 -1.890984e-03
1.240000e+00 -4.449928e-03
1.245000e+00 -6.638781e-03
1.250000e+00 -8.584606e-03
1.255000e+00 -1.036931e-02
1.260000e+00 -1.191182e-02
1.265000e+00 -1.305759e-02
1.270000e+00 -1.358536e-02
1.275000e+00 -1.339313e-02
1.280000e+00 -1.255335e-02
1.285000e+00 -1.126936e-02
1.290000e+00 -9.770135e-03
1.295000e+00 -7.949550e-03
1.300000e+00 -5.620048e-03
1.305000e+00 -3.024269e-03
1.310000e+00 -3.645745e-04
1.315000e+00 2.375910e-03
1.320000e+00 5.007149e-03
1.325000e+00 7.157736e-03
1.330000e+00 9.013659e-03
1.335000e+00 1.097142e-02
1.340000e+00 1.253317e-02
1.345000e+00 1.313737e-02
1.350000e+00 1.310709e-02
1.355000e+00 1.276290e-02
1.360000e+00 1.206002e-02
1.365000e+00 1.106792e-02
1.370000e+00 9.745094e-03
1.375000e+00 8.210766e-03
1.380000e+00 6.940123e-03
1.385000e+00 6.045213e-03
1.390000e+00 5.178816e-03
1.395000e+00 4.326853e-03
1.400000e+00 3.480847e-03
1.405000e+00 2.254768e-03
1.410000e+00 7.638159e-04
1.415000e+00 -9.113387e-04
1.420000e+00 -2.810649e-03
1.425000e+00 -4.418669e-03
1.430000e+00 -5.549659e-03
1.435000e+00 -6.368583e-03
1.440000e+00 -6.799770e-03
1.445000e+00 -7.099409e-03
1.450000e+00 -7.437177e-03
1.455000e+00 -7.409394e-03
1.460000e+00 -7.009539e-03
1.465000e+00 -6.265941e-03
1.470000e+00 -5.073419e-03
1.475000e+00 -3.758941e-03
1.480000e+00 -2.449868e-03
1.485000e+00 -1.170954e-03
1.490000e+00 -3.227633e-05
1.495000e+00 1.295756e-03
1.500000e+00 2.894303e-03
1.505000e+00 4.298022e-03
1.510000e+00 5.481462e-03
1.515000e+00 6.357202e-03
1.520000e+00 6.859825e-03
1.525000e+00 7.231442e-03
1.530000e+00 7.305818e-03
1.535000e+00 7.147272e-03
1.540000e+00 6.694156e-03
1.545000e+00 5.784455e-03
1.550000e+00 4.778103e-03
1.555000e+00 3.659232e-03
1.560000e+00 2.342883e-03
1.565000e+00 1.005678e-03
1.570000e+00 -5.475234e-04
1.575000e+00 -2.205381e-03
1.580000e+00 -3.574183e-03
1.585000e+00 -4.671524e-03
1.590000e+00 -5.533400e-03
1.595000e+00 -6.422344e-03
1.600000e+00 -7.297208e-03
1.605000e+00 -7.613417e-03
1.610000e+00 -7.348789e-03
1.615000e+00 -6.821865e-03
1.620000e+00 -6.394925e-03
1.625000e+00 -5.790682e-03
1.630000e+00 -4.505440e-03
1.635000e+00 -3.047529e-03
1.640000e+00 -1.791006e-03
1.645000e+00 -4.432272e-04
1.650000e+00 1.098900e-03
1.655000e+00 2.634520e-03
1.660000e+00 3.871314e-03
1.665000e+00 4.943068e-03
1.670000e+00 6.043303e-03
1.675000e+00 6.776212e-03
1.680000e+00 7.141701e-03
1.685000e+00 7.358060e-03
1.690000e+00 7.267815e-03
1.695000e+00 6.821408e-03
1.700000e+00 6.144485e-03
1.705000e+00 5.359067e-03
1.710000e+00 4.170097e-03
1.715000e+00 2.722366e-03
1.720000e+00 1.454769e-03
1.725000e+00 3.717604e-05
1.730000e+00 -1.508730e-03
1.735000e+00 -2.925120e-03
1.740000e+00 -4.227392e-03
1.745000e+00 -5.334558e-03
1.750000e+00 -6.261726e-03
1.755000e+00 -6.903973e-03
1.760000e+00 -7.323852e-03
1.765000e+00 -7.446786e-03
1.770000e+00 -7.157039e-03
1.775000e+00 -6.722310e-03
1.780000e+00 -6.014756e-03
1.785000e+00 -4.947908e-03
1.790000e+00 -3.701545e-03
1.795000e+00 -2.429566e-03
1.800000e+00 -1.062082e-03
1.805000e+00 5.130637e-04
1.810000e+00 1.985856e-03
1.815000e+00 3.315758e-03
1.820000e+00 4.582379e-03
1.825000e+00 5.607931e-03
1.830000e+00 6.438855e-03
1.835000e+00 7.081314e-03
1.840000e+00 7.361996e-03
1.845000e+00 7.369080e-03
1.850000e+00 7.094611e-03
1.855000e+00 6.485557e-03
1.860000e+00 5.696084e-03
1.865000e+00 4.704186e-03
1.870000e+00 3.431568e-03
1.875000e+00 2.009175e-03
1.880000e+00 6.145012e-04
1.885000e+00 -8.875106e-04
1.890000e+00 -2.387426e-03
1.895000e+00 -3.656311e-03
1.900000e+00 -4.877981e-03
1.905000e+00 -5.972622e-03
1.910000e+00 -6.707783e-03
1.915000e+00 -7.180154e-03
1.920000e+00 -7.434005e-03
1.925000e+00 -7.311187e-03
1.930000e+00 -6.924825e-03
1.935000e+00 -6.337880e-03
1.940000e+00 -5.420461e-03
1.945000e+00 -4.275815e-03
1.950000e+00 -2.992936e-03
1.955000e+00 -1.602915e-03
1.960000e+00 -1.685947e-04
1.965000e+00 1.301712e-03
1.970000e+00 2.750772e-03
1.975000e+00 4.065290e-03
1.980000e+00 5.230261e-03
1.985000e+00 6.174103e-03
1.990000e+00 6.857541e-03
1.995000e+00 7.311089e-03
2 7.496132e-03
2.005000e+00 7.340318e-03
2.010000e+00 6.874467e-03
2.015000e+00 6.165221e-03
2.020000e+00 5.163900e-03
2.025000e+00 4.012269e-03
2.030000e+00 2.698222e-03
2.035000e+00 1.195143e-03
2.040000e+00 -3.098033e-04
2.045000e+00 -1.808162e-03
2.050000e+00 -3.241496e-03
2.055000e+00 -4.482447e-03
2.060000e+00 -5.587305e-03
2.065000e+00 -6.536517e-03
2.070000e+00 -7.127982e-03
2.075000e+00 -7.431428e-03
2.080000e+00 -7.483312e-03
2.085000e+00 -7.198525e-03
2.090000e+00 -6.665296e-03
2.095000e+00 -5.883710e-03
2.100000e+00 -4.827263e-03
2.105000e+00 -3.560695e-03
2.110000e+00 -2.157624e-03
2.115000e+00 -7.178455e-04
2.120000e+00 7.536772e-04
2.125000e+00 2.252150e-03
2.130000e+00 3.634116e-03
2.135000e+00 4.883493e-03
2.140000e+00 5.928957e-03
2.145000e+00 6.686077e-03
2.150000e+00 7.208831e-03
2.155000e+00 7.482555e-03
2.160000e+00 7.429225e-03
2.165000e+00 7.086562e-03
2.170000e+00 6.440752e-03
2.175000e+00 5.486537e-03
2.180000e+00 4.412940e-03
2.185000e+00 3.155500e-03
2.190000e+00 1.716717e-03
2.195000e+00 2.525260e-04
2.200000e+00 -1.262290e-03
2.205000e+00 -2.734732e-03
2.210000e+00 -4.012588e-03
2.215000e+00 -5.163598e-03
2.220000e+00 -6.159278e-03
2.225000e+00 -6.876676e-03
2.230000e+00 -7.321569e-03
2.235000e+00 -7.458580e-03
2.240000e+00 -7.300576e-03
2.245000e+00 -6.848081e-03
2.250000e+00 -6.133547e-03
2.255000e+00 -5.222906e-03
2.260000e+00 -4.034165e-03
2.265000e+00 -2.672563e-03
2.270000e+00 -1.262215e-03
2.275000e+00 2.170313e-04
2.280000e+00 1.673136e-03
2.285000e+00 3.076832e-03
2.290000e+00 4.376471e-03
2.295000e+00 5.478164e-03
2.300000e+00 6.359474e-03
2.305000e+00 6.982530e-03
2.310000e+00 7.322286e-03
2.315000e+00 7.402543e-03
2.320000e+00 7.171259e-03
2.325000e+00 6.650506e-03
2.330000e+00 5.871085e-03
2.335000e+00 4.813500e-03
2.340000e+00 3.638778e-03
2.345000e+00 2.311317e-03
2.350000e+00 8.570203e-04
2.355000e+00 -6.197629e-04
2.360000e+00 -2.104029e-03
2.365000e+00 -3.434266e-03
2.370000e+00 -4.647202e-03
2.375000e+00 -5.705951e-03
2.380000e+00 -6.520009e-03
2.385000e+00 -7.081482e-03
2.390000e+00 -7.357538e-03
2.395000e+00 -7.329490e-03
2.400000e+00 -6.981755e-03
2.405000e+00 -6.399081e-03
2.410000e+00 -5.584505e-03
2.415000e+00 -4.564013e-03
2.420000e+00 -3.337105e-03
2.425000e+00 -1.967356e-03
2.430000e+00 -5.942194e-04
2.435000e+00 8.032110e-04
2.440000e+00 2.205646e-03
2.445000e+00 3.537605e-03
2.450000e+00 4.756969e-03
2.455000e+00 5.811063e-03
2.460000e+00 6.607050e-03
2.465000e+00 7.118451e-03
2.470000e+00 7.389533e-03
2.475000e+00 7.431056e-03
2.480000e+00 7.197300e-03
2.485000e+00 6.707335e-03
2.490000e+00 5.967208e-03
2.495000e+00 4.923912e-03
2.500000e+00 3.546081e-03
2.505000e+00 1.735551e-03
2.510000e+00 -5.667818e-04
2.515000e+00 -3.365208e-03
2.520000e+00 -6.474216e-03
2.525000e+00 -9.616859e-03
2.530000e+00 -1.255109e-02
2.535000e+00 -1.495114e-02
2.540000e+00 -1.663043e-02
2.545000e+00 -1.751853e-02
2.550000e+00 -1.758222e-02
2.555000e+00 -1.698269e-02
2.560000e+00 -1.587553e-02
2.565000e+00 -1.427588e-02
2.570000e+00 -1.224390e-02
2.575000e+00 -9.634680e-03
2.580000e+00 -6.432625e-03
2.585000e+00 -2.891373e-03
2.590000e+00 8.440894e-04
2.595000e+00 4.420074e-03
2.600000e+00 7.630902e-03
2.605000e+00 1.050580e-02
2.610000e+00 1.298213e-02
2.615000e+00 1.503310e-02
2.620000e+00 1.657266e-02
2.625000e+00 1.749078e-02
2.630000e+00 1.761811e-02
2.635000e+00 1.690935e-02
2.640000e+00 1.548429e-02
2.645000e+00 1.347108e-02
2.650000e+00 1.101738e-02
2.655000e+00 8.174409e-03
2.660000e+00 5.064368e-03
2.665000e+00 1.837693e-03
2.670000e+00 -1.308027e-03
2.675000e+00 -4.003864e-03
2.680000e+00 -5.923793e-03
2.685000e+00 -7.072154e-03
2.690000e+00 -7.596120e-03
2.695000e+00 -7.725855e-03
2.700000e+00 -7.685354e-03
2.705000e+00 -7.388897e-03
2.710000e+00 -6.846251e-03
2.715000e+00 -6.146777e-03
2.720000e+00 -5.317603e-03
2.725000e+00 -4.337503e-03
2.730000e+00 -3.119260e-03
2.735000e+00 -1.577022e-03
2.740000e+00 2.692310e-04
2.745000e+00 2.184443e-03
2.750000e+00 3.969326e-03
2.755000e+00 5.353382e-03
2.760000e+00 6.284877e-03
2.765000e+00 7.052089e-03
2.770000e+00 7.729915e-03
2.775000e+00 8.265560e-03
2.780000e+00 8.362882e-03
2.785000e+00 7.979567e-03
2.790000e+00 7.234857e-03
2.795000e+00 6.026692e-03
2.800000e+00 4.664284e-03
2.805000e+00 3.308095e-03
2.810000e+00 1.962386e-03
2.815000e+00 5.096202e-04
2.820000e+00 -1.148292e-03
2.825000e+00 -2.652779e-03
2.830000e+00 -4.114800e-03
2.835000e+00 -5.668807e-03
2.840000e+00 -6.977123e-03
2.845000e+00 -7.780748e-03
2.850000e+00 -8.031272e-03
2.855000e+00 -8.024721e-03
2.860000e+00 -7.962560e-03
2.865000e+00 -7.712477e-03
2.870000e+00 -7.094026e-03
2.875000e+00 -5.967025e-03
2.880000e+00 -4.574069e-03
2.885000e+00 -3.185416e-03
2.890000e+00 -1.634316e-03
2.895000e+00 -9.121962e-06
2.900000e+00 1.597919e-03
2.905000e+00 3.224107e-03
2.910000e+00 4.733909e-03
2.915000e+00 6.005255e-03
2.920000e+00 6.961877e-03
2.925000e+00 7.757153e-03
2.930000e+00 8.290436e-03
2.935000e+00 8.368800e-03
2.940000e+00 8.179903e-03
2.945000e+00 7.649130e-03
2.950000e+00 6.732781e-03
2.955000e+00 5.593318e-03
2.960000e+00 4.201293e-03
2.965000e+00 2.690616e-03
2.970000e+00 1.211576e-03
2.975000e+00 -3.965384e-04
2.980000e+00 -2.221295e-03
2.985000e+00 -3.881934e-03
2.990000e+00 -5.195831e-03
2.995000e+00 -6.325104e-03
3 -7.247742e-03
