T X
0 0
5.000000e-03 -1.049826e-08
1.000000e-02 7.592440e-09
1.500000e-02 2.166916e-07
2.000000e-02 2.378319e-06
2.500000e-02 1.641572e-05
3.000000e-02 8.284377e-05
3.500000e-02 3.193173e-04
4.000000e-02 9.587561e-04
4.500000e-02 2.271577e-03
5.000000e-02 4.281576e-03
5.500000e-02 6.494138e-03
6.000000e-02 8.151110e-03
6.500000e-02 9.004015e-03
7.000000e-02 9.547206e-03
7.500000e-02 1.010632e-02
8.000000e-02 1.024143e-02
8.500000e-02 9.655193e-03
9.000000e-02 8.780539e-03
9.500000e-02 7.779272e-03
1.000000e-01 6.275831e-03
1.050000e-01 4.431326e-03
1.100000e-01 2.650173e-03
1.150000e-01 7.098137e-04
1.200000e-01 -1.396163e-03
1.250000e-01 -3.262513e-03
1.300000e-01 -5.012868e-03
1.350000e-01 -6.697452e-03
1.400000e-01 -7.997631e-03
1.450000e-01 -9.043163e-03
1.500000e-01 -9.842348e-03
1.550000e-01 -1.012366e-02
1.600000e-01 -1.003797e-02
1.650000e-01 -9.556675e-03
1.700000e-01 -8.589935e-03
1.750000e-01 -7.415463e-03
1.800000e-01 -5.945938e-03
1.850000e-01 -4.149756e-03
1.900000e-01 -2.255075e-03
1.950000e-01 -2.153798e-04
2.000000e-01 1.790513e-03
2.050000e-01 3.687502e-03
2.100000e-01 5.552462e-03
2.150000e-01 7.117055e-03
2.200000e-01 8.389873e-03
2.250000e-01 9.344346e-03
2.300000e-01 9.896999e-03
2.350000e-01 1.013730e-02
2.400000e-01 9.915031e-03
2.450000e-01 9.308827e-03
2.500000e-01 8.334766e-03
2.550000e-01 6.983171e-03
2.600000e-01 5.421578e-03
2.650000e-01 3.605114e-03
2.700000e-01 1.694884e-03
2.750000e-01 -3.221762e-04
2.800000e-01 -2.386571e-03
2.850000e-01 -4.262028e-03
2.900000e-01 -6.013594e-03
2.950000e-01 -7.498470e-03
3.000000e-01 -8.687885e-03
3.050000e-01 -9.546566e-03
3.100000e-01 -1.003229e-02
3.150000e-01 -1.014357e-02
3.200000e-01 -9.759340e-03
3.250000e-01 -9.033454e-03
3.300000e-01 -7.969946e-03
3.350000e-01 -6.578052e-03
3.400000e-01 -4.924229e-03
3.450000e-01 -3.082171e-03
3.500000e-01 -1.097742e-03
3.550000e-01 9.762998e-04
3.600000e-01 2.920254e-03
3.650000e-01 4.787000e-03
3.700000e-01 6.461073e-03
3.750000e-01 7.869970e-03
3.800000e-01 8.998770e-03
3.850000e-01 9.752079e-03
3.900000e-01 1.011116e-02
3.950000e-01 1.002715e-02
4.000000e-01 9.599324e-03
4.050000e-01 8.770757e-03
4.100000e-01 7.595968e-03
4.150000e-01 6.136246e-03
4.200000e-01 4.399820e-03
4.250000e-01 2.480312e-03
4.300000e-01 4.840061e-04
4.350000e-01 -1.512178e-03
4.400000e-01 -3.484119e-03
4.450000e-01 -5.298362e-03
4.500000e-01 -6.906838e-03
4.550000e-01 -8.238551e-03
4.600000e-01 -9.257127e-03
4.650000e-01 -9.893670e-03
4.700000e-01 -1.011312e-02
4.750000e-01 -9.960293e-03
4.800000e-01 -9.392152e-03
4.850000e-01 -8.463033e-03
4.900000e-01 -7.210045e-03
4.950000e-01 -5.642762e-03
5.000000e-01 -3.853046e-03
5.050000e-01 -1.913272e-03
5.100000e-01 1.071665e-04
5.150000e-01 2.108463e-03
5.200000e-01 4.016262e-03
5.250000e-01 5.776218e-03
5.300000e-01 7.344869e-03
5.350000e-01 8.593862e-03
5.400000e-01 9.476066e-03
5.450000e-01 9.988611e-03
5.500000e-01 1.010530e-02
5.550000e-01 9.830441e-03
5.600000e-01 9.168859e-03
5.650000e-01 8.149732e-03
5.700000e-01 6.771023e-03
5.750000e-01 5.125896e-03
5.800000e-01 3.280105e-03
5.850000e-01 1.328665e-03
5.900000e-01 -6.675556e-04
5.950000e-01 -2.662499e-03
6.000000e-01 -4.561569e-03
6.050000e-01 -6.296437e-03
6.100000e-01 -7.732033e-03
6.150000e-01 -8.866713e-03
6.200000e-01 -9.659944e-03
6.250000e-01 -1.005081e-02
6.300000e-01 -1.007920e-02
6.350000e-01 -9.710987e-03
6.400000e-01 -8.908626e-03
6.450000e-01 -7.749533e-03
6.500000e-01 -6.312615e-03
6.550000e-01 -4.610553e-03
6.600000e-01 -2.728570e-03
6.650000e-01 -7.455054e-04
6.700000e-01 1.300877e-03
6.750000e-01 3.292094e-03
6.800000e-01 5.139113e-03
6.850000e-01 6.764707e-03
6.900000e-01 8.113562e-03
6.950000e-01 9.158734e-03
7.000000e-01 9.823118e-03
7.050000e-01 1.011297e-02
7.100000e-01 9.996413e-03
7.150000e-01 9.458610e-03
7.200000e-01 8.571884e-03
7.250000e-01 7.341514e-03
7.300000e-01 5.810941e-03
7.350000e-01 4.078513e-03
7.400000e-01 2.174987e-03
7.450000e-01 1.662177e-04
7.500000e-01 -1.861856e-03
7.550000e-01 -3.800126e-03
7.600000e-01 -5.582485e-03
7.650000e-01 -7.171971e-03
7.700000e-01 -8.429667e-03
7.750000e-01 -9.373231e-03
7.800000e-01 -9.970341e-03
7.850000e-01 -1.014406e-02
7.900000e-01 -9.910128e-03
7.950000e-01 -9.274317e-03
8.000000e-01 -8.262024e-03
8.050000e-01 -6.933670e-03
8.100000e-01 -5.358952e-03
8.150000e-01 -3.537809e-03
8.200000e-01 -1.577653e-03
8.250000e-01 4.457015e-04
8.300000e-01 2.460334e-03
8.350000e-01 4.352312e-03
8.400000e-01 6.062345e-03
8.450000e-01 7.528757e-03
8.500000e-01 8.741128e-03
8.550000e-01 9.595922e-03
8.600000e-01 1.004829e-02
8.650000e-01 1.009548e-02
8.700000e-01 9.730111e-03
8.750000e-01 9.001691e-03
8.800000e-01 7.918515e-03
8.850000e-01 6.536850e-03
8.900000e-01 4.860060e-03
8.950000e-01 2.975246e-03
9.000000e-01 9.956634e-04
9.050000e-01 -1.037124e-03
9.100000e-01 -2.991763e-03
9.150000e-01 -4.841346e-03
9.200000e-01 -6.533277e-03
9.250000e-01 -7.950371e-03
9.300000e-01 -9.051979e-03
9.350000e-01 -9.773654e-03
9.400000e-01 -1.010272e-02
9.450000e-01 -1.003450e-02
9.500000e-01 -9.573340e-03
9.550000e-01 -8.746532e-03
9.600000e-01 -7.552637e-03
9.650000e-01 -6.036172e-03
9.700000e-01 -4.296165e-03
9.750000e-01 -2.400033e-03
9.800000e-01 -3.862366e-04
9.850000e-01 1.612958e-03
9.900000e-01 3.553644e-03
9.950000e-01 5.381617e-03
1 6.973926e-03
1.005000e+00 8.291102e-03
1.010000e+00 9.281102e-03
1.015000e+00 9.888715e-03
1.020000e+00 1.010438e-02
1.025000e+00 9.941912e-03
1.030000e+00 9.366609e-03
1.035000e+00 8.421096e-03
1.040000e+00 7.143122e-03
1.045000e+00 5.571996e-03
1.050000e+00 3.767145e-03
1.055000e+00 1.819223e-03
1.060000e+00 -1.630177e-04
1.065000e+00 -2.173145e-03
1.070000e+00 -4.109240e-03
1.075000e+00 -5.868700e-03
1.080000e+00 -7.402509e-03
1.085000e+00 -8.635382e-03
1.090000e+00 -9.504003e-03
1.095000e+00 -9.997421e-03
1.100000e+00 -1.011572e-02
1.105000e+00 -9.832218e-03
1.110000e+00 -9.150796e-03
1.115000e+00 -8.079844e-03
1.120000e+00 -6.682776e-03
1.125000e+00 -5.035390e-03
1.130000e+00 -3.204230e-03
1.135000e+00 -1.257625e-03
1.140000e+00 7.755980e-04
1.145000e+00 2.772398e-03
1.150000e+00 4.656452e-03
1.155000e+00 6.358114e-03
1.160000e+00 7.774058e-03
1.165000e+00 8.884718e-03
1.170000e+00 9.665885e-03
1.175000e+00 1.008633e-02
1.180000e+00 1.007628e-02
1.185000e+00 9.656729e-03
1.190000e+00 8.851952e-03
1.195000e+00 7.689263e-03
1.200000e+00 6.240538e-03
1.205000e+00 4.547212e-03
1.210000e+00 2.659042e-03
1.215000e+00 6.490698e-04
1.220000e+00 -1.361816e-03
1.225000e+00 -3.289214e-03
1.230000e+00 -5.027396e-03
1.235000e+00 -6.523927e-03
1.240000e+00 -7.799619e-03
1.245000e+00 -8.875605e-03
1.250000e+00 -9.836207e-03
1.255000e+00 -1.081586e-02
1.260000e+00 -1.187769e-02
1.265000e+00 -1.298472e-02
1.270000e+00 -1.399426e-02
1.275000e+00 -1.463708e-02
1.280000e+00 -1.462837e-02
1.285000e+00 -1.379561e-02
1.290000e+00 -1.221067e-02
1.295000e+00 -1.009246e-02
1.300000e+00 -7.702598e-03
1.305000e+00 -5.259652e-03
1.310000e+00 -2.789523e-03
1.315000e+00 -1.731008e-04
1.320000e+00 2.643438e-03
1.325000e+00 5.598630e-03
1.330000e+00 8.517027e-03
1.335000e+00 1.122918e-02
1.340000e+00 1.371889e-02
1.345000e+00 1.611282e-02
1.350000e+00 1.850458e-02
1.355000e+00 2.068183e-02
1.360000e+00 2.223421e-02
1.365000e+00 2.267381e-02
1.370000e+00 2.182909e-02
1.375000e+00 1.990838e-02
1.380000e+00 1.716922e-02
1.385000e+00 1.391919e-02
1.390000e+00 1.042242e-02
1.395000e+00 6.637514e-03
1.400000e+00 2.308780e-03
1.405000e+00 -2.266523e-03
1.410000e+00 -6.490678e-03
1.415000e+00 -1.037028e-02
1.420000e+00 -1.419173e-02
1.425000e+00 -1.747989e-02
1.430000e+00 -1.958485e-02
1.435000e+00 -2.080269e-02
1.440000e+00 -2.151888e-02
1.445000e+00 -2.160960e-02
1.450000e+00 -2.089595e-02
1.455000e+00 -1.928375e-02
1.460000e+00 -1.663612e-02
1.465000e+00 -1.321015e-02
1.470000e+00 -9.528688e-03
1.475000e+00 -5.565476e-03
1.480000e+00 -1.251882e-03
1.485000e+00 3.093310e-03
1.490000e+00 7.375504e-03
1.495000e+00 1.147377e-02
1.500000e+00 1.492832e-02
1.505000e+00 1.768757e-02
1.510000e+00 1.987228e-02
1.515000e+00 2.132605e-02
1.520000e+00 2.197322e-02
1.525000e+00 2.172863e-02
1.530000e+00 2.039256e-02
1.535000e+00 1.816320e-02
1.540000e+00 1.553234e-02
1.545000e+00 1.243640e-02
1.550000e+00 8.624417e-03
1.555000e+00 4.259046e-03
1.560000e+00 -2.483637e-04
1.565000e+00 -4.469708e-03
1.570000e+00 -8.459478e-03
1.575000e+00 -1.240263e-02
1.580000e+00 -1.585112e-02
1.585000e+00 -1.846140e-02
1.590000e+00 -2.041415e-02
1.595000e+00 -2.162274e-02
1.600000e+00 -2.185956e-02
1.605000e+00 -2.124939e-02
1.610000e+00 -1.987636e-02
1.615000e+00 -1.767640e-02
1.620000e+00 -1.472825e-02
1.625000e+00 -1.119485e-02
1.630000e+00 -7.264518e-03
1.635000e+00 -3.012569e-03
1.640000e+00 1.379492e-03
1.645000e+00 5.586301e-03
1.650000e+00 9.683271e-03
1.655000e+00 1.353506e-02
1.660000e+00 1.665553e-02
1.665000e+00 1.909624e-02
1.670000e+00 2.084866e-02
1.675000e+00 2.170246e-02
1.680000e+00 2.180792e-02
1.685000e+00 2.107594e-02
1.690000e+00 1.931745e-02
1.695000e+00 1.678232e-02
1.700000e+00 1.371966e-02
1.705000e+00 1.014648e-02
1.710000e+00 6.083251e-03
1.715000e+00 1.734554e-03
1.720000e+00 -2.620662e-03
1.725000e+00 -6.898852e-03
1.730000e+00 -1.091308e-02
1.735000e+00 -1.441963e-02
1.740000e+00 -1.739934e-02
1.745000e+00 -1.968296e-02
1.750000e+00 -2.119655e-02
1.755000e+00 -2.192117e-02
1.760000e+00 -2.164970e-02
1.765000e+00 -2.050945e-02
1.770000e+00 -1.865771e-02
1.775000e+00 -1.602487e-02
1.780000e+00 -1.274495e-02
1.785000e+00 -8.998778e-03
1.790000e+00 -4.839347e-03
1.795000e+00 -4.375456e-04
1.800000e+00 3.891276e-03
1.805000e+00 8.034781e-03
1.810000e+00 1.194680e-02
1.815000e+00 1.537210e-02
1.820000e+00 1.817406e-02
1.825000e+00 2.025736e-02
1.830000e+00 2.150253e-02
1.835000e+00 2.190418e-02
1.840000e+00 2.143148e-02
1.845000e+00 2.010706e-02
1.850000e+00 1.799872e-02
1.855000e+00 1.513116e-02
1.860000e+00 1.167026e-02
1.865000e+00 7.787319e-03
1.870000e+00 3.547214e-03
1.875000e+00 -8.258649e-04
1.880000e+00 -5.134236e-03
1.885000e+00 -9.278891e-03
1.890000e+00 -1.304817e-02
1.895000e+00 -1.624179e-02
1.900000e+00 -1.883633e-02
1.905000e+00 -2.073319e-02
1.910000e+00 -2.170802e-02
1.915000e+00 -2.183386e-02
1.920000e+00 -2.113060e-02
1.925000e+00 -1.951188e-02
1.930000e+00 -1.720053e-02
1.935000e+00 -1.421315e-02
1.940000e+00 -1.057508e-02
1.945000e+00 -6.555692e-03
1.950000e+00 -2.257372e-03
1.955000e+00 2.109158e-03
1.960000e+00 6.358423e-03
1.965000e+00 1.039974e-02
1.970000e+00 1.404276e-02
1.975000e+00 1.716150e-02
1.980000e+00 1.954613e-02
1.985000e+00 2.109308e-02
1.990000e+00 2.184398e-02
1.995000e+00 2.172553e-02
2 2.074812e-02
2.005000e+00 1.896486e-02
2.010000e+00 1.639047e-02
2.015000e+00 1.310842e-02
2.020000e+00 9.366092e-03
2.025000e+00 5.304527e-03
2.030000e+00 9.786207e-04
2.035000e+00 -3.344666e-03
2.040000e+00 -7.573441e-03
2.045000e+00 -1.155220e-02
2.050000e+00 -1.498827e-02
2.055000e+00 -1.783757e-02
2.060000e+00 -1.999009e-02
2.065000e+00 -2.135382e-02
2.070000e+00 -2.189722e-02
2.075000e+00 -2.154469e-02
2.080000e+00 -2.030269e-02
2.085000e+00 -1.825335e-02
2.090000e+00 -1.548319e-02
2.095000e+00 -1.212078e-02
2.100000e+00 -8.289302e-03
2.105000e+00 -4.075564e-03
2.110000e+00 2.645006e-04
2.115000e+00 4.605467e-03
2.120000e+00 8.783193e-03
2.125000e+00 1.255590e-02
2.130000e+00 1.587911e-02
2.135000e+00 1.854688e-02
2.140000e+00 2.048215e-02
2.145000e+00 2.161764e-02
2.150000e+00 2.183983e-02
2.155000e+00 2.125635e-02
2.160000e+00 1.979907e-02
2.165000e+00 1.752999e-02
2.170000e+00 1.458375e-02
2.175000e+00 1.102393e-02
2.180000e+00 7.083836e-03
2.185000e+00 2.844415e-03
2.190000e+00 -1.539183e-03
2.195000e+00 -5.832089e-03
2.200000e+00 -9.925144e-03
2.205000e+00 -1.360407e-02
2.210000e+00 -1.671755e-02
2.215000e+00 -1.916921e-02
2.220000e+00 -2.087179e-02
2.225000e+00 -2.180325e-02
2.230000e+00 -2.181106e-02
2.235000e+00 -2.090244e-02
2.240000e+00 -1.921089e-02
2.245000e+00 -1.672184e-02
2.250000e+00 -1.359411e-02
2.255000e+00 -9.974663e-03
2.260000e+00 -5.890804e-03
2.265000e+00 -1.547096e-03
2.270000e+00 2.836600e-03
2.275000e+00 7.075243e-03
2.280000e+00 1.102104e-02
2.285000e+00 1.454501e-02
2.290000e+00 1.749342e-02
2.295000e+00 1.980097e-02
2.300000e+00 2.129202e-02
2.305000e+00 2.186566e-02
2.310000e+00 2.160030e-02
2.315000e+00 2.048519e-02
2.320000e+00 1.857352e-02
2.325000e+00 1.592935e-02
2.330000e+00 1.261040e-02
2.335000e+00 8.782207e-03
2.340000e+00 4.596992e-03
2.345000e+00 2.659356e-04
2.350000e+00 -4.055290e-03
2.355000e+00 -8.245915e-03
2.360000e+00 -1.210915e-02
2.365000e+00 -1.551561e-02
2.370000e+00 -1.828301e-02
2.375000e+00 -2.029224e-02
2.380000e+00 -2.150750e-02
2.385000e+00 -2.189143e-02
2.390000e+00 -2.139500e-02
2.395000e+00 -2.002283e-02
2.400000e+00 -1.787920e-02
2.405000e+00 -1.500922e-02
2.410000e+00 -1.151070e-02
2.415000e+00 -7.595800e-03
2.420000e+00 -3.389674e-03
2.425000e+00 1.015034e-03
2.430000e+00 5.335267e-03
2.435000e+00 9.427781e-03
2.440000e+00 1.318915e-02
2.445000e+00 1.640026e-02
2.450000e+00 1.896864e-02
2.455000e+00 2.077439e-02
2.460000e+00 2.171930e-02
2.465000e+00 2.176969e-02
2.470000e+00 2.095015e-02
2.475000e+00 1.932712e-02
2.480000e+00 1.691893e-02
2.485000e+00 1.381208e-02
2.490000e+00 1.018911e-02
2.495000e+00 6.187531e-03
2.500000e+00 1.946369e-03
2.505000e+00 -2.331475e-03
2.510000e+00 -6.540439e-03
2.515000e+00 -1.053249e-02
2.520000e+00 -1.406116e-02
2.525000e+00 -1.698307e-02
2.530000e+00 -1.913664e-02
2.535000e+00 -2.047678e-02
2.540000e+00 -2.111170e-02
2.545000e+00 -2.109749e-02
2.550000e+00 -2.051667e-02
2.555000e+00 -1.948198e-02
2.560000e+00 -1.815712e-02
2.565000e+00 -1.657128e-02
2.570000e+00 -1.467028e-02
2.575000e+00 -1.241317e-02
2.580000e+00 -9.642882e-03
2.585000e+00 -6.317267e-03
2.590000e+00 -2.562842e-03
2.595000e+00 1.385495e-03
2.600000e+00 5.253406e-03
2.605000e+00 8.764290e-03
2.610000e+00 1.172790e-02
2.615000e+00 1.410272e-02
2.620000e+00 1.590096e-02
2.625000e+00 1.723835e-02
2.630000e+00 1.830893e-02
2.635000e+00 1.910993e-02
2.640000e+00 1.951201e-02
2.645000e+00 1.945647e-02
2.650000e+00 1.888709e-02
2.655000e+00 1.779050e-02
2.660000e+00 1.620393e-02
2.665000e+00 1.416013e-02
2.670000e+00 1.150820e-02
2.675000e+00 8.124541e-03
2.680000e+00 4.149153e-03
2.685000e+00 -1.344071e-04
2.690000e+00 -4.330665e-03
2.695000e+00 -8.016334e-03
2.700000e+00 -1.107506e-02
2.705000e+00 -1.364773e-02
2.710000e+00 -1.580459e-02
2.715000e+00 -1.758333e-02
2.720000e+00 -1.883500e-02
2.725000e+00 -1.929971e-02
2.730000e+00 -1.876884e-02
2.735000e+00 -1.723436e-02
2.740000e+00 -1.500495e-02
2.745000e+00 -1.240820e-02
2.750000e+00 -9.583079e-03
2.755000e+00 -6.491021e-03
2.760000e+00 -3.070102e-03
2.765000e+00 6.578297e-04
2.770000e+00 4.540362e-03
2.775000e+00 8.286525e-03
2.780000e+00 1.156881e-02
2.785000e+00 1.421266e-02
2.790000e+00 1.627372e-02
2.795000e+00 1.778170e-02
2.800000e+00 1.862342e-02
2.805000e+00 1.876284e-02
2.810000e+00 1.809740e-02
2.815000e+00 1.665707e-02
2.820000e+00 1.463712e-02
2.825000e+00 1.203178e-02
2.830000e+00 8.865463e-03
2.835000e+00 5.277873e-03
2.840000e+00 1.564000e-03
2.845000e+00 -2.087536e-03
2.850000e+00 -5.651578e-03
2.855000e+00 -9.055427e-03
2.860000e+00 -1.218466e-02
2.865000e+00 -1.484332e-02
2.870000e+00 -1.689025e-02
2.875000e+00 -1.821649e-02
2.880000e+00 -1.870591e-02
2.885000e+00 -1.845713e-02
2.890000e+00 -1.773719e-02
2.895000e+00 -1.634626e-02
2.900000e+00 -1.392585e-02
2.905000e+00 -1.083076e-02
2.910000e+00 -7.698486e-03
2.915000e+00 -4.479087e-03
2.920000e+00 -7.787842e-04
2.925000e+00 3.177345e-03
2.930000e+00 6.911805e-03
2.935000e+00 1.018568e-02
2.940000e+00 1.299863e-02
2.945000e+00 1.532996e-02
2.950000e+00 1.714698e-02
2.955000e+00 1.848786e-02
2.960000e+00 1.894065e-02
2.965000e+00 1.838463e-02
2.970000e+00 1.722191e-02
2.975000e+00 1.546525e-02
2.980000e+00 1.308640e-02
2.985000e+00 1.023155e-02
2.990000e+00 6.942666e-03
2.995000e+00 3.227325e-03
3 -6.342887e-04
