T X
0 0
5.000000e-03 1.298085e-10
1.000000e-02 -5.304314e-11
1.500000e-02 -3.003974e-10
2.000000e-02 -2.935172e-10
2.500000e-02 -5.906470e-10
3.000000e-02 -1.561059e-09
3.500000e-02 -4.513534e-10
4.000000e-02 2.416226e-08
4.500000e-02 2.295882e-07
5.000000e-02 1.454851e-06
5.500000e-02 7.097257e-06
6.000000e-02 2.851938e-05
6.500000e-02 9.754203e-05
7.000000e-02 2.876491e-04
7.500000e-02 7.341044e-04
8.000000e-02 1.620662e-03
8.500000e-02 3.088627e-03
9.000000e-02 5.071399e-03
9.500000e-02 7.178856e-03
1.000000e-01 8.831874e-03
1.050000e-01 9.671804e-03
1.100000e-01 9.877899e-03
1.150000e-01 9.925663e-03
1.200000e-01 9.941186e-03
1.250000e-01 9.515412e-03
1.300000e-01 8.360761e-03
1.350000e-01 6.829626e-03
1.400000e-01 5.350675e-03
1.450000e-01 3.721650e-03
1.500000e-01 1.631642e-03
1.550000e-01 -5.508224e-04
1.600000e-01 -2.376100e-03
1.650000e-01 -4.104253e-03
1.700000e-01 -5.954758e-03
1.750000e-01 -7.469178e-03
1.800000e-01 -8.462247e-03
1.850000e-01 -9.332441e-03
1.900000e-01 -1.000364e-02
1.950000e-01 -1.009110e-02
2.000000e-01 -9.793350e-03
2.050000e-01 -9.235901e-03
2.100000e-01 -8.115515e-03
2.150000e-01 -6.635239e-03
2.200000e-01 -5.139965e-03
2.250000e-01 -3.368034e-03
2.300000e-01 -1.311706e-03
2.350000e-01 6.858647e-04
2.400000e-01 2.698255e-03
2.450000e-01 4.648136e-03
2.500000e-01 6.248704e-03
2.550000e-01 7.698279e-03
2.600000e-01 8.975091e-03
2.650000e-01 9.716492e-03
2.700000e-01 1.006189e-02
2.750000e-01 1.012086e-02
2.800000e-01 9.740301e-03
2.850000e-01 8.988848e-03
2.900000e-01 7.822737e-03
2.950000e-01 6.310066e-03
3.000000e-01 4.702114e-03
3.050000e-01 2.823541e-03
3.100000e-01 7.157020e-04
3.150000e-01 -1.278170e-03
3.200000e-01 -3.221608e-03
3.250000e-01 -5.088978e-03
3.300000e-01 -6.761016e-03
3.350000e-01 -8.200994e-03
3.400000e-01 -9.203908e-03
3.450000e-01 -9.865413e-03
3.500000e-01 -1.023316e-02
3.550000e-01 -1.008597e-02
3.600000e-01 -9.577923e-03
3.650000e-01 -8.737640e-03
3.700000e-01 -7.454422e-03
3.750000e-01 -5.905907e-03
3.800000e-01 -4.149199e-03
3.850000e-01 -2.235679e-03
3.900000e-01 -2.021958e-04
3.950000e-01 1.889874e-03
4.000000e-01 3.820440e-03
4.050000e-01 5.634934e-03
4.100000e-01 7.246449e-03
4.150000e-01 8.489449e-03
4.200000e-01 9.484129e-03
4.250000e-01 1.008448e-02
4.300000e-01 1.022783e-02
4.350000e-01 1.002006e-02
4.400000e-01 9.388612e-03
4.450000e-01 8.388661e-03
4.500000e-01 7.046614e-03
4.550000e-01 5.443997e-03
4.600000e-01 3.628469e-03
4.650000e-01 1.591492e-03
4.700000e-01 -4.186071e-04
4.750000e-01 -2.435733e-03
4.800000e-01 -4.413228e-03
4.850000e-01 -6.112871e-03
4.900000e-01 -7.641071e-03
4.950000e-01 -8.875771e-03
5.000000e-01 -9.693920e-03
5.050000e-01 -1.016910e-02
5.100000e-01 -1.023431e-02
5.150000e-01 -9.873791e-03
5.200000e-01 -9.136801e-03
5.250000e-01 -8.061242e-03
5.300000e-01 -6.611895e-03
5.350000e-01 -4.911112e-03
5.400000e-01 -3.049312e-03
5.450000e-01 -1.013260e-03
5.500000e-01 1.011108e-03
5.550000e-01 3.018842e-03
5.600000e-01 4.941013e-03
5.650000e-01 6.614455e-03
5.700000e-01 8.040338e-03
5.750000e-01 9.141353e-03
5.800000e-01 9.886723e-03
5.850000e-01 1.023813e-02
5.900000e-01 1.018728e-02
5.950000e-01 9.711693e-03
6.000000e-01 8.836328e-03
6.050000e-01 7.662988e-03
6.100000e-01 6.141935e-03
6.150000e-01 4.406105e-03
6.200000e-01 2.502686e-03
6.250000e-01 4.379425e-04
6.300000e-01 -1.577345e-03
6.350000e-01 -3.552182e-03
6.400000e-01 -5.404044e-03
6.450000e-01 -7.015459e-03
6.500000e-01 -8.388582e-03
6.550000e-01 -9.414824e-03
6.600000e-01 -1.004113e-02
6.650000e-01 -1.028414e-02
6.700000e-01 -1.011300e-02
6.750000e-01 -9.527684e-03
6.800000e-01 -8.588295e-03
6.850000e-01 -7.279933e-03
6.900000e-01 -5.671220e-03
6.950000e-01 -3.835161e-03
7.000000e-01 -1.844825e-03
7.050000e-01 1.820404e-04
7.100000e-01 2.228230e-03
7.150000e-01 4.194771e-03
7.200000e-01 5.980634e-03
7.250000e-01 7.520124e-03
7.300000e-01 8.758984e-03
7.350000e-01 9.625659e-03
7.400000e-01 1.012442e-02
7.450000e-01 1.024892e-02
7.500000e-01 9.940388e-03
7.550000e-01 9.246643e-03
7.600000e-01 8.175104e-03
7.650000e-01 6.790113e-03
7.700000e-01 5.141689e-03
7.750000e-01 3.312032e-03
7.800000e-01 1.307048e-03
7.850000e-01 -7.669755e-04
7.900000e-01 -2.760071e-03
7.950000e-01 -4.711153e-03
8.000000e-01 -6.418495e-03
8.050000e-01 -7.882408e-03
8.100000e-01 -9.066725e-03
8.150000e-01 -9.847269e-03
8.200000e-01 -1.025336e-02
8.250000e-01 -1.023312e-02
8.300000e-01 -9.803948e-03
8.350000e-01 -8.994610e-03
8.400000e-01 -7.845652e-03
8.450000e-01 -6.339608e-03
8.500000e-01 -4.616198e-03
8.550000e-01 -2.697132e-03
8.600000e-01 -6.646638e-04
8.650000e-01 1.352377e-03
8.700000e-01 3.368443e-03
8.750000e-01 5.214164e-03
8.800000e-01 6.864933e-03
8.850000e-01 8.252012e-03
8.900000e-01 9.295924e-03
8.950000e-01 9.953369e-03
9.000000e-01 1.025522e-02
9.050000e-01 1.014652e-02
9.100000e-01 9.606242e-03
9.150000e-01 8.701196e-03
9.200000e-01 7.439358e-03
9.250000e-01 5.902051e-03
9.300000e-01 4.098300e-03
9.350000e-01 2.169666e-03
9.400000e-01 1.162145e-04
9.450000e-01 -1.943235e-03
9.500000e-01 -3.918100e-03
9.550000e-01 -5.740336e-03
9.600000e-01 -7.297354e-03
9.650000e-01 -8.625757e-03
9.700000e-01 -9.563285e-03
9.750000e-01 -1.014128e-02
9.800000e-01 -1.030731e-02
9.850000e-01 -1.002379e-02
9.900000e-01 -9.386594e-03
9.950000e-01 -8.359910e-03
1 -7.003102e-03
1.005000e+00 -5.374464e-03
1.010000e+00 -3.515953e-03
1.015000e+00 -1.523638e-03
1.020000e+00 5.259590e-04
1.025000e+00 2.528239e-03
1.030000e+00 4.455403e-03
1.035000e+00 6.212045e-03
1.040000e+00 7.700755e-03
1.045000e+00 8.917187e-03
1.050000e+00 9.729447e-03
1.055000e+00 1.018230e-02
1.060000e+00 1.024389e-02
1.065000e+00 9.875437e-03
1.070000e+00 9.133440e-03
1.075000e+00 8.021414e-03
1.080000e+00 6.570002e-03
1.085000e+00 4.874565e-03
1.090000e+00 2.994244e-03
1.095000e+00 9.693174e-04
1.100000e+00 -1.073117e-03
1.105000e+00 -3.113078e-03
1.110000e+00 -4.999770e-03
1.115000e+00 -6.679838e-03
1.120000e+00 -8.118357e-03
1.125000e+00 -9.218957e-03
1.130000e+00 -9.942177e-03
1.135000e+00 -1.028985e-02
1.140000e+00 -1.020986e-02
1.145000e+00 -9.690617e-03
1.150000e+00 -8.841103e-03
1.155000e+00 -7.607344e-03
1.160000e+00 -6.097350e-03
1.165000e+00 -4.340498e-03
1.170000e+00 -2.385847e-03
1.175000e+00 -3.633664e-04
1.180000e+00 1.734235e-03
1.185000e+00 3.802095e-03
1.190000e+00 5.783603e-03
1.195000e+00 7.578305e-03
1.200000e+00 8.947774e-03
1.205000e+00 9.717135e-03
1.210000e+00 9.643507e-03
1.215000e+00 8.620582e-03
1.220000e+00 6.699996e-03
1.225000e+00 4.097756e-03
1.230000e+00 1.214882e-03
1.235000e+00 -1.622312e-03
1.240000e+00 -4.114306e-03
1.245000e+00 -6.236562e-03
1.250000e+00 -8.139487e-03
1.255000e+00 -9.979537e-03
1.260000e+00 -1.163895e-02
1.265000e+00 -1.291816e-02
1.270000e+00 -1.358668e-02
1.275000e+00 -1.343734e-02
1.280000e+00 -1.261642e-02
1.285000e+00 -1.137986e-02
1.290000e+00 -1.000873e-02
1.295000e+00 -8.328958e-03
1.300000e+00 -6.052807e-03
1.305000e+00 -3.434488e-03
1.310000e+00 -7.364556e-04
1.315000e+00 2.126066e-03
1.320000e+00 4.887734e-03
1.325000e+00 7.007629e-03
1.330000e+00 8.755495e-03
1.335000e+00 1.082030e-02
1.340000e+00 1.254721e-02
1.345000e+00 1.308271e-02
1.350000e+00 1.302281e-02
1.355000e+00 1.288232e-02
1.360000e+00 1.241465e-02
1.365000e+00 1.135494e-02
1.370000e+00 9.945050e-03
1.375000e+00 8.393327e-03
1.380000e+00 7.080955e-03
1.385000e+00 6.266790e-03
1.390000e+00 5.429256e-03
1.395000e+00 4.495302e-03
1.400000e+00 3.503217e-03
1.405000e+00 2.223361e-03
1.410000e+00 6.699876e-04
1.415000e+00 -1.036193e-03
1.420000e+00 -2.848752e-03
1.425000e+00 -4.471067e-03
1.430000e+00 -5.608904e-03
1.435000e+00 -6.411721e-03
1.440000e+00 -6.959429e-03
1.445000e+00 -7.348544e-03
1.450000e+00 -7.642384e-03
1.455000e+00 -7.630615e-03
1.460000e+00 -7.182788e-03
1.465000e+00 -6.283186e-03
1.470000e+00 -4.982658e-03
1.475000e+00 -3.540015e-03
1.480000e+00 -2.177070e-03
1.485000e+00 -9.434145e-04
1.490000e+00 2.980273e-04
1.495000e+00 1.711001e-03
1.500000e+00 3.161693e-03
1.505000e+00 4.379725e-03
1.510000e+00 5.380161e-03
1.515000e+00 6.147668e-03
1.520000e+00 6.660498e-03
1.525000e+00 7.055202e-03
1.530000e+00 7.177133e-03
1.535000e+00 6.992537e-03
1.540000e+00 6.432614e-03
1.545000e+00 5.529756e-03
1.550000e+00 4.542619e-03
1.555000e+00 3.393447e-03
1.560000e+00 2.132583e-03
1.565000e+00 7.959796e-04
1.570000e+00 -7.080150e-04
1.575000e+00 -2.205555e-03
1.580000e+00 -3.507659e-03
1.585000e+00 -4.567803e-03
1.590000e+00 -5.427766e-03
1.595000e+00 -6.230254e-03
1.600000e+00 -6.900148e-03
1.605000e+00 -7.157086e-03
1.610000e+00 -7.008355e-03
1.615000e+00 -6.610765e-03
1.620000e+00 -6.131309e-03
1.625000e+00 -5.400329e-03
1.630000e+00 -4.263678e-03
1.635000e+00 -3.020400e-03
1.640000e+00 -1.717734e-03
1.645000e+00 -4.195789e-04
1.650000e+00 1.001198e-03
1.655000e+00 2.513799e-03
1.660000e+00 3.692896e-03
1.665000e+00 4.765729e-03
1.670000e+00 5.720676e-03
1.675000e+00 6.449083e-03
1.680000e+00 6.991160e-03
1.685000e+00 7.114918e-03
1.690000e+00 6.975576e-03
1.695000e+00 6.560502e-03
1.700000e+00 5.929868e-03
1.705000e+00 5.178020e-03
1.710000e+00 4.012904e-03
1.715000e+00 2.660202e-03
1.720000e+00 1.281134e-03
1.725000e+00 -7.432308e-05
1.730000e+00 -1.361694e-03
1.735000e+00 -2.807633e-03
1.740000e+00 -4.118097e-03
1.745000e+00 -5.180667e-03
1.750000e+00 -5.996391e-03
1.755000e+00 -6.571571e-03
1.760000e+00 -7.050506e-03
1.765000e+00 -7.126295e-03
1.770000e+00 -6.875627e-03
1.775000e+00 -6.413109e-03
1.780000e+00 -5.708877e-03
1.785000e+00 -4.772411e-03
1.790000e+00 -3.493903e-03
1.795000e+00 -2.212180e-03
1.800000e+00 -9.846822e-04
1.805000e+00 4.436624e-04
1.810000e+00 1.932680e-03
1.815000e+00 3.263443e-03
1.820000e+00 4.341102e-03
1.825000e+00 5.326234e-03
1.830000e+00 6.172827e-03
1.835000e+00 6.718501e-03
1.840000e+00 7.035471e-03
1.845000e+00 7.049016e-03
1.850000e+00 6.760852e-03
1.855000e+00 6.177116e-03
1.860000e+00 5.393216e-03
1.865000e+00 4.463447e-03
1.870000e+00 3.255960e-03
1.875000e+00 1.866993e-03
1.880000e+00 4.771912e-04
1.885000e+00 -8.543472e-04
1.890000e+00 -2.279474e-03
1.895000e+00 -3.585122e-03
1.900000e+00 -4.642428e-03
1.905000e+00 -5.677491e-03
1.910000e+00 -6.402767e-03
1.915000e+00 -6.798189e-03
1.920000e+00 -7.028381e-03
1.925000e+00 -6.934048e-03
1.930000e+00 -6.534795e-03
1.935000e+00 -5.936256e-03
1.940000e+00 -5.107760e-03
1.945000e+00 -3.978618e-03
1.950000e+00 -2.720994e-03
1.955000e+00 -1.461223e-03
1.960000e+00 -1.060695e-04
1.965000e+00 1.305783e-03
1.970000e+00 2.641483e-03
1.975000e+00 3.847510e-03
1.980000e+00 4.920734e-03
1.985000e+00 5.798168e-03
1.990000e+00 6.414568e-03
1.995000e+00 6.840775e-03
2 7.028977e-03
2.005000e+00 6.851093e-03
2.010000e+00 6.402171e-03
2.015000e+00 5.743293e-03
2.020000e+00 4.809980e-03
2.025000e+00 3.722023e-03
2.030000e+00 2.507511e-03
2.035000e+00 1.077734e-03
2.040000e+00 -3.283104e-04
2.045000e+00 -1.683600e-03
2.050000e+00 -3.008333e-03
2.055000e+00 -4.151734e-03
2.060000e+00 -5.165954e-03
2.065000e+00 -6.025374e-03
2.070000e+00 -6.612292e-03
2.075000e+00 -6.858632e-03
2.080000e+00 -6.892890e-03
2.085000e+00 -6.679394e-03
2.090000e+00 -6.191603e-03
2.095000e+00 -5.491236e-03
2.100000e+00 -4.520526e-03
2.105000e+00 -3.376715e-03
2.110000e+00 -2.063780e-03
2.115000e+00 -7.447013e-04
2.120000e+00 5.751213e-04
2.125000e+00 1.996730e-03
2.130000e+00 3.258625e-03
2.135000e+00 4.397521e-03
2.140000e+00 5.412478e-03
2.145000e+00 6.112084e-03
2.150000e+00 6.600513e-03
2.155000e+00 6.926310e-03
2.160000e+00 6.923121e-03
2.165000e+00 6.623994e-03
2.170000e+00 6.094247e-03
2.175000e+00 5.239446e-03
2.180000e+00 4.258639e-03
2.185000e+00 3.116192e-03
2.190000e+00 1.781034e-03
2.195000e+00 4.238852e-04
2.200000e+00 -9.952549e-04
2.205000e+00 -2.361408e-03
2.210000e+00 -3.582547e-03
2.215000e+00 -4.667205e-03
2.220000e+00 -5.645294e-03
2.225000e+00 -6.354449e-03
2.230000e+00 -6.802457e-03
2.235000e+00 -6.992922e-03
2.240000e+00 -6.888258e-03
2.245000e+00 -6.530302e-03
2.250000e+00 -5.918396e-03
2.255000e+00 -5.093893e-03
2.260000e+00 -3.988302e-03
2.265000e+00 -2.760455e-03
2.270000e+00 -1.415160e-03
2.275000e+00 -2.375909e-05
2.280000e+00 1.335961e-03
2.285000e+00 2.726471e-03
2.290000e+00 3.988922e-03
2.295000e+00 5.042485e-03
2.300000e+00 5.926082e-03
2.305000e+00 6.554683e-03
2.310000e+00 6.922400e-03
2.315000e+00 7.083079e-03
2.320000e+00 6.894280e-03
2.325000e+00 6.465065e-03
2.330000e+00 5.750560e-03
2.335000e+00 4.766413e-03
2.340000e+00 3.677510e-03
2.345000e+00 2.415319e-03
2.350000e+00 1.028441e-03
2.355000e+00 -4.394533e-04
2.360000e+00 -1.860807e-03
2.365000e+00 -3.171741e-03
2.370000e+00 -4.353802e-03
2.375000e+00 -5.395074e-03
2.380000e+00 -6.215312e-03
2.385000e+00 -6.773561e-03
2.390000e+00 -7.081523e-03
2.395000e+00 -7.061428e-03
2.400000e+00 -6.764513e-03
2.405000e+00 -6.205231e-03
2.410000e+00 -5.463205e-03
2.415000e+00 -4.503149e-03
2.420000e+00 -3.327847e-03
2.425000e+00 -2.038931e-03
2.430000e+00 -6.835646e-04
2.435000e+00 6.461175e-04
2.440000e+00 2.021068e-03
2.445000e+00 3.399120e-03
2.450000e+00 4.571157e-03
2.455000e+00 5.611668e-03
2.460000e+00 6.432214e-03
2.465000e+00 6.846613e-03
2.470000e+00 7.101088e-03
2.475000e+00 7.097834e-03
2.480000e+00 6.873746e-03
2.485000e+00 6.492403e-03
2.490000e+00 5.813867e-03
2.495000e+00 4.963444e-03
2.500000e+00 3.695993e-03
2.505000e+00 1.896013e-03
2.510000e+00 -3.912529e-04
2.515000e+00 -3.196397e-03
2.520000e+00 -6.372224e-03
2.525000e+00 -9.549557e-03
2.530000e+00 -1.246454e-02
2.535000e+00 -1.494135e-02
2.540000e+00 -1.663057e-02
2.545000e+00 -1.743805e-02
2.550000e+00 -1.742543e-02
2.555000e+00 -1.672248e-02
2.560000e+00 -1.548365e-02
2.565000e+00 -1.394862e-02
2.570000e+00 -1.202039e-02
2.575000e+00 -9.512209e-03
2.580000e+00 -6.488661e-03
2.585000e+00 -2.953125e-03
2.590000e+00 7.435281e-04
2.595000e+00 4.345005e-03
2.600000e+00 7.567308e-03
2.605000e+00 1.036132e-02
2.610000e+00 1.278923e-02
2.615000e+00 1.480258e-02
2.620000e+00 1.645041e-02
2.625000e+00 1.739102e-02
2.630000e+00 1.763136e-02
2.635000e+00 1.691303e-02
2.640000e+00 1.537510e-02
2.645000e+00 1.337161e-02
2.650000e+00 1.077813e-02
2.655000e+00 8.032098e-03
2.660000e+00 5.095411e-03
2.665000e+00 1.955941e-03
2.670000e+00 -1.149292e-03
2.675000e+00 -3.937217e-03
2.680000e+00 -5.931753e-03
2.685000e+00 -7.169962e-03
2.690000e+00 -7.824069e-03
2.695000e+00 -7.878329e-03
2.700000e+00 -7.687562e-03
2.705000e+00 -7.403078e-03
2.710000e+00 -6.860547e-03
2.715000e+00 -6.218068e-03
2.720000e+00 -5.347418e-03
2.725000e+00 -4.264461e-03
2.730000e+00 -2.976130e-03
2.735000e+00 -1.364655e-03
2.740000e+00 4.669463e-04
2.745000e+00 2.424210e-03
2.750000e+00 4.119851e-03
2.755000e+00 5.385211e-03
2.760000e+00 6.273155e-03
2.765000e+00 7.008015e-03
2.770000e+00 7.967063e-03
2.775000e+00 8.719965e-03
2.780000e+00 8.786792e-03
2.785000e+00 8.350468e-03
2.790000e+00 7.449364e-03
2.795000e+00 6.061829e-03
2.800000e+00 4.477571e-03
2.805000e+00 3.148134e-03
2.810000e+00 1.809534e-03
2.815000e+00 -5.399104e-06
2.820000e+00 -1.847561e-03
2.825000e+00 -3.214770e-03
2.830000e+00 -4.424994e-03
2.835000e+00 -6.054622e-03
2.840000e+00 -7.539246e-03
2.845000e+00 -8.096465e-03
2.850000e+00 -8.113090e-03
2.855000e+00 -8.215267e-03
2.860000e+00 -8.218953e-03
2.865000e+00 -7.874147e-03
2.870000e+00 -7.147469e-03
2.875000e+00 -5.784247e-03
2.880000e+00 -4.098916e-03
2.885000e+00 -2.574185e-03
2.890000e+00 -1.120430e-03
2.895000e+00 5.592435e-04
2.900000e+00 2.273254e-03
2.905000e+00 3.797792e-03
2.910000e+00 5.339480e-03
2.915000e+00 6.562190e-03
2.920000e+00 7.275085e-03
2.925000e+00 7.865909e-03
2.930000e+00 8.300384e-03
2.935000e+00 8.337368e-03
2.940000e+00 8.045762e-03
2.945000e+00 7.448753e-03
2.950000e+00 6.405274e-03
2.955000e+00 5.028652e-03
2.960000e+00 3.746683e-03
2.965000e+00 2.420083e-03
2.970000e+00 7.236516e-04
2.975000e+00 -1.012143e-03
2.980000e+00 -2.722326e-03
2.985000e+00 -4.223825e-03
2.990000e+00 -5.475627e-03
2.995000e+00 -6.624140e-03
3 -7.494265e-03
