T X
0 0
5.000000e-03 1.421936e-12
1.000000e-02 -1.572624e-11
1.500000e-02 -5.893912e-11
2.000000e-02 -1.723476e-10
2.500000e-02 -5.049753e-10
3.000000e-02 -6.137128e-10
3.500000e-02 6.033856e-09
4.000000e-02 6.865299e-08
4.500000e-02 4.643278e-07
5.000000e-02 2.474816e-06
5.500000e-02 1.102985e-05
6.000000e-02 4.200293e-05
6.500000e-02 1.375670e-04
7.000000e-02 3.885753e-04
7.500000e-02 9.478767e-04
8.000000e-02 1.997232e-03
8.500000e-02 3.632118e-03
9.000000e-02 5.697233e-03
9.500000e-02 7.726957e-03
1.000000e-01 9.166470e-03
1.050000e-01 9.795970e-03
1.100000e-01 9.916401e-03
1.150000e-01 9.952206e-03
1.200000e-01 9.869264e-03
1.250000e-01 9.241856e-03
1.300000e-01 7.953963e-03
1.350000e-01 6.423444e-03
1.400000e-01 4.913836e-03
1.450000e-01 3.152415e-03
1.500000e-01 1.009961e-03
1.550000e-01 -1.084351e-03
1.600000e-01 -2.880964e-03
1.650000e-01 -4.667898e-03
1.700000e-01 -6.457643e-03
1.750000e-01 -7.823299e-03
1.800000e-01 -8.773205e-03
1.850000e-01 -9.605062e-03
1.900000e-01 -1.008429e-02
1.950000e-01 -9.956442e-03
2.000000e-01 -9.512609e-03
2.050000e-01 -8.803383e-03
2.100000e-01 -7.569607e-03
2.150000e-01 -6.057151e-03
2.200000e-01 -4.506943e-03
2.250000e-01 -2.655487e-03
2.300000e-01 -5.866010e-04
2.350000e-01 1.362992e-03
2.400000e-01 3.300290e-03
2.450000e-01 5.158961e-03
2.500000e-01 6.660444e-03
2.550000e-01 7.990935e-03
2.600000e-01 9.130429e-03
2.650000e-01 9.714662e-03
2.700000e-01 9.903254e-03
2.750000e-01 9.837547e-03
2.800000e-01 9.299442e-03
2.850000e-01 8.406058e-03
2.900000e-01 7.224981e-03
2.950000e-01 5.651992e-03
3.000000e-01 3.926077e-03
3.050000e-01 2.072941e-03
3.100000e-01 -6.846825e-07
3.150000e-01 -1.970817e-03
3.200000e-01 -3.791090e-03
3.250000e-01 -5.576492e-03
3.300000e-01 -7.099749e-03
3.350000e-01 -8.325932e-03
3.400000e-01 -9.256719e-03
3.450000e-01 -9.770190e-03
3.500000e-01 -9.950852e-03
3.550000e-01 -9.722667e-03
3.600000e-01 -9.034426e-03
3.650000e-01 -8.067113e-03
3.700000e-01 -6.750682e-03
3.750000e-01 -5.119615e-03
3.800000e-01 -3.373812e-03
3.850000e-01 -1.469640e-03
3.900000e-01 5.308291e-04
3.950000e-01 2.488001e-03
4.000000e-01 4.354562e-03
4.050000e-01 6.046833e-03
4.100000e-01 7.512849e-03
4.150000e-01 8.649887e-03
4.200000e-01 9.424614e-03
4.250000e-01 9.869538e-03
4.300000e-01 9.892973e-03
4.350000e-01 9.523022e-03
4.400000e-01 8.815539e-03
4.450000e-01 7.721055e-03
4.500000e-01 6.298376e-03
4.550000e-01 4.657771e-03
4.600000e-01 2.829660e-03
4.650000e-01 8.449439e-04
4.700000e-01 -1.131023e-03
4.750000e-01 -3.038872e-03
4.800000e-01 -4.891233e-03
4.850000e-01 -6.500685e-03
4.900000e-01 -7.841808e-03
4.950000e-01 -8.931337e-03
5.000000e-01 -9.607480e-03
5.050000e-01 -9.907284e-03
5.100000e-01 -9.863229e-03
5.150000e-01 -9.368551e-03
5.200000e-01 -8.491398e-03
5.250000e-01 -7.341028e-03
5.300000e-01 -5.864075e-03
5.350000e-01 -4.109096e-03
5.400000e-01 -2.266410e-03
5.450000e-01 -3.039741e-04
5.500000e-01 1.721236e-03
5.550000e-01 3.580961e-03
5.600000e-01 5.349712e-03
5.650000e-01 6.953491e-03
5.700000e-01 8.195556e-03
5.750000e-01 9.153261e-03
5.800000e-01 9.757868e-03
5.850000e-01 9.941505e-03
5.900000e-01 9.740868e-03
5.950000e-01 9.150869e-03
6.000000e-01 8.207433e-03
6.050000e-01 6.934271e-03
6.100000e-01 5.401912e-03
6.150000e-01 3.640692e-03
6.200000e-01 1.738121e-03
6.250000e-01 -2.317408e-04
6.300000e-01 -2.237603e-03
6.350000e-01 -4.106738e-03
6.400000e-01 -5.840769e-03
6.450000e-01 -7.346523e-03
6.500000e-01 -8.509934e-03
6.550000e-01 -9.395808e-03
6.600000e-01 -9.857715e-03
6.650000e-01 -9.937545e-03
6.700000e-01 -9.653714e-03
6.750000e-01 -8.925512e-03
6.800000e-01 -7.878097e-03
6.850000e-01 -6.498202e-03
6.900000e-01 -4.845146e-03
6.950000e-01 -3.021467e-03
7.000000e-01 -1.072222e-03
7.050000e-01 9.105399e-04
7.100000e-01 2.845160e-03
7.150000e-01 4.658385e-03
7.200000e-01 6.308165e-03
7.250000e-01 7.693390e-03
7.300000e-01 8.780059e-03
7.350000e-01 9.528459e-03
7.400000e-01 9.875038e-03
7.450000e-01 9.853982e-03
7.500000e-01 9.420936e-03
7.550000e-01 8.606911e-03
7.600000e-01 7.484648e-03
7.650000e-01 6.046187e-03
7.700000e-01 4.370993e-03
7.750000e-01 2.517408e-03
7.800000e-01 5.495080e-04
7.850000e-01 -1.441565e-03
7.900000e-01 -3.380247e-03
7.950000e-01 -5.175701e-03
8.000000e-01 -6.762545e-03
8.050000e-01 -8.074740e-03
8.100000e-01 -9.060556e-03
8.150000e-01 -9.662884e-03
8.200000e-01 -9.930734e-03
8.250000e-01 -9.789506e-03
8.300000e-01 -9.227708e-03
8.350000e-01 -8.356379e-03
8.400000e-01 -7.084981e-03
8.450000e-01 -5.563324e-03
8.500000e-01 -3.832134e-03
8.550000e-01 -1.911786e-03
8.600000e-01 5.125219e-05
8.650000e-01 2.017187e-03
8.700000e-01 3.892937e-03
8.750000e-01 5.633805e-03
8.800000e-01 7.137237e-03
8.850000e-01 8.382108e-03
8.900000e-01 9.281056e-03
8.950000e-01 9.796835e-03
9.000000e-01 9.943955e-03
9.050000e-01 9.679161e-03
9.100000e-01 9.015080e-03
9.150000e-01 8.010044e-03
9.200000e-01 6.701288e-03
9.250000e-01 5.074927e-03
9.300000e-01 3.306285e-03
9.350000e-01 1.370711e-03
9.400000e-01 -6.375825e-04
9.450000e-01 -2.569757e-03
9.500000e-01 -4.451572e-03
9.550000e-01 -6.135703e-03
9.600000e-01 -7.554505e-03
9.650000e-01 -8.693169e-03
9.700000e-01 -9.487554e-03
9.750000e-01 -9.864604e-03
9.800000e-01 -9.899969e-03
9.850000e-01 -9.523156e-03
9.900000e-01 -8.732649e-03
9.950000e-01 -7.654711e-03
1 -6.239292e-03
1.005000e+00 -4.570080e-03
1.010000e+00 -2.739186e-03
1.015000e+00 -7.821468e-04
1.020000e+00 1.209850e-03
1.025000e+00 3.119596e-03
1.030000e+00 4.948078e-03
1.035000e+00 6.558583e-03
1.040000e+00 7.894926e-03
1.045000e+00 8.946292e-03
1.050000e+00 9.608091e-03
1.055000e+00 9.933248e-03
1.060000e+00 9.841226e-03
1.065000e+00 9.345455e-03
1.070000e+00 8.478786e-03
1.075000e+00 7.287919e-03
1.080000e+00 5.791306e-03
1.085000e+00 4.047335e-03
1.090000e+00 2.179527e-03
1.095000e+00 1.992411e-04
1.100000e+00 -1.767012e-03
1.105000e+00 -3.677558e-03
1.110000e+00 -5.448545e-03
1.115000e+00 -6.980321e-03
1.120000e+00 -8.277190e-03
1.125000e+00 -9.201335e-03
1.130000e+00 -9.757518e-03
1.135000e+00 -9.958053e-03
1.140000e+00 -9.708360e-03
1.145000e+00 -9.116585e-03
1.150000e+00 -8.151883e-03
1.155000e+00 -6.810196e-03
1.160000e+00 -5.216327e-03
1.165000e+00 -3.353020e-03
1.170000e+00 -1.330802e-03
1.175000e+00 6.543065e-04
1.180000e+00 2.455981e-03
1.185000e+00 3.818082e-03
1.190000e+00 4.526799e-03
1.195000e+00 4.528171e-03
1.200000e+00 3.834509e-03
1.205000e+00 2.664831e-03
1.210000e+00 1.360850e-03
1.215000e+00 1.735744e-04
1.220000e+00 -7.476126e-04
1.225000e+00 -1.447562e-03
1.230000e+00 -2.100736e-03
1.235000e+00 -2.881953e-03
1.240000e+00 -3.792524e-03
1.245000e+00 -4.669704e-03
1.250000e+00 -5.279489e-03
1.255000e+00 -5.421417e-03
1.260000e+00 -5.222725e-03
1.265000e+00 -4.854098e-03
1.270000e+00 -4.447853e-03
1.275000e+00 -4.068788e-03
1.280000e+00 -3.512731e-03
1.285000e+00 -2.617159e-03
1.290000e+00 -1.431897e-03
1.295000e+00 -1.356803e-04
1.300000e+00 1.000681e-03
1.305000e+00 1.898709e-03
1.310000e+00 2.668763e-03
1.315000e+00 3.422582e-03
1.320000e+00 4.203394e-03
1.325000e+00 4.860998e-03
1.330000e+00 5.244890e-03
1.335000e+00 5.347225e-03
1.340000e+00 5.441823e-03
1.345000e+00 5.723625e-03
1.350000e+00 6.175609e-03
1.355000e+00 6.734957e-03
1.360000e+00 7.399917e-03
1.365000e+00 8.214967e-03
1.370000e+00 8.883384e-03
1.375000e+00 9.303535e-03
1.380000e+00 9.422402e-03
1.385000e+00 8.786410e-03
1.390000e+00 7.190200e-03
1.395000e+00 5.242042e-03
1.400000e+00 3.731424e-03
1.405000e+00 2.241626e-03
1.410000e+00 3.720620e-04
1.415000e+00 -1.341008e-03
1.420000e+00 -2.801111e-03
1.425000e+00 -4.356404e-03
1.430000e+00 -5.998394e-03
1.435000e+00 -7.422311e-03
1.440000e+00 -8.485100e-03
1.445000e+00 -8.942676e-03
1.450000e+00 -8.741329e-03
1.455000e+00 -8.446950e-03
1.460000e+00 -8.203727e-03
1.465000e+00 -7.592570e-03
1.470000e+00 -6.638889e-03
1.475000e+00 -5.341875e-03
1.480000e+00 -3.563626e-03
1.485000e+00 -1.746465e-03
1.490000e+00 -8.876046e-05
1.495000e+00 1.580993e-03
1.500000e+00 3.140930e-03
1.505000e+00 4.611984e-03
1.510000e+00 6.145605e-03
1.515000e+00 7.412151e-03
1.520000e+00 8.128928e-03
1.525000e+00 8.614667e-03
1.530000e+00 8.771854e-03
1.535000e+00 8.517698e-03
1.540000e+00 8.141655e-03
1.545000e+00 7.329972e-03
1.550000e+00 6.166451e-03
1.555000e+00 4.776216e-03
1.560000e+00 3.042153e-03
1.565000e+00 1.389447e-03
1.570000e+00 -1.751692e-04
1.575000e+00 -1.934017e-03
1.580000e+00 -3.725945e-03
1.585000e+00 -5.298896e-03
1.590000e+00 -6.598648e-03
1.595000e+00 -7.516844e-03
1.600000e+00 -8.166573e-03
1.605000e+00 -8.658796e-03
1.610000e+00 -8.776751e-03
1.615000e+00 -8.550238e-03
1.620000e+00 -7.863896e-03
1.625000e+00 -6.743921e-03
1.630000e+00 -5.556667e-03
1.635000e+00 -4.270810e-03
1.640000e+00 -2.753437e-03
1.645000e+00 -1.004795e-03
1.650000e+00 9.095530e-04
1.655000e+00 2.653209e-03
1.660000e+00 4.024627e-03
1.665000e+00 5.377713e-03
1.670000e+00 6.759979e-03
1.675000e+00 7.844718e-03
1.680000e+00 8.349097e-03
1.685000e+00 8.493880e-03
1.690000e+00 8.592231e-03
1.695000e+00 8.302519e-03
1.700000e+00 7.543920e-03
1.705000e+00 6.448714e-03
1.710000e+00 5.201754e-03
1.715000e+00 3.900245e-03
1.720000e+00 2.199525e-03
1.725000e+00 3.446465e-04
1.730000e+00 -1.233891e-03
1.735000e+00 -2.903577e-03
1.740000e+00 -4.542540e-03
1.745000e+00 -5.823801e-03
1.750000e+00 -6.946970e-03
1.755000e+00 -7.838876e-03
1.760000e+00 -8.395842e-03
1.765000e+00 -8.552848e-03
1.770000e+00 -8.345337e-03
1.775000e+00 -7.994387e-03
1.780000e+00 -7.256422e-03
1.785000e+00 -6.066415e-03
1.790000e+00 -4.754347e-03
1.795000e+00 -3.267599e-03
1.800000e+00 -1.656929e-03
1.805000e+00 -2.574227e-05
1.810000e+00 1.676614e-03
1.815000e+00 3.318291e-03
1.820000e+00 4.795949e-03
1.825000e+00 6.029050e-03
1.830000e+00 7.120270e-03
1.835000e+00 7.991954e-03
1.840000e+00 8.327205e-03
1.845000e+00 8.392311e-03
1.850000e+00 8.264311e-03
1.855000e+00 7.716766e-03
1.860000e+00 6.819713e-03
1.865000e+00 5.673928e-03
1.870000e+00 4.391994e-03
1.875000e+00 2.881751e-03
1.880000e+00 1.204098e-03
1.885000e+00 -4.622765e-04
1.890000e+00 -2.151477e-03
1.895000e+00 -3.682854e-03
1.900000e+00 -5.080204e-03
1.905000e+00 -6.321315e-03
1.910000e+00 -7.252078e-03
1.915000e+00 -7.979933e-03
1.920000e+00 -8.344673e-03
1.925000e+00 -8.349505e-03
1.930000e+00 -8.032679e-03
1.935000e+00 -7.395808e-03
1.940000e+00 -6.529987e-03
1.945000e+00 -5.245410e-03
1.950000e+00 -3.828331e-03
1.955000e+00 -2.364160e-03
1.960000e+00 -6.659656e-04
1.965000e+00 1.008057e-03
1.970000e+00 2.602429e-03
1.975000e+00 4.130124e-03
1.980000e+00 5.503818e-03
1.985000e+00 6.608971e-03
1.990000e+00 7.449821e-03
1.995000e+00 8.034303e-03
2 8.264927e-03
2.005000e+00 8.178742e-03
2.010000e+00 7.782092e-03
2.015000e+00 7.042546e-03
2.020000e+00 6.051216e-03
2.025000e+00 4.814181e-03
2.030000e+00 3.390925e-03
2.035000e+00 1.828203e-03
2.040000e+00 1.506170e-04
2.045000e+00 -1.471812e-03
2.050000e+00 -3.037899e-03
2.055000e+00 -4.555721e-03
2.060000e+00 -5.843800e-03
2.065000e+00 -6.854109e-03
2.070000e+00 -7.659537e-03
2.075000e+00 -8.123782e-03
2.080000e+00 -8.218256e-03
2.085000e+00 -8.039737e-03
2.090000e+00 -7.549714e-03
2.095000e+00 -6.734441e-03
2.100000e+00 -5.630728e-03
2.105000e+00 -4.350455e-03
2.110000e+00 -2.890108e-03
2.115000e+00 -1.258137e-03
2.120000e+00 3.462498e-04
2.125000e+00 1.979427e-03
2.130000e+00 3.555586e-03
2.135000e+00 4.916243e-03
2.140000e+00 6.147859e-03
2.145000e+00 7.098371e-03
2.150000e+00 7.752241e-03
2.155000e+00 8.182042e-03
2.160000e+00 8.248197e-03
2.165000e+00 7.907042e-03
2.170000e+00 7.280906e-03
2.175000e+00 6.482914e-03
2.180000e+00 5.269918e-03
2.185000e+00 3.852636e-03
2.190000e+00 2.421207e-03
2.195000e+00 7.637036e-04
2.200000e+00 -8.793319e-04
2.205000e+00 -2.450206e-03
2.210000e+00 -4.025891e-03
2.215000e+00 -5.415045e-03
2.220000e+00 -6.500259e-03
2.225000e+00 -7.388445e-03
2.230000e+00 -7.999685e-03
2.235000e+00 -8.215548e-03
2.240000e+00 -8.148791e-03
2.245000e+00 -7.787649e-03
2.250000e+00 -7.066481e-03
2.255000e+00 -6.082631e-03
2.260000e+00 -4.862846e-03
2.265000e+00 -3.440807e-03
2.270000e+00 -1.878550e-03
2.275000e+00 -2.528172e-04
2.280000e+00 1.406041e-03
2.285000e+00 3.005693e-03
2.290000e+00 4.431129e-03
2.295000e+00 5.719618e-03
2.300000e+00 6.802245e-03
2.305000e+00 7.563009e-03
2.310000e+00 8.089266e-03
2.315000e+00 8.322084e-03
2.320000e+00 8.108687e-03
2.325000e+00 7.648788e-03
2.330000e+00 6.847729e-03
2.335000e+00 5.763555e-03
2.340000e+00 4.522151e-03
2.345000e+00 3.037730e-03
2.350000e+00 1.456432e-03
2.355000e+00 -2.068975e-04
2.360000e+00 -1.851017e-03
2.365000e+00 -3.454589e-03
2.370000e+00 -4.918070e-03
2.375000e+00 -6.200856e-03
2.380000e+00 -7.281759e-03
2.385000e+00 -7.969223e-03
2.390000e+00 -8.446435e-03
2.395000e+00 -8.518671e-03
2.400000e+00 -8.162935e-03
2.405000e+00 -7.599320e-03
2.410000e+00 -6.621391e-03
2.415000e+00 -5.388946e-03
2.420000e+00 -4.040919e-03
2.425000e+00 -2.454202e-03
2.430000e+00 -7.812216e-04
2.435000e+00 9.118036e-04
2.440000e+00 2.672052e-03
2.445000e+00 4.234934e-03
2.450000e+00 5.522943e-03
2.455000e+00 6.441828e-03
2.460000e+00 6.668047e-03
2.465000e+00 6.228610e-03
2.470000e+00 5.055942e-03
2.475000e+00 3.205138e-03
2.480000e+00 1.012681e-03
2.485000e+00 -1.368291e-03
2.490000e+00 -3.610807e-03
2.495000e+00 -5.512126e-03
2.500000e+00 -7.003335e-03
2.505000e+00 -8.054288e-03
2.510000e+00 -8.775361e-03
2.515000e+00 -9.238222e-03
2.520000e+00 -9.569928e-03
2.525000e+00 -9.685331e-03
2.530000e+00 -9.418906e-03
2.535000e+00 -8.795528e-03
2.540000e+00 -7.628760e-03
2.545000e+00 -5.917481e-03
2.550000e+00 -3.987439e-03
2.555000e+00 -1.923394e-03
2.560000e+00 6.262635e-05
2.565000e+00 1.866026e-03
2.570000e+00 3.622837e-03
2.575000e+00 5.394793e-03
2.580000e+00 7.109750e-03
2.585000e+00 8.567014e-03
2.590000e+00 9.597779e-03
2.595000e+00 9.975521e-03
2.600000e+00 9.887070e-03
2.605000e+00 9.514818e-03
2.610000e+00 9.029288e-03
2.615000e+00 8.621473e-03
2.620000e+00 8.153597e-03
2.625000e+00 7.649405e-03
2.630000e+00 7.027962e-03
2.635000e+00 6.475612e-03
2.640000e+00 6.084291e-03
2.645000e+00 5.776689e-03
2.650000e+00 5.432415e-03
2.655000e+00 4.616472e-03
2.660000e+00 3.294113e-03
2.665000e+00 1.529138e-03
2.670000e+00 -4.636893e-04
2.675000e+00 -2.295856e-03
2.680000e+00 -3.830301e-03
2.685000e+00 -4.963871e-03
2.690000e+00 -5.778187e-03
2.695000e+00 -6.417141e-03
2.700000e+00 -6.761099e-03
2.705000e+00 -6.902561e-03
2.710000e+00 -6.915636e-03
2.715000e+00 -6.729686e-03
2.720000e+00 -6.363923e-03
2.725000e+00 -5.636447e-03
2.730000e+00 -4.508890e-03
2.735000e+00 -3.096380e-03
2.740000e+00 -1.578775e-03
2.745000e+00 -2.041581e-04
2.750000e+00 9.747622e-04
2.755000e+00 2.019712e-03
2.760000e+00 3.111920e-03
2.765000e+00 4.391958e-03
2.770000e+00 5.619633e-03
2.775000e+00 6.540079e-03
2.780000e+00 6.923373e-03
2.785000e+00 6.803981e-03
2.790000e+00 6.534946e-03
2.795000e+00 6.138919e-03
2.800000e+00 5.676287e-03
2.805000e+00 5.151979e-03
2.810000e+00 4.206319e-03
2.815000e+00 2.871691e-03
2.820000e+00 1.443047e-03
2.825000e+00 -1.941755e-05
2.830000e+00 -1.430042e-03
2.835000e+00 -2.775669e-03
2.840000e+00 -3.935009e-03
2.845000e+00 -4.914488e-03
2.850000e+00 -5.764298e-03
2.855000e+00 -6.391299e-03
2.860000e+00 -6.913207e-03
2.865000e+00 -7.128897e-03
2.870000e+00 -6.850406e-03
2.875000e+00 -6.174216e-03
2.880000e+00 -5.324008e-03
2.885000e+00 -4.472437e-03
2.890000e+00 -3.482255e-03
2.895000e+00 -2.279501e-03
2.900000e+00 -7.927467e-04
2.905000e+00 7.112897e-04
2.910000e+00 2.035188e-03
2.915000e+00 3.285765e-03
2.920000e+00 4.251038e-03
2.925000e+00 5.107811e-03
2.930000e+00 6.089207e-03
2.935000e+00 6.844212e-03
2.940000e+00 6.954257e-03
2.945000e+00 6.522428e-03
2.950000e+00 6.194703e-03
2.955000e+00 6.043773e-03
2.960000e+00 5.340445e-03
2.965000e+00 4.074464e-03
2.970000e+00 2.795638e-03
2.975000e+00 1.575143e-03
2.980000e+00 3.189028e-04
2.985000e+00 -1.067842e-03
2.990000e+00 -2.369020e-03
2.995000e+00 -3.605142e-03
3 -4.840340e-03
