T X
0 0
5.000000e-03 4.649958e-09
1.000000e-02 1.701792e-08
1.500000e-02 3.140188e-07
2.000000e-02 3.115461e-06
2.500000e-02 2.067339e-05
3.000000e-02 1.008168e-04
3.500000e-02 3.754317e-04
4.000000e-02 1.090777e-03
4.500000e-02 2.502609e-03
5.000000e-02 4.574830e-03
5.500000e-02 6.754243e-03
6.000000e-02 8.311672e-03
6.500000e-02 9.102151e-03
7.000000e-02 9.654586e-03
7.500000e-02 1.021370e-02
8.000000e-02 1.028667e-02
8.500000e-02 9.622448e-03
9.000000e-02 8.698109e-03
9.500000e-02 7.663601e-03
1.000000e-01 6.123419e-03
1.050000e-01 4.236379e-03
1.100000e-01 2.427698e-03
1.150000e-01 4.942176e-04
1.200000e-01 -1.597356e-03
1.250000e-01 -3.442065e-03
1.300000e-01 -5.159798e-03
1.350000e-01 -6.868792e-03
1.400000e-01 -8.214245e-03
1.450000e-01 -9.264910e-03
1.500000e-01 -1.008659e-02
1.550000e-01 -1.033193e-02
1.600000e-01 -1.012418e-02
1.650000e-01 -9.599424e-03
1.700000e-01 -8.612462e-03
1.750000e-01 -7.386677e-03
1.800000e-01 -5.895331e-03
1.850000e-01 -4.012295e-03
1.900000e-01 -2.058562e-03
1.950000e-01 -3.669014e-05
2.000000e-01 2.028588e-03
2.050000e-01 3.954277e-03
2.100000e-01 5.838139e-03
2.150000e-01 7.420534e-03
2.200000e-01 8.603157e-03
2.250000e-01 9.583878e-03
2.300000e-01 1.014961e-02
2.350000e-01 1.029174e-02
2.400000e-01 1.003509e-02
2.450000e-01 9.360370e-03
2.500000e-01 8.401216e-03
2.550000e-01 6.999015e-03
2.600000e-01 5.309632e-03
2.650000e-01 3.497222e-03
2.700000e-01 1.472158e-03
2.750000e-01 -5.671390e-04
2.800000e-01 -2.606335e-03
2.850000e-01 -4.531142e-03
2.900000e-01 -6.249456e-03
2.950000e-01 -7.796670e-03
3.000000e-01 -8.952095e-03
3.050000e-01 -9.796587e-03
3.100000e-01 -1.027342e-02
3.150000e-01 -1.026955e-02
3.200000e-01 -9.909287e-03
3.250000e-01 -9.124397e-03
3.300000e-01 -7.992517e-03
3.350000e-01 -6.533712e-03
3.400000e-01 -4.815393e-03
3.450000e-01 -2.935021e-03
3.500000e-01 -8.866888e-04
3.550000e-01 1.143435e-03
3.600000e-01 3.167663e-03
3.650000e-01 5.086205e-03
3.700000e-01 6.752066e-03
3.750000e-01 8.164338e-03
3.800000e-01 9.248598e-03
3.850000e-01 9.988875e-03
3.900000e-01 1.028999e-02
3.950000e-01 1.019304e-02
4.000000e-01 9.715256e-03
4.050000e-01 8.823830e-03
4.100000e-01 7.610997e-03
4.150000e-01 6.078127e-03
4.200000e-01 4.288426e-03
4.250000e-01 2.338851e-03
4.300000e-01 2.857380e-04
4.350000e-01 -1.771833e-03
4.400000e-01 -3.743535e-03
4.450000e-01 -5.576367e-03
4.500000e-01 -7.184568e-03
4.550000e-01 -8.506349e-03
4.600000e-01 -9.498352e-03
4.650000e-01 -1.010603e-02
4.700000e-01 -1.032019e-02
4.750000e-01 -1.011404e-02
4.800000e-01 -9.509633e-03
4.850000e-01 -8.515035e-03
4.900000e-01 -7.170187e-03
4.950000e-01 -5.555472e-03
5.000000e-01 -3.721643e-03
5.050000e-01 -1.751365e-03
5.100000e-01 3.106816e-04
5.150000e-01 2.341045e-03
5.200000e-01 4.280414e-03
5.250000e-01 6.088927e-03
5.300000e-01 7.623070e-03
5.350000e-01 8.841543e-03
5.400000e-01 9.730142e-03
5.450000e-01 1.021791e-02
5.500000e-01 1.028772e-02
5.550000e-01 9.965571e-03
5.600000e-01 9.236571e-03
5.650000e-01 8.146399e-03
5.700000e-01 6.737131e-03
5.750000e-01 5.062915e-03
5.800000e-01 3.180548e-03
5.850000e-01 1.141075e-03
5.900000e-01 -9.183405e-04
5.950000e-01 -2.934969e-03
6.000000e-01 -4.854369e-03
6.050000e-01 -6.555192e-03
6.100000e-01 -7.985496e-03
6.150000e-01 -9.138619e-03
6.200000e-01 -9.913632e-03
6.250000e-01 -1.026179e-02
6.300000e-01 -1.024977e-02
6.350000e-01 -9.818243e-03
6.400000e-01 -8.966085e-03
6.450000e-01 -7.777775e-03
6.500000e-01 -6.249788e-03
6.550000e-01 -4.475969e-03
6.600000e-01 -2.547921e-03
6.650000e-01 -5.019216e-04
6.700000e-01 1.540890e-03
6.750000e-01 3.521995e-03
6.800000e-01 5.381232e-03
6.850000e-01 7.017253e-03
6.900000e-01 8.371433e-03
6.950000e-01 9.386210e-03
7.000000e-01 1.004549e-02
7.050000e-01 1.029329e-02
7.100000e-01 1.012800e-02
7.150000e-01 9.566302e-03
7.200000e-01 8.622775e-03
7.250000e-01 7.355125e-03
7.300000e-01 5.783253e-03
7.350000e-01 3.982056e-03
7.400000e-01 2.004767e-03
7.450000e-01 -4.487914e-05
7.500000e-01 -2.099176e-03
7.550000e-01 -4.091360e-03
7.600000e-01 -5.875473e-03
7.650000e-01 -7.445429e-03
7.700000e-01 -8.712789e-03
7.750000e-01 -9.621740e-03
7.800000e-01 -1.018417e-02
7.850000e-01 -1.030109e-02
7.900000e-01 -1.002031e-02
7.950000e-01 -9.367684e-03
8.000000e-01 -8.315715e-03
8.050000e-01 -6.929000e-03
8.100000e-01 -5.267916e-03
8.150000e-01 -3.400555e-03
8.200000e-01 -1.387567e-03
8.250000e-01 6.656459e-04
8.300000e-01 2.676202e-03
8.350000e-01 4.599908e-03
8.400000e-01 6.346320e-03
8.450000e-01 7.836947e-03
8.500000e-01 9.008930e-03
8.550000e-01 9.831628e-03
8.600000e-01 1.026590e-02
8.650000e-01 1.027523e-02
8.700000e-01 9.885139e-03
8.750000e-01 9.087757e-03
8.800000e-01 7.923291e-03
8.850000e-01 6.469272e-03
8.900000e-01 4.744530e-03
8.950000e-01 2.839345e-03
9.000000e-01 8.187925e-04
9.050000e-01 -1.251499e-03
9.100000e-01 -3.261414e-03
9.150000e-01 -5.158981e-03
9.200000e-01 -6.824695e-03
9.250000e-01 -8.219874e-03
9.300000e-01 -9.307411e-03
9.350000e-01 -9.995035e-03
9.400000e-01 -1.029726e-02
9.450000e-01 -1.018153e-02
9.500000e-01 -9.679009e-03
9.550000e-01 -8.796528e-03
9.600000e-01 -7.538287e-03
9.650000e-01 -5.999760e-03
9.700000e-01 -4.201822e-03
9.750000e-01 -2.243177e-03
9.800000e-01 -1.914156e-04
9.850000e-01 1.866624e-03
9.900000e-01 3.821762e-03
9.950000e-01 5.648792e-03
1 7.247805e-03
1.005000e+00 8.562154e-03
1.010000e+00 9.533794e-03
1.015000e+00 1.012461e-02
1.020000e+00 1.032458e-02
1.025000e+00 1.010140e-02
1.030000e+00 9.468859e-03
1.035000e+00 8.458505e-03
1.040000e+00 7.112788e-03
1.045000e+00 5.476046e-03
1.050000e+00 3.641854e-03
1.055000e+00 1.669017e-03
1.060000e+00 -3.951474e-04
1.065000e+00 -2.432227e-03
1.070000e+00 -4.377717e-03
1.075000e+00 -6.166412e-03
1.080000e+00 -7.678593e-03
1.085000e+00 -8.893379e-03
1.090000e+00 -9.764770e-03
1.095000e+00 -1.022605e-02
1.100000e+00 -1.029057e-02
1.105000e+00 -9.927379e-03
1.110000e+00 -9.196755e-03
1.115000e+00 -8.106798e-03
1.120000e+00 -6.661869e-03
1.125000e+00 -4.984692e-03
1.130000e+00 -3.083503e-03
1.135000e+00 -1.048061e-03
1.140000e+00 1.007921e-03
1.145000e+00 3.027891e-03
1.150000e+00 4.914974e-03
1.155000e+00 6.624393e-03
1.160000e+00 8.056303e-03
1.165000e+00 9.163944e-03
1.170000e+00 9.929873e-03
1.175000e+00 1.027560e-02
1.180000e+00 1.023835e-02
1.185000e+00 9.784878e-03
1.190000e+00 8.916744e-03
1.195000e+00 7.737424e-03
1.200000e+00 6.244420e-03
1.205000e+00 4.513929e-03
1.210000e+00 2.639522e-03
1.215000e+00 6.225635e-04
1.220000e+00 -1.519090e-03
1.225000e+00 -3.806741e-03
1.230000e+00 -6.291521e-03
1.235000e+00 -8.957019e-03
1.240000e+00 -1.175545e-02
1.245000e+00 -1.453575e-02
1.250000e+00 -1.702565e-02
1.255000e+00 -1.891419e-02
1.260000e+00 -1.990974e-02
1.265000e+00 -1.988358e-02
1.270000e+00 -1.888678e-02
1.275000e+00 -1.711244e-02
1.280000e+00 -1.477954e-02
1.285000e+00 -1.206810e-02
1.290000e+00 -9.011497e-03
1.295000e+00 -5.502969e-03
1.300000e+00 -1.549179e-03
1.305000e+00 2.796128e-03
1.310000e+00 7.363545e-03
1.315000e+00 1.189878e-02
1.320000e+00 1.625719e-02
1.325000e+00 2.032991e-02
1.330000e+00 2.402846e-02
1.335000e+00 2.712433e-02
1.340000e+00 2.922454e-02
1.345000e+00 2.993307e-02
1.350000e+00 2.905231e-02
1.355000e+00 2.674249e-02
1.360000e+00 2.336288e-02
1.365000e+00 1.932990e-02
1.370000e+00 1.483005e-02
1.375000e+00 9.817464e-03
1.380000e+00 4.318612e-03
1.385000e+00 -1.534415e-03
1.390000e+00 -7.421125e-03
1.395000e+00 -1.293756e-02
1.400000e+00 -1.780899e-02
1.405000e+00 -2.193256e-02
1.410000e+00 -2.519611e-02
1.415000e+00 -2.748836e-02
1.420000e+00 -2.878812e-02
1.425000e+00 -2.904424e-02
1.430000e+00 -2.819646e-02
1.435000e+00 -2.617125e-02
1.440000e+00 -2.300332e-02
1.445000e+00 -1.886438e-02
1.450000e+00 -1.388667e-02
1.455000e+00 -8.319733e-03
1.460000e+00 -2.652797e-03
1.465000e+00 2.870963e-03
1.470000e+00 8.498364e-03
1.475000e+00 1.419214e-02
1.480000e+00 1.918614e-02
1.485000e+00 2.295646e-02
1.490000e+00 2.584507e-02
1.495000e+00 2.810345e-02
1.500000e+00 2.928774e-02
1.505000e+00 2.906221e-02
1.510000e+00 2.761973e-02
1.515000e+00 2.512745e-02
1.520000e+00 2.162020e-02
1.525000e+00 1.741350e-02
1.530000e+00 1.261179e-02
1.535000e+00 7.052840e-03
1.540000e+00 1.132935e-03
1.545000e+00 -4.701567e-03
1.550000e+00 -1.032323e-02
1.555000e+00 -1.548979e-02
1.560000e+00 -1.999407e-02
1.565000e+00 -2.383055e-02
1.570000e+00 -2.687078e-02
1.575000e+00 -2.871930e-02
1.580000e+00 -2.923835e-02
1.585000e+00 -2.860761e-02
1.590000e+00 -2.695895e-02
1.595000e+00 -2.440286e-02
1.600000e+00 -2.085351e-02
1.605000e+00 -1.617747e-02
1.610000e+00 -1.078165e-02
1.615000e+00 -5.307089e-03
1.620000e+00 2.677533e-04
1.625000e+00 6.165018e-03
1.630000e+00 1.192373e-02
1.635000e+00 1.697781e-02
1.640000e+00 2.123946e-02
1.645000e+00 2.479625e-02
1.650000e+00 2.750618e-02
1.655000e+00 2.896530e-02
1.660000e+00 2.916351e-02
1.665000e+00 2.842903e-02
1.670000e+00 2.657218e-02
1.675000e+00 2.343515e-02
1.680000e+00 1.944746e-02
1.685000e+00 1.478414e-02
1.690000e+00 9.405154e-03
1.695000e+00 3.714913e-03
1.700000e+00 -2.046778e-03
1.705000e+00 -7.870469e-03
1.710000e+00 -1.339888e-02
1.715000e+00 -1.824900e-02
1.720000e+00 -2.237296e-02
1.725000e+00 -2.574201e-02
1.730000e+00 -2.810532e-02
1.735000e+00 -2.923697e-02
1.740000e+00 -2.915086e-02
1.745000e+00 -2.800997e-02
1.750000e+00 -2.575292e-02
1.755000e+00 -2.243494e-02
1.760000e+00 -1.827523e-02
1.765000e+00 -1.328585e-02
1.770000e+00 -7.817851e-03
1.775000e+00 -2.148919e-03
1.780000e+00 3.777856e-03
1.785000e+00 9.567767e-03
1.790000e+00 1.481326e-02
1.795000e+00 1.952287e-02
1.800000e+00 2.356689e-02
1.805000e+00 2.658618e-02
1.810000e+00 2.849146e-02
1.815000e+00 2.934066e-02
1.820000e+00 2.903750e-02
1.825000e+00 2.753428e-02
1.830000e+00 2.493875e-02
1.835000e+00 2.137218e-02
1.840000e+00 1.690815e-02
1.845000e+00 1.179462e-02
1.850000e+00 6.233910e-03
1.855000e+00 3.633723e-04
1.860000e+00 -5.451104e-03
1.865000e+00 -1.106958e-02
1.870000e+00 -1.631252e-02
1.875000e+00 -2.078227e-02
1.880000e+00 -2.450164e-02
1.885000e+00 -2.732478e-02
1.890000e+00 -2.891353e-02
1.895000e+00 -2.938429e-02
1.900000e+00 -2.876652e-02
1.905000e+00 -2.693173e-02
1.910000e+00 -2.399651e-02
1.915000e+00 -2.015348e-02
1.920000e+00 -1.550590e-02
1.925000e+00 -1.021764e-02
1.930000e+00 -4.554574e-03
1.935000e+00 1.306794e-03
1.940000e+00 7.164296e-03
1.945000e+00 1.267906e-02
1.950000e+00 1.768187e-02
1.955000e+00 2.202319e-02
1.960000e+00 2.544251e-02
1.965000e+00 2.785598e-02
1.970000e+00 2.917227e-02
1.975000e+00 2.931369e-02
1.980000e+00 2.830570e-02
1.985000e+00 2.616684e-02
1.990000e+00 2.301644e-02
1.995000e+00 1.894602e-02
2 1.404482e-02
2.005000e+00 8.629730e-03
2.010000e+00 2.912475e-03
2.015000e+00 -3.002757e-03
2.020000e+00 -8.763103e-03
2.025000e+00 -1.414090e-02
2.030000e+00 -1.900996e-02
2.035000e+00 -2.309325e-02
2.040000e+00 -2.622970e-02
2.045000e+00 -2.837409e-02
2.050000e+00 -2.938872e-02
2.055000e+00 -2.916992e-02
2.060000e+00 -2.783317e-02
2.065000e+00 -2.539468e-02
2.070000e+00 -2.189367e-02
2.075000e+00 -1.757310e-02
2.080000e+00 -1.253498e-02
2.085000e+00 -6.991912e-03
2.090000e+00 -1.205887e-03
2.095000e+00 4.664602e-03
2.100000e+00 1.033502e-02
2.105000e+00 1.561169e-02
2.110000e+00 2.026823e-02
2.115000e+00 2.407841e-02
2.120000e+00 2.697946e-02
2.125000e+00 2.877559e-02
2.130000e+00 2.940304e-02
2.135000e+00 2.891087e-02
2.140000e+00 2.720787e-02
2.145000e+00 2.445882e-02
2.150000e+00 2.077718e-02
2.155000e+00 1.617838e-02
2.160000e+00 1.098249e-02
2.165000e+00 5.359369e-03
2.170000e+00 -5.408289e-04
2.175000e+00 -6.363359e-03
2.180000e+00 -1.191994e-02
2.185000e+00 -1.704530e-02
2.190000e+00 -2.147051e-02
2.195000e+00 -2.501181e-02
2.200000e+00 -2.758972e-02
2.205000e+00 -2.906775e-02
2.210000e+00 -2.937054e-02
2.215000e+00 -2.854231e-02
2.220000e+00 -2.652392e-02
2.225000e+00 -2.345703e-02
2.230000e+00 -1.948604e-02
2.235000e+00 -1.467542e-02
2.240000e+00 -9.359211e-03
2.245000e+00 -3.647814e-03
2.250000e+00 2.253769e-03
2.255000e+00 7.999180e-03
2.260000e+00 1.346317e-02
2.265000e+00 1.838234e-02
2.270000e+00 2.258091e-02
2.275000e+00 2.588561e-02
2.280000e+00 2.813411e-02
2.285000e+00 2.927976e-02
2.290000e+00 2.922210e-02
2.295000e+00 2.803172e-02
2.300000e+00 2.573909e-02
2.305000e+00 2.237441e-02
2.310000e+00 1.815852e-02
2.315000e+00 1.320434e-02
2.320000e+00 7.717670e-03
2.325000e+00 1.948878e-03
2.330000e+00 -3.958876e-03
2.335000e+00 -9.680489e-03
2.340000e+00 -1.497703e-02
2.345000e+00 -1.972169e-02
2.350000e+00 -2.366190e-02
2.355000e+00 -2.663477e-02
2.360000e+00 -2.857694e-02
2.365000e+00 -2.938454e-02
2.370000e+00 -2.899380e-02
2.375000e+00 -2.746008e-02
2.380000e+00 -2.485055e-02
2.385000e+00 -2.122708e-02
2.390000e+00 -1.675058e-02
2.395000e+00 -1.160713e-02
2.400000e+00 -6.008201e-03
2.405000e+00 -1.939898e-04
2.410000e+00 5.632245e-03
2.415000e+00 1.123085e-02
2.420000e+00 1.635614e-02
2.425000e+00 2.082806e-02
2.430000e+00 2.446722e-02
2.435000e+00 2.713310e-02
2.440000e+00 2.872201e-02
2.445000e+00 2.918566e-02
2.450000e+00 2.851425e-02
2.455000e+00 2.668928e-02
2.460000e+00 2.385278e-02
2.465000e+00 2.009796e-02
2.470000e+00 1.550762e-02
2.475000e+00 1.031877e-02
2.480000e+00 4.708532e-03
2.485000e+00 -1.139783e-03
2.490000e+00 -6.994300e-03
2.495000e+00 -1.269772e-02
2.500000e+00 -1.815947e-02
2.505000e+00 -2.319358e-02
2.510000e+00 -2.768117e-02
2.515000e+00 -3.153199e-02
2.520000e+00 -3.450039e-02
2.525000e+00 -3.638733e-02
2.530000e+00 -3.692349e-02
2.535000e+00 -3.591001e-02
2.540000e+00 -3.335714e-02
2.545000e+00 -2.928605e-02
2.550000e+00 -2.389917e-02
2.555000e+00 -1.756053e-02
2.560000e+00 -1.061488e-02
2.565000e+00 -3.361130e-03
2.570000e+00 3.973733e-03
2.575000e+00 1.122189e-02
2.580000e+00 1.829012e-02
2.585000e+00 2.509070e-02
2.590000e+00 3.135834e-02
2.595000e+00 3.678566e-02
2.600000e+00 4.111471e-02
2.605000e+00 4.396398e-02
2.610000e+00 4.511345e-02
2.615000e+00 4.450933e-02
2.620000e+00 4.208578e-02
2.625000e+00 3.792772e-02
2.630000e+00 3.216363e-02
2.635000e+00 2.498003e-02
2.640000e+00 1.668972e-02
2.645000e+00 7.750132e-03
2.650000e+00 -1.325979e-03
2.655000e+00 -1.013438e-02
2.660000e+00 -1.835849e-02
2.665000e+00 -2.586491e-02
2.670000e+00 -3.249477e-02
2.675000e+00 -3.802860e-02
2.680000e+00 -4.218915e-02
2.685000e+00 -4.456380e-02
2.690000e+00 -4.500378e-02
2.695000e+00 -4.352614e-02
2.700000e+00 -4.034711e-02
2.705000e+00 -3.579102e-02
2.710000e+00 -2.998301e-02
2.715000e+00 -2.306078e-02
2.720000e+00 -1.506703e-02
2.725000e+00 -6.166380e-03
2.730000e+00 3.069966e-03
2.735000e+00 1.211227e-02
2.740000e+00 2.052323e-02
2.745000e+00 2.790992e-02
2.750000e+00 3.416315e-02
2.755000e+00 3.916694e-02
2.760000e+00 4.272039e-02
2.765000e+00 4.465017e-02
2.770000e+00 4.475218e-02
2.775000e+00 4.297376e-02
2.780000e+00 3.943134e-02
2.785000e+00 3.433075e-02
2.790000e+00 2.792217e-02
2.795000e+00 2.045048e-02
2.800000e+00 1.219680e-02
2.805000e+00 3.434292e-03
2.810000e+00 -5.489848e-03
2.815000e+00 -1.421083e-02
2.820000e+00 -2.240041e-02
2.825000e+00 -2.966495e-02
2.830000e+00 -3.575060e-02
2.835000e+00 -4.042895e-02
2.840000e+00 -4.344304e-02
2.845000e+00 -4.469625e-02
2.850000e+00 -4.421033e-02
2.855000e+00 -4.204547e-02
2.860000e+00 -3.817464e-02
2.865000e+00 -3.270076e-02
2.870000e+00 -2.597622e-02
2.875000e+00 -1.826860e-02
2.880000e+00 -9.762236e-03
2.885000e+00 -8.397802e-04
2.890000e+00 8.036205e-03
2.895000e+00 1.659771e-02
2.900000e+00 2.455902e-02
2.905000e+00 3.151167e-02
2.910000e+00 3.714430e-02
2.915000e+00 4.131530e-02
2.920000e+00 4.392791e-02
2.925000e+00 4.480292e-02
2.930000e+00 4.384441e-02
2.935000e+00 4.106667e-02
2.940000e+00 3.662965e-02
2.945000e+00 3.081350e-02
2.950000e+00 2.386688e-02
2.955000e+00 1.597799e-02
2.960000e+00 7.290593e-03
2.965000e+00 -1.733162e-03
2.970000e+00 -1.056189e-02
2.975000e+00 -1.893389e-02
2.980000e+00 -2.653792e-02
2.985000e+00 -3.310157e-02
2.990000e+00 -3.844140e-02
2.995000e+00 -4.233414e-02
3 -4.443925e-02
