T X
0 0
5.000000e-03 -6.754787e-09
1.000000e-02 2.088485e-08
1.500000e-02 3.187606e-07
2.000000e-02 3.076725e-06
2.500000e-02 2.047763e-05
3.000000e-02 1.002479e-04
3.500000e-02 3.746944e-04
4.000000e-02 1.090341e-03
4.500000e-02 2.502687e-03
5.000000e-02 4.575214e-03
5.500000e-02 6.754560e-03
6.000000e-02 8.312956e-03
6.500000e-02 9.106972e-03
7.000000e-02 9.655085e-03
7.500000e-02 1.017828e-02
8.000000e-02 1.019650e-02
8.500000e-02 9.520525e-03
9.000000e-02 8.625834e-03
9.500000e-02 7.586671e-03
1.000000e-01 6.031391e-03
1.050000e-01 4.188344e-03
1.100000e-01 2.404880e-03
1.150000e-01 4.276221e-04
1.200000e-01 -1.680137e-03
1.250000e-01 -3.527067e-03
1.300000e-01 -5.273824e-03
1.350000e-01 -6.923832e-03
1.400000e-01 -8.167346e-03
1.450000e-01 -9.189244e-03
1.500000e-01 -9.956154e-03
1.550000e-01 -1.015003e-02
1.600000e-01 -9.975604e-03
1.650000e-01 -9.450725e-03
1.700000e-01 -8.454465e-03
1.750000e-01 -7.243637e-03
1.800000e-01 -5.726411e-03
1.850000e-01 -3.854145e-03
1.900000e-01 -1.906929e-03
1.950000e-01 1.212833e-04
2.000000e-01 2.108701e-03
2.050000e-01 3.961686e-03
2.100000e-01 5.778091e-03
2.150000e-01 7.335338e-03
2.200000e-01 8.563479e-03
2.250000e-01 9.481779e-03
2.300000e-01 9.995180e-03
2.350000e-01 1.016443e-02
2.400000e-01 9.864806e-03
2.450000e-01 9.138466e-03
2.500000e-01 8.147167e-03
2.550000e-01 6.773245e-03
2.600000e-01 5.136532e-03
2.650000e-01 3.335931e-03
2.700000e-01 1.372734e-03
2.750000e-01 -6.322687e-04
2.800000e-01 -2.670781e-03
2.850000e-01 -4.571994e-03
2.900000e-01 -6.263533e-03
2.950000e-01 -7.756901e-03
3.000000e-01 -8.865419e-03
3.050000e-01 -9.638960e-03
3.100000e-01 -1.006891e-02
3.150000e-01 -1.007339e-02
3.200000e-01 -9.687869e-03
3.250000e-01 -8.910562e-03
3.300000e-01 -7.815850e-03
3.350000e-01 -6.354787e-03
3.400000e-01 -4.625659e-03
3.450000e-01 -2.775140e-03
3.500000e-01 -7.391271e-04
3.550000e-01 1.294864e-03
3.600000e-01 3.226620e-03
3.650000e-01 5.065080e-03
3.700000e-01 6.703659e-03
3.750000e-01 8.076578e-03
3.800000e-01 9.130985e-03
3.850000e-01 9.836298e-03
3.900000e-01 1.012393e-02
3.950000e-01 1.002966e-02
4.000000e-01 9.533878e-03
4.050000e-01 8.603509e-03
4.100000e-01 7.363547e-03
4.150000e-01 5.857635e-03
4.200000e-01 4.081000e-03
4.250000e-01 2.173329e-03
4.300000e-01 2.126680e-04
4.350000e-01 -1.834042e-03
4.400000e-01 -3.775210e-03
4.450000e-01 -5.565863e-03
4.500000e-01 -7.177096e-03
4.550000e-01 -8.446565e-03
4.600000e-01 -9.384663e-03
4.650000e-01 -9.958893e-03
4.700000e-01 -1.012636e-02
4.750000e-01 -9.875366e-03
4.800000e-01 -9.266114e-03
4.850000e-01 -8.296348e-03
4.900000e-01 -6.985927e-03
4.950000e-01 -5.401942e-03
5.000000e-01 -3.558981e-03
5.050000e-01 -1.609476e-03
5.100000e-01 4.275800e-04
5.150000e-01 2.462705e-03
5.200000e-01 4.335920e-03
5.250000e-01 6.060749e-03
5.300000e-01 7.540279e-03
5.350000e-01 8.722054e-03
5.400000e-01 9.580131e-03
5.450000e-01 1.004163e-02
5.500000e-01 1.011773e-02
5.550000e-01 9.786295e-03
5.600000e-01 9.046927e-03
5.650000e-01 7.942483e-03
5.700000e-01 6.515576e-03
5.750000e-01 4.837452e-03
5.800000e-01 2.976636e-03
5.850000e-01 1.011329e-03
5.900000e-01 -9.968925e-04
5.950000e-01 -2.962056e-03
6.000000e-01 -4.835756e-03
6.050000e-01 -6.534185e-03
6.100000e-01 -7.941923e-03
6.150000e-01 -9.045643e-03
6.200000e-01 -9.773933e-03
6.250000e-01 -1.011752e-02
6.300000e-01 -1.004917e-02
6.350000e-01 -9.560488e-03
6.400000e-01 -8.730561e-03
6.450000e-01 -7.544966e-03
6.500000e-01 -6.060279e-03
6.550000e-01 -4.333872e-03
6.600000e-01 -2.404019e-03
6.650000e-01 -3.945651e-04
6.700000e-01 1.636073e-03
6.750000e-01 3.624090e-03
6.800000e-01 5.398533e-03
6.850000e-01 6.968130e-03
6.900000e-01 8.290114e-03
6.950000e-01 9.242419e-03
7.000000e-01 9.864272e-03
7.050000e-01 1.009062e-02
7.100000e-01 9.929297e-03
7.150000e-01 9.384591e-03
7.200000e-01 8.435839e-03
7.250000e-01 7.158842e-03
7.300000e-01 5.569333e-03
7.350000e-01 3.778321e-03
7.400000e-01 1.837228e-03
7.450000e-01 -1.900052e-04
7.500000e-01 -2.165422e-03
7.550000e-01 -4.083717e-03
7.600000e-01 -5.845646e-03
7.650000e-01 -7.382290e-03
7.700000e-01 -8.631737e-03
7.750000e-01 -9.511009e-03
7.800000e-01 -1.003434e-02
7.850000e-01 -1.013645e-02
7.900000e-01 -9.825067e-03
7.950000e-01 -9.122823e-03
8.000000e-01 -8.061569e-03
8.050000e-01 -6.706566e-03
8.100000e-01 -5.075589e-03
8.150000e-01 -3.244931e-03
8.200000e-01 -1.285962e-03
8.250000e-01 7.406295e-04
8.300000e-01 2.757962e-03
8.350000e-01 4.649794e-03
8.400000e-01 6.343313e-03
8.450000e-01 7.780785e-03
8.500000e-01 8.908459e-03
8.550000e-01 9.685975e-03
8.600000e-01 1.006145e-02
8.650000e-01 1.006042e-02
8.700000e-01 9.668737e-03
8.750000e-01 8.885074e-03
8.800000e-01 7.751867e-03
8.850000e-01 6.283424e-03
8.900000e-01 4.560504e-03
8.950000e-01 2.665258e-03
9.000000e-01 6.468826e-04
9.050000e-01 -1.367425e-03
9.100000e-01 -3.310349e-03
9.150000e-01 -5.144611e-03
9.200000e-01 -6.765712e-03
9.250000e-01 -8.135729e-03
9.300000e-01 -9.178516e-03
9.350000e-01 -9.847050e-03
9.400000e-01 -1.015594e-02
9.450000e-01 -1.001864e-02
9.500000e-01 -9.468458e-03
9.550000e-01 -8.560932e-03
9.600000e-01 -7.296190e-03
9.650000e-01 -5.773989e-03
9.700000e-01 -4.012644e-03
9.750000e-01 -2.092302e-03
9.800000e-01 -1.175634e-04
9.850000e-01 1.908582e-03
9.900000e-01 3.872203e-03
9.950000e-01 5.657928e-03
1 7.224818e-03
1.005000e+00 8.493432e-03
1.010000e+00 9.412971e-03
1.015000e+00 9.967003e-03
1.020000e+00 1.011189e-02
1.025000e+00 9.861237e-03
1.030000e+00 9.245083e-03
1.035000e+00 8.252655e-03
1.040000e+00 6.926824e-03
1.045000e+00 5.321727e-03
1.050000e+00 3.483170e-03
1.055000e+00 1.502941e-03
1.060000e+00 -5.306247e-04
1.065000e+00 -2.531222e-03
1.070000e+00 -4.414893e-03
1.075000e+00 -6.124335e-03
1.080000e+00 -7.603792e-03
1.085000e+00 -8.779789e-03
1.090000e+00 -9.604653e-03
1.095000e+00 -1.005972e-02
1.100000e+00 -1.012219e-02
1.105000e+00 -9.759778e-03
1.110000e+00 -8.992708e-03
1.115000e+00 -7.876172e-03
1.120000e+00 -6.436379e-03
1.125000e+00 -4.758961e-03
1.130000e+00 -2.897322e-03
1.135000e+00 -9.227840e-04
1.140000e+00 1.065629e-03
1.145000e+00 3.061375e-03
1.150000e+00 4.931263e-03
1.155000e+00 6.584622e-03
1.160000e+00 8.007141e-03
1.165000e+00 9.079136e-03
1.170000e+00 9.795687e-03
1.175000e+00 1.011778e-02
1.180000e+00 1.000488e-02
1.185000e+00 9.537089e-03
1.190000e+00 8.699166e-03
1.195000e+00 7.510302e-03
1.200000e+00 6.054990e-03
1.205000e+00 4.378044e-03
1.210000e+00 2.513442e-03
1.215000e+00 5.168971e-04
1.220000e+00 -1.592241e-03
1.225000e+00 -3.846610e-03
1.230000e+00 -6.260946e-03
1.235000e+00 -8.885347e-03
1.240000e+00 -1.167578e-02
1.245000e+00 -1.444937e-02
1.250000e+00 -1.694207e-02
1.255000e+00 -1.883466e-02
1.260000e+00 -1.983662e-02
1.265000e+00 -1.976916e-02
1.270000e+00 -1.870954e-02
1.275000e+00 -1.687134e-02
1.280000e+00 -1.450540e-02
1.285000e+00 -1.181380e-02
1.290000e+00 -8.801240e-03
1.295000e+00 -5.402844e-03
1.300000e+00 -1.529142e-03
1.305000e+00 2.808192e-03
1.310000e+00 7.359843e-03
1.315000e+00 1.191069e-02
1.320000e+00 1.629281e-02
1.325000e+00 2.037303e-02
1.330000e+00 2.409282e-02
1.335000e+00 2.715731e-02
1.340000e+00 2.917175e-02
1.345000e+00 2.980524e-02
1.350000e+00 2.883248e-02
1.355000e+00 2.645809e-02
1.360000e+00 2.309655e-02
1.365000e+00 1.908286e-02
1.370000e+00 1.460805e-02
1.375000e+00 9.628189e-03
1.380000e+00 4.110844e-03
1.385000e+00 -1.761179e-03
1.390000e+00 -7.638502e-03
1.395000e+00 -1.313186e-02
1.400000e+00 -1.796237e-02
1.405000e+00 -2.200451e-02
1.410000e+00 -2.519756e-02
1.415000e+00 -2.746889e-02
1.420000e+00 -2.872138e-02
1.425000e+00 -2.891860e-02
1.430000e+00 -2.800421e-02
1.435000e+00 -2.588375e-02
1.440000e+00 -2.262612e-02
1.445000e+00 -1.842451e-02
1.450000e+00 -1.345716e-02
1.455000e+00 -7.977554e-03
1.460000e+00 -2.388803e-03
1.465000e+00 3.113216e-03
1.470000e+00 8.722730e-03
1.475000e+00 1.439817e-02
1.480000e+00 1.938214e-02
1.485000e+00 2.309062e-02
1.490000e+00 2.588305e-02
1.495000e+00 2.804921e-02
1.500000e+00 2.914819e-02
1.505000e+00 2.885533e-02
1.510000e+00 2.733246e-02
1.515000e+00 2.477764e-02
1.520000e+00 2.128102e-02
1.525000e+00 1.705973e-02
1.530000e+00 1.220952e-02
1.535000e+00 6.622231e-03
1.540000e+00 6.699048e-04
1.545000e+00 -5.128210e-03
1.550000e+00 -1.067243e-02
1.555000e+00 -1.578968e-02
1.560000e+00 -2.019404e-02
1.565000e+00 -2.391614e-02
1.570000e+00 -2.688104e-02
1.575000e+00 -2.863294e-02
1.580000e+00 -2.906277e-02
1.585000e+00 -2.837189e-02
1.590000e+00 -2.664696e-02
1.595000e+00 -2.399890e-02
1.600000e+00 -2.036375e-02
1.605000e+00 -1.560232e-02
1.610000e+00 -1.021043e-02
1.615000e+00 -4.820703e-03
1.620000e+00 7.721943e-04
1.625000e+00 6.656888e-03
1.630000e+00 1.223776e-02
1.635000e+00 1.719696e-02
1.640000e+00 2.145971e-02
1.645000e+00 2.493465e-02
1.650000e+00 2.749669e-02
1.655000e+00 2.880455e-02
1.660000e+00 2.890746e-02
1.665000e+00 2.807385e-02
1.670000e+00 2.606324e-02
1.675000e+00 2.285044e-02
1.680000e+00 1.888423e-02
1.685000e+00 1.421608e-02
1.690000e+00 8.826179e-03
1.695000e+00 3.157651e-03
1.700000e+00 -2.586698e-03
1.705000e+00 -8.370446e-03
1.710000e+00 -1.379825e-02
1.715000e+00 -1.854271e-02
1.720000e+00 -2.253969e-02
1.725000e+00 -2.571814e-02
1.730000e+00 -2.792960e-02
1.735000e+00 -2.897052e-02
1.740000e+00 -2.880595e-02
1.745000e+00 -2.756695e-02
1.750000e+00 -2.521387e-02
1.755000e+00 -2.184680e-02
1.760000e+00 -1.763118e-02
1.765000e+00 -1.257335e-02
1.770000e+00 -7.103862e-03
1.775000e+00 -1.519926e-03
1.780000e+00 4.316536e-03
1.785000e+00 1.000702e-02
1.790000e+00 1.512306e-02
1.795000e+00 1.973509e-02
1.800000e+00 2.364105e-02
1.805000e+00 2.653200e-02
1.810000e+00 2.835486e-02
1.815000e+00 2.903757e-02
1.820000e+00 2.856560e-02
1.825000e+00 2.697264e-02
1.830000e+00 2.428313e-02
1.835000e+00 2.063275e-02
1.840000e+00 1.618864e-02
1.845000e+00 1.110016e-02
1.850000e+00 5.546454e-03
1.855000e+00 -2.427251e-04
1.860000e+00 -5.979634e-03
1.865000e+00 -1.153657e-02
1.870000e+00 -1.667346e-02
1.875000e+00 -2.099304e-02
1.880000e+00 -2.453269e-02
1.885000e+00 -2.718341e-02
1.890000e+00 -2.862266e-02
1.895000e+00 -2.896984e-02
1.900000e+00 -2.823006e-02
1.905000e+00 -2.628233e-02
1.910000e+00 -2.332618e-02
1.915000e+00 -1.946106e-02
1.920000e+00 -1.475247e-02
1.925000e+00 -9.443413e-03
1.930000e+00 -3.793413e-03
1.935000e+00 1.983265e-03
1.940000e+00 7.720578e-03
1.945000e+00 1.309588e-02
1.950000e+00 1.794389e-02
1.955000e+00 2.214745e-02
1.960000e+00 2.541931e-02
1.965000e+00 2.768958e-02
1.970000e+00 2.886011e-02
1.975000e+00 2.887721e-02
1.980000e+00 2.779025e-02
1.985000e+00 2.549571e-02
1.990000e+00 2.218733e-02
1.995000e+00 1.811876e-02
2 1.324749e-02
2.005000e+00 7.858986e-03
2.010000e+00 2.210580e-03
2.015000e+00 -3.634840e-03
2.020000e+00 -9.288329e-03
2.025000e+00 -1.455005e-02
2.030000e+00 -1.930134e-02
2.035000e+00 -2.323442e-02
2.040000e+00 -2.622254e-02
2.045000e+00 -2.816814e-02
2.050000e+00 -2.897709e-02
2.055000e+00 -2.863748e-02
2.060000e+00 -2.720088e-02
2.065000e+00 -2.468544e-02
2.070000e+00 -2.112689e-02
2.075000e+00 -1.679283e-02
2.080000e+00 -1.176224e-02
2.085000e+00 -6.183423e-03
2.090000e+00 -4.465833e-04
2.095000e+00 5.334046e-03
2.100000e+00 1.089971e-02
2.105000e+00 1.599127e-02
2.110000e+00 2.048428e-02
2.115000e+00 2.413875e-02
2.120000e+00 2.687908e-02
2.125000e+00 2.852362e-02
2.130000e+00 2.901894e-02
2.135000e+00 2.842988e-02
2.140000e+00 2.660389e-02
2.145000e+00 2.372394e-02
2.150000e+00 1.995152e-02
2.155000e+00 1.532042e-02
2.160000e+00 1.013493e-02
2.165000e+00 4.568768e-03
2.170000e+00 -1.228076e-03
2.175000e+00 -6.963784e-03
2.180000e+00 -1.241503e-02
2.185000e+00 -1.739832e-02
2.190000e+00 -2.169403e-02
2.195000e+00 -2.509880e-02
2.200000e+00 -2.751221e-02
2.205000e+00 -2.879929e-02
2.210000e+00 -2.893437e-02
2.215000e+00 -2.795073e-02
2.220000e+00 -2.582094e-02
2.225000e+00 -2.271133e-02
2.230000e+00 -1.870042e-02
2.235000e+00 -1.390549e-02
2.240000e+00 -8.568477e-03
2.245000e+00 -2.859703e-03
2.250000e+00 2.939540e-03
2.255000e+00 8.620452e-03
2.260000e+00 1.396226e-02
2.265000e+00 1.872297e-02
2.270000e+00 2.275644e-02
2.275000e+00 2.585199e-02
2.280000e+00 2.795242e-02
2.285000e+00 2.897028e-02
2.290000e+00 2.878637e-02
2.295000e+00 2.749288e-02
2.300000e+00 2.508203e-02
2.305000e+00 2.163041e-02
2.310000e+00 1.736154e-02
2.315000e+00 1.237617e-02
2.320000e+00 6.881050e-03
2.325000e+00 1.170870e-03
2.330000e+00 -4.594519e-03
2.335000e+00 -1.020151e-02
2.340000e+00 -1.538789e-02
2.345000e+00 -1.998500e-02
2.350000e+00 -2.379898e-02
2.355000e+00 -2.663314e-02
2.360000e+00 -2.840443e-02
2.365000e+00 -2.903964e-02
2.370000e+00 -2.851606e-02
2.375000e+00 -2.685550e-02
2.380000e+00 -2.411010e-02
2.385000e+00 -2.044059e-02
2.390000e+00 -1.595802e-02
2.395000e+00 -1.083236e-02
2.400000e+00 -5.278153e-03
2.405000e+00 5.126930e-04
2.410000e+00 6.264167e-03
2.415000e+00 1.174479e-02
2.420000e+00 1.675969e-02
2.425000e+00 2.107874e-02
2.430000e+00 2.452809e-02
2.435000e+00 2.701640e-02
2.440000e+00 2.846747e-02
2.445000e+00 2.878846e-02
2.450000e+00 2.799504e-02
2.455000e+00 2.614400e-02
2.460000e+00 2.319804e-02
2.465000e+00 1.932474e-02
2.470000e+00 1.470223e-02
2.475000e+00 9.441700e-03
2.480000e+00 3.878101e-03
2.485000e+00 -1.862153e-03
2.490000e+00 -7.609730e-03
2.495000e+00 -1.310710e-02
2.500000e+00 -1.837710e-02
2.505000e+00 -2.326214e-02
2.510000e+00 -2.763827e-02
2.515000e+00 -3.140658e-02
2.520000e+00 -3.425584e-02
2.525000e+00 -3.602264e-02
2.530000e+00 -3.647178e-02
2.535000e+00 -3.535683e-02
2.540000e+00 -3.268209e-02
2.545000e+00 -2.850470e-02
2.550000e+00 -2.308041e-02
2.555000e+00 -1.673504e-02
2.560000e+00 -9.799212e-03
2.565000e+00 -2.649698e-03
2.570000e+00 4.547416e-03
2.575000e+00 1.164094e-02
2.580000e+00 1.852558e-02
2.585000e+00 2.513558e-02
2.590000e+00 3.125341e-02
2.595000e+00 3.662919e-02
2.600000e+00 4.089325e-02
2.605000e+00 4.365093e-02
2.610000e+00 4.474531e-02
2.615000e+00 4.403466e-02
2.620000e+00 4.148390e-02
2.625000e+00 3.725905e-02
2.630000e+00 3.140145e-02
2.635000e+00 2.414010e-02
2.640000e+00 1.588163e-02
2.645000e+00 6.971204e-03
2.650000e+00 -2.037561e-03
2.655000e+00 -1.066500e-02
2.660000e+00 -1.871210e-02
2.665000e+00 -2.602157e-02
2.670000e+00 -3.249865e-02
2.675000e+00 -3.796930e-02
2.680000e+00 -4.204975e-02
2.685000e+00 -4.435442e-02
2.690000e+00 -4.466580e-02
2.695000e+00 -4.300648e-02
2.700000e+00 -3.965027e-02
2.705000e+00 -3.498180e-02
2.710000e+00 -2.916099e-02
2.715000e+00 -2.221093e-02
2.720000e+00 -1.424839e-02
2.725000e+00 -5.461112e-03
2.730000e+00 3.733021e-03
2.735000e+00 1.275469e-02
2.740000e+00 2.103371e-02
2.745000e+00 2.824255e-02
2.750000e+00 3.430899e-02
2.755000e+00 3.912279e-02
2.760000e+00 4.256169e-02
2.765000e+00 4.439481e-02
2.770000e+00 4.437503e-02
2.775000e+00 4.249353e-02
2.780000e+00 3.883476e-02
2.785000e+00 3.360330e-02
2.790000e+00 2.711371e-02
2.795000e+00 1.960906e-02
2.800000e+00 1.134318e-02
2.805000e+00 2.600975e-03
2.810000e+00 -6.278697e-03
2.815000e+00 -1.492466e-02
2.820000e+00 -2.301065e-02
2.825000e+00 -3.013398e-02
2.830000e+00 -3.605006e-02
2.835000e+00 -4.055031e-02
2.840000e+00 -4.335491e-02
2.845000e+00 -4.448029e-02
2.850000e+00 -4.386880e-02
2.855000e+00 -4.149216e-02
2.860000e+00 -3.747783e-02
2.865000e+00 -3.190421e-02
2.870000e+00 -2.506947e-02
2.875000e+00 -1.727351e-02
2.880000e+00 -8.780494e-03
2.885000e+00 4.018446e-05
2.890000e+00 8.863650e-03
2.895000e+00 1.736792e-02
2.900000e+00 2.523042e-02
2.905000e+00 3.206559e-02
2.910000e+00 3.750707e-02
2.915000e+00 4.146845e-02
2.920000e+00 4.387713e-02
2.925000e+00 4.456093e-02
2.930000e+00 4.343173e-02
2.935000e+00 4.048487e-02
2.940000e+00 3.587866e-02
2.945000e+00 2.994688e-02
2.950000e+00 2.295774e-02
2.955000e+00 1.499528e-02
2.960000e+00 6.253098e-03
2.965000e+00 -2.791623e-03
2.970000e+00 -1.158306e-02
2.975000e+00 -1.980200e-02
2.980000e+00 -2.723118e-02
2.985000e+00 -3.363627e-02
2.990000e+00 -3.885246e-02
2.995000e+00 -4.254725e-02
3 -4.440214e-02
