T X
0 0
2.000000e-03 1.911182e-09
4.000000e-03 -6.690150e-11
6.000000e-03 -7.957647e-09
8.000000e-03 -2.679951e-08
1.000000e-02 -4.950396e-08
1.200000e-02 -8.160505e-08
1.400000e-02 -1.591658e-07
1.600000e-02 -2.353514e-07
1.800000e-02 -2.101395e-07
2.000000e-02 -2.328679e-07
2.200000e-02 -4.205401e-07
2.400000e-02 -4.087332e-07
2.600000e-02 2.591893e-07
2.800000e-02 1.893682e-06
3.000000e-02 4.872728e-06
3.200000e-02 1.170755e-05
3.400000e-02 3.365295e-05
3.600000e-02 9.929719e-05
3.800000e-02 2.620854e-04
4.000000e-02 6.038563e-04
4.200000e-02 1.219090e-03
4.400000e-02 2.164776e-03
4.600000e-02 3.390325e-03
4.800000e-02 4.716052e-03
5.000000e-02 5.928160e-03
5.200000e-02 6.935299e-03
5.400000e-02 7.834168e-03
5.600000e-02 8.771553e-03
5.800000e-02 9.733223e-03
6.000000e-02 1.058009e-02
6.200000e-02 1.129047e-02
6.400000e-02 1.197132e-02
6.600000e-02 1.262512e-02
6.800000e-02 1.315399e-02
7.000000e-02 1.356769e-02
7.200000e-02 1.392694e-02
7.400000e-02 1.419838e-02
7.600000e-02 1.435721e-02
7.800000e-02 1.443809e-02
8.000000e-02 1.444573e-02
8.200000e-02 1.436318e-02
8.400000e-02 1.418078e-02
8.600000e-02 1.390052e-02
8.800000e-02 1.353704e-02
9.000000e-02 1.308753e-02
9.200000e-02 1.255802e-02
9.400000e-02 1.196054e-02
9.600000e-02 1.127198e-02
9.800000e-02 1.049911e-02
1.000000e-01 9.679750e-03
1.020000e-01 8.801234e-03
1.040000e-01 7.848480e-03
1.060000e-01 6.851133e-03
1.080000e-01 5.820099e-03
1.100000e-01 4.742510e-03
1.120000e-01 3.642726e-03
1.140000e-01 2.542632e-03
1.160000e-01 1.422765e-03
1.180000e-01 2.919678e-04
1.200000e-01 -8.203314e-04
1.220000e-01 -1.918278e-03
1.240000e-01 -3.012783e-03
1.260000e-01 -4.099120e-03
1.280000e-01 -5.182078e-03
1.300000e-01 -6.266342e-03
1.320000e-01 -7.327390e-03
1.340000e-01 -8.333468e-03
1.360000e-01 -9.263202e-03
1.380000e-01 -1.009876e-02
1.400000e-01 -1.085109e-02
1.420000e-01 -1.156554e-02
1.440000e-01 -1.224400e-02
1.460000e-01 -1.282639e-02
1.480000e-01 -1.329810e-02
1.500000e-01 -1.371050e-02
1.520000e-01 -1.406816e-02
1.540000e-01 -1.432261e-02
1.560000e-01 -1.446464e-02
1.580000e-01 -1.450770e-02
1.600000e-01 -1.445511e-02
1.620000e-01 -1.432880e-02
1.640000e-01 -1.413430e-02
1.660000e-01 -1.382497e-02
1.680000e-01 -1.338307e-02
1.700000e-01 -1.286076e-02
1.720000e-01 -1.228425e-02
1.740000e-01 -1.162889e-02
1.760000e-01 -1.088283e-02
1.780000e-01 -1.006644e-02
1.800000e-01 -9.201967e-03
1.820000e-01 -8.293034e-03
1.840000e-01 -7.332917e-03
1.860000e-01 -6.318978e-03
1.880000e-01 -5.269384e-03
1.900000e-01 -4.193727e-03
1.920000e-01 -3.074224e-03
1.940000e-01 -1.920867e-03
1.960000e-01 -7.737257e-04
1.980000e-01 3.601273e-04
2.000000e-01 1.509300e-03
2.020000e-01 2.671917e-03
2.040000e-01 3.809357e-03
2.060000e-01 4.916436e-03
2.080000e-01 6.004784e-03
2.100000e-01 7.046444e-03
2.120000e-01 8.026024e-03
2.140000e-01 8.967566e-03
2.160000e-01 9.858921e-03
2.180000e-01 1.066801e-02
2.200000e-01 1.140908e-02
2.220000e-01 1.209442e-02
2.240000e-01 1.269362e-02
2.260000e-01 1.319139e-02
2.280000e-01 1.360784e-02
2.300000e-01 1.394351e-02
2.320000e-01 1.418997e-02
2.340000e-01 1.435800e-02
2.360000e-01 1.443524e-02
2.380000e-01 1.441741e-02
2.400000e-01 1.432233e-02
2.420000e-01 1.413523e-02
2.440000e-01 1.384478e-02
2.460000e-01 1.346421e-02
2.480000e-01 1.300414e-02
2.500000e-01 1.246796e-02
2.520000e-01 1.185328e-02
2.540000e-01 1.115346e-02
2.560000e-01 1.036463e-02
2.580000e-01 9.499511e-03
2.600000e-01 8.581207e-03
2.620000e-01 7.618360e-03
2.640000e-01 6.607799e-03
2.660000e-01 5.552030e-03
2.680000e-01 4.465378e-03
2.700000e-01 3.357376e-03
2.720000e-01 2.219790e-03
2.740000e-01 1.061527e-03
2.760000e-01 -8.534633e-05
2.780000e-01 -1.225507e-03
2.800000e-01 -2.381973e-03
2.820000e-01 -3.522688e-03
2.840000e-01 -4.621498e-03
2.860000e-01 -5.692399e-03
2.880000e-01 -6.725530e-03
2.900000e-01 -7.720071e-03
2.920000e-01 -8.686613e-03
2.940000e-01 -9.596130e-03
2.960000e-01 -1.042229e-02
2.980000e-01 -1.118045e-02
3.000000e-01 -1.188380e-02
3.020000e-01 -1.251369e-02
3.040000e-01 -1.306467e-02
3.060000e-01 -1.353705e-02
3.080000e-01 -1.391132e-02
3.100000e-01 -1.419018e-02
3.120000e-01 -1.438384e-02
3.140000e-01 -1.447626e-02
3.160000e-01 -1.445906e-02
3.180000e-01 -1.435730e-02
3.200000e-01 -1.418648e-02
3.220000e-01 -1.392084e-02
3.240000e-01 -1.355523e-02
3.260000e-01 -1.310988e-02
3.280000e-01 -1.257848e-02
3.300000e-01 -1.196135e-02
3.320000e-01 -1.127750e-02
3.340000e-01 -1.052545e-02
3.360000e-01 -9.702076e-03
3.380000e-01 -8.829017e-03
3.400000e-01 -7.904238e-03
3.420000e-01 -6.906774e-03
3.440000e-01 -5.860196e-03
3.460000e-01 -4.794635e-03
3.480000e-01 -3.697899e-03
3.500000e-01 -2.560125e-03
3.520000e-01 -1.410037e-03
3.540000e-01 -2.650427e-04
3.560000e-01 8.949239e-04
3.580000e-01 2.067437e-03
3.600000e-01 3.218894e-03
3.620000e-01 4.336458e-03
3.640000e-01 5.432925e-03
3.660000e-01 6.499482e-03
3.680000e-01 7.510904e-03
3.700000e-01 8.468511e-03
3.720000e-01 9.374939e-03
3.740000e-01 1.021567e-02
3.760000e-01 1.098837e-02
3.780000e-01 1.169706e-02
3.800000e-01 1.233611e-02
3.820000e-01 1.290158e-02
3.840000e-01 1.338014e-02
3.860000e-01 1.376265e-02
3.880000e-01 1.406904e-02
3.900000e-01 1.430033e-02
3.920000e-01 1.443154e-02
3.940000e-01 1.446700e-02
3.960000e-01 1.442432e-02
3.980000e-01 1.428151e-02
4.000000e-01 1.402253e-02
4.020000e-01 1.368225e-02
4.040000e-01 1.327556e-02
4.060000e-01 1.277732e-02
4.080000e-01 1.218432e-02
4.100000e-01 1.151371e-02
4.120000e-01 1.076743e-02
4.140000e-01 9.945837e-03
4.160000e-01 9.062633e-03
4.180000e-01 8.125948e-03
4.200000e-01 7.136550e-03
4.220000e-01 6.103669e-03
4.240000e-01 5.037205e-03
4.260000e-01 3.947172e-03
4.280000e-01 2.836336e-03
4.300000e-01 1.701000e-03
4.320000e-01 5.523325e-04
4.340000e-01 -5.999691e-04
4.360000e-01 -1.744544e-03
4.380000e-01 -2.871003e-03
4.400000e-01 -3.991012e-03
4.420000e-01 -5.098157e-03
4.440000e-01 -6.170842e-03
4.460000e-01 -7.205052e-03
4.480000e-01 -8.189104e-03
4.500000e-01 -9.118172e-03
4.520000e-01 -9.994391e-03
4.540000e-01 -1.080521e-02
4.560000e-01 -1.154431e-02
4.580000e-01 -1.220629e-02
4.600000e-01 -1.278972e-02
4.620000e-01 -1.329291e-02
4.640000e-01 -1.370714e-02
4.660000e-01 -1.403677e-02
4.680000e-01 -1.427689e-02
4.700000e-01 -1.441083e-02
4.720000e-01 -1.444948e-02
4.740000e-01 -1.440893e-02
4.760000e-01 -1.427432e-02
4.780000e-01 -1.404603e-02
4.800000e-01 -1.374584e-02
4.820000e-01 -1.336405e-02
4.840000e-01 -1.288535e-02
4.860000e-01 -1.232151e-02
4.880000e-01 -1.168457e-02
4.900000e-01 -1.097017e-02
4.920000e-01 -1.018383e-02
4.940000e-01 -9.342720e-03
4.960000e-01 -8.444794e-03
4.980000e-01 -7.478255e-03
5.000000e-01 -6.446411e-03
