T X
0 0
2.000000e-03 -8.707310e-09
4.000000e-03 -7.763357e-09
6.000000e-03 3.318264e-08
8.000000e-03 5.408973e-08
1.000000e-02 2.683355e-08
1.200000e-02 4.989216e-08
1.400000e-02 9.556861e-08
1.600000e-02 8.897155e-08
1.800000e-02 -4.629787e-08
2.000000e-02 -2.626323e-07
2.200000e-02 -1.345608e-07
2.400000e-02 -2.404577e-07
2.600000e-02 -7.167021e-07
2.800000e-02 -2.604910e-07
3.000000e-02 2.057469e-06
3.200000e-02 8.839966e-06
3.400000e-02 2.799491e-05
3.600000e-02 8.322504e-05
3.800000e-02 2.261991e-04
4.000000e-02 5.420486e-04
4.200000e-02 1.135408e-03
4.400000e-02 2.069691e-03
4.600000e-02 3.283886e-03
4.800000e-02 4.573345e-03
5.000000e-02 5.719181e-03
5.200000e-02 6.674658e-03
5.400000e-02 7.573348e-03
5.600000e-02 8.525007e-03
5.800000e-02 9.465141e-03
6.000000e-02 1.027523e-02
6.200000e-02 1.096885e-02
6.400000e-02 1.164083e-02
6.600000e-02 1.228110e-02
6.800000e-02 1.279703e-02
7.000000e-02 1.320889e-02
7.200000e-02 1.357821e-02
7.400000e-02 1.384744e-02
7.600000e-02 1.400061e-02
7.800000e-02 1.410417e-02
8.000000e-02 1.412680e-02
8.200000e-02 1.401998e-02
8.400000e-02 1.382005e-02
8.600000e-02 1.354711e-02
8.800000e-02 1.319030e-02
9.000000e-02 1.274713e-02
9.200000e-02 1.222394e-02
9.400000e-02 1.163347e-02
9.600000e-02 1.096538e-02
9.800000e-02 1.022169e-02
1.000000e-01 9.429028e-03
1.020000e-01 8.571128e-03
1.040000e-01 7.634054e-03
1.060000e-01 6.654428e-03
1.080000e-01 5.650532e-03
1.100000e-01 4.602936e-03
1.120000e-01 3.522455e-03
1.140000e-01 2.447369e-03
1.160000e-01 1.369433e-03
1.180000e-01 2.809600e-04
1.200000e-01 -7.881207e-04
1.220000e-01 -1.846447e-03
1.240000e-01 -2.908874e-03
1.260000e-01 -3.961323e-03
1.280000e-01 -5.019898e-03
1.300000e-01 -6.096308e-03
1.320000e-01 -7.145281e-03
1.340000e-01 -8.119023e-03
1.360000e-01 -9.004846e-03
1.380000e-01 -9.802964e-03
1.400000e-01 -1.053332e-02
1.420000e-01 -1.123457e-02
1.440000e-01 -1.189865e-02
1.460000e-01 -1.247427e-02
1.480000e-01 -1.294012e-02
1.500000e-01 -1.332427e-02
1.520000e-01 -1.366580e-02
1.540000e-01 -1.394208e-02
1.560000e-01 -1.409883e-02
1.580000e-01 -1.413585e-02
1.600000e-01 -1.407736e-02
1.620000e-01 -1.394243e-02
1.640000e-01 -1.373888e-02
1.660000e-01 -1.343310e-02
1.680000e-01 -1.300974e-02
1.700000e-01 -1.251668e-02
1.720000e-01 -1.196449e-02
1.740000e-01 -1.131740e-02
1.760000e-01 -1.059489e-02
1.780000e-01 -9.825098e-03
1.800000e-01 -8.987286e-03
1.820000e-01 -8.083901e-03
1.840000e-01 -7.147941e-03
1.860000e-01 -6.179516e-03
1.880000e-01 -5.155810e-03
1.900000e-01 -4.079525e-03
1.920000e-01 -2.981504e-03
1.940000e-01 -1.881784e-03
1.960000e-01 -7.779145e-04
1.980000e-01 3.350670e-04
2.000000e-01 1.459226e-03
2.020000e-01 2.583433e-03
2.040000e-01 3.690148e-03
2.060000e-01 4.776805e-03
2.080000e-01 5.836314e-03
2.100000e-01 6.846128e-03
2.120000e-01 7.806281e-03
2.140000e-01 8.728807e-03
2.160000e-01 9.596749e-03
2.180000e-01 1.039303e-02
2.200000e-01 1.112144e-02
2.220000e-01 1.177464e-02
2.240000e-01 1.233648e-02
2.260000e-01 1.282331e-02
2.280000e-01 1.324624e-02
2.300000e-01 1.357405e-02
2.320000e-01 1.380481e-02
2.340000e-01 1.397184e-02
2.360000e-01 1.406306e-02
2.380000e-01 1.404839e-02
2.400000e-01 1.394140e-02
2.420000e-01 1.375928e-02
2.440000e-01 1.348914e-02
2.460000e-01 1.311268e-02
2.480000e-01 1.264625e-02
2.500000e-01 1.212008e-02
2.520000e-01 1.151891e-02
2.540000e-01 1.083090e-02
2.560000e-01 1.007945e-02
2.580000e-01 9.259328e-03
2.600000e-01 8.361330e-03
2.620000e-01 7.411682e-03
2.640000e-01 6.426490e-03
2.660000e-01 5.403751e-03
2.680000e-01 4.346912e-03
2.700000e-01 3.260328e-03
2.720000e-01 2.149180e-03
2.740000e-01 1.033396e-03
2.760000e-01 -7.694221e-05
2.780000e-01 -1.200163e-03
2.800000e-01 -2.322281e-03
2.820000e-01 -3.407253e-03
2.840000e-01 -4.460688e-03
2.860000e-01 -5.502092e-03
2.880000e-01 -6.524997e-03
2.900000e-01 -7.505295e-03
2.920000e-01 -8.437230e-03
2.940000e-01 -9.321304e-03
2.960000e-01 -1.013864e-02
2.980000e-01 -1.088277e-02
3.000000e-01 -1.156016e-02
3.020000e-01 -1.216725e-02
3.040000e-01 -1.270101e-02
3.060000e-01 -1.315586e-02
3.080000e-01 -1.351866e-02
3.100000e-01 -1.379476e-02
3.120000e-01 -1.399142e-02
3.140000e-01 -1.409117e-02
3.160000e-01 -1.408626e-02
3.180000e-01 -1.399186e-02
3.200000e-01 -1.381611e-02
3.220000e-01 -1.354861e-02
3.240000e-01 -1.319159e-02
3.260000e-01 -1.276242e-02
3.280000e-01 -1.225450e-02
3.300000e-01 -1.165239e-02
3.320000e-01 -1.097382e-02
3.340000e-01 -1.024662e-02
3.360000e-01 -9.459820e-03
3.380000e-01 -8.600744e-03
3.400000e-01 -7.693159e-03
3.420000e-01 -6.741899e-03
3.440000e-01 -5.732410e-03
3.460000e-01 -4.675737e-03
3.480000e-01 -3.594414e-03
3.500000e-01 -2.496993e-03
3.520000e-01 -1.374497e-03
3.540000e-01 -2.394366e-04
3.560000e-01 8.825050e-04
3.580000e-01 1.999263e-03
3.600000e-01 3.119209e-03
3.620000e-01 4.230503e-03
3.640000e-01 5.304926e-03
3.660000e-01 6.318762e-03
3.680000e-01 7.291928e-03
3.700000e-01 8.235457e-03
3.720000e-01 9.118552e-03
3.740000e-01 9.935035e-03
3.760000e-01 1.069961e-02
3.780000e-01 1.139475e-02
3.800000e-01 1.200971e-02
3.820000e-01 1.255203e-02
3.840000e-01 1.301353e-02
3.860000e-01 1.338927e-02
3.880000e-01 1.368427e-02
3.900000e-01 1.389725e-02
3.920000e-01 1.402695e-02
3.940000e-01 1.407215e-02
3.960000e-01 1.402606e-02
3.980000e-01 1.389205e-02
4.000000e-01 1.366648e-02
4.020000e-01 1.333798e-02
4.040000e-01 1.291654e-02
4.060000e-01 1.241790e-02
4.080000e-01 1.184664e-02
4.100000e-01 1.119998e-02
4.120000e-01 1.047315e-02
4.140000e-01 9.672311e-03
4.160000e-01 8.816113e-03
4.180000e-01 7.911214e-03
4.200000e-01 6.953741e-03
4.220000e-01 5.947667e-03
4.240000e-01 4.910605e-03
4.260000e-01 3.861313e-03
4.280000e-01 2.784860e-03
4.300000e-01 1.667630e-03
4.320000e-01 5.391495e-04
4.340000e-01 -5.784212e-04
4.360000e-01 -1.694372e-03
4.380000e-01 -2.800553e-03
4.400000e-01 -3.880670e-03
4.420000e-01 -4.942957e-03
4.440000e-01 -5.981404e-03
4.460000e-01 -6.982892e-03
4.480000e-01 -7.947774e-03
4.500000e-01 -8.867822e-03
4.520000e-01 -9.730337e-03
4.540000e-01 -1.052221e-02
4.560000e-01 -1.123784e-02
4.580000e-01 -1.188135e-02
4.600000e-01 -1.245021e-02
4.620000e-01 -1.293996e-02
4.640000e-01 -1.334146e-02
4.660000e-01 -1.365164e-02
4.680000e-01 -1.388098e-02
4.700000e-01 -1.402055e-02
4.720000e-01 -1.406200e-02
4.740000e-01 -1.401995e-02
4.760000e-01 -1.389756e-02
4.780000e-01 -1.368549e-02
4.800000e-01 -1.338434e-02
4.820000e-01 -1.300608e-02
4.840000e-01 -1.254919e-02
4.860000e-01 -1.200264e-02
4.880000e-01 -1.137507e-02
4.900000e-01 -1.067685e-02
4.920000e-01 -9.908815e-03
4.940000e-01 -9.084265e-03
4.960000e-01 -8.213242e-03
4.980000e-01 -7.281287e-03
5.000000e-01 -6.286072e-03
