T X
0 0
5.000000e-03 4.844927e-09
1.000000e-02 2.882432e-08
1.500000e-02 4.833641e-07
2.000000e-02 4.552751e-06
2.500000e-02 2.903632e-05
3.000000e-02 1.360365e-04
3.500000e-02 4.855608e-04
4.000000e-02 1.347937e-03
4.500000e-02 2.945595e-03
5.000000e-02 5.118608e-03
5.500000e-02 7.198211e-03
6.000000e-02 8.532095e-03
6.500000e-02 9.206358e-03
7.000000e-02 9.792928e-03
7.500000e-02 1.029895e-02
8.000000e-02 1.016064e-02
8.500000e-02 9.381259e-03
9.000000e-02 8.477653e-03
9.500000e-02 7.347571e-03
1.000000e-01 5.664064e-03
1.050000e-01 3.807545e-03
1.100000e-01 2.023765e-03
1.150000e-01 1.561382e-05
1.200000e-01 -2.026618e-03
1.250000e-01 -3.806418e-03
1.300000e-01 -5.587677e-03
1.350000e-01 -7.261134e-03
1.400000e-01 -8.522230e-03
1.450000e-01 -9.560078e-03
1.500000e-01 -1.022405e-02
1.550000e-01 -1.028156e-02
1.600000e-01 -1.002098e-02
1.650000e-01 -9.401662e-03
1.700000e-01 -8.356838e-03
1.750000e-01 -7.092905e-03
1.800000e-01 -5.441724e-03
1.850000e-01 -3.516675e-03
1.900000e-01 -1.591920e-03
1.950000e-01 4.738492e-04
2.000000e-01 2.524013e-03
2.050000e-01 4.458592e-03
2.100000e-01 6.269671e-03
2.150000e-01 7.690718e-03
2.200000e-01 8.880634e-03
2.250000e-01 9.806587e-03
2.300000e-01 1.021834e-02
2.350000e-01 1.027611e-02
2.400000e-01 9.930389e-03
2.450000e-01 9.191919e-03
2.500000e-01 8.081901e-03
2.550000e-01 6.564865e-03
2.600000e-01 4.903469e-03
2.650000e-01 3.016566e-03
2.700000e-01 9.589361e-04
2.750000e-01 -1.061492e-03
2.800000e-01 -3.095549e-03
2.850000e-01 -4.971789e-03
2.900000e-01 -6.683634e-03
2.950000e-01 -8.128585e-03
3.000000e-01 -9.204768e-03
3.050000e-01 -9.992791e-03
3.100000e-01 -1.029812e-02
3.150000e-01 -1.021734e-02
3.200000e-01 -9.767179e-03
3.250000e-01 -8.871854e-03
3.300000e-01 -7.672098e-03
3.350000e-01 -6.140386e-03
3.400000e-01 -4.383696e-03
3.450000e-01 -2.434111e-03
3.500000e-01 -3.810691e-04
3.550000e-01 1.667266e-03
3.600000e-01 3.695666e-03
3.650000e-01 5.504511e-03
3.700000e-01 7.125313e-03
3.750000e-01 8.485984e-03
3.800000e-01 9.474026e-03
3.850000e-01 1.009403e-02
3.900000e-01 1.030894e-02
3.950000e-01 1.014846e-02
4.000000e-01 9.546912e-03
4.050000e-01 8.576197e-03
4.100000e-01 7.263816e-03
4.150000e-01 5.632889e-03
4.200000e-01 3.813251e-03
4.250000e-01 1.828866e-03
4.300000e-01 -2.220676e-04
4.350000e-01 -2.254284e-03
4.400000e-01 -4.215791e-03
4.450000e-01 -6.005490e-03
4.500000e-01 -7.552903e-03
4.550000e-01 -8.810390e-03
4.600000e-01 -9.707741e-03
4.650000e-01 -1.021739e-02
4.700000e-01 -1.031793e-02
4.750000e-01 -9.996674e-03
4.800000e-01 -9.284637e-03
4.850000e-01 -8.203712e-03
4.900000e-01 -6.814572e-03
4.950000e-01 -5.142278e-03
5.000000e-01 -3.257288e-03
5.050000e-01 -1.245943e-03
5.100000e-01 8.217453e-04
5.150000e-01 2.857553e-03
5.200000e-01 4.785641e-03
5.250000e-01 6.485055e-03
5.300000e-01 7.950419e-03
5.350000e-01 9.112969e-03
5.400000e-01 9.877548e-03
5.450000e-01 1.027311e-02
5.500000e-01 1.026906e-02
5.550000e-01 9.839023e-03
5.600000e-01 9.026235e-03
5.650000e-01 7.850824e-03
5.700000e-01 6.339710e-03
5.750000e-01 4.587230e-03
5.800000e-01 2.660445e-03
5.850000e-01 6.404744e-04
5.900000e-01 -1.418962e-03
5.950000e-01 -3.425102e-03
6.000000e-01 -5.277566e-03
6.050000e-01 -6.952517e-03
6.100000e-01 -8.337625e-03
6.150000e-01 -9.366315e-03
6.200000e-01 -1.005173e-02
6.250000e-01 -1.033113e-02
6.300000e-01 -1.015227e-02
6.350000e-01 -9.593657e-03
6.400000e-01 -8.675130e-03
6.450000e-01 -7.384150e-03
6.500000e-01 -5.833856e-03
6.550000e-01 -4.045812e-03
6.600000e-01 -2.072264e-03
6.650000e-01 -4.062097e-05
6.700000e-01 2.014439e-03
6.750000e-01 3.981946e-03
6.800000e-01 5.772744e-03
6.850000e-01 7.363205e-03
6.900000e-01 8.648840e-03
6.950000e-01 9.584175e-03
7.000000e-01 1.014780e-02
7.050000e-01 1.031419e-02
7.100000e-01 1.007354e-02
7.150000e-01 9.412062e-03
7.200000e-01 8.378704e-03
7.250000e-01 6.998310e-03
7.300000e-01 5.346835e-03
7.350000e-01 3.485880e-03
7.400000e-01 1.482258e-03
7.450000e-01 -5.645372e-04
7.500000e-01 -2.594893e-03
7.550000e-01 -4.524121e-03
7.600000e-01 -6.294300e-03
7.650000e-01 -7.789458e-03
7.700000e-01 -8.981445e-03
7.750000e-01 -9.829210e-03
7.800000e-01 -1.025893e-02
7.850000e-01 -1.030539e-02
7.900000e-01 -9.904679e-03
7.950000e-01 -9.119939e-03
8.000000e-01 -8.010238e-03
8.050000e-01 -6.541354e-03
8.100000e-01 -4.833426e-03
8.150000e-01 -2.933516e-03
8.200000e-01 -8.928399e-04
8.250000e-01 1.177881e-03
8.300000e-01 3.191606e-03
8.350000e-01 5.070602e-03
8.400000e-01 6.765838e-03
8.450000e-01 8.178588e-03
8.500000e-01 9.255073e-03
8.550000e-01 9.972933e-03
8.600000e-01 1.029902e-02
8.650000e-01 1.022067e-02
8.700000e-01 9.731078e-03
8.750000e-01 8.855938e-03
8.800000e-01 7.611114e-03
8.850000e-01 6.061350e-03
8.900000e-01 4.286354e-03
8.950000e-01 2.327477e-03
9.000000e-01 2.919808e-04
9.050000e-01 -1.753987e-03
9.100000e-01 -3.748575e-03
9.150000e-01 -5.578483e-03
9.200000e-01 -7.196716e-03
9.250000e-01 -8.525894e-03
9.300000e-01 -9.523354e-03
9.350000e-01 -1.014474e-02
9.400000e-01 -1.032495e-02
9.450000e-01 -1.011602e-02
9.500000e-01 -9.501240e-03
9.550000e-01 -8.507260e-03
9.600000e-01 -7.186744e-03
9.650000e-01 -5.567552e-03
9.700000e-01 -3.747406e-03
9.750000e-01 -1.748264e-03
9.800000e-01 3.189120e-04
9.850000e-01 2.361192e-03
9.900000e-01 4.317261e-03
9.950000e-01 6.085085e-03
1 7.632131e-03
1.005000e+00 8.849397e-03
1.010000e+00 9.716878e-03
1.015000e+00 1.021501e-02
1.020000e+00 1.029958e-02
1.025000e+00 9.988649e-03
1.030000e+00 9.261775e-03
1.035000e+00 8.169852e-03
1.040000e+00 6.742047e-03
1.045000e+00 5.041744e-03
1.050000e+00 3.159108e-03
1.055000e+00 1.149684e-03
1.060000e+00 -9.119530e-04
1.065000e+00 -2.934725e-03
1.070000e+00 -4.835162e-03
1.075000e+00 -6.560240e-03
1.080000e+00 -8.011451e-03
1.085000e+00 -9.149110e-03
1.090000e+00 -9.940752e-03
1.095000e+00 -1.030164e-02
1.100000e+00 -1.024905e-02
1.105000e+00 -9.806582e-03
1.110000e+00 -8.962584e-03
1.115000e+00 -7.776028e-03
1.120000e+00 -6.274458e-03
1.125000e+00 -4.524117e-03
1.130000e+00 -2.597061e-03
1.135000e+00 -5.358709e-04
1.140000e+00 1.510287e-03
1.145000e+00 3.513253e-03
1.150000e+00 5.397880e-03
1.155000e+00 7.038180e-03
1.160000e+00 8.422728e-03
1.165000e+00 9.465348e-03
1.170000e+00 1.012723e-02
1.175000e+00 1.033823e-02
1.180000e+00 1.000660e-02
1.185000e+00 9.070194e-03
1.190000e+00 7.416208e-03
1.195000e+00 5.049824e-03
1.200000e+00 1.999263e-03
1.205000e+00 -1.569700e-03
1.210000e+00 -5.318103e-03
1.215000e+00 -8.967623e-03
1.220000e+00 -1.213673e-02
1.225000e+00 -1.456274e-02
1.230000e+00 -1.621498e-02
1.235000e+00 -1.712358e-02
1.240000e+00 -1.745147e-02
1.245000e+00 -1.728460e-02
1.250000e+00 -1.653748e-02
1.255000e+00 -1.507019e-02
1.260000e+00 -1.271946e-02
1.265000e+00 -9.433767e-03
1.270000e+00 -5.349818e-03
1.275000e+00 -6.974144e-04
1.280000e+00 4.253902e-03
1.285000e+00 9.303397e-03
1.290000e+00 1.427986e-02
1.295000e+00 1.889863e-02
1.300000e+00 2.277828e-02
1.305000e+00 2.552632e-02
1.310000e+00 2.689519e-02
1.315000e+00 2.690335e-02
1.320000e+00 2.587955e-02
1.325000e+00 2.413387e-02
1.330000e+00 2.175117e-02
1.335000e+00 1.864641e-02
1.340000e+00 1.463146e-02
1.345000e+00 9.779513e-03
1.350000e+00 4.416579e-03
1.355000e+00 -1.045420e-03
1.360000e+00 -6.270086e-03
1.365000e+00 -1.116367e-02
1.370000e+00 -1.568643e-02
1.375000e+00 -1.973624e-02
1.380000e+00 -2.310166e-02
1.385000e+00 -2.556964e-02
1.390000e+00 -2.697744e-02
1.395000e+00 -2.722471e-02
1.400000e+00 -2.633177e-02
1.405000e+00 -2.430645e-02
1.410000e+00 -2.131079e-02
1.415000e+00 -1.759588e-02
1.420000e+00 -1.327327e-02
1.425000e+00 -8.430692e-03
1.430000e+00 -3.187602e-03
1.435000e+00 2.288725e-03
1.440000e+00 7.750612e-03
1.445000e+00 1.279947e-02
1.450000e+00 1.713548e-02
1.455000e+00 2.078326e-02
1.460000e+00 2.390085e-02
1.465000e+00 2.623568e-02
1.470000e+00 2.717727e-02
1.475000e+00 2.676147e-02
1.480000e+00 2.560086e-02
1.485000e+00 2.375561e-02
1.490000e+00 2.073876e-02
1.495000e+00 1.658990e-02
1.500000e+00 1.188655e-02
1.505000e+00 6.866077e-03
1.510000e+00 1.542401e-03
1.515000e+00 -3.809864e-03
1.520000e+00 -9.004902e-03
1.525000e+00 -1.402887e-02
1.530000e+00 -1.852457e-02
1.535000e+00 -2.205393e-02
1.540000e+00 -2.466170e-02
1.545000e+00 -2.643648e-02
1.550000e+00 -2.717524e-02
1.555000e+00 -2.686560e-02
1.560000e+00 -2.552010e-02
1.565000e+00 -2.291634e-02
1.570000e+00 -1.935266e-02
1.575000e+00 -1.530199e-02
1.580000e+00 -1.069385e-02
1.585000e+00 -5.483098e-03
1.590000e+00 8.207063e-05
1.595000e+00 5.583153e-03
1.600000e+00 1.066369e-02
1.605000e+00 1.526762e-02
1.610000e+00 1.950796e-02
1.615000e+00 2.312265e-02
1.620000e+00 2.552356e-02
1.625000e+00 2.677079e-02
1.630000e+00 2.723474e-02
1.635000e+00 2.666614e-02
1.640000e+00 2.479479e-02
1.645000e+00 2.194100e-02
1.650000e+00 1.841339e-02
1.655000e+00 1.412297e-02
1.660000e+00 9.107957e-03
1.665000e+00 3.726000e-03
1.670000e+00 -1.654337e-03
1.675000e+00 -6.970139e-03
1.680000e+00 -1.217049e-02
1.685000e+00 -1.681034e-02
1.690000e+00 -2.069260e-02
1.695000e+00 -2.387918e-02
1.700000e+00 -2.603528e-02
1.705000e+00 -2.708160e-02
1.710000e+00 -2.725910e-02
1.715000e+00 -2.630451e-02
1.720000e+00 -2.408657e-02
1.725000e+00 -2.101989e-02
1.730000e+00 -1.723673e-02
1.735000e+00 -1.266248e-02
1.740000e+00 -7.539611e-03
1.745000e+00 -2.160503e-03
1.750000e+00 3.266420e-03
1.755000e+00 8.585434e-03
1.760000e+00 1.359787e-02
1.765000e+00 1.806158e-02
1.770000e+00 2.179773e-02
1.775000e+00 2.464295e-02
1.780000e+00 2.649894e-02
1.785000e+00 2.737291e-02
1.790000e+00 2.711304e-02
1.795000e+00 2.564871e-02
1.800000e+00 2.333391e-02
1.805000e+00 2.011521e-02
1.810000e+00 1.590316e-02
1.815000e+00 1.116743e-02
1.820000e+00 6.040375e-03
1.825000e+00 5.655139e-04
1.830000e+00 -4.909067e-03
1.835000e+00 -1.014243e-02
1.840000e+00 -1.500002e-02
1.845000e+00 -1.927095e-02
1.850000e+00 -2.273068e-02
1.855000e+00 -2.530289e-02
1.860000e+00 -2.689154e-02
1.865000e+00 -2.738730e-02
1.870000e+00 -2.678989e-02
1.875000e+00 -2.513455e-02
1.880000e+00 -2.246128e-02
1.885000e+00 -1.891536e-02
1.890000e+00 -1.461417e-02
1.895000e+00 -9.658566e-03
1.900000e+00 -4.427502e-03
1.905000e+00 9.638105e-04
1.910000e+00 6.470409e-03
1.915000e+00 1.161205e-02
1.920000e+00 1.627439e-02
1.925000e+00 2.040012e-02
1.930000e+00 2.362411e-02
1.935000e+00 2.591660e-02
1.940000e+00 2.722368e-02
1.945000e+00 2.737959e-02
1.950000e+00 2.644092e-02
1.955000e+00 2.449003e-02
1.960000e+00 2.156041e-02
1.965000e+00 1.774630e-02
1.970000e+00 1.325300e-02
1.975000e+00 8.220193e-03
1.980000e+00 2.819710e-03
1.985000e+00 -2.641110e-03
1.990000e+00 -7.997699e-03
1.995000e+00 -1.308629e-02
2 -1.761949e-02
2.005000e+00 -2.143604e-02
2.010000e+00 -2.440288e-02
2.015000e+00 -2.641753e-02
2.020000e+00 -2.739560e-02
2.025000e+00 -2.723407e-02
2.030000e+00 -2.602428e-02
2.035000e+00 -2.378131e-02
2.040000e+00 -2.052887e-02
2.045000e+00 -1.651465e-02
2.050000e+00 -1.184086e-02
2.055000e+00 -6.637459e-03
2.060000e+00 -1.243900e-03
2.065000e+00 4.199573e-03
2.070000e+00 9.542006e-03
2.075000e+00 1.445528e-02
2.080000e+00 1.879417e-02
2.085000e+00 2.242189e-02
2.090000e+00 2.512669e-02
2.095000e+00 2.682021e-02
2.100000e+00 2.747600e-02
2.105000e+00 2.700249e-02
2.110000e+00 2.544297e-02
2.115000e+00 2.292601e-02
2.120000e+00 1.946330e-02
2.125000e+00 1.522896e-02
2.130000e+00 1.039240e-02
2.135000e+00 5.111790e-03
2.140000e+00 -3.377197e-04
2.145000e+00 -5.799389e-03
2.150000e+00 -1.102019e-02
2.155000e+00 -1.579014e-02
2.160000e+00 -1.995487e-02
2.165000e+00 -2.327791e-02
2.170000e+00 -2.571332e-02
2.175000e+00 -2.712685e-02
2.180000e+00 -2.742585e-02
2.185000e+00 -2.670191e-02
2.190000e+00 -2.484969e-02
2.195000e+00 -2.198080e-02
2.200000e+00 -1.832418e-02
2.205000e+00 -1.386605e-02
2.210000e+00 -8.861041e-03
2.215000e+00 -3.558154e-03
2.220000e+00 1.944402e-03
2.225000e+00 7.345533e-03
2.230000e+00 1.243410e-02
2.235000e+00 1.706245e-02
2.240000e+00 2.100854e-02
2.245000e+00 2.410809e-02
2.250000e+00 2.624757e-02
2.255000e+00 2.732251e-02
2.260000e+00 2.731032e-02
2.265000e+00 2.624836e-02
2.270000e+00 2.409510e-02
2.275000e+00 2.099007e-02
2.280000e+00 1.709885e-02
2.285000e+00 1.246193e-02
2.290000e+00 7.371841e-03
2.295000e+00 1.976146e-03
2.300000e+00 -3.550039e-03
2.305000e+00 -8.860980e-03
2.310000e+00 -1.385040e-02
2.315000e+00 -1.828294e-02
2.320000e+00 -2.198953e-02
2.325000e+00 -2.483323e-02
2.330000e+00 -2.666151e-02
2.335000e+00 -2.748275e-02
2.340000e+00 -2.719336e-02
2.345000e+00 -2.583913e-02
2.350000e+00 -2.345859e-02
2.355000e+00 -2.011169e-02
2.360000e+00 -1.599618e-02
2.365000e+00 -1.118354e-02
2.370000e+00 -5.927288e-03
2.375000e+00 -4.530985e-04
2.380000e+00 5.133163e-03
2.385000e+00 1.048530e-02
2.390000e+00 1.538408e-02
2.395000e+00 1.969533e-02
2.400000e+00 2.315189e-02
2.405000e+00 2.559223e-02
2.410000e+00 2.688071e-02
2.415000e+00 2.688905e-02
2.420000e+00 2.555701e-02
2.425000e+00 2.287142e-02
2.430000e+00 1.888240e-02
2.435000e+00 1.374327e-02
2.440000e+00 7.732647e-03
2.445000e+00 1.198197e-03
2.450000e+00 -5.423227e-03
2.455000e+00 -1.171086e-02
2.460000e+00 -1.735781e-02
2.465000e+00 -2.209628e-02
2.470000e+00 -2.578761e-02
2.475000e+00 -2.842356e-02
2.480000e+00 -2.999232e-02
2.485000e+00 -3.042810e-02
2.490000e+00 -2.961721e-02
2.495000e+00 -2.744812e-02
2.500000e+00 -2.381819e-02
2.505000e+00 -1.874784e-02
2.510000e+00 -1.245748e-02
2.515000e+00 -5.227173e-03
2.520000e+00 2.451971e-03
2.525000e+00 1.001525e-02
2.530000e+00 1.711552e-02
2.535000e+00 2.339966e-02
2.540000e+00 2.861192e-02
2.545000e+00 3.261674e-02
2.550000e+00 3.527610e-02
2.555000e+00 3.651223e-02
2.560000e+00 3.631370e-02
2.565000e+00 3.471232e-02
2.570000e+00 3.184584e-02
2.575000e+00 2.789129e-02
2.580000e+00 2.287967e-02
2.585000e+00 1.694284e-02
2.590000e+00 1.021408e-02
2.595000e+00 2.831558e-03
2.600000e+00 -4.773451e-03
2.605000e+00 -1.213484e-02
2.610000e+00 -1.885582e-02
2.615000e+00 -2.469474e-02
2.620000e+00 -2.956339e-02
2.625000e+00 -3.339308e-02
2.630000e+00 -3.609571e-02
2.635000e+00 -3.739514e-02
2.640000e+00 -3.702885e-02
2.645000e+00 -3.499118e-02
2.650000e+00 -3.142211e-02
2.655000e+00 -2.665402e-02
2.660000e+00 -2.109959e-02
2.665000e+00 -1.490071e-02
2.670000e+00 -8.101686e-03
2.675000e+00 -8.234460e-04
2.680000e+00 6.715567e-03
2.685000e+00 1.405088e-02
2.690000e+00 2.072072e-02
2.695000e+00 2.640197e-02
2.700000e+00 3.094593e-02
2.705000e+00 3.433824e-02
2.710000e+00 3.649115e-02
2.715000e+00 3.726102e-02
2.720000e+00 3.651331e-02
2.725000e+00 3.425241e-02
2.730000e+00 3.055117e-02
2.735000e+00 2.559478e-02
2.740000e+00 1.967851e-02
2.745000e+00 1.301339e-02
2.750000e+00 5.855238e-03
2.755000e+00 -1.569393e-03
2.760000e+00 -8.937404e-03
2.765000e+00 -1.593507e-02
2.770000e+00 -2.236420e-02
2.775000e+00 -2.786204e-02
2.780000e+00 -3.225885e-02
2.785000e+00 -3.539145e-02
2.790000e+00 -3.704305e-02
2.795000e+00 -3.724604e-02
2.800000e+00 -3.597545e-02
2.805000e+00 -3.326501e-02
2.810000e+00 -2.927822e-02
2.815000e+00 -2.409463e-02
2.820000e+00 -1.791385e-02
2.825000e+00 -1.103742e-02
2.830000e+00 -3.728197e-03
2.835000e+00 3.717519e-03
2.840000e+00 1.105439e-02
2.845000e+00 1.797337e-02
2.850000e+00 2.411846e-02
2.855000e+00 2.927397e-02
2.860000e+00 3.331865e-02
2.865000e+00 3.608365e-02
2.870000e+00 3.736392e-02
2.875000e+00 3.715665e-02
2.880000e+00 3.550140e-02
2.885000e+00 3.234735e-02
2.890000e+00 2.786896e-02
2.895000e+00 2.238471e-02
2.900000e+00 1.609948e-02
2.905000e+00 9.069646e-03
2.910000e+00 1.532516e-03
2.915000e+00 -5.991667e-03
2.920000e+00 -1.317968e-02
2.925000e+00 -1.982528e-02
2.930000e+00 -2.571387e-02
2.935000e+00 -3.068922e-02
2.940000e+00 -3.448284e-02
2.945000e+00 -3.679003e-02
2.950000e+00 -3.751123e-02
2.955000e+00 -3.678605e-02
2.960000e+00 -3.473249e-02
2.965000e+00 -3.134545e-02
2.970000e+00 -2.663221e-02
2.975000e+00 -2.072591e-02
2.980000e+00 -1.393910e-02
2.985000e+00 -6.717515e-03
2.990000e+00 5.695485e-04
2.995000e+00 7.903683e-03
3 1.523453e-02
