T X
0 0
5.000000e-03 5.940685e-09
1.000000e-02 3.854717e-09
1.500000e-02 2.219283e-07
2.000000e-02 2.393425e-06
2.500000e-02 1.644277e-05
3.000000e-02 8.316228e-05
3.500000e-02 3.205382e-04
4.000000e-02 9.622432e-04
4.500000e-02 2.276254e-03
5.000000e-02 4.279591e-03
5.500000e-02 6.478903e-03
6.000000e-02 8.134428e-03
6.500000e-02 9.014045e-03
7.000000e-02 9.598116e-03
7.500000e-02 1.017673e-02
8.000000e-02 1.029785e-02
8.500000e-02 9.694972e-03
9.000000e-02 8.825961e-03
9.500000e-02 7.830658e-03
1.000000e-01 6.326516e-03
1.050000e-01 4.497101e-03
1.100000e-01 2.714859e-03
1.150000e-01 7.434639e-04
1.200000e-01 -1.362800e-03
1.250000e-01 -3.215664e-03
1.300000e-01 -4.998869e-03
1.350000e-01 -6.708703e-03
1.400000e-01 -8.026682e-03
1.450000e-01 -9.158017e-03
1.500000e-01 -1.001509e-02
1.550000e-01 -1.027632e-02
1.600000e-01 -1.017685e-02
1.650000e-01 -9.664474e-03
1.700000e-01 -8.692929e-03
1.750000e-01 -7.551289e-03
1.800000e-01 -6.044840e-03
1.850000e-01 -4.215599e-03
1.900000e-01 -2.280208e-03
1.950000e-01 -1.831272e-04
2.000000e-01 1.812784e-03
2.050000e-01 3.747726e-03
2.100000e-01 5.651400e-03
2.150000e-01 7.215640e-03
2.200000e-01 8.518810e-03
2.250000e-01 9.484171e-03
2.300000e-01 1.007048e-02
2.350000e-01 1.030775e-02
2.400000e-01 1.002395e-02
2.450000e-01 9.400567e-03
2.500000e-01 8.449061e-03
2.550000e-01 7.106267e-03
2.600000e-01 5.475281e-03
2.650000e-01 3.609797e-03
2.700000e-01 1.671234e-03
2.750000e-01 -3.879950e-04
2.800000e-01 -2.439992e-03
2.850000e-01 -4.334468e-03
2.900000e-01 -6.127017e-03
2.950000e-01 -7.652237e-03
3.000000e-01 -8.862093e-03
3.050000e-01 -9.706103e-03
3.100000e-01 -1.017304e-02
3.150000e-01 -1.024805e-02
3.200000e-01 -9.880764e-03
3.250000e-01 -9.174033e-03
3.300000e-01 -8.064140e-03
3.350000e-01 -6.625994e-03
3.400000e-01 -4.943443e-03
3.450000e-01 -3.049505e-03
3.500000e-01 -1.046897e-03
3.550000e-01 1.002353e-03
3.600000e-01 2.992451e-03
3.650000e-01 4.920884e-03
3.700000e-01 6.612524e-03
3.750000e-01 8.016812e-03
3.800000e-01 9.153418e-03
3.850000e-01 9.879319e-03
3.900000e-01 1.022518e-02
3.950000e-01 1.018717e-02
4.000000e-01 9.723746e-03
4.050000e-01 8.858795e-03
4.100000e-01 7.668734e-03
4.150000e-01 6.149508e-03
4.200000e-01 4.383280e-03
4.250000e-01 2.491230e-03
4.300000e-01 4.498677e-04
4.350000e-01 -1.613908e-03
4.400000e-01 -3.578849e-03
4.450000e-01 -5.417107e-03
4.500000e-01 -7.055318e-03
4.550000e-01 -8.391271e-03
4.600000e-01 -9.385142e-03
4.650000e-01 -1.002627e-02
4.700000e-01 -1.025928e-02
4.750000e-01 -1.008865e-02
4.800000e-01 -9.506493e-03
4.850000e-01 -8.541726e-03
4.900000e-01 -7.251899e-03
4.950000e-01 -5.656186e-03
5.000000e-01 -3.847376e-03
5.050000e-01 -1.894271e-03
5.100000e-01 1.539553e-04
5.150000e-01 2.186949e-03
5.200000e-01 4.144104e-03
5.250000e-01 5.941044e-03
5.300000e-01 7.458019e-03
5.350000e-01 8.710420e-03
5.400000e-01 9.625063e-03
5.450000e-01 1.013493e-02
5.500000e-01 1.026385e-02
5.550000e-01 9.950038e-03
5.600000e-01 9.262448e-03
5.650000e-01 8.194659e-03
5.700000e-01 6.794165e-03
5.750000e-01 5.167104e-03
5.800000e-01 3.292081e-03
5.850000e-01 1.295406e-03
5.900000e-01 -7.614153e-04
5.950000e-01 -2.785206e-03
6.000000e-01 -4.676866e-03
6.050000e-01 -6.391854e-03
6.100000e-01 -7.863949e-03
6.150000e-01 -9.021802e-03
6.200000e-01 -9.810363e-03
6.250000e-01 -1.023110e-02
6.300000e-01 -1.020093e-02
6.350000e-01 -9.779620e-03
6.400000e-01 -8.993473e-03
6.450000e-01 -7.828499e-03
6.500000e-01 -6.363851e-03
6.550000e-01 -4.623378e-03
6.600000e-01 -2.704296e-03
6.650000e-01 -6.719043e-04
6.700000e-01 1.391604e-03
6.750000e-01 3.376775e-03
6.800000e-01 5.240742e-03
6.850000e-01 6.899004e-03
6.900000e-01 8.273300e-03
6.950000e-01 9.314258e-03
7.000000e-01 9.979576e-03
7.050000e-01 1.024446e-02
7.100000e-01 1.010403e-02
7.150000e-01 9.571079e-03
7.200000e-01 8.654837e-03
7.250000e-01 7.393900e-03
7.300000e-01 5.863565e-03
7.350000e-01 4.072892e-03
7.400000e-01 2.111274e-03
7.450000e-01 1.072806e-04
7.500000e-01 -1.937526e-03
7.550000e-01 -3.902889e-03
7.600000e-01 -5.711981e-03
7.650000e-01 -7.300791e-03
7.700000e-01 -8.585836e-03
7.750000e-01 -9.557542e-03
7.800000e-01 -1.010006e-02
7.850000e-01 -1.026125e-02
7.900000e-01 -1.002322e-02
7.950000e-01 -9.368067e-03
8.000000e-01 -8.369572e-03
8.050000e-01 -6.992362e-03
8.100000e-01 -5.358299e-03
8.150000e-01 -3.510380e-03
8.200000e-01 -1.526564e-03
8.250000e-01 5.078494e-04
8.300000e-01 2.537377e-03
8.350000e-01 4.443876e-03
8.400000e-01 6.213876e-03
8.450000e-01 7.712910e-03
8.500000e-01 8.889422e-03
8.550000e-01 9.726909e-03
8.600000e-01 1.016619e-02
8.650000e-01 1.022838e-02
8.700000e-01 9.868451e-03
8.750000e-01 9.113733e-03
8.800000e-01 7.987436e-03
8.850000e-01 6.542280e-03
8.900000e-01 4.852957e-03
8.950000e-01 2.959537e-03
9.000000e-01 9.631150e-04
9.050000e-01 -1.088493e-03
9.100000e-01 -3.108568e-03
9.150000e-01 -4.992838e-03
9.200000e-01 -6.674641e-03
9.250000e-01 -8.085823e-03
9.300000e-01 -9.181529e-03
9.350000e-01 -9.917491e-03
9.400000e-01 -1.025261e-02
9.450000e-01 -1.018116e-02
9.500000e-01 -9.697318e-03
9.550000e-01 -8.811515e-03
9.600000e-01 -7.592706e-03
9.650000e-01 -6.075945e-03
9.700000e-01 -4.306113e-03
9.750000e-01 -2.368681e-03
9.800000e-01 -3.431217e-04
9.850000e-01 1.706906e-03
9.900000e-01 3.686491e-03
9.950000e-01 5.502550e-03
1 7.114320e-03
1.005000e+00 8.435943e-03
1.010000e+00 9.421078e-03
1.015000e+00 1.004699e-02
1.020000e+00 1.026035e-02
1.025000e+00 1.006085e-02
1.030000e+00 9.467570e-03
1.035000e+00 8.498166e-03
1.040000e+00 7.179038e-03
1.045000e+00 5.584112e-03
1.050000e+00 3.777054e-03
1.055000e+00 1.804683e-03
1.060000e+00 -2.505502e-04
1.065000e+00 -2.291278e-03
1.070000e+00 -4.219672e-03
1.075000e+00 -5.999796e-03
1.080000e+00 -7.535726e-03
1.085000e+00 -8.765087e-03
1.090000e+00 -9.667093e-03
1.095000e+00 -1.016768e-02
1.100000e+00 -1.026493e-02
1.105000e+00 -9.936643e-03
1.110000e+00 -9.218075e-03
1.115000e+00 -8.145936e-03
1.120000e+00 -6.745268e-03
1.125000e+00 -5.078649e-03
1.130000e+00 -3.186695e-03
1.135000e+00 -1.178410e-03
1.140000e+00 8.642025e-04
1.145000e+00 2.873434e-03
1.150000e+00 4.765076e-03
1.155000e+00 6.469284e-03
1.160000e+00 7.923971e-03
1.165000e+00 9.071778e-03
1.170000e+00 9.840968e-03
1.175000e+00 1.021205e-02
1.180000e+00 1.018328e-02
1.185000e+00 9.762482e-03
1.190000e+00 8.949759e-03
1.195000e+00 7.773101e-03
1.200000e+00 6.287637e-03
1.205000e+00 4.534316e-03
1.210000e+00 2.607054e-03
1.215000e+00 5.926960e-04
1.220000e+00 -1.432616e-03
1.225000e+00 -3.378335e-03
1.230000e+00 -5.152298e-03
1.235000e+00 -6.702341e-03
1.240000e+00 -7.986303e-03
1.245000e+00 -9.062236e-03
1.250000e+00 -1.003175e-02
1.255000e+00 -1.097210e-02
1.260000e+00 -1.200405e-02
1.265000e+00 -1.306724e-02
1.270000e+00 -1.401035e-02
1.275000e+00 -1.459349e-02
1.280000e+00 -1.454036e-02
1.285000e+00 -1.373917e-02
1.290000e+00 -1.217251e-02
1.295000e+00 -1.006285e-02
1.300000e+00 -7.676101e-03
1.305000e+00 -5.175117e-03
1.310000e+00 -2.645644e-03
1.315000e+00 8.653684e-06
1.320000e+00 2.796257e-03
1.325000e+00 5.685151e-03
1.330000e+00 8.553912e-03
1.335000e+00 1.124041e-02
1.340000e+00 1.376361e-02
1.345000e+00 1.614970e-02
1.350000e+00 1.847174e-02
1.355000e+00 2.059919e-02
1.360000e+00 2.209127e-02
1.365000e+00 2.255595e-02
1.370000e+00 2.183297e-02
1.375000e+00 2.000083e-02
1.380000e+00 1.726666e-02
1.385000e+00 1.394849e-02
1.390000e+00 1.038513e-02
1.395000e+00 6.565741e-03
1.400000e+00 2.297297e-03
1.405000e+00 -2.196292e-03
1.410000e+00 -6.436393e-03
1.415000e+00 -1.034710e-02
1.420000e+00 -1.412547e-02
1.425000e+00 -1.738967e-02
1.430000e+00 -1.956810e-02
1.435000e+00 -2.082506e-02
1.440000e+00 -2.154313e-02
1.445000e+00 -2.170024e-02
1.450000e+00 -2.103818e-02
1.455000e+00 -1.943046e-02
1.460000e+00 -1.681687e-02
1.465000e+00 -1.338452e-02
1.470000e+00 -9.618437e-03
1.475000e+00 -5.612871e-03
1.480000e+00 -1.309819e-03
1.485000e+00 3.104247e-03
1.490000e+00 7.423272e-03
1.495000e+00 1.146916e-02
1.500000e+00 1.494857e-02
1.505000e+00 1.776871e-02
1.510000e+00 1.997084e-02
1.515000e+00 2.142021e-02
1.520000e+00 2.209966e-02
1.525000e+00 2.189320e-02
1.530000e+00 2.055591e-02
1.535000e+00 1.827674e-02
1.540000e+00 1.560935e-02
1.545000e+00 1.257779e-02
1.550000e+00 8.800504e-03
1.555000e+00 4.331625e-03
1.560000e+00 -2.877646e-04
1.565000e+00 -4.491025e-03
1.570000e+00 -8.452745e-03
1.575000e+00 -1.246156e-02
1.580000e+00 -1.596331e-02
1.585000e+00 -1.856403e-02
1.590000e+00 -2.053437e-02
1.595000e+00 -2.178933e-02
1.600000e+00 -2.202522e-02
1.605000e+00 -2.139708e-02
1.610000e+00 -2.000596e-02
1.615000e+00 -1.781683e-02
1.620000e+00 -1.486498e-02
1.625000e+00 -1.131267e-02
1.630000e+00 -7.370415e-03
1.635000e+00 -3.056753e-03
1.640000e+00 1.379406e-03
1.645000e+00 5.612969e-03
1.650000e+00 9.715058e-03
1.655000e+00 1.359593e-02
1.660000e+00 1.678815e-02
1.665000e+00 1.924366e-02
1.670000e+00 2.102921e-02
1.675000e+00 2.192663e-02
1.680000e+00 2.199836e-02
1.685000e+00 2.122335e-02
1.690000e+00 1.945413e-02
1.695000e+00 1.695398e-02
1.700000e+00 1.391973e-02
1.705000e+00 1.024984e-02
1.710000e+00 6.048158e-03
1.715000e+00 1.696260e-03
1.720000e+00 -2.612694e-03
1.725000e+00 -6.937709e-03
1.730000e+00 -1.102489e-02
1.735000e+00 -1.457382e-02
1.740000e+00 -1.759244e-02
1.745000e+00 -1.988818e-02
1.750000e+00 -2.135660e-02
1.755000e+00 -2.206957e-02
1.760000e+00 -2.178701e-02
1.765000e+00 -2.067015e-02
1.770000e+00 -1.884132e-02
1.775000e+00 -1.609479e-02
1.780000e+00 -1.276265e-02
1.785000e+00 -9.023295e-03
1.790000e+00 -4.822430e-03
1.795000e+00 -4.160417e-04
1.800000e+00 3.905734e-03
1.805000e+00 8.116993e-03
1.810000e+00 1.209677e-02
1.815000e+00 1.549506e-02
1.820000e+00 1.825489e-02
1.825000e+00 2.037797e-02
1.830000e+00 2.163077e-02
1.835000e+00 2.201198e-02
1.840000e+00 2.157581e-02
1.845000e+00 2.020720e-02
1.850000e+00 1.806363e-02
1.855000e+00 1.522199e-02
1.860000e+00 1.173005e-02
1.865000e+00 7.839260e-03
1.870000e+00 3.567865e-03
1.875000e+00 -8.260655e-04
1.880000e+00 -5.104417e-03
1.885000e+00 -9.316709e-03
1.890000e+00 -1.310088e-02
1.895000e+00 -1.630326e-02
1.900000e+00 -1.896193e-02
1.905000e+00 -2.080242e-02
1.910000e+00 -2.178626e-02
1.915000e+00 -2.199076e-02
1.920000e+00 -2.127895e-02
1.925000e+00 -1.967524e-02
1.930000e+00 -1.734825e-02
1.935000e+00 -1.429746e-02
1.940000e+00 -1.066672e-02
1.945000e+00 -6.680938e-03
1.950000e+00 -2.379135e-03
1.955000e+00 2.048714e-03
1.960000e+00 6.352910e-03
1.965000e+00 1.045826e-02
1.970000e+00 1.412142e-02
1.975000e+00 1.718665e-02
1.980000e+00 1.962057e-02
1.985000e+00 2.125732e-02
1.990000e+00 2.207127e-02
1.995000e+00 2.193996e-02
2 2.093278e-02
2.005000e+00 1.915545e-02
2.010000e+00 1.652393e-02
2.015000e+00 1.331248e-02
2.020000e+00 9.599156e-03
2.025000e+00 5.386206e-03
2.030000e+00 1.032423e-03
2.035000e+00 -3.328017e-03
2.040000e+00 -7.637683e-03
2.045000e+00 -1.157466e-02
2.050000e+00 -1.504720e-02
2.055000e+00 -1.803237e-02
2.060000e+00 -2.020667e-02
2.065000e+00 -2.158565e-02
2.070000e+00 -2.214556e-02
2.075000e+00 -2.173680e-02
2.080000e+00 -2.053666e-02
2.085000e+00 -1.849417e-02
2.090000e+00 -1.568840e-02
2.095000e+00 -1.228777e-02
2.100000e+00 -8.365009e-03
2.105000e+00 -4.151324e-03
2.110000e+00 2.648218e-04
2.115000e+00 4.653582e-03
2.120000e+00 8.837732e-03
2.125000e+00 1.272389e-02
2.130000e+00 1.604431e-02
2.135000e+00 1.876070e-02
2.140000e+00 2.072963e-02
2.145000e+00 2.183070e-02
2.150000e+00 2.213105e-02
2.155000e+00 2.148260e-02
2.160000e+00 1.997375e-02
2.165000e+00 1.773899e-02
2.170000e+00 1.472224e-02
2.175000e+00 1.114616e-02
2.180000e+00 7.142457e-03
2.185000e+00 2.797725e-03
2.190000e+00 -1.596984e-03
2.195000e+00 -5.926356e-03
2.200000e+00 -1.005827e-02
2.205000e+00 -1.374853e-02
2.210000e+00 -1.692141e-02
2.215000e+00 -1.943902e-02
2.220000e+00 -2.112966e-02
2.225000e+00 -2.199198e-02
2.230000e+00 -2.198013e-02
2.235000e+00 -2.110429e-02
2.240000e+00 -1.938716e-02
2.245000e+00 -1.687900e-02
2.250000e+00 -1.370650e-02
2.255000e+00 -9.952369e-03
2.260000e+00 -5.842369e-03
2.265000e+00 -1.524127e-03
2.270000e+00 2.882563e-03
2.275000e+00 7.175174e-03
2.280000e+00 1.118901e-02
2.285000e+00 1.474180e-02
2.290000e+00 1.772616e-02
2.295000e+00 1.996500e-02
2.300000e+00 2.140560e-02
2.305000e+00 2.206867e-02
2.310000e+00 2.179790e-02
2.315000e+00 2.064762e-02
2.320000e+00 1.870737e-02
2.325000e+00 1.596621e-02
2.330000e+00 1.263001e-02
2.335000e+00 8.807000e-03
2.340000e+00 4.606432e-03
2.345000e+00 2.383085e-04
2.350000e+00 -4.168539e-03
2.355000e+00 -8.377924e-03
2.360000e+00 -1.224903e-02
2.365000e+00 -1.565119e-02
2.370000e+00 -1.840110e-02
2.375000e+00 -2.045304e-02
2.380000e+00 -2.169116e-02
2.385000e+00 -2.203332e-02
2.390000e+00 -2.151873e-02
2.395000e+00 -2.014968e-02
2.400000e+00 -1.795334e-02
2.405000e+00 -1.506129e-02
2.410000e+00 -1.158194e-02
2.415000e+00 -7.594082e-03
2.420000e+00 -3.347385e-03
2.425000e+00 1.026144e-03
2.430000e+00 5.400507e-03
2.435000e+00 9.525839e-03
2.440000e+00 1.328799e-02
2.445000e+00 1.651775e-02
2.450000e+00 1.907499e-02
2.455000e+00 2.088500e-02
2.460000e+00 2.183807e-02
2.465000e+00 2.192167e-02
2.470000e+00 2.112411e-02
2.475000e+00 1.942147e-02
2.480000e+00 1.698100e-02
2.485000e+00 1.389287e-02
2.490000e+00 1.023618e-02
2.495000e+00 6.231532e-03
2.500000e+00 1.960618e-03
2.505000e+00 -2.390444e-03
2.510000e+00 -6.608528e-03
2.515000e+00 -1.058209e-02
2.520000e+00 -1.408445e-02
2.525000e+00 -1.700506e-02
2.530000e+00 -1.925416e-02
2.535000e+00 -2.068824e-02
2.540000e+00 -2.135314e-02
2.545000e+00 -2.128890e-02
2.550000e+00 -2.065555e-02
2.555000e+00 -1.964125e-02
2.560000e+00 -1.826410e-02
2.565000e+00 -1.662812e-02
2.570000e+00 -1.467867e-02
2.575000e+00 -1.230684e-02
2.580000e+00 -9.507087e-03
2.585000e+00 -6.218982e-03
2.590000e+00 -2.533504e-03
2.595000e+00 1.380129e-03
2.600000e+00 5.256912e-03
2.605000e+00 8.783744e-03
2.610000e+00 1.180346e-02
2.615000e+00 1.418542e-02
2.620000e+00 1.601519e-02
2.625000e+00 1.744658e-02
2.630000e+00 1.846958e-02
2.635000e+00 1.916621e-02
2.640000e+00 1.949898e-02
2.645000e+00 1.937180e-02
2.650000e+00 1.879138e-02
2.655000e+00 1.774247e-02
2.660000e+00 1.623685e-02
2.665000e+00 1.417628e-02
2.670000e+00 1.148202e-02
2.675000e+00 8.129652e-03
2.680000e+00 4.195312e-03
2.685000e+00 -4.437695e-05
2.690000e+00 -4.230594e-03
2.695000e+00 -7.983364e-03
2.700000e+00 -1.113651e-02
2.705000e+00 -1.374564e-02
2.710000e+00 -1.592044e-02
2.715000e+00 -1.765580e-02
2.720000e+00 -1.878714e-02
2.725000e+00 -1.915910e-02
2.730000e+00 -1.865702e-02
2.735000e+00 -1.723036e-02
2.740000e+00 -1.510525e-02
2.745000e+00 -1.261327e-02
2.750000e+00 -9.800484e-03
2.755000e+00 -6.631647e-03
2.760000e+00 -3.149214e-03
2.765000e+00 5.776859e-04
2.770000e+00 4.406938e-03
2.775000e+00 8.152073e-03
2.780000e+00 1.153428e-02
2.785000e+00 1.432471e-02
2.790000e+00 1.644830e-02
2.795000e+00 1.788516e-02
2.800000e+00 1.863921e-02
2.805000e+00 1.876642e-02
2.810000e+00 1.817966e-02
2.815000e+00 1.681458e-02
2.820000e+00 1.479869e-02
2.825000e+00 1.215248e-02
2.830000e+00 8.990415e-03
2.835000e+00 5.464675e-03
2.840000e+00 1.743533e-03
2.845000e+00 -1.943625e-03
2.850000e+00 -5.558256e-03
2.855000e+00 -9.060477e-03
2.860000e+00 -1.223243e-02
2.865000e+00 -1.487132e-02
2.870000e+00 -1.690624e-02
2.875000e+00 -1.830181e-02
2.880000e+00 -1.891515e-02
2.885000e+00 -1.868637e-02
2.890000e+00 -1.785858e-02
2.895000e+00 -1.642041e-02
2.900000e+00 -1.413323e-02
2.905000e+00 -1.110722e-02
2.910000e+00 -7.843963e-03
2.915000e+00 -4.581984e-03
2.920000e+00 -9.634084e-04
2.925000e+00 3.011622e-03
2.930000e+00 6.856172e-03
2.935000e+00 1.019992e-02
2.940000e+00 1.300887e-02
2.945000e+00 1.540207e-02
2.950000e+00 1.731207e-02
2.955000e+00 1.862773e-02
2.960000e+00 1.915577e-02
2.965000e+00 1.870803e-02
2.970000e+00 1.747115e-02
2.975000e+00 1.570281e-02
2.980000e+00 1.334617e-02
2.985000e+00 1.041817e-02
2.990000e+00 7.097842e-03
2.995000e+00 3.411695e-03
3 -5.149995e-04
