T X
0 0
5.000000e-03 2.083779e-10
1.000000e-02 -3.974101e-11
1.500000e-02 -4.867827e-10
2.000000e-02 -3.834176e-10
2.500000e-02 -8.520250e-10
3.000000e-02 -2.272555e-09
3.500000e-02 -6.893082e-10
4.000000e-02 2.264725e-08
4.500000e-02 2.148326e-07
5.000000e-02 1.390384e-06
5.500000e-02 6.874158e-06
6.000000e-02 2.785105e-05
6.500000e-02 9.586794e-05
7.000000e-02 2.842817e-04
7.500000e-02 7.289924e-04
8.000000e-02 1.615658e-03
8.500000e-02 3.087766e-03
9.000000e-02 5.078192e-03
9.500000e-02 7.191701e-03
1.000000e-01 8.843742e-03
1.050000e-01 9.678374e-03
1.100000e-01 9.885232e-03
1.150000e-01 9.942176e-03
1.200000e-01 9.961004e-03
1.250000e-01 9.524399e-03
1.300000e-01 8.364077e-03
1.350000e-01 6.845631e-03
1.400000e-01 5.366023e-03
1.450000e-01 3.703118e-03
1.500000e-01 1.601872e-03
1.550000e-01 -5.357907e-04
1.600000e-01 -2.346143e-03
1.650000e-01 -4.134782e-03
1.700000e-01 -6.002233e-03
1.750000e-01 -7.444025e-03
1.800000e-01 -8.423366e-03
1.850000e-01 -9.372929e-03
1.900000e-01 -1.007478e-02
1.950000e-01 -1.014731e-02
2.000000e-01 -9.865547e-03
2.050000e-01 -9.283843e-03
2.100000e-01 -8.116248e-03
2.150000e-01 -6.675717e-03
2.200000e-01 -5.199114e-03
2.250000e-01 -3.353573e-03
2.300000e-01 -1.279321e-03
2.350000e-01 7.068996e-04
2.400000e-01 2.760435e-03
2.450000e-01 4.691309e-03
2.500000e-01 6.277565e-03
2.550000e-01 7.808284e-03
2.600000e-01 9.075813e-03
2.650000e-01 9.756878e-03
2.700000e-01 1.015221e-02
2.750000e-01 1.021825e-02
2.800000e-01 9.779253e-03
2.850000e-01 9.017451e-03
2.900000e-01 7.834202e-03
2.950000e-01 6.317592e-03
3.000000e-01 4.692663e-03
3.050000e-01 2.741494e-03
3.100000e-01 6.454615e-04
3.150000e-01 -1.314401e-03
3.200000e-01 -3.316813e-03
3.250000e-01 -5.227608e-03
3.300000e-01 -6.877330e-03
3.350000e-01 -8.255732e-03
3.400000e-01 -9.266976e-03
3.450000e-01 -1.000676e-02
3.500000e-01 -1.032574e-02
3.550000e-01 -1.010149e-02
3.600000e-01 -9.615728e-03
3.650000e-01 -8.757130e-03
3.700000e-01 -7.425805e-03
3.750000e-01 -5.860795e-03
3.800000e-01 -4.086179e-03
3.850000e-01 -2.124635e-03
3.900000e-01 -6.046607e-05
3.950000e-01 1.968437e-03
4.000000e-01 3.903853e-03
4.050000e-01 5.786858e-03
4.100000e-01 7.347663e-03
4.150000e-01 8.581805e-03
4.200000e-01 9.597913e-03
4.250000e-01 1.013927e-02
4.300000e-01 1.028016e-02
4.350000e-01 1.007147e-02
4.400000e-01 9.387504e-03
4.450000e-01 8.332943e-03
4.500000e-01 6.982097e-03
4.550000e-01 5.383401e-03
4.600000e-01 3.496589e-03
4.650000e-01 1.478535e-03
4.700000e-01 -5.146298e-04
4.750000e-01 -2.586541e-03
4.800000e-01 -4.510487e-03
4.850000e-01 -6.231772e-03
4.900000e-01 -7.777930e-03
4.950000e-01 -8.939353e-03
5.000000e-01 -9.775562e-03
5.050000e-01 -1.024658e-02
5.100000e-01 -1.025376e-02
5.150000e-01 -9.863131e-03
5.200000e-01 -9.122697e-03
5.250000e-01 -7.991860e-03
5.300000e-01 -6.509525e-03
5.350000e-01 -4.837050e-03
5.400000e-01 -2.918862e-03
5.450000e-01 -8.821817e-04
5.500000e-01 1.124742e-03
5.550000e-01 3.166603e-03
5.600000e-01 5.054872e-03
5.650000e-01 6.716440e-03
5.700000e-01 8.160650e-03
5.750000e-01 9.235792e-03
5.800000e-01 9.924877e-03
5.850000e-01 1.029649e-02
5.900000e-01 1.020274e-02
5.950000e-01 9.647680e-03
6.000000e-01 8.826123e-03
6.050000e-01 7.579221e-03
6.100000e-01 6.027368e-03
6.150000e-01 4.322931e-03
6.200000e-01 2.337623e-03
6.250000e-01 3.131007e-04
6.300000e-01 -1.694933e-03
6.350000e-01 -3.692881e-03
6.400000e-01 -5.519681e-03
6.450000e-01 -7.153928e-03
6.500000e-01 -8.493217e-03
6.550000e-01 -9.465861e-03
6.600000e-01 -1.008081e-02
6.650000e-01 -1.031494e-02
6.700000e-01 -1.011313e-02
6.750000e-01 -9.507654e-03
6.800000e-01 -8.510625e-03
6.850000e-01 -7.166205e-03
6.900000e-01 -5.568178e-03
6.950000e-01 -3.715611e-03
7.000000e-01 -1.733224e-03
7.050000e-01 3.271760e-04
7.100000e-01 2.410086e-03
7.150000e-01 4.332806e-03
7.200000e-01 6.085306e-03
7.250000e-01 7.630810e-03
7.300000e-01 8.832472e-03
7.350000e-01 9.710271e-03
7.400000e-01 1.018839e-02
7.450000e-01 1.022663e-02
7.500000e-01 9.911739e-03
7.550000e-01 9.177968e-03
7.600000e-01 8.111297e-03
7.650000e-01 6.707417e-03
7.700000e-01 5.019496e-03
7.750000e-01 3.158249e-03
7.800000e-01 1.137204e-03
7.850000e-01 -8.833978e-04
7.900000e-01 -2.917814e-03
7.950000e-01 -4.843150e-03
8.000000e-01 -6.545235e-03
8.050000e-01 -8.012457e-03
8.100000e-01 -9.137669e-03
8.150000e-01 -9.880663e-03
8.200000e-01 -1.026988e-02
8.250000e-01 -1.024221e-02
8.300000e-01 -9.755644e-03
8.350000e-01 -8.949214e-03
8.400000e-01 -7.729271e-03
8.450000e-01 -6.228500e-03
8.500000e-01 -4.499182e-03
8.550000e-01 -2.533064e-03
8.600000e-01 -5.330663e-04
8.650000e-01 1.531937e-03
8.700000e-01 3.518130e-03
8.750000e-01 5.354424e-03
8.800000e-01 6.990372e-03
8.850000e-01 8.343182e-03
8.900000e-01 9.358198e-03
8.950000e-01 1.000408e-02
9.000000e-01 1.026691e-02
9.050000e-01 1.010826e-02
9.100000e-01 9.554941e-03
9.150000e-01 8.625894e-03
9.200000e-01 7.335921e-03
9.250000e-01 5.761736e-03
9.300000e-01 3.983920e-03
9.350000e-01 1.980412e-03
9.400000e-01 -4.477432e-05
9.450000e-01 -2.100516e-03
9.500000e-01 -4.076766e-03
9.550000e-01 -5.852411e-03
9.600000e-01 -7.442003e-03
9.650000e-01 -8.686286e-03
9.700000e-01 -9.631820e-03
9.750000e-01 -1.015504e-02
9.800000e-01 -1.028683e-02
9.850000e-01 -1.000295e-02
9.900000e-01 -9.311338e-03
9.950000e-01 -8.284886e-03
1 -6.882434e-03
1.005000e+00 -5.234331e-03
1.010000e+00 -3.363759e-03
1.015000e+00 -1.354829e-03
1.020000e+00 6.817729e-04
1.025000e+00 2.696239e-03
1.030000e+00 4.609953e-03
1.035000e+00 6.340173e-03
1.040000e+00 7.822375e-03
1.045000e+00 8.971536e-03
1.050000e+00 9.769712e-03
1.055000e+00 1.020435e-02
1.060000e+00 1.022086e-02
1.065000e+00 9.832378e-03
1.070000e+00 9.058614e-03
1.075000e+00 7.900574e-03
1.080000e+00 6.442644e-03
1.085000e+00 4.735277e-03
1.090000e+00 2.827473e-03
1.095000e+00 8.035990e-04
1.100000e+00 -1.268045e-03
1.105000e+00 -3.264931e-03
1.110000e+00 -5.132452e-03
1.115000e+00 -6.805342e-03
1.120000e+00 -8.211601e-03
1.125000e+00 -9.274756e-03
1.130000e+00 -9.983126e-03
1.135000e+00 -1.027823e-02
1.140000e+00 -1.016059e-02
1.145000e+00 -9.651557e-03
1.150000e+00 -8.749128e-03
1.155000e+00 -7.501719e-03
1.160000e+00 -5.943842e-03
1.165000e+00 -4.175697e-03
1.170000e+00 -2.238677e-03
1.175000e+00 -2.065182e-04
1.180000e+00 1.910089e-03
1.185000e+00 3.971266e-03
1.190000e+00 5.948016e-03
1.195000e+00 7.720182e-03
1.200000e+00 9.047365e-03
1.205000e+00 9.798335e-03
1.210000e+00 9.664730e-03
1.215000e+00 8.584101e-03
1.220000e+00 6.592120e-03
1.225000e+00 3.943839e-03
1.230000e+00 1.078819e-03
1.235000e+00 -1.706827e-03
1.240000e+00 -4.181288e-03
1.245000e+00 -6.384017e-03
1.250000e+00 -8.394164e-03
1.255000e+00 -1.024490e-02
1.260000e+00 -1.190148e-02
1.265000e+00 -1.310491e-02
1.270000e+00 -1.364482e-02
1.275000e+00 -1.334510e-02
1.280000e+00 -1.252904e-02
1.285000e+00 -1.150229e-02
1.290000e+00 -1.005068e-02
1.295000e+00 -8.144765e-03
1.300000e+00 -6.006190e-03
1.305000e+00 -3.543726e-03
1.310000e+00 -4.704874e-04
1.315000e+00 2.465399e-03
1.320000e+00 4.671165e-03
1.325000e+00 6.829652e-03
1.330000e+00 9.303789e-03
1.335000e+00 1.132824e-02
1.340000e+00 1.250264e-02
1.345000e+00 1.317253e-02
1.350000e+00 1.330211e-02
1.355000e+00 1.299450e-02
1.360000e+00 1.239800e-02
1.365000e+00 1.119380e-02
1.370000e+00 9.629411e-03
1.375000e+00 8.296961e-03
1.380000e+00 7.126419e-03
1.385000e+00 6.082621e-03
1.390000e+00 5.283720e-03
1.395000e+00 4.435082e-03
1.400000e+00 3.378756e-03
1.405000e+00 2.192316e-03
1.410000e+00 6.241060e-04
1.415000e+00 -1.253051e-03
1.420000e+00 -3.020461e-03
1.425000e+00 -4.584802e-03
1.430000e+00 -5.731660e-03
1.435000e+00 -6.419570e-03
1.440000e+00 -6.977725e-03
1.445000e+00 -7.351087e-03
1.450000e+00 -7.448929e-03
1.455000e+00 -7.431687e-03
1.460000e+00 -7.006059e-03
1.465000e+00 -6.046979e-03
1.470000e+00 -4.765271e-03
1.475000e+00 -3.368340e-03
1.480000e+00 -2.178775e-03
1.485000e+00 -9.900326e-04
1.490000e+00 3.343437e-04
1.495000e+00 1.651972e-03
1.500000e+00 3.032799e-03
1.505000e+00 4.325892e-03
1.510000e+00 5.385837e-03
1.515000e+00 6.200199e-03
1.520000e+00 6.716889e-03
1.525000e+00 7.035556e-03
1.530000e+00 7.116901e-03
1.535000e+00 6.878892e-03
1.540000e+00 6.311155e-03
1.545000e+00 5.423399e-03
1.550000e+00 4.400328e-03
1.555000e+00 3.385373e-03
1.560000e+00 2.277641e-03
1.565000e+00 8.973455e-04
1.570000e+00 -7.002492e-04
1.575000e+00 -2.296265e-03
1.580000e+00 -3.510533e-03
1.585000e+00 -4.390958e-03
1.590000e+00 -5.316805e-03
1.595000e+00 -6.334615e-03
1.600000e+00 -7.066955e-03
1.605000e+00 -7.142738e-03
1.610000e+00 -6.909180e-03
1.615000e+00 -6.663639e-03
1.620000e+00 -6.207611e-03
1.625000e+00 -5.317228e-03
1.630000e+00 -4.165508e-03
1.635000e+00 -3.080463e-03
1.640000e+00 -1.819791e-03
1.645000e+00 -2.569698e-04
1.650000e+00 1.186305e-03
1.655000e+00 2.352187e-03
1.660000e+00 3.550791e-03
1.665000e+00 4.823274e-03
1.670000e+00 5.765167e-03
1.675000e+00 6.392816e-03
1.680000e+00 6.881713e-03
1.685000e+00 7.021477e-03
1.690000e+00 6.883968e-03
1.695000e+00 6.611116e-03
1.700000e+00 6.055623e-03
1.705000e+00 5.123986e-03
1.710000e+00 3.940890e-03
1.715000e+00 2.809674e-03
1.720000e+00 1.550541e-03
1.725000e+00 3.806444e-05
1.730000e+00 -1.384247e-03
1.735000e+00 -2.764610e-03
1.740000e+00 -4.014283e-03
1.745000e+00 -5.059060e-03
1.750000e+00 -6.020057e-03
1.755000e+00 -6.726042e-03
1.760000e+00 -7.062161e-03
1.765000e+00 -7.072238e-03
1.770000e+00 -6.996715e-03
1.775000e+00 -6.608993e-03
1.780000e+00 -5.738613e-03
1.785000e+00 -4.779949e-03
1.790000e+00 -3.729543e-03
1.795000e+00 -2.427117e-03
1.800000e+00 -9.764006e-04
1.805000e+00 4.188438e-04
1.810000e+00 1.823182e-03
1.815000e+00 3.200391e-03
1.820000e+00 4.366145e-03
1.825000e+00 5.425093e-03
1.830000e+00 6.205423e-03
1.835000e+00 6.750875e-03
1.840000e+00 7.191979e-03
1.845000e+00 7.106360e-03
1.850000e+00 6.774201e-03
1.855000e+00 6.401767e-03
1.860000e+00 5.554533e-03
1.865000e+00 4.480549e-03
1.870000e+00 3.399421e-03
1.875000e+00 2.046602e-03
1.880000e+00 5.481672e-04
1.885000e+00 -8.258704e-04
1.890000e+00 -2.204277e-03
1.895000e+00 -3.561837e-03
1.900000e+00 -4.720261e-03
1.905000e+00 -5.697325e-03
1.910000e+00 -6.500766e-03
1.915000e+00 -6.945654e-03
1.920000e+00 -7.071078e-03
1.925000e+00 -7.093427e-03
1.930000e+00 -6.754751e-03
1.935000e+00 -6.072453e-03
1.940000e+00 -5.217339e-03
1.945000e+00 -4.133077e-03
1.950000e+00 -2.923953e-03
1.955000e+00 -1.570945e-03
1.960000e+00 -1.482755e-04
1.965000e+00 1.233175e-03
1.970000e+00 2.634229e-03
1.975000e+00 3.927952e-03
1.980000e+00 4.951023e-03
1.985000e+00 5.900774e-03
1.990000e+00 6.643279e-03
1.995000e+00 6.983347e-03
2 7.170624e-03
2.005000e+00 7.044535e-03
2.010000e+00 6.560557e-03
2.015000e+00 5.939959e-03
2.020000e+00 5.021723e-03
2.025000e+00 3.812371e-03
2.030000e+00 2.559402e-03
2.035000e+00 1.199628e-03
2.040000e+00 -3.011725e-04
2.045000e+00 -1.672509e-03
2.050000e+00 -3.001869e-03
2.055000e+00 -4.313393e-03
2.060000e+00 -5.312834e-03
2.065000e+00 -6.133328e-03
2.070000e+00 -6.729496e-03
2.075000e+00 -7.076810e-03
2.080000e+00 -7.137002e-03
2.085000e+00 -6.857262e-03
2.090000e+00 -6.410086e-03
2.095000e+00 -5.581082e-03
2.100000e+00 -4.618072e-03
2.105000e+00 -3.542993e-03
2.110000e+00 -2.170443e-03
2.115000e+00 -7.832691e-04
2.120000e+00 6.367382e-04
2.125000e+00 2.049796e-03
2.130000e+00 3.309037e-03
2.135000e+00 4.466816e-03
2.140000e+00 5.565319e-03
2.145000e+00 6.324333e-03
2.150000e+00 6.817320e-03
2.155000e+00 7.138453e-03
2.160000e+00 7.055822e-03
2.165000e+00 6.794953e-03
2.170000e+00 6.285779e-03
2.175000e+00 5.394419e-03
2.180000e+00 4.369452e-03
2.185000e+00 3.156408e-03
2.190000e+00 1.797909e-03
2.195000e+00 4.572686e-04
2.200000e+00 -9.802386e-04
2.205000e+00 -2.432348e-03
2.210000e+00 -3.685807e-03
2.215000e+00 -4.822708e-03
2.220000e+00 -5.808536e-03
2.225000e+00 -6.517729e-03
2.230000e+00 -6.986796e-03
2.235000e+00 -7.218829e-03
2.240000e+00 -7.141252e-03
2.245000e+00 -6.680772e-03
2.250000e+00 -6.069608e-03
2.255000e+00 -5.207958e-03
2.260000e+00 -4.035872e-03
2.265000e+00 -2.845442e-03
2.270000e+00 -1.433702e-03
2.275000e+00 3.495546e-05
2.280000e+00 1.406345e-03
2.285000e+00 2.853859e-03
2.290000e+00 4.097184e-03
2.295000e+00 5.170013e-03
2.300000e+00 6.159783e-03
2.305000e+00 6.753039e-03
2.310000e+00 7.133697e-03
2.315000e+00 7.283844e-03
2.320000e+00 7.042198e-03
2.325000e+00 6.583687e-03
2.330000e+00 5.838189e-03
2.335000e+00 4.864229e-03
2.340000e+00 3.706170e-03
2.345000e+00 2.368309e-03
2.350000e+00 9.574455e-04
2.355000e+00 -4.905336e-04
2.360000e+00 -1.937106e-03
2.365000e+00 -3.265158e-03
2.370000e+00 -4.490569e-03
2.375000e+00 -5.563660e-03
2.380000e+00 -6.373600e-03
2.385000e+00 -6.945406e-03
2.390000e+00 -7.204984e-03
2.395000e+00 -7.188292e-03
2.400000e+00 -6.892784e-03
2.405000e+00 -6.334873e-03
2.410000e+00 -5.513517e-03
2.415000e+00 -4.462721e-03
2.420000e+00 -3.315484e-03
2.425000e+00 -1.997760e-03
2.430000e+00 -6.476051e-04
2.435000e+00 7.104522e-04
2.440000e+00 2.177807e-03
2.445000e+00 3.489614e-03
2.450000e+00 4.644265e-03
2.455000e+00 5.678532e-03
2.460000e+00 6.394776e-03
2.465000e+00 6.938010e-03
2.470000e+00 7.212714e-03
2.475000e+00 7.179148e-03
2.480000e+00 7.045932e-03
2.485000e+00 6.599271e-03
2.490000e+00 5.929982e-03
2.495000e+00 5.043438e-03
2.500000e+00 3.657863e-03
2.505000e+00 1.795635e-03
2.510000e+00 -5.349906e-04
2.515000e+00 -3.321751e-03
2.520000e+00 -6.424708e-03
2.525000e+00 -9.617207e-03
2.530000e+00 -1.256887e-02
2.535000e+00 -1.496234e-02
2.540000e+00 -1.653939e-02
2.545000e+00 -1.730429e-02
2.550000e+00 -1.732908e-02
2.555000e+00 -1.670441e-02
2.560000e+00 -1.569301e-02
2.565000e+00 -1.422253e-02
2.570000e+00 -1.219095e-02
2.575000e+00 -9.583801e-03
2.580000e+00 -6.449872e-03
2.585000e+00 -2.882987e-03
2.590000e+00 8.094210e-04
2.595000e+00 4.263342e-03
2.600000e+00 7.435913e-03
2.605000e+00 1.019518e-02
2.610000e+00 1.276941e-02
2.615000e+00 1.501949e-02
2.620000e+00 1.660974e-02
2.625000e+00 1.757319e-02
2.630000e+00 1.763843e-02
2.635000e+00 1.683667e-02
2.640000e+00 1.540282e-02
2.645000e+00 1.346570e-02
2.650000e+00 1.107077e-02
2.655000e+00 8.249070e-03
2.660000e+00 5.066159e-03
2.665000e+00 1.794291e-03
2.670000e+00 -1.302337e-03
2.675000e+00 -3.969301e-03
2.680000e+00 -5.814925e-03
2.685000e+00 -7.001410e-03
2.690000e+00 -7.581641e-03
2.695000e+00 -7.739202e-03
2.700000e+00 -7.730412e-03
2.705000e+00 -7.471430e-03
2.710000e+00 -6.971606e-03
2.715000e+00 -6.272952e-03
2.720000e+00 -5.461049e-03
2.725000e+00 -4.453633e-03
2.730000e+00 -3.248011e-03
2.735000e+00 -1.571885e-03
2.740000e+00 4.240612e-04
2.745000e+00 2.294814e-03
2.750000e+00 3.853041e-03
2.755000e+00 5.150337e-03
2.760000e+00 6.322164e-03
2.765000e+00 7.170338e-03
2.770000e+00 8.041481e-03
2.775000e+00 8.786950e-03
2.780000e+00 8.878176e-03
2.785000e+00 8.254945e-03
2.790000e+00 7.260410e-03
2.795000e+00 6.313910e-03
2.800000e+00 5.022588e-03
2.805000e+00 3.251699e-03
2.810000e+00 1.636177e-03
2.815000e+00 2.194077e-04
2.820000e+00 -1.280180e-03
2.825000e+00 -2.902801e-03
2.830000e+00 -4.672536e-03
2.835000e+00 -6.253805e-03
2.840000e+00 -7.361322e-03
2.845000e+00 -7.892821e-03
2.850000e+00 -8.193982e-03
2.855000e+00 -8.418368e-03
2.860000e+00 -8.271538e-03
2.865000e+00 -7.826555e-03
2.870000e+00 -7.063453e-03
2.875000e+00 -5.921279e-03
2.880000e+00 -4.510685e-03
2.885000e+00 -3.056243e-03
2.890000e+00 -1.429159e-03
2.895000e+00 4.251723e-04
2.900000e+00 2.104343e-03
2.905000e+00 3.692872e-03
2.910000e+00 5.263251e-03
2.915000e+00 6.451354e-03
2.920000e+00 7.306798e-03
2.925000e+00 8.033735e-03
2.930000e+00 8.485299e-03
2.935000e+00 8.566782e-03
2.940000e+00 8.297761e-03
2.945000e+00 7.576231e-03
2.950000e+00 6.488017e-03
2.955000e+00 5.349246e-03
2.960000e+00 3.983596e-03
2.965000e+00 2.439464e-03
2.970000e+00 8.980176e-04
2.975000e+00 -8.932339e-04
2.980000e+00 -2.762510e-03
2.985000e+00 -4.302323e-03
2.990000e+00 -5.510480e-03
2.995000e+00 -6.644118e-03
3 -7.496542e-03
