T X
0 0
5.000000e-03 -1.123705e-11
1.000000e-02 3.954154e-12
1.500000e-02 -5.709491e-11
2.000000e-02 -8.565678e-11
2.500000e-02 3.149776e-10
3.000000e-02 3.340257e-09
3.500000e-02 2.552868e-08
4.000000e-02 1.612132e-07
4.500000e-02 9.074915e-07
5.000000e-02 4.443296e-06
5.500000e-02 1.869211e-05
6.000000e-02 6.749359e-05
6.500000e-02 2.095557e-04
7.000000e-02 5.606656e-04
7.500000e-02 1.294344e-03
8.000000e-02 2.578466e-03
8.500000e-02 4.429262e-03
9.000000e-02 6.562610e-03
9.500000e-02 8.430191e-03
1.000000e-01 9.552818e-03
1.050000e-01 9.918752e-03
1.100000e-01 9.956946e-03
1.150000e-01 9.974125e-03
1.200000e-01 9.731071e-03
1.250000e-01 8.825278e-03
1.300000e-01 7.364861e-03
1.350000e-01 5.816949e-03
1.400000e-01 4.247099e-03
1.450000e-01 2.337743e-03
1.500000e-01 1.721945e-04
1.550000e-01 -1.789812e-03
1.600000e-01 -3.531572e-03
1.650000e-01 -5.359267e-03
1.700000e-01 -7.092465e-03
1.750000e-01 -8.374304e-03
1.800000e-01 -9.365617e-03
1.850000e-01 -1.017404e-02
1.900000e-01 -1.042370e-02
1.950000e-01 -1.007273e-02
2.000000e-01 -9.479383e-03
2.050000e-01 -8.572305e-03
2.100000e-01 -7.204263e-03
2.150000e-01 -5.644104e-03
2.200000e-01 -3.898064e-03
2.250000e-01 -1.798046e-03
2.300000e-01 3.232062e-04
2.350000e-01 2.257395e-03
2.400000e-01 4.207481e-03
2.450000e-01 6.040558e-03
2.500000e-01 7.559374e-03
2.550000e-01 8.848743e-03
2.600000e-01 9.746454e-03
2.650000e-01 1.016157e-02
2.700000e-01 1.031236e-02
2.750000e-01 1.006044e-02
2.800000e-01 9.277821e-03
2.850000e-01 8.213867e-03
2.900000e-01 6.841448e-03
2.950000e-01 5.110565e-03
3.000000e-01 3.231920e-03
3.050000e-01 1.209758e-03
3.100000e-01 -8.678402e-04
3.150000e-01 -2.838639e-03
3.200000e-01 -4.793118e-03
3.250000e-01 -6.555540e-03
3.300000e-01 -7.948454e-03
3.350000e-01 -9.133000e-03
3.400000e-01 -9.963179e-03
3.450000e-01 -1.030372e-02
3.500000e-01 -1.029604e-02
3.550000e-01 -9.860889e-03
3.600000e-01 -9.015044e-03
3.650000e-01 -7.851940e-03
3.700000e-01 -6.332063e-03
3.750000e-01 -4.608809e-03
3.800000e-01 -2.695617e-03
3.850000e-01 -5.997701e-04
3.900000e-01 1.433822e-03
3.950000e-01 3.447749e-03
4.000000e-01 5.364275e-03
4.050000e-01 6.970624e-03
4.100000e-01 8.356932e-03
4.150000e-01 9.412334e-03
4.200000e-01 1.006557e-02
4.250000e-01 1.036155e-02
4.300000e-01 1.020198e-02
4.350000e-01 9.678473e-03
4.400000e-01 8.737184e-03
4.450000e-01 7.414290e-03
4.500000e-01 5.886586e-03
4.550000e-01 4.031861e-03
4.600000e-01 2.061600e-03
4.650000e-01 5.430503e-05
4.700000e-01 -2.069221e-03
4.750000e-01 -4.000402e-03
4.800000e-01 -5.812403e-03
4.850000e-01 -7.439546e-03
4.900000e-01 -8.685743e-03
4.950000e-01 -9.657743e-03
5.000000e-01 -1.019677e-02
5.050000e-01 -1.034878e-02
5.100000e-01 -1.009815e-02
5.150000e-01 -9.395085e-03
5.200000e-01 -8.413571e-03
5.250000e-01 -6.999933e-03
5.300000e-01 -5.333423e-03
5.350000e-01 -3.518266e-03
5.400000e-01 -1.456591e-03
5.450000e-01 5.750352e-04
5.500000e-01 2.618294e-03
5.550000e-01 4.583682e-03
5.600000e-01 6.308753e-03
5.650000e-01 7.832349e-03
5.700000e-01 9.009946e-03
5.750000e-01 9.853238e-03
5.800000e-01 1.027945e-02
5.850000e-01 1.031063e-02
5.900000e-01 9.967861e-03
5.950000e-01 9.156551e-03
6.000000e-01 8.061490e-03
6.050000e-01 6.590467e-03
6.100000e-01 4.844008e-03
6.150000e-01 2.960065e-03
6.200000e-01 8.660560e-04
6.250000e-01 -1.181281e-03
6.300000e-01 -3.209180e-03
6.350000e-01 -5.132323e-03
6.400000e-01 -6.794759e-03
6.450000e-01 -8.238091e-03
6.500000e-01 -9.318473e-03
6.550000e-01 -1.004072e-02
6.600000e-01 -1.035168e-02
6.650000e-01 -1.025067e-02
6.700000e-01 -9.734851e-03
6.750000e-01 -8.815393e-03
6.800000e-01 -7.595113e-03
6.850000e-01 -6.015380e-03
6.900000e-01 -4.246669e-03
6.950000e-01 -2.310836e-03
7.000000e-01 -2.492394e-04
7.050000e-01 1.780775e-03
7.100000e-01 3.784366e-03
7.150000e-01 5.599148e-03
7.200000e-01 7.220471e-03
7.250000e-01 8.552923e-03
7.300000e-01 9.510079e-03
7.350000e-01 1.013387e-02
7.400000e-01 1.033338e-02
7.450000e-01 1.013209e-02
7.500000e-01 9.522584e-03
7.550000e-01 8.541861e-03
7.600000e-01 7.199246e-03
7.650000e-01 5.565732e-03
7.700000e-01 3.730988e-03
7.750000e-01 1.711681e-03
7.800000e-01 -3.336668e-04
7.850000e-01 -2.382913e-03
7.900000e-01 -4.332252e-03
7.950000e-01 -6.103711e-03
8.000000e-01 -7.657923e-03
8.050000e-01 -8.877349e-03
8.100000e-01 -9.784437e-03
8.150000e-01 -1.026813e-02
8.200000e-01 -1.033345e-02
8.250000e-01 -1.001424e-02
8.300000e-01 -9.270091e-03
8.350000e-01 -8.166178e-03
8.400000e-01 -6.744466e-03
8.450000e-01 -5.057723e-03
8.500000e-01 -3.150089e-03
8.550000e-01 -1.142557e-03
8.600000e-01 9.326824e-04
8.650000e-01 2.981042e-03
8.700000e-01 4.877925e-03
8.750000e-01 6.606648e-03
8.800000e-01 8.050152e-03
8.850000e-01 9.182298e-03
8.900000e-01 9.940988e-03
8.950000e-01 1.031261e-02
9.000000e-01 1.028780e-02
9.050000e-01 9.821707e-03
9.100000e-01 8.992028e-03
9.150000e-01 7.793074e-03
9.200000e-01 6.276375e-03
9.250000e-01 4.512707e-03
9.300000e-01 2.574190e-03
9.350000e-01 5.344652e-04
9.400000e-01 -1.538540e-03
9.450000e-01 -3.526996e-03
9.500000e-01 -5.398066e-03
9.550000e-01 -7.050225e-03
9.600000e-01 -8.409695e-03
9.650000e-01 -9.450590e-03
9.700000e-01 -1.010491e-02
9.750000e-01 -1.035503e-02
9.800000e-01 -1.019577e-02
9.850000e-01 -9.628607e-03
9.900000e-01 -8.669641e-03
9.950000e-01 -7.380760e-03
1 -5.778723e-03
1.005000e+00 -3.957332e-03
1.010000e+00 -1.993336e-03
1.015000e+00 9.034176e-05
1.020000e+00 2.125429e-03
1.025000e+00 4.096238e-03
1.030000e+00 5.922470e-03
1.035000e+00 7.472046e-03
1.040000e+00 8.765521e-03
1.045000e+00 9.677342e-03
1.050000e+00 1.020277e-02
1.055000e+00 1.035395e-02
1.060000e+00 1.005003e-02
1.065000e+00 9.377841e-03
1.070000e+00 8.331400e-03
1.075000e+00 6.936267e-03
1.080000e+00 5.282487e-03
1.085000e+00 3.399452e-03
1.090000e+00 1.388984e-03
1.095000e+00 -6.864831e-04
1.100000e+00 -2.721894e-03
1.105000e+00 -4.650985e-03
1.110000e+00 -6.397810e-03
1.115000e+00 -7.867506e-03
1.120000e+00 -9.051405e-03
1.125000e+00 -9.835351e-03
1.130000e+00 -1.022134e-02
1.135000e+00 -1.020761e-02
1.140000e+00 -9.788263e-03
1.145000e+00 -9.109645e-03
1.150000e+00 -8.257984e-03
1.155000e+00 -7.412526e-03
1.160000e+00 -6.743213e-03
1.165000e+00 -6.285059e-03
1.170000e+00 -6.036941e-03
1.175000e+00 -5.830284e-03
1.180000e+00 -5.434917e-03
1.185000e+00 -4.699668e-03
1.190000e+00 -3.513269e-03
1.195000e+00 -1.991355e-03
1.200000e+00 -3.880704e-04
1.205000e+00 1.112988e-03
1.210000e+00 2.363190e-03
1.215000e+00 3.377460e-03
1.220000e+00 4.334759e-03
1.225000e+00 5.295988e-03
1.230000e+00 6.187732e-03
1.235000e+00 6.882643e-03
1.240000e+00 7.129731e-03
1.245000e+00 6.930455e-03
1.250000e+00 6.414865e-03
1.255000e+00 5.694256e-03
1.260000e+00 4.941818e-03
1.265000e+00 4.019234e-03
1.270000e+00 2.847379e-03
1.275000e+00 1.443801e-03
1.280000e+00 -8.520302e-05
1.285000e+00 -1.495603e-03
1.290000e+00 -2.695557e-03
1.295000e+00 -3.714168e-03
1.300000e+00 -4.617815e-03
1.305000e+00 -5.269384e-03
1.310000e+00 -5.471521e-03
1.315000e+00 -4.975302e-03
1.320000e+00 -3.723903e-03
1.325000e+00 -1.939982e-03
1.330000e+00 1.693637e-04
1.335000e+00 2.407732e-03
1.340000e+00 4.715927e-03
1.345000e+00 6.841203e-03
1.350000e+00 8.449214e-03
1.355000e+00 9.448905e-03
1.360000e+00 9.833712e-03
1.365000e+00 9.778235e-03
1.370000e+00 9.565760e-03
1.375000e+00 9.420459e-03
1.380000e+00 9.091440e-03
1.385000e+00 8.045124e-03
1.390000e+00 6.416585e-03
1.395000e+00 4.741991e-03
1.400000e+00 2.959122e-03
1.405000e+00 7.001659e-04
1.410000e+00 -1.538726e-03
1.415000e+00 -3.217018e-03
1.420000e+00 -4.825284e-03
1.425000e+00 -6.681015e-03
1.430000e+00 -8.397680e-03
1.435000e+00 -9.733673e-03
1.440000e+00 -1.053874e-02
1.445000e+00 -1.061402e-02
1.450000e+00 -1.021089e-02
1.455000e+00 -9.660186e-03
1.460000e+00 -8.801636e-03
1.465000e+00 -7.552791e-03
1.470000e+00 -6.122664e-03
1.475000e+00 -4.333362e-03
1.480000e+00 -2.174821e-03
1.485000e+00 -7.309769e-05
1.490000e+00 1.981682e-03
1.495000e+00 3.982167e-03
1.500000e+00 5.722265e-03
1.505000e+00 7.343163e-03
1.510000e+00 8.779870e-03
1.515000e+00 9.737571e-03
1.520000e+00 1.028422e-02
1.525000e+00 1.045990e-02
1.530000e+00 1.016908e-02
1.535000e+00 9.595602e-03
1.540000e+00 8.675347e-03
1.545000e+00 7.191648e-03
1.550000e+00 5.418363e-03
1.555000e+00 3.544554e-03
1.560000e+00 1.597919e-03
1.565000e+00 -3.683173e-04
1.570000e+00 -2.477136e-03
1.575000e+00 -4.611278e-03
1.580000e+00 -6.431790e-03
1.585000e+00 -7.895824e-03
1.590000e+00 -9.014866e-03
1.595000e+00 -9.810000e-03
1.600000e+00 -1.042369e-02
1.605000e+00 -1.059500e-02
1.610000e+00 -1.014595e-02
1.615000e+00 -9.246692e-03
1.620000e+00 -8.005022e-03
1.625000e+00 -6.638513e-03
1.630000e+00 -5.076340e-03
1.635000e+00 -3.092493e-03
1.640000e+00 -8.735700e-04
1.645000e+00 1.293677e-03
1.650000e+00 3.244449e-03
1.655000e+00 4.979601e-03
1.660000e+00 6.754555e-03
1.665000e+00 8.413819e-03
1.670000e+00 9.456013e-03
1.675000e+00 1.003702e-02
1.680000e+00 1.039573e-02
1.685000e+00 1.038648e-02
1.690000e+00 9.903225e-03
1.695000e+00 8.895954e-03
1.700000e+00 7.635394e-03
1.705000e+00 6.225657e-03
1.710000e+00 4.346367e-03
1.715000e+00 2.249001e-03
1.720000e+00 2.558210e-04
1.725000e+00 -1.741999e-03
1.730000e+00 -3.779659e-03
1.735000e+00 -5.766734e-03
1.740000e+00 -7.363639e-03
1.745000e+00 -8.580307e-03
1.750000e+00 -9.632928e-03
1.755000e+00 -1.024010e-02
1.760000e+00 -1.040541e-02
1.765000e+00 -1.025950e-02
1.770000e+00 -9.635086e-03
1.775000e+00 -8.529418e-03
1.780000e+00 -7.138731e-03
1.785000e+00 -5.611130e-03
1.790000e+00 -3.732732e-03
1.795000e+00 -1.589702e-03
1.800000e+00 4.120774e-04
1.805000e+00 2.392748e-03
1.810000e+00 4.429854e-03
1.815000e+00 6.264878e-03
1.820000e+00 7.778965e-03
1.825000e+00 8.979257e-03
1.830000e+00 9.886518e-03
1.835000e+00 1.035343e-02
1.840000e+00 1.039498e-02
1.845000e+00 1.008740e-02
1.850000e+00 9.255847e-03
1.855000e+00 8.150069e-03
1.860000e+00 6.805276e-03
1.865000e+00 4.973683e-03
1.870000e+00 2.991870e-03
1.875000e+00 1.014829e-03
1.880000e+00 -1.081114e-03
1.885000e+00 -3.165674e-03
1.890000e+00 -5.049736e-03
1.895000e+00 -6.693026e-03
1.900000e+00 -8.192952e-03
1.905000e+00 -9.327731e-03
1.910000e+00 -9.970743e-03
1.915000e+00 -1.036622e-02
1.920000e+00 -1.032907e-02
1.925000e+00 -9.781547e-03
1.930000e+00 -8.910090e-03
1.935000e+00 -7.690617e-03
1.940000e+00 -6.160561e-03
1.945000e+00 -4.376529e-03
1.950000e+00 -2.435116e-03
1.955000e+00 -3.814274e-04
1.960000e+00 1.692340e-03
1.965000e+00 3.684697e-03
1.970000e+00 5.597629e-03
1.975000e+00 7.197900e-03
1.980000e+00 8.514118e-03
1.985000e+00 9.616359e-03
1.990000e+00 1.020077e-02
1.995000e+00 1.036896e-02
2 1.023483e-02
2.005000e+00 9.621098e-03
2.010000e+00 8.588395e-03
2.015000e+00 7.283276e-03
2.020000e+00 5.676379e-03
2.025000e+00 3.759189e-03
2.030000e+00 1.791688e-03
2.035000e+00 -2.338555e-04
2.040000e+00 -2.392156e-03
2.045000e+00 -4.333795e-03
2.050000e+00 -6.078664e-03
2.055000e+00 -7.718569e-03
2.060000e+00 -8.937633e-03
2.065000e+00 -9.788595e-03
2.070000e+00 -1.036620e-02
2.075000e+00 -1.042669e-02
2.080000e+00 -1.006321e-02
2.085000e+00 -9.386656e-03
2.090000e+00 -8.266378e-03
2.095000e+00 -6.816674e-03
2.100000e+00 -5.122765e-03
2.105000e+00 -3.205144e-03
2.110000e+00 -1.166093e-03
2.115000e+00 9.194784e-04
2.120000e+00 2.975758e-03
2.125000e+00 4.890762e-03
2.130000e+00 6.610384e-03
2.135000e+00 8.126058e-03
2.140000e+00 9.260376e-03
2.145000e+00 1.003499e-02
2.150000e+00 1.044264e-02
2.155000e+00 1.036392e-02
2.160000e+00 9.953939e-03
2.165000e+00 9.107769e-03
2.170000e+00 7.839019e-03
2.175000e+00 6.386732e-03
2.180000e+00 4.631811e-03
2.185000e+00 2.614476e-03
2.190000e+00 5.729774e-04
2.195000e+00 -1.506817e-03
2.200000e+00 -3.591984e-03
2.205000e+00 -5.439239e-03
2.210000e+00 -7.084465e-03
2.215000e+00 -8.527111e-03
2.220000e+00 -9.541009e-03
2.225000e+00 -1.019694e-02
2.230000e+00 -1.050886e-02
2.235000e+00 -1.031672e-02
2.240000e+00 -9.744791e-03
2.245000e+00 -8.842452e-03
2.250000e+00 -7.491102e-03
2.255000e+00 -5.867354e-03
2.260000e+00 -4.047673e-03
2.265000e+00 -2.028710e-03
2.270000e+00 4.747195e-05
2.275000e+00 2.113020e-03
2.280000e+00 4.088548e-03
2.285000e+00 5.955068e-03
2.290000e+00 7.567635e-03
2.295000e+00 8.847018e-03
2.300000e+00 9.805547e-03
2.305000e+00 1.030989e-02
2.310000e+00 1.041638e-02
2.315000e+00 1.013179e-02
2.320000e+00 9.413107e-03
2.325000e+00 8.302251e-03
2.330000e+00 6.888036e-03
2.335000e+00 5.204376e-03
2.340000e+00 3.292684e-03
2.345000e+00 1.330056e-03
2.350000e+00 -7.059385e-04
2.355000e+00 -2.689950e-03
2.360000e+00 -4.495942e-03
2.365000e+00 -6.217069e-03
2.370000e+00 -7.656356e-03
2.375000e+00 -8.829850e-03
2.380000e+00 -9.796176e-03
2.385000e+00 -1.044729e-02
2.390000e+00 -1.093686e-02
2.395000e+00 -1.131147e-02
2.400000e+00 -1.158723e-02
2.405000e+00 -1.182889e-02
2.410000e+00 -1.200187e-02
2.415000e+00 -1.198156e-02
2.420000e+00 -1.164085e-02
2.425000e+00 -1.081227e-02
2.430000e+00 -9.338795e-03
2.435000e+00 -7.309569e-03
2.440000e+00 -4.802099e-03
2.445000e+00 -2.019686e-03
2.450000e+00 7.235349e-04
2.455000e+00 3.290891e-03
2.460000e+00 5.563066e-03
2.465000e+00 7.565652e-03
2.470000e+00 9.292142e-03
2.475000e+00 1.079319e-02
2.480000e+00 1.204320e-02
2.485000e+00 1.278299e-02
2.490000e+00 1.302915e-02
2.495000e+00 1.263426e-02
2.500000e+00 1.150183e-02
2.505000e+00 9.943493e-03
2.510000e+00 7.998874e-03
2.515000e+00 5.815063e-03
2.520000e+00 3.622205e-03
2.525000e+00 1.268613e-03
2.530000e+00 -1.143344e-03
2.535000e+00 -3.525216e-03
2.540000e+00 -5.795259e-03
2.545000e+00 -7.542765e-03
2.550000e+00 -8.620395e-03
2.555000e+00 -8.983303e-03
2.560000e+00 -8.554942e-03
2.565000e+00 -7.527939e-03
2.570000e+00 -6.005619e-03
2.575000e+00 -3.952271e-03
2.580000e+00 -1.591306e-03
2.585000e+00 9.008144e-04
2.590000e+00 3.242056e-03
2.595000e+00 5.093486e-03
2.600000e+00 6.495549e-03
2.605000e+00 7.483094e-03
2.610000e+00 8.268900e-03
2.615000e+00 9.062018e-03
2.620000e+00 9.699330e-03
2.625000e+00 1.001376e-02
2.630000e+00 9.878000e-03
2.635000e+00 9.193666e-03
2.640000e+00 8.079279e-03
2.645000e+00 6.654626e-03
2.650000e+00 4.918322e-03
2.655000e+00 2.942161e-03
2.660000e+00 7.985772e-04
2.665000e+00 -1.372209e-03
2.670000e+00 -3.398426e-03
2.675000e+00 -5.209641e-03
2.680000e+00 -6.875506e-03
2.685000e+00 -8.382367e-03
2.690000e+00 -9.624926e-03
2.695000e+00 -1.044222e-02
2.700000e+00 -1.060064e-02
2.705000e+00 -1.018548e-02
2.710000e+00 -9.438238e-03
2.715000e+00 -8.508319e-03
2.720000e+00 -7.477868e-03
2.725000e+00 -6.191449e-03
2.730000e+00 -4.472751e-03
2.735000e+00 -2.380511e-03
2.740000e+00 -5.241454e-05
2.745000e+00 2.193535e-03
2.750000e+00 4.111968e-03
2.755000e+00 5.782691e-03
2.760000e+00 7.290608e-03
2.765000e+00 8.646657e-03
2.770000e+00 9.731361e-03
2.775000e+00 1.040955e-02
2.780000e+00 1.063214e-02
2.785000e+00 1.034761e-02
2.790000e+00 9.555553e-03
2.795000e+00 8.401190e-03
2.800000e+00 7.054022e-03
2.805000e+00 5.440448e-03
2.810000e+00 3.542176e-03
2.815000e+00 1.521048e-03
2.820000e+00 -5.281637e-04
2.825000e+00 -2.657412e-03
2.830000e+00 -4.760957e-03
2.835000e+00 -6.522138e-03
2.840000e+00 -7.951257e-03
2.845000e+00 -9.105874e-03
2.850000e+00 -9.927208e-03
2.855000e+00 -1.045550e-02
2.860000e+00 -1.053492e-02
2.865000e+00 -1.003440e-02
2.870000e+00 -9.146606e-03
2.875000e+00 -8.004667e-03
2.880000e+00 -6.597082e-03
2.885000e+00 -4.861455e-03
2.890000e+00 -2.860203e-03
2.895000e+00 -7.412863e-04
2.900000e+00 1.419708e-03
2.905000e+00 3.390214e-03
2.910000e+00 5.146507e-03
2.915000e+00 6.824469e-03
2.920000e+00 8.409481e-03
2.925000e+00 9.625759e-03
2.930000e+00 1.018474e-02
2.935000e+00 1.026011e-02
2.940000e+00 1.019131e-02
2.945000e+00 9.943343e-03
2.950000e+00 8.983213e-03
2.955000e+00 7.430296e-03
2.960000e+00 5.900726e-03
2.965000e+00 4.241481e-03
2.970000e+00 2.198416e-03
2.975000e+00 2.629597e-05
2.980000e+00 -1.983191e-03
2.985000e+00 -3.886561e-03
2.990000e+00 -5.827820e-03
2.995000e+00 -7.510514e-03
3 -8.778703e-03
